-0.806257 -14.555466 12.926135
-0.806257 -14.555466 12.926135
-0.806257 -14.555466 12.926135
-0.806257 -14.555466 12.926135
-0.918627 -14.564004 13.237398
-0.918627 -14.564004 13.237398
-0.918627 -14.564004 13.237398
-0.918627 -14.564004 13.237398
-0.918627 -14.564004 13.237398
-0.918627 -14.564004 13.237398
-0.918627 -14.564004 13.237398
-0.918627 -14.564004 13.237398
-1.001843 -14.567252 13.468804
-1.001843 -14.567252 13.468804
-1.001843 -14.567252 13.468804
-1.001843 -14.567252 13.468804
-1.001843 -14.567252 13.468804
-1.001843 -14.567252 13.468804
-1.001843 -14.567252 13.468804
-1.001843 -14.567252 13.468804
-1.152282 -14.704175 13.623314
-1.152282 -14.704175 13.623314
-1.152282 -14.704175 13.623314
-1.152282 -14.704175 13.623314
-1.152282 -14.704175 13.623314
-1.152282 -14.704175 13.623314
-1.152282 -14.704175 13.623314
-1.152282 -14.704175 13.623314
-1.978277 -15.085839 21.195501
-1.978277 -15.085839 21.195501
-1.978277 -15.085839 21.195501
-1.978277 -15.085839 21.195501
-1.978277 -15.085839 21.195501
-1.978277 -15.085839 21.195501
-1.978277 -15.085839 21.195501
-1.978277 -15.085839 21.195501
-2.770094 -6.586683 20.116323
-2.770094 -6.586683 20.116323
-2.770094 -6.586683 20.116323
-2.770094 -6.586683 20.116323
-2.770094 -6.586683 20.116323
-2.770094 -6.586683 20.116323
-2.770094 -6.586683 20.116323
-2.589534 -4.753329 8.260076
-2.589534 -4.753329 8.260076
-2.589534 -4.753329 8.260076
-2.589534 -4.753329 8.260076
-2.589534 -4.753329 8.260076
-2.589534 -4.753329 8.260076
-2.589534 -4.753329 8.260076
-2.589534 -4.753329 8.260076
-2.314994 -4.606159 -5.847918
-2.314994 -4.606159 -5.847918
-2.314994 -4.606159 -5.847918
-2.314994 -4.606159 -5.847918
-2.314994 -4.606159 -5.847918
-2.314994 -4.606159 -5.847918
-2.314994 -4.606159 -5.847918
-1.696185 -3.541687 -19.142240
-1.696185 -3.541687 -19.142240
-1.696185 -3.541687 -19.142240
-1.696185 -3.541687 -19.142240
-1.696185 -3.541687 -19.142240
-1.696185 -3.541687 -19.142240
-1.696185 -3.541687 -19.142240
-1.696185 -3.541687 -19.142240
-1.097996 -2.792703 -30.176377
-1.097996 -2.792703 -30.176377
-1.097996 -2.792703 -30.176377
-1.097996 -2.792703 -30.176377
-1.097996 -2.792703 -30.176377
-1.097996 -2.792703 -30.176377
-0.513895 -2.860963 -39.002532
-0.513895 -2.860963 -39.002532
-0.513895 -2.860963 -39.002532
-0.513895 -2.860963 -39.002532
-0.513895 -2.860963 -39.002532
-0.513895 -2.860963 -39.002532
-0.513895 -2.860963 -39.002532
-0.513895 -2.860963 -39.002532
-0.127241 -2.682450 -46.081422
-0.127241 -2.682450 -46.081422
-0.127241 -2.682450 -46.081422
-0.127241 -2.682450 -46.081422
-0.127241 -2.682450 -46.081422
-0.127241 -2.682450 -46.081422
-0.127241 -2.682450 -46.081422
0.236834 -2.711443 -51.339117
0.236834 -2.711443 -51.339117
0.236834 -2.711443 -51.339117
0.236834 -2.711443 -51.339117
0.236834 -2.711443 -51.339117
0.236834 -2.711443 -51.339117
0.236834 -2.711443 -51.339117
0.236834 -2.711443 -51.339117
0.490286 -2.745849 -55.311842
0.490286 -2.745849 -55.311842
0.490286 -2.745849 -55.311842
0.490286 -2.745849 -55.311842
0.490286 -2.745849 -55.311842
0.490286 -2.745849 -55.311842
0.490286 -2.745849 -55.311842
0.650148 -3.076676 -58.175071
0.650148 -3.076676 -58.175071
0.650148 -3.076676 -58.175071
0.650148 -3.076676 -58.175071
0.650148 -3.076676 -58.175071
0.650148 -3.076676 -58.175071
0.650148 -3.076676 -58.175071
0.650148 -3.076676 -58.175071
0.776875 -3.238509 -60.182409
0.776875 -3.238509 -60.182409
0.776875 -3.238509 -60.182409
0.776875 -3.238509 -60.182409
0.776875 -3.238509 -60.182409
0.776875 -3.238509 -60.182409
0.776875 -3.238509 -60.182409
0.776875 -3.238509 -60.182409
0.859893 -3.230414 -61.776049
0.859893 -3.230414 -61.776049
0.859893 -3.230414 -61.776049
0.859893 -3.230414 -61.776049
0.859893 -3.230414 -61.776049
0.859893 -3.230414 -61.776049
0.859893 -3.230414 -61.776049
0.969349 -3.203030 -62.902586
0.969349 -3.203030 -62.902586
0.969349 -3.203030 -62.902586
0.969349 -3.203030 -62.902586
0.969349 -3.203030 -62.902586
0.969349 -3.203030 -62.902586
0.969349 -3.203030 -62.902586
0.969349 -3.203030 -62.902586
1.024343 -3.382448 -63.771434
1.024343 -3.382448 -63.771434
1.024343 -3.382448 -63.771434
1.024343 -3.382448 -63.771434
1.024343 -3.382448 -63.771434
1.024343 -3.382448 -63.771434
1.024343 -3.382448 -63.771434
1.024343 -3.382448 -63.771434
1.074410 -3.559207 -64.404948
1.074410 -3.559207 -64.404948
1.074410 -3.559207 -64.404948
1.074410 -3.559207 -64.404948
1.074410 -3.559207 -64.404948
1.074410 -3.559207 -64.404948
1.074410 -3.559207 -64.404948
1.074410 -3.559207 -64.404948
1.128419 -3.635915 -64.857222
1.128419 -3.635915 -64.857222
1.128419 -3.635915 -64.857222
1.128419 -3.635915 -64.857222
1.128419 -3.635915 -64.857222
1.128419 -3.635915 -64.857222
1.128419 -3.635915 -64.857222
1.128419 -3.635915 -64.857222
1.147854 -3.843763 -65.216258
1.147854 -3.843763 -65.216258
1.147854 -3.843763 -65.216258
1.147854 -3.843763 -65.216258
1.147854 -3.843763 -65.216258
1.147854 -3.843763 -65.216258
1.147854 -3.843763 -65.216258
1.147854 -3.843763 -65.216258
1.168064 -3.874244 -65.448512
1.168064 -3.874244 -65.448512
1.168064 -3.874244 -65.448512
1.168064 -3.874244 -65.448512
1.168064 -3.874244 -65.448512
1.168064 -3.874244 -65.448512
1.168064 -3.874244 -65.448512
1.163897 -4.016551 -65.615175
1.163897 -4.016551 -65.615175
1.163897 -4.016551 -65.615175
1.163897 -4.016551 -65.615175
1.163897 -4.016551 -65.615175
1.163897 -4.016551 -65.615175
1.163897 -4.016551 -65.615175
1.155268 -4.225607 -65.743467
1.155268 -4.225607 -65.743467
1.155268 -4.225607 -65.743467
1.155268 -4.225607 -65.743467
1.155268 -4.225607 -65.743467
1.155268 -4.225607 -65.743467
1.155268 -4.225607 -65.743467
1.155268 -4.225607 -65.743467
1.153651 -4.312543 -65.663383
1.153651 -4.312543 -65.663383
1.153651 -4.312543 -65.663383
1.153651 -4.312543 -65.663383
1.153651 -4.312543 -65.663383
1.153651 -4.312543 -65.663383
1.153651 -4.312543 -65.663383
1.153651 -4.312543 -65.663383
1.177551 -4.300616 -65.779756
1.177551 -4.300616 -65.779756
1.177551 -4.300616 -65.779756
1.177551 -4.300616 -65.779756
1.177551 -4.300616 -65.779756
1.177551 -4.300616 -65.779756
1.177551 -4.300616 -65.779756
1.177551 -4.300616 -65.779756
1.182849 -4.112958 -65.793737
1.182849 -4.112958 -65.793737
1.182849 -4.112958 -65.793737
1.182849 -4.112958 -65.793737
1.182849 -4.112958 -65.793737
1.182849 -4.112958 -65.793737
1.182849 -4.112958 -65.793737
1.182849 -4.112958 -65.793737
1.153853 -4.402737 -65.813066
1.153853 -4.402737 -65.813066
1.153853 -4.402737 -65.813066
1.153853 -4.402737 -65.813066
1.153853 -4.402737 -65.813066
1.153853 -4.402737 -65.813066
1.153853 -4.402737 -65.813066
1.153853 -4.402737 -65.813066
1.153853 -4.402737 -65.813066
1.172676 -4.141710 -65.550220
1.172676 -4.141710 -65.550220
1.172676 -4.141710 -65.550220
1.172676 -4.141710 -65.550220
1.172676 -4.141710 -65.550220
1.172676 -4.141710 -65.550220
1.172676 -4.141710 -65.550220
1.172676 -4.141710 -65.550220
1.172676 -4.141710 -65.550220
1.180943 -4.366685 -65.602560
1.180943 -4.366685 -65.602560
1.180943 -4.366685 -65.602560
1.180943 -4.366685 -65.602560
1.180943 -4.366685 -65.602560
1.180943 -4.366685 -65.602560
1.180943 -4.366685 -65.602560
1.180943 -4.366685 -65.602560
1.165240 -4.542589 -65.455977
1.165240 -4.542589 -65.455977
1.165240 -4.542589 -65.455977
1.165240 -4.542589 -65.455977
1.165240 -4.542589 -65.455977
1.165240 -4.542589 -65.455977
1.165240 -4.542589 -65.455977
1.165240 -4.542589 -65.455977
1.144106 -4.689929 -65.476939
1.144106 -4.689929 -65.476939
1.144106 -4.689929 -65.476939
1.144106 -4.689929 -65.476939
1.144106 -4.689929 -65.476939
1.144106 -4.689929 -65.476939
1.144106 -4.689929 -65.476939
1.144106 -4.689929 -65.476939
1.170845 -4.540189 -65.464508
1.170845 -4.540189 -65.464508
1.170845 -4.540189 -65.464508
1.170845 -4.540189 -65.464508
1.170845 -4.540189 -65.464508
1.170845 -4.540189 -65.464508
1.170845 -4.540189 -65.464508
1.170845 -4.540189 -65.464508
1.170845 -4.540189 -65.464508
1.160926 -4.624298 -65.526158
1.160926 -4.624298 -65.526158
1.160926 -4.624298 -65.526158
1.160926 -4.624298 -65.526158
1.160926 -4.624298 -65.526158
1.160926 -4.624298 -65.526158
1.160926 -4.624298 -65.526158
1.160926 -4.624298 -65.526158
1.142672 -4.853725 -65.567583
1.142672 -4.853725 -65.567583
1.142672 -4.853725 -65.567583
1.142672 -4.853725 -65.567583
1.142672 -4.853725 -65.567583
1.142672 -4.853725 -65.567583
1.142672 -4.853725 -65.567583
1.142672 -4.853725 -65.567583
1.095003 -5.042494 -65.540897
1.095003 -5.042494 -65.540897
1.095003 -5.042494 -65.540897
1.095003 -5.042494 -65.540897
1.095003 -5.042494 -65.540897
1.095003 -5.042494 -65.540897
1.095003 -5.042494 -65.540897
1.095003 -5.042494 -65.540897
0.991780 -5.774270 -65.468115
0.991780 -5.774270 -65.468115
0.991780 -5.774270 -65.468115
0.991780 -5.774270 -65.468115
0.991780 -5.774270 -65.468115
0.991780 -5.774270 -65.468115
0.991780 -5.774270 -65.468115
0.720217 -7.533600 -65.421949
0.720217 -7.533600 -65.421949
0.720217 -7.533600 -65.421949
0.720217 -7.533600 -65.421949
0.720217 -7.533600 -65.421949
0.720217 -7.533600 -65.421949
0.720217 -7.533600 -65.421949
0.720217 -7.533600 -65.421949
-1.048849 -12.747615 -65.519764
-1.048849 -12.747615 -65.519764
-1.048849 -12.747615 -65.519764
-1.048849 -12.747615 -65.519764
-1.048849 -12.747615 -65.519764
-1.048849 -12.747615 -65.519764
-1.048849 -12.747615 -65.519764
-1.048849 -12.747615 -65.519764
-0.184707 -17.463651 -65.657161
-0.184707 -17.463651 -65.657161
-0.184707 -17.463651 -65.657161
-0.184707 -17.463651 -65.657161
-0.184707 -17.463651 -65.657161
-0.184707 -17.463651 -65.657161
-0.184707 -17.463651 -65.657161
-0.184707 -17.463651 -65.657161
1.268541 -22.906952 -65.794222
1.268541 -22.906952 -65.794222
1.268541 -22.906952 -65.794222
1.268541 -22.906952 -65.794222
1.268541 -22.906952 -65.794222
1.268541 -22.906952 -65.794222
1.268541 -22.906952 -65.794222
1.268541 -22.906952 -65.794222
1.268541 -22.906952 -65.794222
1.483701 -29.004395 -65.251352
1.483701 -29.004395 -65.251352
1.483701 -29.004395 -65.251352
1.483701 -29.004395 -65.251352
1.483701 -29.004395 -65.251352
1.483701 -29.004395 -65.251352
1.483701 -29.004395 -65.251352
1.483701 -29.004395 -65.251352
1.776478 -34.411282 -64.574951
1.776478 -34.411282 -64.574951
1.776478 -34.411282 -64.574951
1.776478 -34.411282 -64.574951
1.776478 -34.411282 -64.574951
1.776478 -34.411282 -64.574951
1.776478 -34.411282 -64.574951
1.776478 -34.411282 -64.574951
1.776478 -34.411282 -64.574951
1.882062 -40.291385 -64.990357
1.882062 -40.291385 -64.990357
1.882062 -40.291385 -64.990357
1.882062 -40.291385 -64.990357
1.882062 -40.291385 -64.990357
1.882062 -40.291385 -64.990357
1.882062 -40.291385 -64.990357
1.882062 -40.291385 -64.990357
1.263261 -47.975280 -64.461413
1.263261 -47.975280 -64.461413
1.263261 -47.975280 -64.461413
1.263261 -47.975280 -64.461413
1.263261 -47.975280 -64.461413
1.263261 -47.975280 -64.461413
1.263261 -47.975280 -64.461413
1.263261 -47.975280 -64.461413
1.263261 -47.975280 -64.461413
0.690261 -47.013309 -63.642678
0.690261 -47.013309 -63.642678
0.690261 -47.013309 -63.642678
0.690261 -47.013309 -63.642678
0.690261 -47.013309 -63.642678
0.690261 -47.013309 -63.642678
0.690261 -47.013309 -63.642678
0.690261 -47.013309 -63.642678
-0.404336 -41.983100 -63.791481
-0.404336 -41.983100 -63.791481
-0.404336 -41.983100 -63.791481
-0.404336 -41.983100 -63.791481
-0.404336 -41.983100 -63.791481
-0.404336 -41.983100 -63.791481
-0.404336 -41.983100 -63.791481
-0.404336 -41.983100 -63.791481
-0.404336 -41.983100 -63.791481
-0.404336 -41.983100 -63.791481
-0.404336 -41.983100 -63.791481
-0.404336 -41.983100 -63.791481
-0.404336 -41.983100 -63.791481
-0.404336 -41.983100 -63.791481
-0.404336 -41.983100 -63.791481
-0.404336 -41.983100 -63.791481
-1.222411 -27.848527 -65.102126
-1.222411 -27.848527 -65.102126
-1.222411 -27.848527 -65.102126
-1.222411 -27.848527 -65.102126
-1.222411 -27.848527 -65.102126
-1.222411 -27.848527 -65.102126
-1.222411 -27.848527 -65.102126
-1.222411 -27.848527 -65.102126
-1.540099 -21.122573 -66.346422
-1.540099 -21.122573 -66.346422
-1.540099 -21.122573 -66.346422
-1.540099 -21.122573 -66.346422
-1.540099 -21.122573 -66.346422
-1.540099 -21.122573 -66.346422
-1.540099 -21.122573 -66.346422
-1.688488 -16.951507 -67.307245
-1.688488 -16.951507 -67.307245
-1.688488 -16.951507 -67.307245
-1.688488 -16.951507 -67.307245
-1.688488 -16.951507 -67.307245
-1.688488 -16.951507 -67.307245
-1.688488 -16.951507 -67.307245
-1.688488 -16.951507 -67.307245
-1.447351 -13.864133 -68.763715
-1.447351 -13.864133 -68.763715
-1.447351 -13.864133 -68.763715
-1.447351 -13.864133 -68.763715
-1.447351 -13.864133 -68.763715
-1.447351 -13.864133 -68.763715
-1.447351 -13.864133 -68.763715
-1.447351 -13.864133 -68.763715
-0.350420 -10.230017 -69.991032
-0.350420 -10.230017 -69.991032
-0.350420 -10.230017 -69.991032
-0.350420 -10.230017 -69.991032
-0.350420 -10.230017 -69.991032
-0.350420 -10.230017 -69.991032
-0.350420 -10.230017 -69.991032
-0.350420 -10.230017 -69.991032
-0.350420 -10.230017 -69.991032
0.470390 -7.453864 -70.825141
0.470390 -7.453864 -70.825141
0.470390 -7.453864 -70.825141
0.470390 -7.453864 -70.825141
0.470390 -7.453864 -70.825141
0.470390 -7.453864 -70.825141
0.470390 -7.453864 -70.825141
0.470390 -7.453864 -70.825141
0.658914 -6.543550 -71.370696
0.658914 -6.543550 -71.370696
0.658914 -6.543550 -71.370696
0.658914 -6.543550 -71.370696
0.658914 -6.543550 -71.370696
0.658914 -6.543550 -71.370696
0.658914 -6.543550 -71.370696
0.658914 -6.543550 -71.370696
0.740377 -6.300037 -71.703394
0.740377 -6.300037 -71.703394
0.740377 -6.300037 -71.703394
0.740377 -6.300037 -71.703394
0.740377 -6.300037 -71.703394
0.740377 -6.300037 -71.703394
0.740377 -6.300037 -71.703394
0.740377 -6.300037 -71.703394
0.801876 -6.152239 -71.919898
0.801876 -6.152239 -71.919898
0.801876 -6.152239 -71.919898
0.801876 -6.152239 -71.919898
0.801876 -6.152239 -71.919898
0.801876 -6.152239 -71.919898
0.801876 -6.152239 -71.919898
0.801876 -6.152239 -71.919898
0.853276 -6.045216 -72.115651
0.853276 -6.045216 -72.115651
0.853276 -6.045216 -72.115651
0.853276 -6.045216 -72.115651
0.853276 -6.045216 -72.115651
0.853276 -6.045216 -72.115651
0.853276 -6.045216 -72.115651
0.907335 -5.870989 -72.219210
0.907335 -5.870989 -72.219210
0.907335 -5.870989 -72.219210
0.907335 -5.870989 -72.219210
0.907335 -5.870989 -72.219210
0.907335 -5.870989 -72.219210
0.948415 -5.751162 -72.263197
0.948415 -5.751162 -72.263197
0.948415 -5.751162 -72.263197
0.948415 -5.751162 -72.263197
0.948415 -5.751162 -72.263197
0.948415 -5.751162 -72.263197
0.948415 -5.751162 -72.263197
0.963173 -5.724176 -72.369372
0.963173 -5.724176 -72.369372
0.963173 -5.724176 -72.369372
0.963173 -5.724176 -72.369372
0.963173 -5.724176 -72.369372
0.963173 -5.724176 -72.369372
0.963173 -5.724176 -72.369372
0.963173 -5.724176 -72.369372
0.963173 -5.724176 -72.369372
0.981408 -5.691102 -72.375280
0.981408 -5.691102 -72.375280
0.981408 -5.691102 -72.375280
0.981408 -5.691102 -72.375280
0.981408 -5.691102 -72.375280
0.981408 -5.691102 -72.375280
0.981408 -5.691102 -72.375280
0.980419 -5.698089 -72.406576
0.980419 -5.698089 -72.406576
0.980419 -5.698089 -72.406576
0.980419 -5.698089 -72.406576
0.980419 -5.698089 -72.406576
0.980419 -5.698089 -72.406576
0.980419 -5.698089 -72.406576
0.980419 -5.698089 -72.406576
0.982495 -5.690018 -72.475178
0.982495 -5.690018 -72.475178
0.982495 -5.690018 -72.475178
0.982495 -5.690018 -72.475178
0.982495 -5.690018 -72.475178
0.982495 -5.690018 -72.475178
0.982495 -5.690018 -72.475178
0.982495 -5.690018 -72.475178
0.997034 -5.653044 -72.462406
0.997034 -5.653044 -72.462406
0.997034 -5.653044 -72.462406
0.997034 -5.653044 -72.462406
0.997034 -5.653044 -72.462406
0.997034 -5.653044 -72.462406
0.997034 -5.653044 -72.462406
0.998784 -5.667055 -72.472972
0.998784 -5.667055 -72.472972
0.998784 -5.667055 -72.472972
0.998784 -5.667055 -72.472972
0.998784 -5.667055 -72.472972
0.998784 -5.667055 -72.472972
0.998784 -5.667055 -72.472972
0.998784 -5.667055 -72.472972
0.998784 -5.667055 -72.472972
0.993146 -5.681923 -72.516200
0.993146 -5.681923 -72.516200
0.993146 -5.681923 -72.516200
0.993146 -5.681923 -72.516200
0.993146 -5.681923 -72.516200
0.993146 -5.681923 -72.516200
0.993146 -5.681923 -72.516200
1.003087 -5.642417 -72.536076
1.003087 -5.642417 -72.536076
1.003087 -5.642417 -72.536076
1.003087 -5.642417 -72.536076
1.003087 -5.642417 -72.536076
1.003087 -5.642417 -72.536076
1.003087 -5.642417 -72.536076
1.003087 -5.642417 -72.536076
0.988038 -5.689397 -72.567782
0.988038 -5.689397 -72.567782
0.988038 -5.689397 -72.567782
0.988038 -5.689397 -72.567782
0.988038 -5.689397 -72.567782
0.988038 -5.689397 -72.567782
0.988038 -5.689397 -72.567782
0.988038 -5.689397 -72.567782
0.994951 -5.690122 -72.593750
0.994951 -5.690122 -72.593750
0.994951 -5.690122 -72.593750
0.994951 -5.690122 -72.593750
0.994951 -5.690122 -72.593750
0.994951 -5.690122 -72.593750
0.994951 -5.690122 -72.593750
0.994951 -5.690122 -72.593750
0.988685 -5.694010 -72.601086
0.988685 -5.694010 -72.601086
0.988685 -5.694010 -72.601086
0.988685 -5.694010 -72.601086
0.988685 -5.694010 -72.601086
0.988685 -5.694010 -72.601086
0.988685 -5.694010 -72.601086
0.988685 -5.694010 -72.601086
0.988685 -5.694010 -72.601086
0.997490 -5.676463 -72.620183
0.997490 -5.676463 -72.620183
0.997490 -5.676463 -72.620183
0.997490 -5.676463 -72.620183
0.997490 -5.676463 -72.620183
0.997490 -5.676463 -72.620183
0.997490 -5.676463 -72.620183
0.997490 -5.676463 -72.620183
0.949030 -5.799299 -72.617171
0.949030 -5.799299 -72.617171
0.949030 -5.799299 -72.617171
0.949030 -5.799299 -72.617171
0.949030 -5.799299 -72.617171
0.949030 -5.799299 -72.617171
0.949030 -5.799299 -72.617171
0.949030 -5.799299 -72.617171
-0.144203 -10.291911 -72.766780
-0.144203 -10.291911 -72.766780
-0.144203 -10.291911 -72.766780
-0.144203 -10.291911 -72.766780
-0.144203 -10.291911 -72.766780
-0.144203 -10.291911 -72.766780
-0.144203 -10.291911 -72.766780
-0.144203 -10.291911 -72.766780
0.115542 -17.790027 -72.681354
0.115542 -17.790027 -72.681354
0.115542 -17.790027 -72.681354
0.115542 -17.790027 -72.681354
0.115542 -17.790027 -72.681354
0.115542 -17.790027 -72.681354
0.115542 -17.790027 -72.681354
0.115542 -17.790027 -72.681354
2.220913 -27.046648 -72.438070
2.220913 -27.046648 -72.438070
2.220913 -27.046648 -72.438070
2.220913 -27.046648 -72.438070
2.220913 -27.046648 -72.438070
2.220913 -27.046648 -72.438070
2.220913 -27.046648 -72.438070
2.816709 -33.871052 -72.028190
2.816709 -33.871052 -72.028190
2.816709 -33.871052 -72.028190
2.816709 -33.871052 -72.028190
2.816709 -33.871052 -72.028190
2.816709 -33.871052 -72.028190
2.816709 -33.871052 -72.028190
2.816709 -33.871052 -72.028190
2.816709 -33.871052 -72.028190
3.226005 -36.446989 -71.352316
3.226005 -36.446989 -71.352316
3.226005 -36.446989 -71.352316
3.226005 -36.446989 -71.352316
3.226005 -36.446989 -71.352316
3.226005 -36.446989 -71.352316
3.226005 -36.446989 -71.352316
3.226005 -36.446989 -71.352316
3.873158 -37.398424 -70.827484
3.873158 -37.398424 -70.827484
3.873158 -37.398424 -70.827484
3.873158 -37.398424 -70.827484
3.873158 -37.398424 -70.827484
3.873158 -37.398424 -70.827484
3.873158 -37.398424 -70.827484
4.033319 -38.549031 -70.387668
4.033319 -38.549031 -70.387668
4.033319 -38.549031 -70.387668
4.033319 -38.549031 -70.387668
4.033319 -38.549031 -70.387668
4.033319 -38.549031 -70.387668
4.033319 -38.549031 -70.387668
4.033319 -38.549031 -70.387668
1.805004 -31.736826 -68.926547
1.805004 -31.736826 -68.926547
1.805004 -31.736826 -68.926547
1.805004 -31.736826 -68.926547
1.805004 -31.736826 -68.926547
1.805004 -31.736826 -68.926547
1.805004 -31.736826 -68.926547
1.805004 -31.736826 -68.926547
-0.934112 -14.593565 -68.673358
-0.934112 -14.593565 -68.673358
-0.934112 -14.593565 -68.673358
-0.934112 -14.593565 -68.673358
-0.934112 -14.593565 -68.673358
-0.934112 -14.593565 -68.673358
-0.934112 -14.593565 -68.673358
-0.934112 -14.593565 -68.673358
0.738356 -8.002192 -70.437924
0.738356 -8.002192 -70.437924
0.738356 -8.002192 -70.437924
0.738356 -8.002192 -70.437924
0.738356 -8.002192 -70.437924
0.738356 -8.002192 -70.437924
0.738356 -8.002192 -70.437924
0.713608 -7.185055 -71.365682
0.713608 -7.185055 -71.365682
0.713608 -7.185055 -71.365682
0.713608 -7.185055 -71.365682
0.713608 -7.185055 -71.365682
0.713608 -7.185055 -71.365682
0.713608 -7.185055 -71.365682
0.713608 -7.185055 -71.365682
0.674023 -7.019304 -72.556922
0.674023 -7.019304 -72.556922
0.674023 -7.019304 -72.556922
0.674023 -7.019304 -72.556922
0.674023 -7.019304 -72.556922
0.674023 -7.019304 -72.556922
0.674023 -7.019304 -72.556922
0.674023 -7.019304 -72.556922
0.701174 -6.750295 -72.876486
0.701174 -6.750295 -72.876486
0.701174 -6.750295 -72.876486
0.701174 -6.750295 -72.876486
0.701174 -6.750295 -72.876486
0.701174 -6.750295 -72.876486
0.701174 -6.750295 -72.876486
0.701174 -6.750295 -72.876486
0.718605 -6.601496 -73.129770
0.718605 -6.601496 -73.129770
0.718605 -6.601496 -73.129770
0.718605 -6.601496 -73.129770
0.718605 -6.601496 -73.129770
0.718605 -6.601496 -73.129770
0.718605 -6.601496 -73.129770
0.718605 -6.601496 -73.129770
0.775200 -6.488055 -73.349046
0.775200 -6.488055 -73.349046
0.775200 -6.488055 -73.349046
0.775200 -6.488055 -73.349046
0.775200 -6.488055 -73.349046
0.775200 -6.488055 -73.349046
0.775200 -6.488055 -73.349046
0.814341 -6.423791 -73.599817
0.814341 -6.423791 -73.599817
0.814341 -6.423791 -73.599817
0.814341 -6.423791 -73.599817
0.814341 -6.423791 -73.599817
0.814341 -6.423791 -73.599817
0.814341 -6.423791 -73.599817
0.814341 -6.423791 -73.599817
0.846519 -6.344268 -74.069597
0.846519 -6.344268 -74.069597
0.846519 -6.344268 -74.069597
0.846519 -6.344268 -74.069597
0.846519 -6.344268 -74.069597
0.846519 -6.344268 -74.069597
0.846519 -6.344268 -74.069597
0.846519 -6.344268 -74.069597
0.895563 -6.135960 -74.137319
0.895563 -6.135960 -74.137319
0.895563 -6.135960 -74.137319
0.895563 -6.135960 -74.137319
0.895563 -6.135960 -74.137319
0.895563 -6.135960 -74.137319
0.895563 -6.135960 -74.137319
0.895563 -6.135960 -74.137319
0.981958 -5.851333 -74.169140
0.981958 -5.851333 -74.169140
0.981958 -5.851333 -74.169140
0.981958 -5.851333 -74.169140
0.981958 -5.851333 -74.169140
0.981958 -5.851333 -74.169140
0.981958 -5.851333 -74.169140
0.981958 -5.851333 -74.169140
0.981958 -5.851333 -74.169140
0.970498 -5.877829 -74.215483
0.970498 -5.877829 -74.215483
0.970498 -5.877829 -74.215483
0.970498 -5.877829 -74.215483
0.970498 -5.877829 -74.215483
0.970498 -5.877829 -74.215483
0.970498 -5.877829 -74.215483
0.970498 -5.877829 -74.215483
0.952475 -5.980964 -74.256300
0.952475 -5.980964 -74.256300
0.952475 -5.980964 -74.256300
0.952475 -5.980964 -74.256300
0.952475 -5.980964 -74.256300
0.952475 -5.980964 -74.256300
0.952475 -5.980964 -74.256300
0.952475 -5.980964 -74.256300
0.834746 -6.619911 -71.270674
0.834746 -6.619911 -71.270674
0.834746 -6.619911 -71.270674
0.834746 -6.619911 -71.270674
0.834746 -6.619911 -71.270674
0.834746 -6.619911 -71.270674
0.834746 -6.619911 -71.270674
0.834746 -6.619911 -71.270674
0.858831 -6.326522 -69.716506
0.858831 -6.326522 -69.716506
0.858831 -6.326522 -69.716506
0.858831 -6.326522 -69.716506
0.858831 -6.326522 -69.716506
0.858831 -6.326522 -69.716506
0.858831 -6.326522 -69.716506
0.858831 -6.326522 -69.716506
-1.171278 -13.838548 -69.731437
-1.171278 -13.838548 -69.731437
-1.171278 -13.838548 -69.731437
-1.171278 -13.838548 -69.731437
-1.171278 -13.838548 -69.731437
-1.171278 -13.838548 -69.731437
-1.171278 -13.838548 -69.731437
-1.171278 -13.838548 -69.731437
3.284867 -43.971918 -69.038726
3.284867 -43.971918 -69.038726
3.284867 -43.971918 -69.038726
3.284867 -43.971918 -69.038726
3.284867 -43.971918 -69.038726
3.284867 -43.971918 -69.038726
3.284867 -43.971918 -69.038726
3.284867 -43.971918 -69.038726
-0.589631 -28.355100 -66.665003
-0.589631 -28.355100 -66.665003
-0.589631 -28.355100 -66.665003
-0.589631 -28.355100 -66.665003
-0.589631 -28.355100 -66.665003
-0.589631 -28.355100 -66.665003
-0.589631 -28.355100 -66.665003
-0.589631 -28.355100 -66.665003
0.557417 -9.228673 -68.184235
0.557417 -9.228673 -68.184235
0.557417 -9.228673 -68.184235
0.557417 -9.228673 -68.184235
0.557417 -9.228673 -68.184235
0.557417 -9.228673 -68.184235
0.557417 -9.228673 -68.184235
0.557417 -9.228673 -68.184235
0.603569 -8.143356 -69.139642
0.603569 -8.143356 -69.139642
0.603569 -8.143356 -69.139642
0.603569 -8.143356 -69.139642
0.603569 -8.143356 -69.139642
0.603569 -8.143356 -69.139642
0.603569 -8.143356 -69.139642
0.603569 -8.143356 -69.139642
0.651722 -7.611372 -69.901939
0.651722 -7.611372 -69.901939
0.651722 -7.611372 -69.901939
0.651722 -7.611372 -69.901939
0.651722 -7.611372 -69.901939
0.651722 -7.611372 -69.901939
0.651722 -7.611372 -69.901939
0.651722 -7.611372 -69.901939
0.699640 -6.746101 -70.611452
0.699640 -6.746101 -70.611452
0.699640 -6.746101 -70.611452
0.699640 -6.746101 -70.611452
0.699640 -6.746101 -70.611452
0.699640 -6.746101 -70.611452
0.699640 -6.746101 -70.611452
0.661905 -6.792244 -70.613194
0.661905 -6.792244 -70.613194
0.661905 -6.792244 -70.613194
0.661905 -6.792244 -70.613194
0.661905 -6.792244 -70.613194
0.661905 -6.792244 -70.613194
0.661905 -6.792244 -70.613194
0.661905 -6.792244 -70.613194
0.661905 -6.792244 -70.613194
0.687910 -6.278265 -70.243769
0.687910 -6.278265 -70.243769
0.687910 -6.278265 -70.243769
0.687910 -6.278265 -70.243769
0.687910 -6.278265 -70.243769
0.687910 -6.278265 -70.243769
0.687910 -6.278265 -70.243769
0.765232 -5.923323 -70.399716
0.765232 -5.923323 -70.399716
0.765232 -5.923323 -70.399716
0.765232 -5.923323 -70.399716
0.765232 -5.923323 -70.399716
0.765232 -5.923323 -70.399716
0.765232 -5.923323 -70.399716
0.765232 -5.923323 -70.399716
0.765232 -5.923323 -70.399716
0.956874 -5.444277 -70.350088
0.956874 -5.444277 -70.350088
0.956874 -5.444277 -70.350088
0.956874 -5.444277 -70.350088
0.956874 -5.444277 -70.350088
0.956874 -5.444277 -70.350088
0.956874 -5.444277 -70.350088
1.008113 -5.355489 -70.448702
1.008113 -5.355489 -70.448702
1.008113 -5.355489 -70.448702
1.008113 -5.355489 -70.448702
1.008113 -5.355489 -70.448702
1.008113 -5.355489 -70.448702
1.008113 -5.355489 -70.448702
1.008113 -5.355489 -70.448702
1.008113 -5.355489 -70.448702
1.050790 -5.291387 -70.466884
1.050790 -5.291387 -70.466884
1.050790 -5.291387 -70.466884
1.050790 -5.291387 -70.466884
1.050790 -5.291387 -70.466884
1.050790 -5.291387 -70.466884
1.050790 -5.291387 -70.466884
1.067663 -5.308438 -70.465819
1.067663 -5.308438 -70.465819
1.067663 -5.308438 -70.465819
1.067663 -5.308438 -70.465819
1.067663 -5.308438 -70.465819
1.067663 -5.308438 -70.465819
1.067663 -5.308438 -70.465819
1.067663 -5.308438 -70.465819
1.073320 -5.311242 -70.521976
1.073320 -5.311242 -70.521976
1.073320 -5.311242 -70.521976
1.073320 -5.311242 -70.521976
1.073320 -5.311242 -70.521976
1.073320 -5.311242 -70.521976
1.073320 -5.311242 -70.521976
1.073320 -5.311242 -70.521976
1.078026 -5.281873 -70.602757
1.078026 -5.281873 -70.602757
1.078026 -5.281873 -70.602757
1.078026 -5.281873 -70.602757
1.078026 -5.281873 -70.602757
1.078026 -5.281873 -70.602757
1.078026 -5.281873 -70.602757
1.078026 -5.281873 -70.602757
1.084620 -5.266483 -70.556360
1.084620 -5.266483 -70.556360
1.084620 -5.266483 -70.556360
1.084620 -5.266483 -70.556360
1.084620 -5.266483 -70.556360
1.084620 -5.266483 -70.556360
1.084620 -5.266483 -70.556360
1.084620 -5.266483 -70.556360
1.088701 -5.253415 -70.623295
1.088701 -5.253415 -70.623295
1.088701 -5.253415 -70.623295
1.088701 -5.253415 -70.623295
1.088701 -5.253415 -70.623295
1.088701 -5.253415 -70.623295
1.088701 -5.253415 -70.623295
1.088701 -5.253415 -70.623295
1.097635 -5.262041 -70.645808
1.097635 -5.262041 -70.645808
1.097635 -5.262041 -70.645808
1.097635 -5.262041 -70.645808
1.097635 -5.262041 -70.645808
1.097635 -5.262041 -70.645808
1.097635 -5.262041 -70.645808
1.175477 -4.282255 -69.124369
1.175477 -4.282255 -69.124369
1.175477 -4.282255 -69.124369
1.175477 -4.282255 -69.124369
1.175477 -4.282255 -69.124369
1.175477 -4.282255 -69.124369
1.175477 -4.282255 -69.124369
1.175477 -4.282255 -69.124369
1.163718 -5.106941 -68.375269
1.163718 -5.106941 -68.375269
1.163718 -5.106941 -68.375269
1.163718 -5.106941 -68.375269
1.163718 -5.106941 -68.375269
1.163718 -5.106941 -68.375269
1.163718 -5.106941 -68.375269
1.163718 -5.106941 -68.375269
1.186638 -5.182405 -68.843621
1.186638 -5.182405 -68.843621
1.186638 -5.182405 -68.843621
1.186638 -5.182405 -68.843621
1.186638 -5.182405 -68.843621
1.186638 -5.182405 -68.843621
1.186638 -5.182405 -68.843621
1.186638 -5.182405 -68.843621
1.186638 -5.182405 -68.843621
1.205427 -5.170547 -68.536003
1.205427 -5.170547 -68.536003
1.205427 -5.170547 -68.536003
1.205427 -5.170547 -68.536003
1.205427 -5.170547 -68.536003
1.205427 -5.170547 -68.536003
1.205427 -5.170547 -68.536003
1.205427 -5.170547 -68.536003
1.213100 -5.170061 -68.318277
1.213100 -5.170061 -68.318277
1.213100 -5.170061 -68.318277
1.213100 -5.170061 -68.318277
1.213100 -5.170061 -68.318277
1.213100 -5.170061 -68.318277
1.213100 -5.170061 -68.318277
1.211091 -5.156776 -68.172712
1.211091 -5.156776 -68.172712
1.211091 -5.156776 -68.172712
1.211091 -5.156776 -68.172712
1.211091 -5.156776 -68.172712
1.211091 -5.156776 -68.172712
1.211091 -5.156776 -68.172712
1.211091 -5.156776 -68.172712
1.208128 -5.151861 -68.044605
1.208128 -5.151861 -68.044605
1.208128 -5.151861 -68.044605
1.208128 -5.151861 -68.044605
1.208128 -5.151861 -68.044605
1.208128 -5.151861 -68.044605
1.208128 -5.151861 -68.044605
1.208128 -5.151861 -68.044605
1.205984 -5.156263 -67.957555
1.205984 -5.156263 -67.957555
1.205984 -5.156263 -67.957555
1.205984 -5.156263 -67.957555
1.205984 -5.156263 -67.957555
1.205984 -5.156263 -67.957555
1.205984 -5.156263 -67.957555
1.205984 -5.156263 -67.957555
1.205984 -5.156263 -67.957555
1.191013 -5.179316 -67.907558
1.191013 -5.179316 -67.907558
1.191013 -5.179316 -67.907558
1.191013 -5.179316 -67.907558
1.191013 -5.179316 -67.907558
1.191013 -5.179316 -67.907558
1.191013 -5.179316 -67.907558
1.191013 -5.179316 -67.907558
1.191013 -5.179316 -67.907558
1.191013 -5.179316 -67.907558
1.191013 -5.179316 -67.907558
1.191013 -5.179316 -67.907558
1.191013 -5.179316 -67.907558
1.191013 -5.179316 -67.907558
1.191013 -5.179316 -67.907558
1.196202 -5.177356 -67.841797
1.196202 -5.177356 -67.841797
1.196202 -5.177356 -67.841797
1.196202 -5.177356 -67.841797
1.196202 -5.177356 -67.841797
1.196202 -5.177356 -67.841797
1.196202 -5.177356 -67.841797
1.193791 -5.171170 -67.805542
1.193791 -5.171170 -67.805542
1.193791 -5.171170 -67.805542
1.193791 -5.171170 -67.805542
1.193791 -5.171170 -67.805542
1.193791 -5.171170 -67.805542
1.181601 -5.173921 -67.800733
1.181601 -5.173921 -67.800733
1.181601 -5.173921 -67.800733
1.181601 -5.173921 -67.800733
1.181601 -5.173921 -67.800733
1.181601 -5.173921 -67.800733
1.181601 -5.173921 -67.800733
1.182892 -5.174286 -67.781582
1.182892 -5.174286 -67.781582
1.182892 -5.174286 -67.781582
1.182892 -5.174286 -67.781582
1.182892 -5.174286 -67.781582
1.182892 -5.174286 -67.781582
1.182892 -5.174286 -67.781582
1.182892 -5.174286 -67.781582
1.182892 -5.174286 -67.781582
1.185686 -5.163886 -67.778972
1.185686 -5.163886 -67.778972
1.185686 -5.163886 -67.778972
1.185686 -5.163886 -67.778972
1.185686 -5.163886 -67.778972
1.185686 -5.163886 -67.778972
1.185686 -5.163886 -67.778972
1.185686 -5.163886 -67.778972
1.193832 -5.165617 -67.711197
1.193832 -5.165617 -67.711197
1.193832 -5.165617 -67.711197
1.193832 -5.165617 -67.711197
1.193832 -5.165617 -67.711197
1.193832 -5.165617 -67.711197
1.193832 -5.165617 -67.711197
1.193832 -5.165617 -67.711197
1.187732 -5.169599 -67.698725
1.187732 -5.169599 -67.698725
1.187732 -5.169599 -67.698725
1.187732 -5.169599 -67.698725
1.187732 -5.169599 -67.698725
1.187732 -5.169599 -67.698725
1.187732 -5.169599 -67.698725
1.187732 -5.169599 -67.698725
1.187732 -5.169599 -67.698725
1.195874 -5.143332 -67.720458
1.195874 -5.143332 -67.720458
1.195874 -5.143332 -67.720458
1.195874 -5.143332 -67.720458
1.195874 -5.143332 -67.720458
1.195874 -5.143332 -67.720458
1.195874 -5.143332 -67.720458
1.195874 -5.143332 -67.720458
1.156378 -5.223078 -67.651767
1.156378 -5.223078 -67.651767
1.156378 -5.223078 -67.651767
1.156378 -5.223078 -67.651767
1.156378 -5.223078 -67.651767
1.156378 -5.223078 -67.651767
1.156378 -5.223078 -67.651767
1.156378 -5.223078 -67.651767
-0.326817 -14.064922 -91.962978
-0.326817 -14.064922 -91.962978
-0.326817 -14.064922 -91.962978
-0.326817 -14.064922 -91.962978
-0.326817 -14.064922 -91.962978
-0.326817 -14.064922 -91.962978
-0.326817 -14.064922 -91.962978
-0.326817 -14.064922 -91.962978
1.719189 -14.398314 -92.525301
1.719189 -14.398314 -92.525301
1.719189 -14.398314 -92.525301
1.719189 -14.398314 -92.525301
1.719189 -14.398314 -92.525301
1.719189 -14.398314 -92.525301
1.719189 -14.398314 -92.525301
3.950639 -13.767725 -77.640816
3.950639 -13.767725 -77.640816
3.950639 -13.767725 -77.640816
3.950639 -13.767725 -77.640816
3.950639 -13.767725 -77.640816
3.950639 -13.767725 -77.640816
3.950639 -13.767725 -77.640816
3.950639 -13.767725 -77.640816
3.950639 -13.767725 -77.640816
4.817986 -13.173618 -64.872679
4.817986 -13.173618 -64.872679
4.817986 -13.173618 -64.872679
4.817986 -13.173618 -64.872679
4.817986 -13.173618 -64.872679
4.817986 -13.173618 -64.872679
4.817986 -13.173618 -64.872679
4.848174 -12.888031 -53.899243
4.848174 -12.888031 -53.899243
4.848174 -12.888031 -53.899243
4.848174 -12.888031 -53.899243
4.848174 -12.888031 -53.899243
4.848174 -12.888031 -53.899243
4.848174 -12.888031 -53.899243
4.848174 -12.888031 -53.899243
4.528170 -12.870499 -44.447043
4.528170 -12.870499 -44.447043
4.528170 -12.870499 -44.447043
4.528170 -12.870499 -44.447043
4.528170 -12.870499 -44.447043
4.528170 -12.870499 -44.447043
4.528170 -12.870499 -44.447043
4.528170 -12.870499 -44.447043
4.022787 -13.009804 -36.499267
4.022787 -13.009804 -36.499267
4.022787 -13.009804 -36.499267
4.022787 -13.009804 -36.499267
4.022787 -13.009804 -36.499267
4.022787 -13.009804 -36.499267
4.022787 -13.009804 -36.499267
4.022787 -13.009804 -36.499267
4.022787 -13.009804 -36.499267
3.429524 -13.266215 -29.889092
3.429524 -13.266215 -29.889092
3.429524 -13.266215 -29.889092
3.429524 -13.266215 -29.889092
3.429524 -13.266215 -29.889092
3.429524 -13.266215 -29.889092
3.429524 -13.266215 -29.889092
3.429524 -13.266215 -29.889092
2.825303 -13.563097 -24.480194
2.825303 -13.563097 -24.480194
2.825303 -13.563097 -24.480194
2.825303 -13.563097 -24.480194
2.825303 -13.563097 -24.480194
2.825303 -13.563097 -24.480194
2.825303 -13.563097 -24.480194
2.245355 -13.825298 -20.086132
2.245355 -13.825298 -20.086132
2.245355 -13.825298 -20.086132
2.245355 -13.825298 -20.086132
2.245355 -13.825298 -20.086132
2.245355 -13.825298 -20.086132
2.245355 -13.825298 -20.086132
2.245355 -13.825298 -20.086132
1.712032 -14.054063 -16.565879
1.712032 -14.054063 -16.565879
1.712032 -14.054063 -16.565879
1.712032 -14.054063 -16.565879
1.712032 -14.054063 -16.565879
1.712032 -14.054063 -16.565879
1.712032 -14.054063 -16.565879
1.207758 -14.244260 -13.831939
1.207758 -14.244260 -13.831939
1.207758 -14.244260 -13.831939
1.207758 -14.244260 -13.831939
1.207758 -14.244260 -13.831939
1.207758 -14.244260 -13.831939
1.207758 -14.244260 -13.831939
1.207758 -14.244260 -13.831939
1.207758 -14.244260 -13.831939
0.789679 -14.386986 -11.727500
0.789679 -14.386986 -11.727500
0.789679 -14.386986 -11.727500
0.789679 -14.386986 -11.727500
0.789679 -14.386986 -11.727500
0.789679 -14.386986 -11.727500
0.789679 -14.386986 -11.727500
0.789679 -14.386986 -11.727500
0.423251 -14.476371 -10.160182
0.423251 -14.476371 -10.160182
0.423251 -14.476371 -10.160182
0.423251 -14.476371 -10.160182
0.423251 -14.476371 -10.160182
0.423251 -14.476371 -10.160182
0.423251 -14.476371 -10.160182
0.423251 -14.476371 -10.160182
0.584247 -14.353641 -9.142563
0.584247 -14.353641 -9.142563
0.584247 -14.353641 -9.142563
0.584247 -14.353641 -9.142563
0.584247 -14.353641 -9.142563
0.584247 -14.353641 -9.142563
0.584247 -14.353641 -9.142563
0.584247 -14.353641 -9.142563
-0.235101 -14.589754 -8.294744
-0.235101 -14.589754 -8.294744
-0.235101 -14.589754 -8.294744
-0.235101 -14.589754 -8.294744
-0.235101 -14.589754 -8.294744
-0.235101 -14.589754 -8.294744
-0.235101 -14.589754 -8.294744
-0.235101 -14.589754 -8.294744
-0.484405 -14.635174 -7.735703
-0.484405 -14.635174 -7.735703
-0.484405 -14.635174 -7.735703
-0.484405 -14.635174 -7.735703
-0.484405 -14.635174 -7.735703
-0.484405 -14.635174 -7.735703
-0.484405 -14.635174 -7.735703
-0.484405 -14.635174 -7.735703
-0.673543 -14.669387 -7.330939
-0.673543 -14.669387 -7.330939
-0.673543 -14.669387 -7.330939
-0.673543 -14.669387 -7.330939
-0.673543 -14.669387 -7.330939
-0.673543 -14.669387 -7.330939
-0.673543 -14.669387 -7.330939
-0.673543 -14.669387 -7.330939
-0.811745 -14.700100 -6.999167
-0.811745 -14.700100 -6.999167
-0.811745 -14.700100 -6.999167
-0.811745 -14.700100 -6.999167
-0.811745 -14.700100 -6.999167
-0.811745 -14.700100 -6.999167
-0.811745 -14.700100 -6.999167
-0.811745 -14.700100 -6.999167
-0.919961 -14.723239 -6.760266
-0.919961 -14.723239 -6.760266
-0.919961 -14.723239 -6.760266
-0.919961 -14.723239 -6.760266
-0.919961 -14.723239 -6.760266
-0.919961 -14.723239 -6.760266
-0.919961 -14.723239 -6.760266
-0.984645 -14.736420 -6.550570
-0.984645 -14.736420 -6.550570
-0.984645 -14.736420 -6.550570
-0.984645 -14.736420 -6.550570
-0.984645 -14.736420 -6.550570
-0.984645 -14.736420 -6.550570
-0.984645 -14.736420 -6.550570
-0.984645 -14.736420 -6.550570
-0.984645 -14.736420 -6.550570
-1.050551 -14.740694 -6.413528
-1.050551 -14.740694 -6.413528
-1.050551 -14.740694 -6.413528
-1.050551 -14.740694 -6.413528
-1.050551 -14.740694 -6.413528
-1.050551 -14.740694 -6.413528
-1.050551 -14.740694 -6.413528
-1.050551 -14.740694 -6.413528
-1.096265 -14.735595 -6.318421
-1.096265 -14.735595 -6.318421
-1.096265 -14.735595 -6.318421
-1.096265 -14.735595 -6.318421
-1.096265 -14.735595 -6.318421
-1.096265 -14.735595 -6.318421
-1.118530 -14.732452 -6.216276
-1.118530 -14.732452 -6.216276
-1.118530 -14.732452 -6.216276
-1.118530 -14.732452 -6.216276
-1.118530 -14.732452 -6.216276
-1.118530 -14.732452 -6.216276
-1.118530 -14.732452 -6.216276
-1.118530 -14.732452 -6.216276
-1.152444 -14.742192 -6.180399
-1.152444 -14.742192 -6.180399
-1.152444 -14.742192 -6.180399
-1.152444 -14.742192 -6.180399
-1.152444 -14.742192 -6.180399
-1.152444 -14.742192 -6.180399
-1.152444 -14.742192 -6.180399
-1.152444 -14.742192 -6.180399
-1.183969 -14.750142 -6.153591
-1.183969 -14.750142 -6.153591
-1.183969 -14.750142 -6.153591
-1.183969 -14.750142 -6.153591
-1.183969 -14.750142 -6.153591
-1.183969 -14.750142 -6.153591
-1.183969 -14.750142 -6.153591
-1.183969 -14.750142 -6.153591
-1.185771 -14.750943 -6.102536
-1.185771 -14.750943 -6.102536
-1.185771 -14.750943 -6.102536
-1.185771 -14.750943 -6.102536
-1.185771 -14.750943 -6.102536
-1.185771 -14.750943 -6.102536
-1.185771 -14.750943 -6.102536
-1.189662 -14.743576 -6.073242
-1.189662 -14.743576 -6.073242
-1.189662 -14.743576 -6.073242
-1.189662 -14.743576 -6.073242
-1.189662 -14.743576 -6.073242
-1.189662 -14.743576 -6.073242
-1.189662 -14.743576 -6.073242
-1.189662 -14.743576 -6.073242
-1.190405 -14.740988 -6.037647
-1.190405 -14.740988 -6.037647
-1.190405 -14.740988 -6.037647
-1.190405 -14.740988 -6.037647
-1.190405 -14.740988 -6.037647
-1.190405 -14.740988 -6.037647
-1.190405 -14.740988 -6.037647
-1.190405 -14.740988 -6.037647
-1.192624 -14.750833 -6.025202
-1.192624 -14.750833 -6.025202
-1.192624 -14.750833 -6.025202
-1.192624 -14.750833 -6.025202
-1.192624 -14.750833 -6.025202
-1.192624 -14.750833 -6.025202
-1.192624 -14.750833 -6.025202
-1.192624 -14.750833 -6.025202
-1.204546 -14.744939 -6.038831
-1.204546 -14.744939 -6.038831
-1.204546 -14.744939 -6.038831
-1.204546 -14.744939 -6.038831
-1.204546 -14.744939 -6.038831
-1.204546 -14.744939 -6.038831
-1.204546 -14.744939 -6.038831
-1.204546 -14.744939 -6.038831
-1.218143 -14.738717 -6.042396
-1.218143 -14.738717 -6.042396
-1.218143 -14.738717 -6.042396
-1.218143 -14.738717 -6.042396
-1.218143 -14.738717 -6.042396
-1.218143 -14.738717 -6.042396
-1.218143 -14.738717 -6.042396
-1.218143 -14.738717 -6.042396
-1.214446 -14.745675 -6.044364
-1.214446 -14.745675 -6.044364
-1.214446 -14.745675 -6.044364
-1.214446 -14.745675 -6.044364
-1.214446 -14.745675 -6.044364
-1.214446 -14.745675 -6.044364
-1.214446 -14.745675 -6.044364
-1.217771 -14.748342 -6.042215
-1.217771 -14.748342 -6.042215
-1.217771 -14.748342 -6.042215
-1.217771 -14.748342 -6.042215
-1.217771 -14.748342 -6.042215
-1.217771 -14.748342 -6.042215
-1.217771 -14.748342 -6.042215
-1.217771 -14.748342 -6.042215
-1.225568 -14.744577 -6.025966
-1.225568 -14.744577 -6.025966
-1.225568 -14.744577 -6.025966
-1.225568 -14.744577 -6.025966
-1.225568 -14.744577 -6.025966
-1.225568 -14.744577 -6.025966
-1.225568 -14.744577 -6.025966
-1.225568 -14.744577 -6.025966
-1.224854 -14.741975 -6.016986
-1.224854 -14.741975 -6.016986
-1.224854 -14.741975 -6.016986
-1.224854 -14.741975 -6.016986
-1.224854 -14.741975 -6.016986
-1.224854 -14.741975 -6.016986
-1.224854 -14.741975 -6.016986
-1.224854 -14.741975 -6.016986
-1.226972 -14.739934 -6.015390
-1.226972 -14.739934 -6.015390
-1.226972 -14.739934 -6.015390
-1.226972 -14.739934 -6.015390
-1.226972 -14.739934 -6.015390
-1.226972 -14.739934 -6.015390
-1.226972 -14.739934 -6.015390
-1.230925 -14.742282 -6.026501
-1.230925 -14.742282 -6.026501
-1.230925 -14.742282 -6.026501
-1.230925 -14.742282 -6.026501
-1.230925 -14.742282 -6.026501
-1.230925 -14.742282 -6.026501
-1.230925 -14.742282 -6.026501
-1.230925 -14.742282 -6.026501
-1.230925 -14.742282 -6.026501
-1.338216 -14.852076 -6.135191
-1.338216 -14.852076 -6.135191
-1.338216 -14.852076 -6.135191
-1.338216 -14.852076 -6.135191
-1.338216 -14.852076 -6.135191
-1.338216 -14.852076 -6.135191
-1.338216 -14.852076 -6.135191
4.793944 -30.319715 -10.249110
4.793944 -30.319715 -10.249110
4.793944 -30.319715 -10.249110
4.793944 -30.319715 -10.249110
4.793944 -30.319715 -10.249110
4.793944 -30.319715 -10.249110
4.793944 -30.319715 -10.249110
4.793944 -30.319715 -10.249110
9.667918 -13.782693 -62.637712
9.667918 -13.782693 -62.637712
9.667918 -13.782693 -62.637712
9.667918 -13.782693 -62.637712
9.667918 -13.782693 -62.637712
9.667918 -13.782693 -62.637712
9.667918 -13.782693 -62.637712
9.667918 -13.782693 -62.637712
9.667918 -13.782693 -62.637712
9.353804 -1.781011 -85.147720
9.353804 -1.781011 -85.147720
9.353804 -1.781011 -85.147720
9.353804 -1.781011 -85.147720
9.353804 -1.781011 -85.147720
9.353804 -1.781011 -85.147720
10.356649 -1.297186 -88.410631
10.356649 -1.297186 -88.410631
10.356649 -1.297186 -88.410631
10.356649 -1.297186 -88.410631
10.356649 -1.297186 -88.410631
10.356649 -1.297186 -88.410631
10.356649 -1.297186 -88.410631
10.356649 -1.297186 -88.410631
1.659383 6.721719 -90.621079
1.659383 6.721719 -90.621079
1.659383 6.721719 -90.621079
1.659383 6.721719 -90.621079
1.659383 6.721719 -90.621079
1.659383 6.721719 -90.621079
1.659383 6.721719 -90.621079
1.659383 6.721719 -90.621079
-1.332445 -11.959582 -83.526158
-1.332445 -11.959582 -83.526158
-1.332445 -11.959582 -83.526158
-1.332445 -11.959582 -83.526158
-1.332445 -11.959582 -83.526158
-1.332445 -11.959582 -83.526158
-1.332445 -11.959582 -83.526158
-0.164073 -15.990776 -81.157066
-0.164073 -15.990776 -81.157066
-0.164073 -15.990776 -81.157066
-0.164073 -15.990776 -81.157066
-0.164073 -15.990776 -81.157066
-0.164073 -15.990776 -81.157066
-0.164073 -15.990776 -81.157066
-0.164073 -15.990776 -81.157066
-0.270056 -15.840141 -81.241890
-0.270056 -15.840141 -81.241890
-0.270056 -15.840141 -81.241890
-0.270056 -15.840141 -81.241890
-0.270056 -15.840141 -81.241890
-0.270056 -15.840141 -81.241890
-0.270056 -15.840141 -81.241890
-0.270056 -15.840141 -81.241890
-0.335335 -15.652333 -81.262025
-0.335335 -15.652333 -81.262025
-0.335335 -15.652333 -81.262025
-0.335335 -15.652333 -81.262025
-0.335335 -15.652333 -81.262025
-0.335335 -15.652333 -81.262025
-0.335335 -15.652333 -81.262025
-0.335335 -15.652333 -81.262025
-0.335335 -15.652333 -81.262025
-0.386365 -15.534915 -81.314290
-0.386365 -15.534915 -81.314290
-0.386365 -15.534915 -81.314290
-0.386365 -15.534915 -81.314290
-0.386365 -15.534915 -81.314290
-0.386365 -15.534915 -81.314290
-0.386365 -15.534915 -81.314290
-0.386365 -15.534915 -81.314290
-0.386365 -15.534915 -81.314290
-0.413041 -15.466613 -81.351364
-0.413041 -15.466613 -81.351364
-0.413041 -15.466613 -81.351364
-0.413041 -15.466613 -81.351364
-0.413041 -15.466613 -81.351364
-0.413041 -15.466613 -81.351364
-0.413041 -15.466613 -81.351364
-0.408167 -15.431417 -81.341119
-0.408167 -15.431417 -81.341119
-0.408167 -15.431417 -81.341119
-0.408167 -15.431417 -81.341119
-0.408167 -15.431417 -81.341119
-0.408167 -15.431417 -81.341119
-0.408167 -15.431417 -81.341119
-0.408167 -15.431417 -81.341119
-0.408167 -15.431417 -81.341119
-0.859669 -15.675240 -81.550027
-0.859669 -15.675240 -81.550027
-0.859669 -15.675240 -81.550027
-0.859669 -15.675240 -81.550027
-0.859669 -15.675240 -81.550027
-0.859669 -15.675240 -81.550027
-0.859669 -15.675240 -81.550027
-0.859669 -15.675240 -81.550027
-0.859669 -15.675240 -81.550027
-0.908430 -15.693543 -81.529195
