-6.549825 16.657527 -82.367369
-6.549825 16.657527 -82.367369
-6.698365 17.067627 -82.463920
-6.698365 17.067627 -82.463920
-6.698365 17.067627 -82.463920
-6.698365 17.067627 -82.463920
-6.698365 17.067627 -82.463920
-6.698365 17.067627 -82.463920
-6.698365 17.067627 -82.463920
-6.698365 17.067627 -82.463920
-6.789627 17.310867 -82.528944
-6.789627 17.310867 -82.528944
-6.789627 17.310867 -82.528944
-6.789627 17.310867 -82.528944
-6.789627 17.310867 -82.528944
-6.789627 17.310867 -82.528944
-6.789627 17.310867 -82.528944
-6.789627 17.310867 -82.528944
-8.278712 13.690876 -83.912255
-8.278712 13.690876 -83.912255
-8.278712 13.690876 -83.912255
-8.278712 13.690876 -83.912255
-8.278712 13.690876 -83.912255
-8.278712 13.690876 -83.912255
-8.278712 13.690876 -83.912255
-8.278712 13.690876 -83.912255
-6.667898 14.839978 -83.271180
-6.667898 14.839978 -83.271180
-6.667898 14.839978 -83.271180
-6.667898 14.839978 -83.271180
-6.667898 14.839978 -83.271180
-6.667898 14.839978 -83.271180
-6.667898 14.839978 -83.271180
-6.667898 14.839978 -83.271180
-7.479461 6.153651 -76.110034
-7.479461 6.153651 -76.110034
-7.479461 6.153651 -76.110034
-7.479461 6.153651 -76.110034
-7.479461 6.153651 -76.110034
-7.479461 6.153651 -76.110034
-7.479461 6.153651 -76.110034
21.726118 -2.144066 -62.966626
21.726118 -2.144066 -62.966626
21.726118 -2.144066 -62.966626
21.726118 -2.144066 -62.966626
21.726118 -2.144066 -62.966626
21.726118 -2.144066 -62.966626
21.726118 -2.144066 -62.966626
21.726118 -2.144066 -62.966626
24.110132 6.203020 -31.172024
24.110132 6.203020 -31.172024
24.110132 6.203020 -31.172024
24.110132 6.203020 -31.172024
24.110132 6.203020 -31.172024
24.110132 6.203020 -31.172024
24.110132 6.203020 -31.172024
24.110132 6.203020 -31.172024
13.884029 10.455097 -36.980256
13.884029 10.455097 -36.980256
13.884029 10.455097 -36.980256
13.884029 10.455097 -36.980256
13.884029 10.455097 -36.980256
13.884029 10.455097 -36.980256
13.884029 10.455097 -36.980256
13.884029 10.455097 -36.980256
18.772013 23.195562 -10.454916
18.772013 23.195562 -10.454916
18.772013 23.195562 -10.454916
18.772013 23.195562 -10.454916
18.772013 23.195562 -10.454916
18.772013 23.195562 -10.454916
18.772013 23.195562 -10.454916
18.772013 23.195562 -10.454916
12.040513 4.328979 -12.360846
12.040513 4.328979 -12.360846
12.040513 4.328979 -12.360846
12.040513 4.328979 -12.360846
12.040513 4.328979 -12.360846
12.040513 4.328979 -12.360846
12.040513 4.328979 -12.360846
12.040513 4.328979 -12.360846
6.946159 -1.423390 -33.674923
6.946159 -1.423390 -33.674923
6.946159 -1.423390 -33.674923
6.946159 -1.423390 -33.674923
6.946159 -1.423390 -33.674923
6.946159 -1.423390 -33.674923
-1.670436 -9.139631 -34.636880
-1.670436 -9.139631 -34.636880
-1.670436 -9.139631 -34.636880
-1.670436 -9.139631 -34.636880
-1.670436 -9.139631 -34.636880
-1.670436 -9.139631 -34.636880
-1.670436 -9.139631 -34.636880
-1.670436 -9.139631 -34.636880
-0.323367 7.527905 -44.202498
-0.323367 7.527905 -44.202498
-0.323367 7.527905 -44.202498
-0.323367 7.527905 -44.202498
-0.323367 7.527905 -44.202498
-0.323367 7.527905 -44.202498
-0.323367 7.527905 -44.202498
7.746892 4.036997 -48.189713
7.746892 4.036997 -48.189713
7.746892 4.036997 -48.189713
7.746892 4.036997 -48.189713
7.746892 4.036997 -48.189713
7.746892 4.036997 -48.189713
7.746892 4.036997 -48.189713
7.124314 9.166969 -38.333156
7.124314 9.166969 -38.333156
7.124314 9.166969 -38.333156
7.124314 9.166969 -38.333156
7.124314 9.166969 -38.333156
7.124314 9.166969 -38.333156
7.124314 9.166969 -38.333156
7.124314 9.166969 -38.333156
7.403298 -0.851800 -33.140720
7.403298 -0.851800 -33.140720
7.403298 -0.851800 -33.140720
7.403298 -0.851800 -33.140720
7.403298 -0.851800 -33.140720
7.403298 -0.851800 -33.140720
7.403298 -0.851800 -33.140720
-0.171072 -2.956879 -34.178267
-0.171072 -2.956879 -34.178267
-0.171072 -2.956879 -34.178267
-0.171072 -2.956879 -34.178267
-0.171072 -2.956879 -34.178267
-0.171072 -2.956879 -34.178267
-0.171072 -2.956879 -34.178267
-1.535716 -7.039889 -38.056059
-1.535716 -7.039889 -38.056059
-1.535716 -7.039889 -38.056059
-1.535716 -7.039889 -38.056059
-1.535716 -7.039889 -38.056059
-1.535716 -7.039889 -38.056059
-1.535716 -7.039889 -38.056059
2.064315 -4.867100 -37.443480
2.064315 -4.867100 -37.443480
2.064315 -4.867100 -37.443480
2.064315 -4.867100 -37.443480
2.064315 -4.867100 -37.443480
2.064315 -4.867100 -37.443480
2.064315 -4.867100 -37.443480
2.938684 -2.764443 -37.299168
2.938684 -2.764443 -37.299168
2.938684 -2.764443 -37.299168
2.938684 -2.764443 -37.299168
2.938684 -2.764443 -37.299168
2.938684 -2.764443 -37.299168
2.938684 -2.764443 -37.299168
2.938684 -2.764443 -37.299168
2.938684 -2.764443 -37.299168
5.260309 1.325983 -39.455561
5.260309 1.325983 -39.455561
5.260309 1.325983 -39.455561
5.260309 1.325983 -39.455561
5.260309 1.325983 -39.455561
5.260309 1.325983 -39.455561
3.940327 -0.298489 -42.992025
3.940327 -0.298489 -42.992025
3.940327 -0.298489 -42.992025
3.940327 -0.298489 -42.992025
3.940327 -0.298489 -42.992025
3.940327 -0.298489 -42.992025
3.940327 -0.298489 -42.992025
4.124207 0.288005 -46.843282
4.124207 0.288005 -46.843282
4.124207 0.288005 -46.843282
4.124207 0.288005 -46.843282
4.124207 0.288005 -46.843282
4.124207 0.288005 -46.843282
4.124207 0.288005 -46.843282
4.230335 2.017998 -47.697438
4.230335 2.017998 -47.697438
4.230335 2.017998 -47.697438
4.230335 2.017998 -47.697438
4.230335 2.017998 -47.697438
4.230335 2.017998 -47.697438
4.230335 2.017998 -47.697438
3.702728 3.939011 -47.716900
3.702728 3.939011 -47.716900
3.702728 3.939011 -47.716900
3.702728 3.939011 -47.716900
3.702728 3.939011 -47.716900
3.702728 3.939011 -47.716900
3.702728 3.939011 -47.716900
4.897000 7.028251 -48.520738
4.897000 7.028251 -48.520738
4.897000 7.028251 -48.520738
4.897000 7.028251 -48.520738
4.897000 7.028251 -48.520738
4.897000 7.028251 -48.520738
4.897000 7.028251 -48.520738
4.897000 7.028251 -48.520738
4.897000 7.028251 -48.520738
4.417776 5.296020 -48.987606
4.417776 5.296020 -48.987606
4.417776 5.296020 -48.987606
4.417776 5.296020 -48.987606
4.417776 5.296020 -48.987606
4.417776 5.296020 -48.987606
4.417776 5.296020 -48.987606
4.056520 4.306264 -49.155359
4.056520 4.306264 -49.155359
4.056520 4.306264 -49.155359
4.056520 4.306264 -49.155359
4.056520 4.306264 -49.155359
4.056520 4.306264 -49.155359
4.056520 4.306264 -49.155359
4.056520 4.306264 -49.155359
3.553839 4.662680 -49.150250
3.553839 4.662680 -49.150250
3.553839 4.662680 -49.150250
3.553839 4.662680 -49.150250
3.553839 4.662680 -49.150250
3.553839 4.662680 -49.150250
3.553839 4.662680 -49.150250
3.553839 4.662680 -49.150250
3.553839 4.662680 -49.150250
3.196878 4.136609 -48.618209
3.196878 4.136609 -48.618209
3.196878 4.136609 -48.618209
3.196878 4.136609 -48.618209
3.196878 4.136609 -48.618209
3.196878 4.136609 -48.618209
3.196878 4.136609 -48.618209
3.196878 4.136609 -48.618209
1.948689 2.918333 -45.710942
1.948689 2.918333 -45.710942
1.948689 2.918333 -45.710942
1.948689 2.918333 -45.710942
1.948689 2.918333 -45.710942
1.948689 2.918333 -45.710942
1.948689 2.918333 -45.710942
1.948689 2.918333 -45.710942
-0.584145 3.214033 -40.648160
-0.584145 3.214033 -40.648160
-0.584145 3.214033 -40.648160
-0.584145 3.214033 -40.648160
-0.584145 3.214033 -40.648160
-0.584145 3.214033 -40.648160
-0.584145 3.214033 -40.648160
-0.584145 3.214033 -40.648160
0.231143 1.562106 -35.358407
0.231143 1.562106 -35.358407
0.231143 1.562106 -35.358407
0.231143 1.562106 -35.358407
0.231143 1.562106 -35.358407
0.231143 1.562106 -35.358407
0.231143 1.562106 -35.358407
-0.071709 0.231973 -33.208472
-0.071709 0.231973 -33.208472
-0.071709 0.231973 -33.208472
-0.071709 0.231973 -33.208472
-0.071709 0.231973 -33.208472
-0.071709 0.231973 -33.208472
-0.071709 0.231973 -33.208472
-0.071709 0.231973 -33.208472
0.470791 -0.212764 -31.130261
0.470791 -0.212764 -31.130261
0.470791 -0.212764 -31.130261
0.470791 -0.212764 -31.130261
0.470791 -0.212764 -31.130261
0.470791 -0.212764 -31.130261
0.470791 -0.212764 -31.130261
0.470791 -0.212764 -31.130261
0.592599 -0.458403 -30.462196
0.592599 -0.458403 -30.462196
0.592599 -0.458403 -30.462196
0.592599 -0.458403 -30.462196
0.592599 -0.458403 -30.462196
0.592599 -0.458403 -30.462196
0.592599 -0.458403 -30.462196
0.592599 -0.458403 -30.462196
0.592599 -0.458403 -30.462196
0.468721 -0.174480 -29.347267
0.468721 -0.174480 -29.347267
0.468721 -0.174480 -29.347267
0.468721 -0.174480 -29.347267
0.468721 -0.174480 -29.347267
0.468721 -0.174480 -29.347267
0.468721 -0.174480 -29.347267
0.736554 0.324748 -29.145421
0.736554 0.324748 -29.145421
0.736554 0.324748 -29.145421
0.736554 0.324748 -29.145421
0.736554 0.324748 -29.145421
0.736554 0.324748 -29.145421
0.736554 0.324748 -29.145421
0.736554 0.324748 -29.145421
0.736554 0.324748 -29.145421
0.697755 1.254339 -28.849917
0.697755 1.254339 -28.849917
0.697755 1.254339 -28.849917
0.697755 1.254339 -28.849917
0.697755 1.254339 -28.849917
0.697755 1.254339 -28.849917
0.697755 1.254339 -28.849917
0.390835 4.525586 -32.579408
0.390835 4.525586 -32.579408
0.390835 4.525586 -32.579408
0.390835 4.525586 -32.579408
0.390835 4.525586 -32.579408
0.390835 4.525586 -32.579408
0.390835 4.525586 -32.579408
0.414830 4.387188 -37.523126
0.414830 4.387188 -37.523126
0.414830 4.387188 -37.523126
0.414830 4.387188 -37.523126
0.414830 4.387188 -37.523126
0.414830 4.387188 -37.523126
0.414830 4.387188 -37.523126
0.064370 3.347618 -40.945239
0.064370 3.347618 -40.945239
0.064370 3.347618 -40.945239
0.064370 3.347618 -40.945239
0.064370 3.347618 -40.945239
0.064370 3.347618 -40.945239
0.064370 3.347618 -40.945239
-1.196989 4.252620 -44.000116
-1.196989 4.252620 -44.000116
-1.196989 4.252620 -44.000116
-1.196989 4.252620 -44.000116
-1.196989 4.252620 -44.000116
-1.196989 4.252620 -44.000116
-1.196989 4.252620 -44.000116
-0.099299 4.323272 -45.972941
-0.099299 4.323272 -45.972941
-0.099299 4.323272 -45.972941
-0.099299 4.323272 -45.972941
-0.099299 4.323272 -45.972941
-0.099299 4.323272 -45.972941
2.500428 3.398927 -47.118432
2.500428 3.398927 -47.118432
2.500428 3.398927 -47.118432
2.500428 3.398927 -47.118432
2.500428 3.398927 -47.118432
2.500428 3.398927 -47.118432
2.500428 3.398927 -47.118432
2.500428 3.398927 -47.118432
2.523674 1.182283 -47.449796
2.523674 1.182283 -47.449796
2.523674 1.182283 -47.449796
2.523674 1.182283 -47.449796
2.523674 1.182283 -47.449796
2.523674 1.182283 -47.449796
2.523674 1.182283 -47.449796
2.523674 1.182283 -47.449796
2.083397 1.926642 -48.951833
2.083397 1.926642 -48.951833
2.083397 1.926642 -48.951833
2.083397 1.926642 -48.951833
2.083397 1.926642 -48.951833
2.083397 1.926642 -48.951833
5.382493 0.750729 -47.084449
5.382493 0.750729 -47.084449
5.382493 0.750729 -47.084449
5.382493 0.750729 -47.084449
5.382493 0.750729 -47.084449
5.382493 0.750729 -47.084449
5.382493 0.750729 -47.084449
10.159097 4.050352 -61.156831
10.159097 4.050352 -61.156831
10.159097 4.050352 -61.156831
10.159097 4.050352 -61.156831
10.159097 4.050352 -61.156831
10.159097 4.050352 -61.156831
10.159097 4.050352 -61.156831
18.573520 6.503974 -92.844128
18.573520 6.503974 -92.844128
18.573520 6.503974 -92.844128
18.573520 6.503974 -92.844128
18.573520 6.503974 -92.844128
18.573520 6.503974 -92.844128
18.573520 6.503974 -92.844128
-0.317375 3.135034 -121.388499
-0.317375 3.135034 -121.388499
-0.317375 3.135034 -121.388499
-0.317375 3.135034 -121.388499
-0.317375 3.135034 -121.388499
-0.317375 3.135034 -121.388499
-0.317375 3.135034 -121.388499
-0.317375 3.135034 -121.388499
-2.600090 5.733359 -126.202580
-2.600090 5.733359 -126.202580
-2.600090 5.733359 -126.202580
-2.600090 5.733359 -126.202580
-2.600090 5.733359 -126.202580
-2.600090 5.733359 -126.202580
-2.600090 5.733359 -126.202580
-12.355280 15.277501 -123.322754
-12.355280 15.277501 -123.322754
-12.355280 15.277501 -123.322754
-12.355280 15.277501 -123.322754
-12.355280 15.277501 -123.322754
-12.355280 15.277501 -123.322754
-12.355280 15.277501 -123.322754
-12.355280 15.277501 -123.322754
-3.752965 0.206116 -116.917034
-3.752965 0.206116 -116.917034
-3.752965 0.206116 -116.917034
-3.752965 0.206116 -116.917034
-3.752965 0.206116 -116.917034
-3.752965 0.206116 -116.917034
-3.752965 0.206116 -116.917034
-2.251121 -8.170828 -116.658279
-2.251121 -8.170828 -116.658279
-2.251121 -8.170828 -116.658279
-2.251121 -8.170828 