-1.195771 -15.016328 159.362384
-1.195771 -15.016328 159.362384
-1.195771 -15.016328 159.362384
-1.195771 -15.016328 159.362384
-1.195771 -15.016328 159.362384
-1.222856 -15.361384 159.722280
-1.222856 -15.361384 159.722280
-1.222856 -15.361384 159.722280
-1.222856 -15.361384 159.722280
-1.222856 -15.361384 159.722280
-1.222856 -15.361384 159.722280
-1.222856 -15.361384 159.722280
-1.222856 -15.361384 159.722280
-1.222856 -15.361384 159.722280
-1.222856 -15.361384 159.722280
-1.257181 -15.578184 160.004203
-1.257181 -15.578184 160.004203
-1.257181 -15.578184 160.004203
-1.257181 -15.578184 160.004203
-1.257181 -15.578184 160.004203
-1.257181 -15.578184 160.004203
-1.257181 -15.578184 160.004203
-1.257181 -15.578184 160.004203
-1.257181 -15.578184 160.004203
-1.257181 -15.578184 160.004203
-1.257181 -15.578184 160.004203
-1.289820 -15.696514 160.229039
-1.289820 -15.696514 160.229039
-1.289820 -15.696514 160.229039
-1.289820 -15.696514 160.229039
-1.289820 -15.696514 160.229039
-1.289820 -15.696514 160.229039
-1.289820 -15.696514 160.229039
-1.289820 -15.696514 160.229039
-1.289820 -15.696514 160.229039
-1.289820 -15.696514 160.229039
-1.289820 -15.696514 160.229039
-1.312371 -15.798147 160.411911
-1.312371 -15.798147 160.411911
-1.312371 -15.798147 160.411911
-1.312371 -15.798147 160.411911
-1.312371 -15.798147 160.411911
-1.312371 -15.798147 160.411911
-1.312371 -15.798147 160.411911
-1.312371 -15.798147 160.411911
-1.312371 -15.798147 160.411911
-1.312371 -15.798147 160.411911
-1.312371 -15.798147 160.411911
-1.375576 -15.850064 160.550372
-1.375576 -15.850064 160.550372
-1.375576 -15.850064 160.550372
-1.375576 -15.850064 160.550372
-1.375576 -15.850064 160.550372
-1.375576 -15.850064 160.550372
-1.375576 -15.850064 160.550372
-1.375576 -15.850064 160.550372
-1.375576 -15.850064 160.550372
-1.375576 -15.850064 160.550372
-1.404622 -15.873124 160.658480
-1.404622 -15.873124 160.658480
-1.404622 -15.873124 160.658480
-1.404622 -15.873124 160.658480
-1.404622 -15.873124 160.658480
-1.404622 -15.873124 160.658480
-1.404622 -15.873124 160.658480
-1.404622 -15.873124 160.658480
-1.404622 -15.873124 160.658480
-1.404622 -15.873124 160.658480
-1.404622 -15.873124 160.658480
-1.417499 -15.907019 160.742219
-1.417499 -15.907019 160.742219
-1.417499 -15.907019 160.742219
-1.417499 -15.907019 160.742219
-1.417499 -15.907019 160.742219
-1.417499 -15.907019 160.742219
-1.417499 -15.907019 160.742219
-1.417499 -15.907019 160.742219
-1.417499 -15.907019 160.742219
-1.417499 -15.907019 160.742219
-1.447303 -15.915922 160.803417
-1.447303 -15.915922 160.803417
-1.447303 -15.915922 160.803417
-1.447303 -15.915922 160.803417
-1.447303 -15.915922 160.803417
-1.447303 -15.915922 160.803417
-1.447303 -15.915922 160.803417
-1.447303 -15.915922 160.803417
-1.447303 -15.915922 160.803417
-1.447303 -15.915922 160.803417
-1.465225 -15.928416 160.839767
-1.465225 -15.928416 160.839767
-1.465225 -15.928416 160.839767
-1.465225 -15.928416 160.839767
-1.465225 -15.928416 160.839767
-1.465225 -15.928416 160.839767
-1.465225 -15.928416 160.839767
-1.465225 -15.928416 160.839767
-1.465225 -15.928416 160.839767
-1.465225 -15.928416 160.839767
-1.465225 -15.928416 160.839767
-1.474767 -15.929342 160.885857
-1.474767 -15.929342 160.885857
-1.474767 -15.929342 160.885857
-1.474767 -15.929342 160.885857
-1.474767 -15.929342 160.885857
-1.474767 -15.929342 160.885857
-1.474767 -15.929342 160.885857
-1.474767 -15.929342 160.885857
-1.474767 -15.929342 160.885857
-1.474767 -15.929342 160.885857
-1.481584 -15.932277 160.905706
-1.481584 -15.932277 160.905706
-1.481584 -15.932277 160.905706
-1.481584 -15.932277 160.905706
-1.481584 -15.932277 160.905706
-1.481584 -15.932277 160.905706
-1.481584 -15.932277 160.905706
-1.481584 -15.932277 160.905706
-1.481584 -15.932277 160.905706
-1.480144 -15.942368 160.927986
-1.480144 -15.942368 160.927986
-1.480144 -15.942368 160.927986
-1.480144 -15.942368 160.927986
-1.480144 -15.942368 160.927986
-1.480144 -15.942368 160.927986
-1.480144 -15.942368 160.927986
-1.480144 -15.942368 160.927986
-1.480144 -15.942368 160.927986
