-0.724610 -14.568092 -92.718220
-0.724610 -14.568092 -92.718220
-0.724610 -14.568092 -92.718220
-0.721336 -14.928779 -92.621115
-0.721336 -14.928779 -92.621115
-0.721336 -14.928779 -92.621115
-0.721336 -14.928779 -92.621115
-0.721336 -14.928779 -92.621115
-0.721336 -14.928779 -92.621115
-0.721336 -14.928779 -92.621115
-0.721336 -14.928779 -92.621115
-0.737611 -15.147020 -92.569581
-0.737611 -15.147020 -92.569581
-0.737611 -15.147020 -92.569581
-0.737611 -15.147020 -92.569581
-0.737611 -15.147020 -92.569581
-0.737611 -15.147020 -92.569581
-0.737611 -15.147020 -92.569581
-0.737611 -15.147020 -92.569581
-0.737611 -15.147020 -92.569581
-0.769952 -15.275570 -92.572190
-0.769952 -15.275570 -92.572190
-0.769952 -15.275570 -92.572190
-0.769952 -15.275570 -92.572190
-0.769952 -15.275570 -92.572190
-0.769952 -15.275570 -92.572190
-0.769952 -15.275570 -92.572190
-0.769952 -15.275570 -92.572190
-0.769952 -15.275570 -92.572190
-0.771365 -15.353041 -92.559841
-0.771365 -15.353041 -92.559841
-0.771365 -15.353041 -92.559841
-0.771365 -15.353041 -92.559841
-0.771365 -15.353041 -92.559841
-0.771365 -15.353041 -92.559841
-0.771365 -15.353041 -92.559841
-0.791106 -15.409112 -92.589102
-0.791106 -15.409112 -92.589102
-0.791106 -15.409112 -92.589102
-0.791106 -15.409112 -92.589102
-0.791106 -15.409112 -92.589102
-0.791106 -15.409112 -92.589102
-0.791106 -15.409112 -92.589102
-0.791106 -15.409112 -92.589102
-0.785260 -15.441555 -92.592121
-0.785260 -15.441555 -92.592121
-0.785260 -15.441555 -92.592121
-0.785260 -15.441555 -92.592121
-0.785260 -15.441555 -92.592121
-0.785260 -15.441555 -92.592121
-0.785260 -15.441555 -92.592121
-0.785260 -15.441555 -92.592121
-0.787467 -15.469752 -92.612202
-0.787467 -15.469752 -92.612202
-0.787467 -15.469752 -92.612202
-0.787467 -15.469752 -92.612202
-0.787467 -15.469752 -92.612202
-0.787467 -15.469752 -92.612202
-0.787467 -15.469752 -92.612202
-0.787467 -15.469752 -92.612202
-0.789224 -15.487492 -92.628690
-0.789224 -15.487492 -92.628690
-0.789224 -15.487492 -92.628690
-0.789224 -15.487492 -92.628690
-0.789224 -15.487492 -92.628690
-0.789224 -15.487492 -92.628690
-0.789224 -15.487492 -92.628690
-0.789224 -15.487492 -92.628690
-0.796372 -15.505166 -92.615610
-0.796372 -15.505166 -92.615610
-0.796372 -15.505166 -92.615610
-0.796372 -15.505166 -92.615610
-0.796372 -15.505166 -92.615610
-0.796372 -15.505166 -92.615610
-0.796372 -15.505166 -92.615610
-0.794968 -15.481660 -92.538374
-0.794968 -15.481660 -92.538374
-0.794968 -15.481660 -92.538374
-0.794968 -15.481660 -92.538374
-0.794968 -15.481660 -92.538374
-0.794968 -15.481660 -92.538374
-0.794968 -15.481660 -92.538374
-0.794968 -15.481660 -92.538374
-1.322634 -15.917599 -92.510978
-1.322634 -15.917599 -92.510978
-1.322634 -15.917599 -92.510978
-1.322634 -15.917599 -92.510978
-1.322634 -15.917599 -92.510978
-1.322634 -15.917599 -92.510978
-1.322634 -15.917599 -92.510978
-1.322634 -15.917599 -92.510978
-1.322634 -15.917599 -92.510978
9.874793 -35.379280 -105.822457
9.874793 -35.379280 -105.822457
9.874793 -35.379280 -105.822457
9.874793 -35.379280 -105.822457
9.874793 -35.379280 -105.822457
9.874793 -35.379280 -105.822457
9.874793 -35.379280 -105.822457
8.441138 -44.618221 -128.924083
8.441138 -44.618221 -128.924083
8.441138 -44.618221 -128.924083
8.441138 -44.618221 -128.924083
8.441138 -44.618221 -128.924083
8.441138 -44.618221 -128.924083
8.441138 -44.618221 -128.924083
8.441138 -44.618221 -128.924083
3.986343 -48.262373 -141.027438
3.986343 -48.262373 -141.027438
3.986343 -48.262373 -141.027438
3.986343 -48.262373 -141.027438
3.986343 -48.262373 -141.027438
3.986343 -48.262373 -141.027438
3.986343 -48.262373 -141.027438
-1.142471 -49.708454 -152.673211
-1.142471 -49.708454 -152.673211
-1.142471 -49.708454 -152.673211
-1.142471 -49.708454 -152.673211
-1.142471 -49.708454 -152.673211
-1.142471 -49.708454 -152.673211
-1.142471 -49.708454 -152.673211
-1.142471 -49.708454 -152.673211
-5.430713 -42.651280 -152.406533
-5.430713 -42.651280 -152.406533
-5.430713 -42.651280 -152.406533
-5.430713 -42.651280 -152.406533
-5.430713 -42.651280 -152.406533
-5.430713 -42.65128