0.896905 -5.332422 -73.854692
0.896905 -5.332422 -73.854692
0.947047 -5.568925 -73.868394
0.947047 -5.568925 -73.868394
0.947047 -5.568925 -73.868394
0.947047 -5.568925 -73.868394
0.947047 -5.568925 -73.868394
0.947047 -5.568925 -73.868394
0.947047 -5.568925 -73.868394
0.947047 -5.568925 -73.868394
0.947047 -5.568925 -73.868394
0.980316 -5.685250 -73.855519
0.980316 -5.685250 -73.855519
0.980316 -5.685250 -73.855519
0.980316 -5.685250 -73.855519
0.980316 -5.685250 -73.855519
0.980316 -5.685250 -73.855519
0.980316 -5.685250 -73.855519
0.992306 -5.786912 -73.852759
0.992306 -5.786912 -73.852759
0.992306 -5.786912 -73.852759
0.992306 -5.786912 -73.852759
0.992306 -5.786912 -73.852759
0.992306 -5.786912 -73.852759
0.992306 -5.786912 -73.852759
0.992306 -5.786912 -73.852759
0.992306 -5.786912 -73.852759
1.009731 -5.816326 -73.846769
1.009731 -5.816326 -73.846769
1.009731 -5.816326 -73.846769
1.009731 -5.816326 -73.846769
1.009731 -5.816326 -73.846769
1.009731 -5.816326 -73.846769
1.009731 -5.816326 -73.846769
1.009731 -5.816326 -73.846769
1.023794 -5.822928 -73.859316
1.023794 -5.822928 -73.859316
1.023794 -5.822928 -73.859316
1.023794 -5.822928 -73.859316
1.023794 -5.822928 -73.859316
1.023794 -5.822928 -73.859316
1.023794 -5.822928 -73.859316
1.023794 -5.822928 -73.859316
1.364706 -5.270672 -73.398599
1.364706 -5.270672 -73.398599
1.364706 -5.270672 -73.398599
1.364706 -5.270672 -73.398599
1.364706 -5.270672 -73.398599
1.364706 -5.270672 -73.398599
1.364706 -5.270672 -73.398599
22.441922 -0.589696 -74.636011
22.441922 -0.589696 -74.636011
22.441922 -0.589696 -74.636011
22.441922 -0.589696 -74.636011
22.441922 -0.589696 -74.636011
22.441922 -0.589696 -74.636011
22.441922 -0.589696 -74.636011
22.441922 -0.589696 -74.636011
22.441922 -0.589696 -74.636011
28.011101 -0.773692 -74.663906
28.011101 -0.773692 -74.663906
28.011101 -0.773692 -74.663906
28.011101 -0.773692 -74.663906
28.011101 -0.773692 -74.663906
28.011101 -0.773692 -74.663906
28.011101 -0.773692 -74.663906
29.088785 -0.778700 -74.622863
29.088785 -0.778700 -74.622863
29.088785 -0.778700 -74.622863
29.088785 -0.778700 -74.622863
29.088785 -0.778700 -74.622863
29.088785 -0.778700 -74.622863
29.088785 -0.778700 -74.622863
29.088785 -0.778700 -74.622863
28.125654 -0.770104 -74.719182
28.125654 -0.770104 -74.719182
28.125654 -0.770104 -74.719182
28.125654 -0.770104 -74.719182
28.125654 -0.770104 -74.719182
28.125654 -0.770104 -74.719182
28.125654 -0.770104 -74.719182
8.575070 -0.226507 -73.570358
8.575070 -0.226507 -73.570358
8.575070 -0.226507 -73.570358
8.575070 -0.226507 -73.570358
8.575070 -0.226507 -73.570358
8.575070 -0.226507 -73.570358
8.575070 -0.226507 -73.570358
8.575070 -0.226507 -73.570358
2.471302 -3.256597 -73.557709
2.471302 -3.256597 -73.557709
2.471302 -3.256597 -73.557709
2.471302 -3.256597 -73.557709
2.471302 -3.256597 -73.557709
2.471302 -3.256597 -73.557709
2.471302 -3.256597 -73.557709
2.471302 -3.256597 -73.557709
1.883763 -3.849090 -73.609099
1.883763 -3.849090 -73.609099
1.883763 -3.849090 -73.609099
1.883763 -3.849090 -73.609099
1.883763 -3.849090 -73.609099
1.883763 -3.849090 -73.609099
1.883763 -3.849090 -73.609099
1.883763 -3.849090 -73.609099
1.679872 -4.226202 -73.639753
1.679872 -4.226202 -73.639753
1.679872 -4.226202 -73.639753
1.679872 -4.226202 -73.639753
1.679872 -4.226202 -73.639753
1.679872 -4.226202 -73.639753
1.679872 -4.226202 -73.639753
1.679872 -4.226202 -73.639753
15.271297 -0.494428 -72.338342
15.271297 -0.494428 -72.338342
15.271297 -0.494428 -72.338342
15.271297 -0.494428 -72.338342
15.271297 -0.494428 -72.338342
15.271297 -0.494428 -72.338342
15.271297 -0.494428 -72.338342
15.271297 -0.494428 -72.338342
29.823546 -0.859801 -71.603195
29.823546 -0.859801 -71.603195
29.823546 -0.859801 -71.603195
29.823546 -0.859801 -71.603195
29.823546 -0.859801 -71.603195
29.823546 -0.859801 -71.603195
29.823546 -0.859801 -71.603195
29.823546 -0.859801 -71.603195
28.319972 -0.818507 -72.414656
28.319972 -0.818507 -72.414656
28.319972 -0.818507 -72.414656
28.319972 -0.818507 -72.414656
28.319972 -0.818507 -72.414656
28.319972 -0.818507 -72.414656
28.319972 -0.818507 -72.414656
28.319972 -0.818507 -72.414656
23.162247 -0.644348 -72.319751
23.162247 -0.644348 -72.319751
23.162247 -0.644348 -72.319751
23.162247 -0.644348 -72.319751
23.162247 -0.644348 -72.319751
23.162247 -0.644348 -72.319751
23.162247 -0.644348 -72.319751
23.162247 -0.644348 -72.319751
7.999775 -0.111204 -71.614288
7.999775 -0.111204 -71.614288
7.999775 -0.111204 -71.614288
7.999775 -0.111204 -71.614288
7.999775 -0.111204 -71.614288
7.999775 -0.111204 -71.614288
7.999775 -0.111204 -71.614288
1.852763 -3.919075 -71.958324
1.852763 -3.919075 -71.958324
1.852763 -3.919075 -71.958324
1.852763 -3.919075 -71.958324
1.852763 -3.919075 -71.958324
1.852763 -3.919075 -71.958324
1.852763 -3.919075 -71.958324
1.852763 -3.919075 -71.958324
1.445224 -4.553636 -71.858877
1.445224 -4.553636 -71.858877
1.445224 -4.553636 -71.858877
1.445224 -4.553636 -71.858877
1.445224 -4.553636 -71.858877
1.445224 -4.553636 -71.858877
1.445224 -4.553636 -71.858877
1.246574 -5.321025 -72.017774
1.246574 -5.321025 -72.017774
1.246574 -5.321025 -72.017774
1.246574 -5.321025 -72.017774
1.246574 -5.321025 -72.017774
1.246574 -5.321025 -72.017774
1.246574 -5.321025 -72.017774
1.219442 -5.332901 -72.000316
1.219442 -5.332901 -72.000316
1.219442 -5.332901 -72.000316
1.219442 -5.332901 -72.000316
1.219442 -5.332901 -72.000316
1.219442 -5.332901 -72.000316
1.219442 -5.332901 -72.000316
1.219442 -5.332901 -72.000316
1.213421 -5.336207 -71.975789
1.213421 -5.336207 -71.975789
1.213421 -5.336207 -71.975789
1.213421 -5.336207 -71.975789
1.213421 -5.336207 -71.975789
1.213421 -5.336207 -71.975789
1.213421 -5.336207 -71.975789
1.204359 -5.285895 -71.976636
1.204359 -5.285895 -71.976636
1.204359 -5.285895 -71.976636
1.204359 -5.285895 -71.976636
1.204359 -5.285895 -71.976636
1.204359 -5.285895 -71.976636
1.204359 -5.285895 -71.976636
1.204359 -5.285895 -71.976636
1.192315 -5.335654 -71.931864
1.192315 -5.335654 -71.931864
1.192315 -5.335654 -71.931864
1.192315 -5.335654 -71.931864
1.192315 -5.335654 -71.931864
1.192315 -5.335654 -71.931864
1.192315 -5.335654 -71.931864
1.215805 -5.099171 -73.386797
1.215805 -5.099171 -73.386797
1.215805 -5.099171 -73.386797
1.215805 -5.099171 -73.386797
1.215805 -5.099171 -73.386797
1.215805 -5.099171 -73.386797
1.215805 -5.099171 -73.386797
1.871202 -7.577731 -71.672672
1.871202 -7.577731 -71.672672
1.871202 -7.577731 -71.672672
1.871202 -7.577731 -71.672672
1.871202 -7.577731 -71.672672
1.871202 -7.577731 -71.672672
1.871202 -7.577731 -71.672672
1.871202 -7.577731 -71.672672
2.687944 -7.459916 -70.986716
2.687944 -7.459916 -70.986716
2.687944 -7.459916 -70.986716
2.687944 -7.459916 -70.986716
2.687944 -7.459916 -70.986716
2.687944 -7.459916 -70.986716
2.687944 -7.459916 -70.986716
2.687944 -7.459916 -70.986716
1.369414 -6.707974 -63.136028
1.369414 -6.707974 -63.136028
1.369414 -6.707974 -63.136028
1.369414 -6.707974 -63.136028
1.369414 -6.707974 -63.136028
1.369414 -6.707974 -63.136028
1.369414 -6.707974 -63.136028
1.369414 -6.707974 -63.136028
2.869620 -7.173784 -55.230826
2.869620 -7.173784 -55.230826
2.869620 -7.173784 -55.230826
2.869620 -7.173784 -55.230826
2.869620 -7.173784 -55.230826
2.869620 -7.173784 -55.230826
2.869620 -7.173784 -55.230826
2.869620 -7.173784 -55.230826
1.029984 -7.046598 -52.442780
1.029984 -7.046598 -52.442780
1.029984 -7.046598 -52.442780
1.029984 -7.046598 -52.442780
1.029984 -7.046598 -52.442780
1.029984 -7.046598 -52.442780
1.029984 -7.046598 -52.442780
1.029984 -7.046598 -52.442780
0.652709 -5.760321 -42.807951
0.652709 -5.760321 -42.807951
0.652709 -5.760321 -42.807951
0.652709 -5.760321 -42.807951
0.652709 -5.760321 -42.807951
0.652709 -5.760321 -42.807951
0.652709 -5.760321 -42.807951
0.652709 -5.760321 -42.807951
-1.913787 -2.975323 -40.385679
-1.913787 -2.975323 -40.385679
-1.913787 -2.975323 -40.385679
-1.913787 -2.975323 -40.385679
-1.913787 -2.975323 -40.385679
-1.913787 -2.975323 -40.385679
-1.913787 -2.975323 -40.385679
-1.913787 -2.975323 -40.385679
-1.219191 -2.891951 -44.086764
-1.219191 -2.891951 -44.086764
-1.219191 -2.891951 -44.086764
-1.219191 -2.891951 -44.086764
-1.219191 -2.891951 -44.086764
-1.219191 -2.891951 -44.086764
-1.219191 -2.891951 -44.086764
-1.219191 -2.891951 -44.086764
-1.219191 -2.891951 -44.086764
-0.453255 -6.572834 -44.269489
-0.453255 -6.572834 -44.269489
-0.453255 -6.572834 -44.269489
-0.453255 -6.572834 -44.269489
-0.453255 -6.572834 -44.269489
-0.453255 -6.572834 -44.269489
-0.453255 -6.572834 -44.269489
-0.453255 -6.572834 -44.269489
0.891238 -2.141171 -43.422374
0.891238 -2.141171 -43.422374
0.891238 -2.141171 -43.422374
0.891238 -2.141171 -43.422374
0.891238 -2.141171 -43.422374
0.891238 -2.141171 -43.422374
0.891238 -2.141171 -43.422374
2.348436 -1.119582 -44.859156
2.348436 -1.119582 -44.859156
2.348436 -1.119582 -44.859156
2.348436 -1.119582 -44.859156
2.348436 -1.119582 -44.859156
2.348436 -1.119582 -44.859156
2.348436 -1.119582 -44.859156
1.046511 1.461420 -43.615761
1.046511 1.461420 -43.615761
1.046511 1.461420 -43.615761
1.046511 1.461420 -43.615761
1.046511 1.461420 -43.615761
1.046511 1.461420 -43.615761
1.046511 1.461420 -43.615761
0.035991 3.620233 -42.861035
0.035991 3.620233 -42.861035
0.035991 3.620233 -42.861035
0.035991 3.620233 -42.861035
0.035991 3.620233 -42.861035
0.035991 3.620233 -42.861035
0.035991 3.620233 -42.861035
0.035991 3.620233 -42.861035
-0.452727 3.027670 -42.721894
-0.452727 3.027670 -42.721894
-0.452727 3.027670 -42.721894
-0.452727 3.027670 -42.721894
-0.452727 3.027670 -42.721894
-0.452727 3.027670 -42.721894
-0.452727 3.027670 -42.721894
-0.452727 3.027670 -42.721894
0.395424 4.498349 -41.442467
0.395424 4.498349 -41.442467
0.395424 4.498349 -41.442467
0.395424 4.498349 -41.442467
0.395424 4.498349 -41.442467
0.395424 4.498349 -41.442467
0.395424 4.498349 -41.442467
0.395424 4.498349 -41.442467
0.655261 3.419294 -40.673544
0.655261 3.419294 -40.673544
0.655261 3.419294 -40.673544
0.655261 3.419294 -40.673544
0.655261 3.419294 -40.673544
0.655261 3.419294 -40.673544
0.655261 3.419294 -40.673544
0.655261 3.419294 -40.673544
0.094463 3.078119 -40.102855
0.094463 3.078119 -40.102855
0.094463 3.078119 -40.102855
0.094463 3.078119 -40.102855
0.094463 3.078119 -40.102855
0.094463 3.078119 -40.102855
0.094463 3.078119 -40.102855
0.094463 3.078119 -40.102855
0.339801 3.213787 -40.529113
0.339801 3.213787 -40.529113
0.339801 3.213787 -40.529113
0.339801 3.213787 -40.529113
0.339801 3.213787 -40.529113
0.339801 3.213787 -40.529113
0.339801 3.213787 -40.529113
0.339801 3.213787 -40.529113
0.403636 4.022984 -40.239844
0.403636 4.022984 -40.239844
0.403636 4.022984 -40.239844
0.403636 4.022984 -40.239844
0.403636 4.022984 -40.239844
0.403636 4.022984 -40.239844
0.403636 4.022984 -40.239844
-0.174515 4.113777 -40.223213
-0.174515 4.113777 -40.223213
-0.174515 4.113777 -40.223213
-0.174515 4.113777 -40.223213
-0.174515 4.113777 -40.223213
-0.174515 4.113777 -40.223213
-0.174515 4.113777 -40.223213
-0.234568 4.211486 -40.153234
-0.234568 4.211486 -40.153234
-0.234568 4.211486 -40.153234
-0.234568 4.211486 -40.153234
-0.234568 4.211486 -40.153234
-0.234568 4.211486 -40.153234
-0.234568 4.211486 -40.153234
-0.234568 4.211486 -40.153234
-0.425180 4.042806 -40.273954
-0.425180 4.042806 -40.273954
-0.425180 4.042806 -40.273954
-0.425180 4.042806 -40.273954
-0.425180 4.042806 -40.273954
-0.425180 4.042806 -40.273954
-0.425180 4.042806 -40.273954
-0.337111 3.986283 -40.293383
-0.337111 3.986283 -40.293383
-0.337111 3.986283 -40.293383
-0.337111 3.986283 -40.293383
-0.337111 3.986283 -40.293383
-0.337111 3.986283 -40.293383
-0.337111 3.986283 -40.293383
-0.337111 3.986283 -40.293383
-0.355129 3.971230 -40.133580
-0.355129 3.971230 -40.133580
-0.355129 3.971230 -40.133580
-0.355129 3.971230 -40.133580
-0.355129 3.971230 -40.133580
-0.355129 3.971230 -40.133580
-0.355129 3.971230 -40.133580
-0.355129 3.971230 -40.133580
-0.539994 3.998218 -40.069998
-0.539994 3.998218 -40.069998
-0.539994 3.998218 -40.069998
-0.539994 3.998218 -40.069998
-0.539994 3.998218 -40.069998
-0.539994 3.998218 -40.069998
-0.539994 3.998218 -40.069998
-0.616363 3.961668 -39.892919
-0.616363 3.961668 -39.892919
-0.616363 3.961668 -39.892919
-0.616363 3.961668 -39.892919
-0.616363 3.961668 -39.892919
-0.616363 3.961668 -39.892919
-0.616363 3.961668 -39.892919
-0.616363 3.961668 -39.892919
-0.727382 4.006568 -39.603220
-0.727382 4.006568 -39.603220
-0.727382 4.006568 -39.603220
-0.727382 4.006568 -39.603220
-0.727382 4.006568 -39.603220
-0.727382 4.006568 -39.603220
-0.727382 4.006568 -39.603220
-0.727382 4.006568 -39.603220
-0.727382 4.006568 -39.603220
-0.717971 4.198529 -39.458693
-0.717971 4.198529 -39.458693
-0.717971 4.198529 -39.458693
-0.717971 4.198529 -39.458693
-0.717971 4.198529 -39.458693
-0.717971 4.198529 -39.458693
-0.717971 4.198529 -39.458693
-0.717971 4.198529 -39.458693
2.784262 4.666835 -39.077934
2.784262 4.666835 -39.077934
2.784262 4.666835 -39.077934
2.784262 4.666835 -39.077934
2.784262 4.666835 -39.077934
2.784262 4.666835 -39.077934
2.784262 4.666835 -39.077934
2.784262 4.666835 -39.077934
22.674381 7.559519 -38.301638
22.674381 7.559519 -38.301638
22.674381 7.559519 -38.301638
22.674381 7.559519 -38.301638
22.674381 7.559519 -38.301638
22.674381 7.559519 -38.301638
22.674381 7.559519 -38.301638
22.674381 7.559519 -38.301638
29.380349 7.566899 -39.674701
29.380349 7.566899 -39.674701
29.380349 7.566899 -39.674701
29.380349 7.566899 -39.674701
29.380349 7.566899 -39.674701
29.380349 7.566899 -39.674701
29.380349 7.566899 -39.674701
29.976631 6.937469 -41.203225
29.976631 6.937469 -41.203225
29.976631 6.937469 -41.203225
29.976631 6.937469 -41.203225
29.976631 6.937469 -41.203225
29.976631 6.937469 -41.203225
29.976631 6.937469 -41.203225
29.976631 6.937469 -41.203225
29.976631 6.937469 -41.203225
28.323645 7.403729 -42.168434
28.323645 7.403729 -42.168434
28.323645 7.403729 -42.168434
28.323645 7.403729 -42.168434
28.323645 7.403729 -42.168434
28.323645 7.403729 -42.168434
28.323645 7.403729 -42.168434
20.051844 9.044800 -42.960678
20.051844 9.044800 -42.960678
20.051844 9.044800 -42.960678
20.051844 9.044800 -42.960678
20.051844 9.044800 -42.960678
20.051844 9.044800 -42.960678
20.051844 9.044800 -42.960678
20.051844 9.044800 -42.960678
5.173426 7.577431 -43.195643
5.173426 7.577431 -43.195643
5.173426 7.577431 -43.195643
5.173426 7.577431 -43.195643
5.173426 7.577431 -43.195643
5.173426 7.577431 -43.195643
5.173426 7.577431 -43.195643
3.932007 8.115524 -42.314350
3.932007 8.115524 -42.314350
3.932007 8.115524 -42.314350
3.932007 8.115524 -42.314350
3.932007 8.115524 -42.314350
3.932007 8.115524 -42.314350
3.932007 8.115524 -42.314350
3.256003 8.460135 -41.798217
3.256003 8.460135 -41.798217
3.256003 8.460135 -41.798217
3.256003 8.460135 -41.798217
3.256003 8.460135 -41.798217
3.256003 8.460135 -41.798217
3.256003 8.460135 -41.798217
3.256003 8.460135 -41.798217
8.578591 9.381448 -40.999252
8.578591 9.381448 -40.999252
8.578591 9.381448 -40.999252
8.578591 9.381448 -40.999252
8.578591 9.381448 -40.999252
8.578591 9.381448 -40.999252
8.578591 9.381448 -40.999252
8.578591 9.381448 -40.999252
21.397536 10.588818 -40.910992
21.397536 10.588818 -40.910992
21.397536 10.588818 -40.910992
21.397536 10.588818 -40.910992
21.397536 10.588818 -40.910992
21.397536 10.588818 -40.910992
21.397536 10.588818 -40.910992
21.397536 10.588818 -40.910992
23.584542 10.621799 -41.934534
23.584542 10.621799 -41.934534
23.584542 10.621799 -41.934534
23.584542 10.621799 -41.934534
23.584542 10.621799 -41.934534
23.584542 10.621799 -41.934534
23.584542 10.621799 -41.934534
23.584542 10.621799 -41.934534
22.834101 10.512329 -42.808525
22.834101 10.512329 -42.808525
22.834101 10.512329 -42.808525
22.834101 10.512329 -42.808525
22.834101 10.512329 -42.808525
22.834101 10.512329 -42.808525
22.834101 10.512329 -42.808525
10.510158 10.692662 -43.273432
10.510158 10.692662 -43.273432
10.510158 10.692662 -43.273432
10.510158 10.692662 -43.273432
10.510158 10.692662 -43.273432
10.510158 10.692662 -43.273432
10.510158 10.692662 -43.273432
10.510158 10.692662 -43.273432
1.143083 6.892872 -43.323275
1.143083 6.892872 -43.323275
1.143083 6.892872 -43.323275
1.143083 6.892872 -43.323275
1.143083 6.892872 -43.323275
1.143083 6.892872 -43.323275
1.143083 6.892872 -43.323275
0.832883 6.566675 -42.139590
0.832883 6.566675 -42.139590
0.832883 6.566675 -42.139590
0.832883 6.566675 -42.139590
0.832883 6.566675 -42.139590
0.832883 6.566675 -42.139590
0.832883 6.566675 -42.139590
-0.006695 7.089125 -41.269885
-0.006695 7.089125 -41.269885
-0.006695 7.089125 -41.269885
-0.006695 7.089125 -41.269885
-0.006695 7.089125 -41.269885
-0.006695 7.089125 -41.269885
-0.006695 7.089125 -41.269885
-0.006695 7.089125 -41.269885
0.034836 7.085017 -40.408253
0.034836 7.085017 -40.408253
0.034836 7.085017 -40.408253
0.034836 7.085017 -40.408253
0.034836 7.085017 -40.408253
0.034836 7.085017 -40.408253
0.034836 7.085017 -40.408253
-0.093371 7.313049 -39.954588
-0.093371 7.313049 -39.954588
-0.093371 7.313049 -39.954588
-0.093371 7.313049 -39.954588
-0.093371 7.313049 -39.954588
-0.093371 7.313049 -39.954588
-0.093371 7.313049 -39.954588
-0.093371 7.313049 -39.954588
0.772511 2.481242 -39.852515
0.772511 2.481242 -39.852515
0.772511 2.481242 -39.852515
0.772511 2.481242 -39.852515
0.772511 2.481242 -39.852515
0.772511 2.481242 -39.852515
0.772511 2.481242 -39.852515
4.984440 -18.086681 -39.965985
4.984440 -18.086681 -39.965985
4.984440 -18.086681 -39.965985
4.984440 -18.086681 -39.965985
4.984440 -18.086681 -39.965985
4.984440 -18.086681 -39.965985
4.984440 -18.086681 -39.965985
4.984440 -18.086681 -39.965985
6.009990 -19.296497 -36.966203
6.009990 -19.296497 -36.966203
6.009990 -19.296497 -36.966203
6.009990 -19.296497 -36.966203
6.009990 -19.296497 -36.966203
6.009990 -19.296497 -36.966203
6.009990 -19.296497 -36.966203
6.009990 -19.296497 -36.966203
6.211069 -16.295768 -34.356507
6.211069 -16.295768 -34.356507
6.211069 -16.295768 -34.356507
6.211069 -16.295768 -34.356507
6.211069 -16.295768 -34.356507
6.211069 -16.295768 -34.356507
6.211069 -16.295768 -34.356507
2.866671 6.942566 -32.380373
2.866671 6.942566 -32.380373
2.866671 6.942566 -32.380373
2.866671 6.942566 -32.380373
2.866671 6.942566 -32.380373
2.866671 6.942566 -32.380373
2.866671 6.942566 -32.380373
2.866671 6.942566 -32.380373
1.636514 7.599954 -34.493634
1.636514 7.599954 -34.493634
1.636514 7.599954 -34.493634
1.636514 7.599954 -34.493634
1.636514 7.599954 -34.493634
1.636514 7.599954 -34.493634
1.636514 7.599954 -34.493634
1.725016 6.994591 -36.003450
1.725016 6.994591 -36.003450
1.725016 6.994591 -36.003450
1.725016 6.994591 -36.003450
1.725016 6.994591 -36.003450
1.725016 6.994591 -36.003450
1.725016 6.994591 -36.003450
1.725016 6.994591 -36.003450
1.725016 6.994591 -36.003450
1.688954 7.054566 -37.177375
1.688954 7.054566 -37.177375
1.688954 7.054566 -37.177375
1.688954 7.054566 -37.177375
1.688954 7.054566 -37.177375
1.688954 7.054566 -37.177375
1.688954 7.054566 -37.177375
9.935909 6.325300 -37.539242
9.935909 6.325300 -37.539242
9.935909 6.325300 -37.539242
9.935909 6.325300 -37.539242
9.935909 6.325300 -37.539242
9.935909 6.325300 -37.539242
9.935909 6.325300 -37.539242
9.935909 6.325300 -37.539242
29.191556 7.744550 -37.589113
29.191556 7.744550 -37.589113
29.191556 7.744550 -37.589113
29.191556 7.744550 -37.589113
29.191556 7.744550 -37.589113
29.191556 7.744550 -37.589113
29.191556 7.744550 -37.589113
29.191556 7.744550 -37.589113
26.680976 7.084129 -39.748443
26.680976 7.084129 -39.748443
26.680976 7.084129 -39.748443
26.680976 7.084129 -39.748443
26.680976 7.084129 -39.748443
26.680976 7.084129 -39.748443
26.680976 7.084129 -39.748443
26.680976 7.084129 -39.748443
8.286603 4.162394 -41.143776
8.286603 4.162394 -41.143776
8.286603 4.162394 -41.143776
8.286603 4.162394 -41.143776
8.286603 4.162394 -41.143776
8.286603 4.162394 -41.143776
8.286603 4.162394 -41.143776
8.286603 4.162394 -41.143776
-3.393628 4.163186 -40.900877
-3.393628 4.163186 -40.900877
-3.393628 4.163186 -40.900877
-3.393628 4.163186 -40.900877
-3.393628 4.163186 -40.900877
-3.393628 4.163186 -40.900877
-3.393628 4.163186 -40.900877
-3.393628 4.163186 -40.900877
-4.550295 3.925133 -40.086841
-4.550295 3.925133 -40.086841
-4.550295 3.925133 -40.086841
-4.550295 3.925133 -40.086841
-4.550295 3.925133 -40.086841
-4.550295 3.925133 -40.086841
-4.550295 3.925133 -40.086841
-2.450380 3.671395 -39.467538
-2.450380 3.671395 -39.467538
-2.450380 3.671395 -39.467538
-2.450380 3.671395 -39.467538
-2.450380 3.671395 -39.467538
-2.450380 3.671395 -39.467538
-2.450380 3.671395 -39.467538
-2.450380 3.671395 -39.467538
-2.358365 -2.544157 -39.425853
-2.358365 -2.544157 -39.425853
-2.358365 -2.544157 -39.425853
-2.358365 -2.544157 -39.425853
-2.358365 -2.544157 -39.425853
-2.358365 -2.544157 -39.425853
-2.358365 -2.544157 -39.425853
-2.358365 -2.544157 -39.425853
-0.941992 -3.695728 -38.708355
-0.941992 -3.695728 -38.708355
-0.941992 -3.695728 -38.708355
-0.941992 -3.695728 -38.708355
-0.941992 -3.695728 -38.708355
-0.941992 -3.695728 -38.708355
-0.941992 -3.695728 -38.708355
-0.941992 -3.695728 -38.708355
-1.427026 -1.423564 -38.910177
-1.427026 -1.423564 -38.910177
-1.427026 -1.423564 -38.910177
-1.427026 -1.423564 -38.910177
-1.427026 -1.423564 -38.910177
-1.427026 -1.423564 -38.910177
-1.427026 -1.423564 -38.910177
-1.427026 -1.423564 -38.910177
-1.138749 -1.871028 -37.955054
-1.138749 -1.871028 -37.955054
-1.138749 -1.871028 -37.955054
-1.138749 -1.871028 -37.955054
-1.138749 -1.871028 -37.955054
-1.138749 -1.871028 -37.955054
-1.138749 -1.871028 -37.955054
-1.138749 -1.871028 -37.955054
-0.083853 -2.647897 -36.601990
-0.083853 -2.647897 -36.601990
-0.083853 -2.647897 -36.601990
-0.083853 -2.647897 -36.601990
-0.083853 -2.647897 -36.601990
-0.083853 -2.647897 -36.601990
-0.083853 -2.647897 -36.601990
-0.083853 -2.647897 -36.601990
0.167850 -2.373142 -37.736853
0.167850 -2.373142 -37.736853
0.167850 -2.373142 -37.736853
0.167850 -2.373142 -37.736853
0.167850 -2.373142 -37.736853
0.167850 -2.373142 -37.736853
0.167850 -2.373142 -37.736853
0.167850 -2.373142 -37.736853
0.167850 -2.373142 -37.736853
0.167850 -2.373142 -37.736853
0.167850 -2.373142 -37.736853
0.167850 -2.373142 -37.736853
0.167850 -2.373142 -37.736853
0.167850 -2.373142 -37.736853
0.790576 -1.865775 -38.247861
0.790576 -1.865775 -38.247861
0.790576 -1.865775 -38.247861
0.790576 -1.865775 -38.247861
0.790576 -1.865775 -38.247861
0.790576 -1.865775 -38.247861
0.790576 -1.865775 -38.247861
0.790576 -1.865775 -38.247861
0.675638 -2.056835 -37.878849
0.675638 -2.056835 -37.878849
0.675638 -2.056835 -37.878849
0.675638 -2.056835 -37.878849
0.675638 -2.056835 -37.878849
0.675638 -2.056835 -37.878849
0.675638 -2.056835 -37.878849
0.675638 -2.056835 -37.878849
0.636869 -2.015664 -38.652105
0.636869 -2.015664 -38.652105
0.636869 -2.015664 -38.652105
0.636869 -2.015664 -38.652105
0.636869 -2.015664 -38.652105
0.636869 -2.015664 -38.652105
0.636869 -2.015664 -38.652105
3.038513 0.654661 -59.210323
3.038513 0.654661 -59.210323
3.038513 0.654661 -59.210323
3.038513 0.654661 -59.210323
3.038513 0.654661 -59.210323
3.038513 0.654661 -59.210323
3.038513 0.654661 -59.210323
3.038513 0.654661 -59.210323
-2.035068 -1.958870 -71.803825
-2.035068 -1.958870 -71.803825
-2.035068 -1.958870 -71.803825
-2.035068 -1.958870 -71.803825
-2.035068 -1.958870 -71.803825
-2.035068 -1.958870 -71.803825
-2.035068 -1.958870 -71.803825
-3.750939 -9.511532 -60.553725
-3.750939 -9.511532 -60.553725
-3.750939 -9.511532 -60.553725
-3.750939 -9.511532 -60.553725
-3.750939 -9.511532 -60.553725
-3.750939 -9.511532 -60.553725
-3.750939 -9.511532 -60.553725
-3.750939 -9.511532 -60.553725
0.320605 -14.534462 -54.189027
0.320605 -14.534462 -54.189027
0.320605 -14.534462 -54.189027
0.320605 -14.534462 -54.189027
0.320605 -14.534462 -54.189027
0.320605 -14.534462 -54.189027
0.320605 -14.534462 -54.189027
0.320605 -14.534462 -54.189027
0.320605 -14.534462 -54.189027
1.137727 -14.506852 -48.221163
1.137727 -14.506852 -48.221163
1.137727 -14.506852 -48.221163
1.137727 -14.506852 -48.221163
1.137727 -14.506852 -48.221163
1.137727 -14.506852 -48.221163
1.137727 -14.506852 -48.221163
1.285282 -14.365985 -43.761657
1.285282 -14.365985 -43.761657
1.285282 -14.365985 -43.761657
1.285282 -14.365985 -43.761657
1.285282 -14.365985 -43.761657
1.285282 -14.365985 -43.761657
1.285282 -14.365985 -43.761657
1.285282 -14.365985 -43.761657
1.116039 -14.318697 -40.393524
1.116039 -14.318697 -40.393524
1.116039 -14.31869