-0.044730 -0.002760
0.005952 -0.005164
-0.120613 -0.008379
-0.206154 -0.011022
-0.219783 -0.014024
-0.295537 -0.017094
0.152700 0.368081
0.006624 0.369483
-0.177405 0.371153
-0.180748 0.372592
-0.324704 0.374845
-0.459437 0.376292
-0.668224 0.378185
-0.863979 0.379592
-0.821796 0.381124
-0.999450 0.383086
-0.833890 0.385152
-0.966915 0.381846
-0.728947 0.596121
-0.893492 0.593183
-1.042532 0.590248
-1.051898 0.587097
-1.071660 0.584143
-0.747878 0.581257
-0.826341 0.578475
-0.722119 0.575858
-0.667220 0.572487
-0.520135 0.569230
-1.169293 0.689741
-1.314836 0.681700
-1.376878 0.674528
-1.288276 0.666991
-1.195860 0.658936
-1.052777 0.651050
-1.002112 0.644000
-1.197315 0.635616
-0.928211 0.628161
-1.009335 0.620676
-1.778267 0.717710
-1.970373 0.733151
-2.690344 0.748032
-2.705180 0.763871
-2.493754 0.779384
-2.320306 0.795000
-2.101946 0.810929
-2.030705 0.826630
-1.757668 0.842536
-3.253179 8.091870
-9.480141 8.541009
-9.081789 9.279025
-7.905958 10.229028
0.204038 10.522003
0.134174 11.703852
1.994618 12.885570
-6.400391 13.468689
-8.031512 14.650456
-7.979754 15.832257
-10.738441 16.941568
54.520935 17.301976
54.582135 17.629233
54.643335 17.956490
54.704536 18.283746
54.765736 18.611003
54.826937 18.938259
54.888137 19.265516
54.949337 19.592773
55.010538 19.920029
55.013506 19.815399
55.016474 19.710768
55.019442 19.606138
55.022410 19.501507
55.025378 19.396877
55.028346 19.292246
55.031314 19.187615
55.034282 19.082985
55.037250 18.978354
55.040218 18.873724
55.043186 18.769093
54.972645 17.340710
54.902103 15.912327
54.831562 14.483943
54.761020 13.055560
54.690478 11.627177
54.619937 10.198793
54.549395 8.770410
54.478854 7.342026
54.408312 5.913643
54.462958 5.029761
57.974548 4.125287
57.822219 3.241213
57.703526 2.357334
57.000996 1.473150
55.699922 0.589098
55.049971 -0.295136
54.242465 -1.179006
52.072712 -2.064663
50.744826 -2.949599
47.561408 -5.055453
-4.272650 -12.347595
-4.242042 -14.444155
-4.418336 -16.540094
-5.208400 -18.635515
-4.052162 -20.730875
3.720390 -25.066630
4.447603 -27.162271
2.170472 -27.169572
1.675952 -27.383792
1.665386 -27.384021
1.612261 -27.384166
1.617369 -27.384399
1.620965 -27.384657
1.626050 -27.384908
1.639167 -27.385183
1.648566 -27.385446
1.683467 -27.387766
1.524398 -27.401793
1.499672 -27.403973
1.472296 -27.406183
1.508839 -27.408443
1.563086 -27.410694
1.516421 -27.412835
1.531312 -27.415098
1.540912 -27.417230
1.526601 -27.419454
1.533943 -27.420282
1.491780 -27.424792
1.499143 -27.425607
1.487500 -27.426423
1.498428 -27.427231
1.525668 -27.428037
1.560148 -27.428888
1.608576 -27.429735
1.627261 -27.430513
1.636640 -27.431359
1.635365 -27.432181
1.742362 -27.426025
1.508267 -27.435414
1.509120 -27.429233
1.405609 -27.422999
1.238686 -27.416803
1.134701 -27.410909
1.005991 -27.404461
1.104529 -27.398524
1.161966 -27.392474
1.165634 -27.386355
1.113755 -27.379934
1.371103 -27.398559
1.474212 -27.406727
1.485475 -27.414142
1.381500 -27.422068
1.441754 -27.429555
1.445951 -27.437067
1.571549 -27.445055
1.284855 -27.452544
1.510404 -27.460220
1.544040 -27.467951
1.717580 -27.478885
1.738840 -27.486485
1.815791 -27.494184
1.917293 -27.502048
1.961719 -27.509649
2.026875 -27.517404
2.111036 -27.524819
2.234327 -27.532587
2.165143 -27.540161
2.004493 -27.538491
2.051147 -27.540358
2.005987 -27.538758
2.024361 -27.537082
2.127611 -27.535379
2.165337 -27.533577
2.233572 -27.532166
2.307319 -27.530420
2.226247 -27.528855
2.147766 -27.527023
2.250633 -27.525245
2.173778 -27.531527
2.133010 -27.529633
2.077311 -27.528034
1.968736 -27.526326
2.020036 -27.524711
1.946787 -27.522689
2.104254 -27.521177
2.009346 -27.519437
1.932398 -27.517699
1.737257 -27.516128
1.800767 -27.514512
1.787527 -27.513027
1.853720 -27.511412
1.997999 -27.509750
2.029818 -27.507961
1.985921 -27.506086
1.883596 -27.504559
1.927226 -27.502749
1.870372 -27.501124
1.884271 -27.508841
1.715775 -27.516530
1.678239 -27.524207
1.790234 -27.531959
1.946118 -27.539343
1.952218 -27.546988
2.015294 -27.554817
2.131284 -27.562387
2.157624 -27.556103
2.277378 -27.558542
2.297205 -27.552195
2.084364 -27.545924
2.187377 -27.539546
2.206771 -27.533380
2.175503 -27.526926
2.210287 -27.520751
2.247188 -27.514413
2.491267 -27.508099
2.480936 -27.501747
2.292307 -27.495519
2.429735 -27.489208
2.454875 -27.482859
2.477625 -27.476399
2.527233 -27.470452
2.629107 -27.463924
2.464968 -27.457498
2.515633 -27.451272
2.514398 -27.444851
2.492047 -27.448124
2.498609 -27.454874
2.361268 -27.457876
2.400525 -27.460925
2.403663 -27.464190
2.535255 -27.467152
2.515219 -27.469880
2.371532 -27.472657
2.350989 -27.475887
2.367235 -27.478770
2.425419 -27.468736
2.350950 -27.462241
2.397261 -27.455887
2.468560 -27.449541
2.463580 -27.443318
2.837631 -27.437125
2.542662 -27.430676
2.655511 -27.424186
2.433978 -27.418091
2.311250 -27.411660
2.217946 -27.405609
2.235542 -27.404133
1.991623 -27.402293
1.817690 -27.400601
1.878015 -27.399171
1.109231 -27.397419
0.963573 -27.395756
0.246470 -27.393998
0.035664 -27.392166
-0.293490 -27.395040
-0.301426 -27.395014
-0.291388 -27.395107
-0.290087 -27.395205
-0.292527 -27.395292
-0.299120 -27.395383
-0.296512 -27.395486
-0.296748 -27.395577
-0.305319 -27.395669
-0.300633 -27.395762
-0.329017 -27.394826
-0.362151 -27.394494
-0.354316 -27.393260
-0.353131 -27.392029
-0.342387 -27.390789
-0.347525 -27.389560
-0.365089 -27.388312
-0.368289 -27.387078
-0.351216 -27.385850
-0.324232 -27.384609
-0.181059 -27.380277
-0.248137 -27.369068
-0.196778 -27.364757
-0.154029 -27.360444
-0.077397 -27.356152
-0.069481 -27.351818
-0.021248 -27.347504
0.007652 -27.343168
0.573585 -27.432366
0.684762 -27.393601
0.680048 -27.475389
0.559377 -27.436574
1.120456 -27.406340
0.583614 -27.367514
0.701472 -27.328697
0.769637 -27.289874
0.774082 -27.251052
0.768710 -27.212233
0.835919 -27.173403
0.953762 -27.022251
3.192831 -25.178350
3.299588 -25.026934
3.375533 -24.875623
3.629663 -24.724355
3.966364 -24.572871
3.874548 -24.421377
4.331453 -24.270268
4.655346 -24.118692
4.578555 -23.967429
4.653178 -23.816077
-0.288168 -23.304841
-0.296556 -23.245721
-0.150787 -23.186505
-0.275547 -23.127237
-0.047332 -23.068125
-0.079207 -23.008911
-0.125093 -22.949778
0.097935 -22.890487
0.230620 -22.831351
0.492949 -23.113359
-4.636142 -23.135636
-4.666804 -23.416452
-4.697286 -23.697264
-4.726789 -23.978079
-4.730032 -24.258887
-4.760578 -24.539599
-4.701346 -24.820437
-4.738543 -25.101249
-4.808657 -25.382022
-4.810559 -25.662843
-4.838291 -25.546183
-6.195572 -25.469788
-6.311281 -25.353198
-6.400319 -25.236366
-6.416711 -25.119827
-6.512895 -25.002989
-6.750230 -24.886269
-6.730748 -24.769697
-6.852258 -24.652968
-6.770131 -24.536372
-6.548454 -24.419739
-6.657402 -24.142509
-6.637303 -24.016139
-6.617204 -23.889769
-6.597105 -23.763399
-6.577006 -23.637029
-6.556907 -23.510659
-6.536808 -23.384290
-6.516709 -23.257920
-6.496610 -23.131550
-6.467921 -22.927174
-6.466316 -22.915739
-6.464711 -22.904303
-6.463106 -22.892868
-6.461500 -22.881433
-6.459895 -22.869998
-6.458290 -22.858563
-6.456685 -22.847127
-6.455080 -22.835692
-6.453475 -22.824257
-6.452831 -22.827942
-6.435310 -22.928199
-6.417788 -23.028456
-6.400267 -23.128713
-6.382746 -23.228970
-6.365225 -23.329228
-6.347704 -23.429485
-6.330183 -23.529742
-6.312662 -23.629999
-6.295140 -23.730256
-6.277619 -23.830513
-6.224034 -23.720507
-6.170450 -23.610500
-6.116865 -23.500494
-6.063280 -23.390488
-6.009695 -23.280481
-5.956110 -23.170475
-5.902525 -23.060469
-5.848940 -22.950462
-5.795356 -22.840456
-5.741771 -22.730450
-5.688186 -22.620443
-5.687683 -22.618928
-5.687181 -22.617412
-5.686678 -22.615896
-5.686176 -22.614381
-5.685673 -22.612865
-5.685170 -22.611350
-5.684668 -22.609834
-5.684165 -22.608318
-5.683663 -22.606803
-5.683160 -22.605287
-5.662855 -22.678743
-5.643535 -22.748630
-5.624216 -22.818518
-5.604897 -22.888405
-5.585578 -22.958293
-5.566259 -23.028180
-5.546940 -23.098068
-5.527620 -23.167955
-5.508301 -23.237843
-5.488982 -23.307730
-5.469663 -23.377618
13.540230 -26.287296
11.818930 -28.344490
9.939365 -30.402531
4.115528 -33.640707
3.967051 -35.700778
4.042213 -37.755861
4.118533 -39.812526
4.069431 -41.870002
4.330495 -43.925395
13.989915 -47.213156
13.736675 -47.175277
35.245025 -47.927832
35.159042 -47.895794
34.779455 -47.863513
38.162912 -48.213048
38.155836 -48.181275
38.060837 -48.149347
38.004764 -48.117170
38.014612 -48.085148
38.021467 -48.053541
38.119653 -48.021955
38.266107 -47.990525
38.261265 -48.006934
38.308488 -48.006402
38.406764 -48.005838
38.462674 -48.005424
38.455474 -48.004875
38.485098 -48.004472
38.573297 -48.003957
38.657595 -48.003496
38.628630 -48.004523
38.625855 -48.005091
38.625393 -48.005145
38.627731 -48.005196
38.626566 -48.005250
38.621529 -48.005304
38.618776 -48.005353
38.616828 -48.005408
38.618414 -48.005467
38.620213 -48.005520
38.618632 -48.005569
38.635915 -48.004148
38.588595 -48.006489
38.617991 -48.005132
38.627713 -48.003731
38.649270 -48.002327
38.618781 -48.000924
38.596347 -47.999553
38.593881 -47.998110
38.601017 -47.996661
38.601703 -47.995273
38.602857 -47.995160
38.568572 -47.996409
38.564609 -47.996281
38.560303 -47.996161
38.585435 -47.996047
38.587882 -47.995930
38.575095 -47.995803
38.574735 -47.995700
38.573555 -47.995579
38.574417 -47.995470
38.571814 -47.995370
38.583477 -47.992038
38.582422 -47.988111
38.594831 -47.984132
38.595804 -47.980215
38.636300 -47.976283
38.642881 -47.972334
38.646956 -47.968387
38.645720 -47.964420
38.612794 -47.960473
38.607309 -47.960240
38.601801 -47.960355
38.602071 -47.960301
38.602772 -47.960243
38.602173 -47.960186
38.602645 -47.960130
38.605702 -47.960076
38.609412 -47.960017
38.610570 -47.959965
38.614054 -47.959901
38.612679 -47.959843
38.603028 -47.961682
38.610856 -47.963495
38.584277 -47.965348
38.614863 -47.967160
38.626903 -47.969002
38.619129 -47.970852
38.623814 -47.972690
38.602392 -47.974521
38.626697 -47.976354
38.647249 -47.978173
38.657024 -47.978366
38.657664 -47.979174
38.657953 -47.979378
38.661830 -47.979568
38.672257 -47.979768
38.683062 -47.979962
38.688618 -47.980149
38.680988 -47.980339
38.681798 -47.980532
38.680736 -47.980726
38.684024 -47.980909
38.683239 -47.981709
38.685766 -47.982231
38.686234 -47.983032
38.684158 -47.983832
38.682066 -47.984632
38.685757 -47.985436
38.682811 -47.986234
38.682188 -47.987037
38.681554 -47.987837
38.678183 -47.988639
38.708740 -47.988302
38.709928 -47.983509
38.748161 -47.983200
38.770782 -47.982869
38.788583 -47.982535
38.797309 -47.982199
38.799136 -47.981852
38.825829 -47.981535
39.090217 -47.987280
39.092837 -47.986921
39.090890 -47.887962
43.706606 -48.090510
43.815057 -47.991474
43.729457 -47.892988
43.863001 -47.793694
43.936209 -47.694678
43.977728 -47.595655
43.932720 -47.496778
43.930096 -47.397872
43.302462 -47.902023
40.254876 -47.651726
39.225645 -48.154906
37.940179 -48.658341
35.887058 -49.161665
36.218713 -49.665097
36.332456 -50.168643
36.748513 -50.672173
36.623399 -51.175761
36.542068 -51.679128
36.047242 -52.182332
34.908617 -52.502236
34.129999 -52.527251
33.218307 -52.553185
33.229899 -52.578804
33.320665 -52.604343
32.871735 -52.629920
31.972480 -52.655407
32.007874 -52.681048
29.687630 -52.706416
28.472655 -52.912850
27.394589 -53.360752
27.770306 -53.566540
28.064511 -53.772839
28.025880 -53.979632
27.125713 -54.187180
26.722033 -54.394799
26.627664 -54.600921
26.337816 -54.808047
26.105828 -55.014578
26.054409 -55.221286
25.940679 -55.120144
25.293315 -55.115339
25.288918 -55.013931
25.395973 -54.911567
25.396151 -54.810064
25.404326 -54.709369
25.461847 -54.608131
25.468193 -54.506534
26.177368 -54.403841
27.806856 -52.015563
26.671517 -51.836029
26.994648 -51.618764
27.205896 -51.401461
27.378958 -51.184178
27.478837 -50.966895
27.537641 -50.749607
27.603283 -50.532299
27.641373 -50.315022
27.638783 -50.097734
27.831477 -48.613701
27.914540 -47.129626
28.108443 -45.645528
28.103323 -44.161425
28.167870 -42.677309
28.087841 -41.193156
28.137906 -39.709158
28.235377 -38.225047
28.404216 -36.740965
28.206033 -36.754049
19.310719 -36.743394
19.308942 -36.744543
19.307166 -36.745692
19.305389 -36.746841
19.303613 -36.747990
19.301836 -36.749139
19.300059 -36.750288
19.298283 -36.751437
19.296506 -36.752587
19.296525 -36.702428
19.296544 -36.652270
19.296562 -36.602112
19.296581 -36.551954
19.296600 -36.501796
19.296618 -36.451638
19.296637 -36.401480
19.296655 -36.351321
19.296674 -36.301163
19.296693 -36.251005
19.295159 -36.244943
19.293626 -36.238882
19.292093 -36.232820
19.290560 -36.226759
19.289027 -36.220697
19.287493 -36.214636
19.285960 -36.208574
19.284427 -36.202512
19.282894 -36.196451
19.281360 -36.190389
19.279603 -36.226412
19.277845 -36.262436
19.276087 -36.298459
19.274329 -36.334482
19.272571 -36.370505
19.270814 -36.406528
19.269056 -36.442552
19.267298 -36.478575
19.265540 -36.514598
19.263782 -36.550621
19.240501 -36.574427
19.190952 -36.625091
19.141404 -36.675755
19.091855 -36.726419
19.042307 -36.777084
18.992758 -36.827748
18.943210 -36.878412
18.893662 -36.929076
18.844113 -36.979740
18.794565 -37.030404
18.745016 -37.081068
18.736236 -37.126981
18.727455 -37.172894
18.718674 -37.218806
18.709894 -37.264719
18.701113 -37.310632
18.692332 -37.356544
18.683552 -37.402457
18.674771 -37.448370
18.665990 -37.494283
18.657210 -37.540195
18.621825 -37.478237
18.586440 -37.416279
18.551055 -37.354321
18.515671 -37.292363
18.480286 -37.230405
18.444901 -37.168446
18.409516 -37.106488
18.374132 -37.044530
18.338747 -36.982572
18.303362 -36.920614
18.267977 -36.858656
18.267629 -36.857055
18.267281 -36.855455
18.266934 -36.853854
18.266586 -36.852254
18.266238 -36.850654
18.265890 -36.849053
18.265542 -36.847453
18.265194 -36.845852
18.264846 -36.844252
18.264498 -36.842652
18.264150 -36.841051
18.262396 -36.830218
18.252673 -36.770150
18.242949 -36.710082
18.233226 -36.650014
18.223502 -36.589946
18.213778 -36.529878
18.204055 -36.469810
18.194331 -36.409743
18.184608 -36.349675
18.174884 -36.289607
18.167707 -36.263292
18.160530 -36.236978
18.153353 -36.210664
18.146177 -36.184350
18.139000 -36.158035
18.131823 -36.131721
18.124646 -36.105407
18.117469 -36.079093
18.110292 -36.052778
18.103116 -36.026464
18.185826 -37.187405
18.268537 -38.348346
18.351248 -39.509288
18.433958 -40.670229
18.516669 -41.831170
18.599380 -42.992111
18.682090 -44.153052
18.764801 -45.313993
18.847512 -46.474935
18.877636 -45.801118
18.913458 -44.999860
18.949280 -44.198602
18.985102 -43.397344
19.020924 -42.596086
19.056746 -41.794828
19.092568 -40.993570
19.128390 -40.192312
19.331448 -41.608319
19.534507 -43.024327
19.737566 -44.440334
19.940625 -45.856342
20.143684 -47.272349
20.346743 -48.688356
20.549802 -50.104364
20.545285 -50.109706
20.047571 -50.375118
20.269997 -50.594473
19.897505 -50.639494
20.491423 -50.836214
20.484668 -50.841562
20.474560 -50.846908
20.478899 -50.852254
20.466820 -50.857593
20.462213 -50.862933
20.926678 -50.895542
20.950536 -50.919360
20.984754 -50.918846
21.011757 -50.917911
21.030915 -50.917045
21.092039 -50.915918
21.077676 -50.914901
21.086556 -50.913906
21.052610 -50.912871
21.071832 -50.911899
21.120665 -50.910927
21.021804 -50.927952
21.070595 -50.984360
21.004597 -51.001185
20.933850 -51.018256
21.033117 -51.035312
21.012240 -51.052299
21.048840 -51.069216
20.870869 -51.086294
20.912642 -51.103295
20.923578 -51.120298
21.008595 -51.113980
20.736620 -51.122948
20.837240 -51.116447
20.891935 -51.110217
20.923939 -51.103942
20.898053 -51.097687
20.917748 -51.091326
20.796188 -51.085020
20.721324 -51.078421
20.940948 -51.072336
21.142868 -51.079924
20.965865 -51.107388
21.010689 -51.115119
21.061547 -51.122624
21.052315 -51.130341
21.122584 -51.138060
21.173637 -51.145896
21.198124 -51.153440
21.033155 -51.161032
21.149525 -51.168690
20.997637 -51.167004
20.772408 -51.177185
20.669431 -51.175651
20.764785 -51.174098
20.731393 -51.172328
20.760614 -51.170758
20.689503 -51.168983
20.757094 -51.167308
20.881520 -51.165584
20.804204 -51.159203
20.616425 -51.169306
20.423705 -51.163230
20.457408 -51.156946
20.628889 -51.150481
20.705731 -51.143958
20.715782 -51.137608
20.635699 -51.131056
20.665045 -51.124752
20.658416 -51.118438
20.758462 -51.111967
20.810932 -51.105839
20.946734 -51.095582
20.807419 -51.089153
20.774235 -51.082683
20.876070 -51.076440
20.890517 -51.069968
20.722936 -51.063788
20.939672 -51.057259
20.923792 -51.051147
21.095683 -51.044757
20.828819 -51.038336
20.848981 -51.022464
20.857068 -51.015988
20.938500 -51.009970
20.899011 -51.003410
20.638198 -50.997072
20.638319 -50.990695
20.433760 -50.984442
20.485677 -50.977966
20.462021 -50.980994
20.428586 -50.979982
20.588195 -50.983113
20.642811 -50.986000
20.616272 -50.989025
20.646995 -50.991914
20.635757 -50.994980
20.694923 -50.997951
20.801028 -51.000913
20.684524 -51.003899
20.555262 -51.006933
20.598444 -51.010028
20.465401 -51.013010
20.431907 -51.016086
20.328524 -51.019062
20.321061 -51.022163
20.353563 -51.025314
20.229547 -51.028312
20.102744 -51.031258
20.147285 -51.034253
20.137433 -51.037164
20.036233 -51.040203
19.970234 -51.047951
20.052206 -51.060242
19.966609 -51.067963
20.014465 -51.075363
19.865974 -51.083377
19.880849 -51.091014
19.844555 -51.098612
19.903654 -51.106342
19.825829 -51.114139
19.867789 -51.121679
19.928213 -51.129480
19.889422 -51.137294
19.775599 -51.149704
19.788392 -51.161910
19.661448 -51.174230
19.684256 -51.186487
19.554006 -51.198765
19.512493 -51.211046
19.484904 -51.223369
19.391736 -51.235662
19.405202 -51.248098
19.460424 -51.260536
19.407626 -51.259058
19.353530 -51.262105
19.492330 -51.265264
19.425495 -51.268320
19.304969 -51.271465
19.314328 -51.274375
19.297334 -51.277329
19.395026 -51.280186
19.411218 -51.283321
19.399659 -51.286340
19.299435 -51.289292
19.115315 -51.301251
19.010456 -51.304083
19.037224 -51.307144
18.933999 -51.310177
19.098374 -51.313094
19.105383 -51.316147
19.212310 -51.319323
19.320995 -51.322351
19.393200 -51.325318
19.389684 -51.333212
19.330010 -51.348927
19.437300 -51.356363
19.316981 -51.364113
19.379567 -51.371984
19.441142 -51.379509
19.569577 -51.387169
19.505495 -51.394959
19.611315 -51.402432
19.619085 -51.410223
19.609455 -51.417926
19.545750 -51.425407
19.590861 -51.433265
19.651213 -51.440801
19.573711 -51.448622
19.581946 -51.456293
19.555056 -51.464059
19.547398 -51.471761
19.607513 -51.479100
19.689882 -51.486983
19.568946 -51.465450
19.575642 -51.458995
19.612047 -51.452706
19.586817 -51.446586
19.597523 -51.440206
19.541530 -51.433725
19.517813 -51.427344
19.539060 -51.421188
19.597798 -51.414830
19.573606 -51.413116
19.358337 -51.419223
19.310228 -51.417550
19.204947 -51.415886
19.349472 -51.414109
19.273986 -51.412447
19.315079 -51.410874
19.387452 -51.409115
19.337992 -51.407526
19.233260 -51.405810
19.246020 -51.404109
19.063236 -51.407080
18.910070 -51.410277
18.944050 -51.412891
18.948036 -51.415923
18.913324 -51.419128
18.833820 -51.422258
18.867833 -51.424877
19.035173 -51.428049
18.761710 -51.431028
18.672171 -51.434177
18.612596 -51.436880
18.418232 -51.449652
18.357938 -51.457219
18.413901 -51.465137
18.453780 -51.472689
18.302322 -51.480116
18.281788 -51.487829
18.272039 -51.495740
18.067112 -51.503618
18.267202 -51.511124
18.321189 -51.518756
18.265964 -51.512308
18.193384 -51.510671
18.072536 -51.509058
17.908612 -51.507196
17.851623 -51.505635
17.953248 -51.504183
17.942601 -51.502460
17.685359 -51.500622
17.842894 -51.499040
18.014038 -51.497618
17.930177 -51.509771
17.955667 -51.517558
18.060751 -51.525319
18.326158 -51.533241
18.362388 -51.540707
18.476704 -51.548360
18.455549 -51.556038
18.493649 -51.564070
18.475606 -51.571859
18.568509 -51.579519
18.717964 -51.591763
18.938681 -51.603970
18.858666 -51.616434
18.914903 -51.628652
19.076979 -51.641362
19.050235 -51.653446
19.233557 -51.665969
19.309692 -51.678403
19.231953 -51.690677
19.223004 -51.703147
19.129285 -51.715200
19.121462 -51.727610
19.087231 -51.739784
19.153960 -51.747085
19.035837 -51.759265
18.971002 -51.771770
19.335761 -51.784427
19.189435 -51.796733
19.191001 -51.808973
19.041382 -51.821326
19.059489 -51.833388
19.066543 -51.831745
18.822603 -51.835394
18.916042 -51.833593
18.980506 -51.831980
18.916321 -51.830557
18.840438 -51.828748
18.830232 -51.827145
18.840042 -51.825288
18.646944 -51.823809
18.598146 -51.822307
18.498408 -51.820542
18.314626 -51.818860
18.141321 -51.822049
17.918111 -51.820506
17.928193 -51.818750
17.746984 -51.817370
17.845969 -51.815699
18.099640 -51.813805
18.150810 -51.812137
17.928630 -51.810810
17.879007 -51.808913
17.835876 -51.802488
18.037254 -51.801898
18.249133 -51.795551
18.213803 -51.788835
18.288385 -51.782871
18.118207 -51.776400
18.136632 -51.770205
18.131434 -51.763614
17.910289 -51.757342
17.861779 -51.750958
17.625327 -51.744828
17.538005 -51.757214
17.468312 -51.773815
17.326804 -51.786331
17.453349 -51.798894
17.568093 -51.811147
17.501263 -51.823461
17.381767 -51.836162
17.718991 -51.848270
17.843395 -51.860481
17.840823 -51.872958
17.728633 -51.885464
17.485029 -51.897878
17.418225 -51.910389
17.576730 -51.922467
17.320901 -51.935127
17.404305 -51.947254
17.148132 -51.959865
17.155941 -51.972164
17.043719 -51.984338
16.975716 -51.996614
17.019666 -52.009362
16.943129 -52.007447
16.941092 -52.010601
16.792537 -52.008872
16.954424 -52.007435
16.863647 -52.005508
16.744039 -52.004241
16.683572 -52.002261
16.542409 -52.000572
16.646937 -51.999069
16.716690 -51.997408
16.764450 -51.995629
16.640863 -51.994341
16.573397 -51.997552
16.576707 -51.995861
16.719115 -51.994217
16.725980 -51.992463
16.721599 -51.990628
16.569333 -51.988926
16.589420 -51.987366
16.592159 -51.985635
16.553742 -51.984003
16.531853 -51.982286
16.800209 -51.961863
16.616093 -51.936586
16.748256 -51.916084
16.865453 -51.896063
16.733733 -51.875784
16.868644 -51.855492
16.871790 -51.834941
17.072687 -51.814172
16.998613 -51.794163
16.863098 -51.773503
16.906163 -51.748361
16.666569 -51.714104
16.412563 -51.689346
16.511169 -51.664100
16.666687 -51.638663
16.729184 -51.613741
16.925881 -51.588620
16.722131 -51.564023
16.733909 -51.539015
16.895673 -51.513720
16.850149 -51.502753
16.742348 -51.506378
16.691978 -51.495462
16.757175 -51.484470
16.868025 -51.473268
16.949759 -51.461943
17.070939 -51.450616
17.262720 -51.439828
17.119319 -51.428760
17.207009 -51.417899
17.233882 -51.420653
17.445091 -51.418698
17.489287 -51.421800
17.620956 -51.424963
17.588828 -51.428129
17.394664 -51.431196
17.233519 -51.433894
17.188223 -51.436952
17.149053 -51.439850
17.085402 -51.443200
17.221654 -51.413342
16.995476 -51.388150
17.134082 -51.358335
17.242421 -51.328571
17.202106 -51.298796
17.079241 -51.268750
17.171508 -51.238878
16.991925 -51.209263
17.080599 -51.179355
17.216532 -51.149492
17.136119 -51.119997
17.167034 -51.126876
17.143907 -51.129848
17.229423 -51.132821
16.990589 -51.135939
17.154243 -51.138739
17.093927 -51.141783
16.941124 -51.145017
17.075564 -51.147990
17.122121 -51.151036
17.071241 -51.154069
17.241775 -51.147567
17.212634 -51.141117
17.395392 -51.134668
17.344848 -51.128288
17.455479 -51.121859
17.567888 -51.115505
17.612177 -51.109007
17.437619 -51.102646
17.374634 -51.096299
17.292199 -51.077800
17.350079 -51.071332
17.463917 -51.065231
17.341642 -51.058768
17.238940 -51.052269
17.203720 -51.046081
17.429423 -51.039487
17.469416 -51.033213
17.457270 -51.027118
17.558324 -51.020623
17.525730 -51.018690
17.614228 -51.008057
17.658521 -51.006397
17.510081 -51.005112
17.444254 -51.003063
17.355302 -51.001245
17.372456 -50.999767
17.207214 -50.997775
17.206268 -50.996410
17.000320 -50.990062
16.867289 -50.983765
17.069702 -50.977129
17.022456 -50.970405
16.875717 -50.964234
16.846242 -50.958355
16.703878 -50.951628
16.878023 -50.945131
16.574276 -50.938913
16.734263 -50.932215
16.807222 -50.925695
16.874738 -50.919359
16.696366 -50.908207
16.714899 -50.902093
16.701619 -50.895572
16.932831 -50.889523
16.927241 -50.882872
16.879617 -50.876420
16.890309 -50.869877
16.704049 -50.864188
16.804358 -50.867162
16.748691 -50.870108
16.712686 -50.873023
16.967962 -50.876221
17.191825 -50.879387
17.043403 -50.882200
17.048246 -50.885112
17.288957 -50.888086
17.133669 -50.891425
16.951769 -50.894296
16.969601 -50.897254
16.954381 -50.900232
16.786261 -50.908526
16.663765 -50.911616
16.718808 -50.914632
16.605912 -50.917495
16.558556 -50.920406
16.449634 -50.923858
16.494405 -50.926339
16.625196 -50.929343
16.632341 -50.932600
16.605992 -50.940197
16.702690 -50.952306
16.672242 -50.960302
16.873191 -50.967805
16.757456 -50.975749
16.742406 -50.983186
16.819879 -50.990926
16.771384 -50.998703
16.754974 -51.006194
16.928611 -51.013588
16.884251 -51.011989
16.720809 -51.019606
16.841929 -51.017895
16.848352 -51.015785
16.909941 -51.014365
16.994055 -51.012389
17.033535 -51.010903
17.133952 -51.009456
17.091834 -51.007800
17.117924 -51.005939
16.996482 -50.999606
17.052928 -50.998202
17.116577 -50.991596
16.934769 -50.985387
16.823413 -50.978907
17.086218 -50.972553
16.862028 -50.966134
16.516742 -50.959650
16.627676 -50.953443
16.428220 -50.947067
16.591005 -50.954705
16.601962 -50.957452
16.590476 -50.965594
16.369486 -50.972769
16.595077 -50.980326
16.695217 -50.988244
16.690897 -50.995998
16.554731 -51.003530
16.447753 -51.011330
16.657115 -51.018527
16.469857 -51.026195
16.469464 -51.020567
16.409223 -51.009352
16.432220 -50.998463
16.275090 -50.987391
16.282223 -50.976416
16.106650 -50.965351
16.030782 -50.954395
16.242156 -50.943668
16.438750 -50.932474
16.506194 -50.897974
16.376702 -50.863410
16.219069 -50.828864
16.101054 -50.794407
15.950835 -50.759924
16.062734 -50.725447
16.139002 -50.691205
15.912216 -50.656803
15.947411 -50.622337
15.970302 -50.587815
16.053207 -50.553367
15.893762 -50.556219
15.704663 -50.554457
15.778599 -50.552772
15.736914 -50.551148
15.560081 -50.549581
15.575047 -50.547774
15.444296 -50.546077
15.276913 -50.544589
15.323397 -50.542779
15.309311 -50.541079
15.301162 -50.558118
15.312064 -50.570776
15.447278 -50.587748
15.555103 -50.604810
15.739983 -50.621875
15.843915 -50.638896
15.730326 -50.656251
15.700802 -50.673081
15.476808 -50.690133
15.461533 -50.688397
15.308245 -50.677256
15.379681 -50.675571
15.510233 -50.673798
15.432282 -50.672046
15.435713 -50.670199
15.333645 -50.668368
15.244969 -50.667087
15.024726 -50.665504
15.144874 -50.663474
15.214064 -50.671397
15.162449 -50.675132
15.357865 -50.682738
15.372201 -50.689973
15.634311 -50.697700
15.612916 -50.705629
15.798338 -50.713252
15.596922 -50.721367
15.675552 -50.729212
15.485862 -50.736566
15.565475 -50.744553
15.623613 -50.742689
15.613181 -50.750281
15.738113 -50.748666
15.721252 -50.746896
15.694928 -50.745241
16.024160 -50.743751
15.820664 -50.741958
15.764445 -50.740374
15.993813 -50.738551
15.777879 -50.736731
15.950511 -50.735188
16.034896 -50.738608
15.907686 -50.736767
16.115721 -50.735267
16.076097 -50.733581
16.083325 -50.731745
16.096924 -50.730221
16.137816 -50.728381
16.130978 -50.726933
16.195417 -50.725239
16.173010 -50.723282
16.134872 -50.716978
16.130215 -50.714889
15.894228 -50.713352
16.028059 -50.711541
16.071218 -50.710072
16.122408 -50.708327
16.311784 -50.706704
16.371104 -50.705017
16.366348 -50.708188
16.292701 -50.706498
16.415743 -50.709312
16.375291 -50.712351
16.476390 -50.715276
16.455096 -50.718038
16.552854 -50.721395
16.357604 -50.724167
16.337747 -50.727388
16.037369 -50.730492
16.075424 -50.733126
16.199635 -50.736314
16.115579 -50.734740
16.124348 -50.737828
15.767937 -50.741242
15.757526 -50.744274
15.768960 -50.747434
15.895786 -50.750212
15.890119 -50.753304
16.004508 -50.756185
16.174426 -50.759124
16.112626 -50.771355
16.232129 -50.774374
16.242353 -50.777436
16.231802 -50.780415
16.456147 -50.782911
16.446539 -50.786281
16.215251 -50.789098
16.243632 -50.792106
16.477367 -50.795424
16.339788 -50.789101
16.422095 -50.782477
16.574874 -50.776098
16.627088 -50.769550
16.667036 -50.763436
16.831274 -50.757256
16.811115 -50.750760
16.906794 -50.744400
16.961818 -50.737924
17.015923 -50.736376
16.779477 -50.744510
16.780113 -50.742832
16.814812 -50.741156
16.817281 -50.739397
16.908739 -50.737742
16.995490 -50.736247
17.052635 -50.734436
17.068497 -50.732698
16.969047 -50.731093
16.923783 -50.738561
16.788186 -50.746389
16.883523 -50.753917
16.951121 -50.761572
16.980221 -50.769418
17.174756 -50.777007
17.245275 -50.784573
17.095429 -50.792435
17.112370 -50.800042
17.154299 -50.807685
17.116810 -50.806057
17.217947 -50.804273
17.273078 -50.802661
17.362903 -50.800936
17.377233 -50.799142
17.448937 -50.797637
17.289432 -50.795838
17.398592 -50.794462
17.448619 -50.792744
17.581536 -50.790957
17.672600 -50.793899
17.525035 -50.802020
17.506015 -50.804941
17.530365 -50.807801
17.539883 -50.810676
17.572479 -50.813807
17.712583 -50.816837
17.852887 -50.819809
17.796183 -50.822678
17.786567 -50.821109
17.673017 -50.819418
17.720282 -50.817717
17.666498 -50.815990
17.714787 -50.814309
17.670903 -50.812618
17.591032 -50.811041
17.316515 -50.809368
17.457717 -50.807654
17.301400 -50.806012
17.324253 -50.804388
17.151221 -50.807278
17.256064 -50.810421
17.398339 -50.813468
17.383195 -50.816370
17.510202 -50.819416
17.711949 -50.822308
17.636573 -50.825371
17.634711 -50.828398
17.627220 -50.831530
17.822530 -50.834476
17.560109 -50.846351
17.645369 -50.849676
17.695291 -50.852486
17.683596 -50.855519
17.711286 -50.858445
17.786444 -50.861511
17.996318 -50.864467
18.066633 -50.867236
18.186733 -50.870406
17.907543 -50.877899
17.772155 -50.876577
17.659058 -50.884237
17.718654 -50.891875
17.844998 -50.899339
17.688541 -50.907032
17.590119 -50.914693
17.653323 -50.922352
17.593472 -50.930267
17.495266 -50.937982
17.157575 -50.926673
16.930897 -50.920417
17.136744 -50.914005
17.077270 -50.907801
17.142413 -50.901216
16.954470 -50.894963
17.081067 -50.888606
17.006856 -50.882090
17.031309 -50.875810
17.175046 -50.860146
17.104284 -50.853571
17.098459 -50.837870
17.085798 -50.822101
17.200982 -50.806723
17.108208 -50.790840
17.205369 -50.775015
17.328347 -50.759315
17.169103 -50.743625
16.977936 -50.746619
16.834235 -50.736379
16.905809 -50.739170
16.833283 -50.742261
16.669002 -50.745179
16.775713 -50.748275
16.686860 -50.751091
16.583446 -50.754257
16.586193 -50.757511
16.515512 -50.760566
16.714168 -50.763606
16.502779 -50.766607
16.674450 -50.769468
16.507992 -50.772586
16.484218 -50.775399
16.558448 -50.778328
16.559775 -50.781555
16.542838 -50.784459
16.677894 -50.777924
16.469072 -50.771619
16.359059 -50.765234
16.232029 -50.758747
16.342048 -50.752518
16.294501 -50.746084
16.206702 -50.739711
16.203629 -50.733215
16.311698 -50.726644
16.397898 -50.720348
16.499653 -50.714160
16.370459 -50.721538
16.382895 -50.724677
16.482878 -50.727454
16.518528 -50.730722
16.560878 -50.733395
16.571557 -50.736481
16.558450 -50.739675
16.584397 -50.742515
16.613718 -50.745385
16.543704 -50.743649
16.555280 -50.742140
16.440853 -50.740263
16.509317 -50.738816
16.405103 -50.737199
16.347435 -50.735546
16.314250 -50.733751
16.411848 -50.732008
16.526479 -50.730268
16.462422 -50.728594
16.537000 -50.712690
16.517028 -50.692854
16.461244 -50.677402
16.478303 -50.661278
16.572004 -50.645702
16.604481 -50.629786
16.621551 -50.614207
16.658090 -50.598740
16.703346 -50.582893
16.745767 -50.590042
16.709244 -50.592980
16.753970 -50.596096
16.767427 -50.598895
16.636955 -50.601898
16.601546 -50.605054
16.340747 -50.608038
16.308928 -50.610979
16.137536 -50.613982
16.019672 -50.616937
16.107215 -50.619922
16.146813 -50.622734
16.257853 -50.638364
16.488733 -50.641269
16.460426 -50.644315
16.632430 -50.647360
16.612395 -50.650337
16.601396 -50.653492
16.416007 -50.656335
16.560925 -50.659471
16.514303 -50.662478
16.599746 -50.665360
16.625229 -50.663756
16.473768 -50.666659
16.412486 -50.669811
16.585311 -50.672509
16.391622 -50.675586
16.466709 -50.678523
16.536733 -50.681538
16.491389 -50.684470
16.503117 -50.687624
16.410069 -50.737159
16.435618 -50.782241
16.459207 -50.831679
16.519019 -50.881179
16.121803 -50.930646
16.228012 -50.980125
16.164729 -51.029637
16.147624 -51.079253
16.217234 -51.128696
16.142399 -51.178176
16.059853 -51.185878
15.963350 -51.198239
15.889640 -51.206100
16.002498 -51.213862
15.980435 -51.221475
15.725681 -51.229196
15.760528 -51.236934
15.853583 -51.244587
15.827162 -51.252367
15.946627 -51.260128
15.909909 -51.245492
15.979784 -51.243989
16.103481 -51.242318
15.918226 -51.240475
16.052393 -51.238809
16.053396 -51.237100
16.024198 -51.235530
15.950303 -51.233856
15.924631 -51.232128
15.881670 -51.230405
15.719871 -51.233327
15.683420 -51.232104
15.524510 -51.234979
15.676807 -51.237799
15.837502 -51.241042
15.991808 -51.243862
15.881966 -51.246731
15.992717 -51.249952
15.996111 -51.253010
15.918144 -51.255977
16.120834 -51.254082
15.969275 -51.257371
16.070346 -51.260501
16.019249 -51.263179
15.893440 -51.266373
15.821999 -51.269445
16.031418 -51.272433
16.131151 -51.247675
16.345711 -51.217492
16.287546 -51.192656
16.377482 -51.167346
16.496015 -51.142519
16.339990 -51.117444
16.229848 -51.091922
16.182798 -51.067160
16.385823 -51.042001
16.365418 -51.016777
16.403618 -51.043542
16.161488 -51.074180
16.198330 -51.100451
16.005317 -51.126836
15.917510 -51.152829
15.943112 -51.179331
16.103360 -51.205350
16.165753 -51.231736
16.032036 -51.257994
16.024497 -51.284518
16.165794 -51.310958
16.218547 -51.304548
15.893555 -51.312069
15.836335 -51.305597
15.980827 -51.299222
16.057985 -51.292971
16.186168 -51.286502
15.956278 -51.280175
16.128688 -51.273777
16.152546 -51.267292
16.209538 -51.260994
16.404273 -51.259377
16.453213 -51.253095
16.297426 -51.246907
16.743169 -51.240319
16.642041 -51.234114
16.686162 -51.227794
16.641778 -51.221373
16.827070 -51.215163
16.729545 -51.208771
16.970119 -51.211917
16.579345 -51.205907
16.401195 -51.208926
16.598783 -51.211787
16.444412 -51.214555
16.272492 -51.217860
16.205670 -51.220569
16.140468 -51.223695
16.063731 -51.226684
16.249220 -51.238838
16.397348 -51.260492
16.472399 -51.272753
16.468933 -51.285182
16.588303 -51.297495
16.412502 -51.310081
16.408087 -51.322242
16.319794 -51.334704
16.439636 -51.347089
16.379603 -51.359444
16.442336 -51.367094
16.406007 -51.379465
16.490226 -51.387022
16.235933 -51.394851
16.110454 -51.402319
16.074990 -51.410106
15.970714 -51.417839
15.974190 -51.425681
16.076309 -51.433336
16.164154 -51.440974
16.169558 -51.429788
16.225861 -51.423584
16.280958 -51.412404
16.336953 -51.401576
16.289685 -51.390513
16.274416 -51.379474
16.454373 -51.368418
16.465342 -51.357451
16.523780 -51.346367
16.431129 -51.344747
16.459893 -51.343071
16.501335 -51.341383
16.606116 -51.339658
16.635111 -51.337971
16.645643 -51.336358
16.546798 -51.334819
16.532479 -51.332981
16.427824 -51.331313
16.572610 -51.324785
16.606814 -51.313874
16.610587 -51.307610
16.733337 -51.301131
16.777391 -51.294954
16.749858 -51.288482
16.821092 -51.282235
16.883214 -51.275692
17.077670 -51.269239
16.919743 -51.262957
16.941624 -51.261417
17.044753 -51.264108
17.082048 -51.262439
16.973912 -51.260802
16.867334 -51.259221
16.774358 -51.257480
16.946270 -51.255940
16.853650 -51.254153
17.024101 -51.252565
17.049985 -51.250786
16.867719 -51.249085
16.892465 -51.251958
16.809653 -51.254991
16.908849 -51.257910
16.953442 -51.261104
16.844648 -51.264028
17.055546 -51.267071
16.868896 -51.269885
16.731959 -51.272825
16.597573 -51.276059
16.723212 -51.288082
16.510227 -51.295883
16.862171 -51.303597
16.695871 -51.311282
16.719751 -51.319038
16.824088 -51.326869
16.637164 -51.334509
16.538091 -51.342309
16.378226 -51.349992
16.276033 -51.357548
16.234026 -51.337599
16.236676 -51.331357
16.156267 -51.324807
16.279885 -51.318447
16.218358 -51.312340
16.321925 -51.305939
16.385156 -51.299373
16.440855 -51.293177
16.306640 -51.286722
16.136306 -51.280474
16.177742 -51.273953
16.041771 -51.267760
16.112738 -51.261241
15.998746 -51.254928
16.056253 -51.248358
16.065735 -51.242268
16.108246 -51.235788
16.136213 -51.229620
16.106703 -51.223060
16.031882 -51.230667
16.198284 -51.238547
15.952408 -51.246176
15.881529 -51.253826
15.709890 -51.261503
15.643374 -51.269159
15.727716 -51.277208
15.739939 -51.284775
15.574432 -51.292482
15.597501 -51.300216
15.530725 -51.298540
15.597059 -51.296723
15.523954 -51.295265
15.362270 -51.293367
15.188528 -51.291808
15.076286 -51.289950
15.238018 -51.288265
15.231541 -51.286732
15.154996 -51.285083
15.108044 -51.279159
15.000188 -51.277473
14.919093 -51.275463
14.739222 -51.274179
14.638432 -51.272179
14.812795 -51.270738
14.785852 -51.269063
14.725684 -51.267277
14.730097 -51.265706
14.970020 -51.264181
15.118331 -51.253038
14.976017 -51.246498
14.860754 -51.235634
14.925756 -51.224639
15.013033 -51.213600
15.091899 -51.202606
15.192797 -51.191838
15.304559 -51.180700
15.560598 -51.169624
15.655208 -51.158750
15.467765 -51.152208
15.339931 -51.141607
15.446980 -51.135231
15.445974 -51.129027
15.264348 -51.122371
15.327651 -51.116176
15.476383 -51.109746
15.452321 -51.103617
15.472372 -51.097379
15.287772 -51.090939
15.283754 -51.084589
15.321495 -51.078029
15.125570 -51.071606
15.106760 -51.065350
15.121895 -51.058965
15.330604 -51.052691
15.260116 -51.046001
15.449714 -51.039846
15.249359 -51.033625
15.420045 -51.027143
15.409279 -51.058429
15.587065 -51.089515
15.554342 -51.120596
15.540868 -51.151759
15.589016 -51.182656
15.458936 -51.213784
15.506492 -51.244914
15.461198 -51.276010
15.654623 -51.306956
15.516857 -51.338291
15.511937 -51.369420
15.510095 -51.400455
15.428367 -51.393981
15.432429 -51.378319
15.593915 -51.362705
15.504311 -51.346708
15.573124 -51.330968
15.608307 -51.315295
15.848226 -51.299670
15.758942 -51.283863
15.863624 -51.268095
16.042734 -51.252498
16.137516 -51.236456
16.156374 -51.225484
16.241561 -51.214475
16.271985 -51.203430
16.221151 -51.192521
16.133834 -51.181486
16.114667 -51.170488
16.331538 -51.159400
16.282995 -51.148366
16.300030 -51.137312
16.356639 -51.135324
16.328673 -51.129042
16.451300 -51.122593
16.391097 -51.116075
16.424469 -51.109770
16.351019 -51.103333
16.282361 -51.097145
16.232355 -51.090752
16.316561 -51.084258
16.336327 -51.082706
16.132238 -51.068223
16.131214 -51.066669
16.137220 -51.064981
16.060841 -51.063461
16.008762 -51.061324
16.025105 -51.059688
15.843790 -51.057868
16.065257 -51.056247
16.349749 -51.054794
16.285095 -51.067390
16.145070 -51.079274
16.081052 -51.091892
16.100800 -51.104489
16.253587 -51.116646
16.088835 -51.128752
16.074725 -51.141237
15.933514 -51.153425
15.916259 -51.114511
15.820737 -51.075324
15.729141 -51.036126
15.745521 -50.996899
15.686680 -50.957403
15.784178 -50.918461
15.987369 -50.879218
15.825915 -50.839889
15.954583 -50.800635
15.847571 -50.761623
15.947089 -50.764495
15.908710 -50.763005
15.992266 -50.766093
15.856023 -50.768933
15.732382 -50.772168
15.919161 -50.775181
15.813918 -50.777936
15.562423 -50.781132
15.658119 -50.784148
15.721873 -50.773077
15.773071 -50.784231
15.527811 -50.773092
15.549663 -50.762179
15.645782 -50.751103
15.391045 -50.740064
15.376952 -50.729028
15.442343 -50.718195
15.461216 -50.730555
15.466458 -50.771832
15.445115 -50.784627
15.428428 -50.796483
15.356387 -50.809445
15.366555 -50.821327
15.445107 -50.834094
15.309720 -50.846345
15.248733 -50.863389
14.245985 -50.947069
14.255622 -50.963997
14.453254 -50.980850
14.416697 -50.998029
14.311841 -51.014893
14.266155 -51.031868
14.023160 -51.048961
13.985761 -51.066018
13.820155 -51.083127
13.500744 -51.046156
13.419207 -51.072301
13.398391 -51.098636
13.381071 -51.125255
13.388563 -51.151714
13.406664 -51.178115
13.405894 -51.204166
13.694280 -51.230678
13.717676 -51.242723
13.751456 -51.254313
13.506733 -51.266500
13.627480 -51.278358
13.564766 -51.289997
13.320388 -51.301893
13.513765 -51.313508
13.359340 -51.325498
13.630474 -51.337113
13.760431 -51.335702
13.623247 -51.313772
13.654639 -51.312216
13.597060 -51.310531
13.664003 -51.309060
13.740555 -51.307024
13.567453 -51.305655
13.401763 -51.304060
13.398523 -51.302433
13.331130 -51.300576
13.520256 -51.280293
13.399118 -51.256039
13.278183 -51.235551
13.542229 -51.215211
13.716955 -51.194573
13.763219 -51.174483
13.796179 -51.154138
14.005567 -51.133843
13.961202 -51.113313
13.963261 -51.093111
13.818747 -51.108960
13.813328 -51.111755
13.727031 -51.114689
13.787101 -51.117658
13.690407 -51.120825
13.776532 -51.123830
13.776785 -51.126850
13.900949 -51.129616
13.915806 -51.132927
14.106001 -51.116904
14.197333 -51.096902
14.317682 -51.081298
14.426778 -51.065249
14.497342 -51.049623
14.358583 -51.033893
14.368043 -51.018394
14.391242 -51.002420
14.380659 -50.986833
14.332555 -50.971172
14.356249 -50.955299
14.251801 -50.962962
14.484115 -50.965870
14.562649 -50.968679
14.666428 -50.971798
14.755356 -50.974749
14.809743 -50.977893
14.717256 -50.981029
14.448260 -50.983795
14.377275 -50.986801
14.262717 -50.975545
14.199879 -50.952382
14.273771 -50.941315
14.078388 -50.930322
13.946057 -50.919358
13.830332 -50.908310
13.789892 -50.897214
13.668336 -50.886105
13.515719 -50.875160
13.586320 -50.883029
13.421368 -50.890591
13.404915 -50.898399
13.210543 -50.906142
13.330479 -50.913823
13.389103 -50.921430
13.321713 -50.928969
13.095673 -50.936693
12.999253 -50.944432
12.911416 -50.951981
12.843222 -50.959773
12.703073 -50.975663
12.693516 -50.983158
12.611682 -50.990903
12.778226 -50.998415
12.977172 -51.006294
12.887275 -51.013813
12.948386 -51.021423
12.851138 -51.028933
12.949081 -51.036570
13.114753 -51.034901
13.147550 -51.033299
13.199844 -51.031494
13.181014 -51.029950
13.366432 -51.028528
13.393122 -51.026657
13.417251 -51.025080
13.218303 -51.023444
13.359943 -51.021756
13.366300 -51.020197
13.298784 -51.018576
13.436225 -51.020979
13.436418 -51.019228
13.334484 -51.017300
13.550012 -51.015654
13.518751 -51.014168
13.457459 -51.012437
13.419922 -51.010686
13.304154 -51.008942
13.192966 -51.012130
13.178678 -51.005863
13.496423 -51.009064
13.458298 -51.012108
13.268404 -51.015136
13.359731 -51.018075
13.324457 -51.021070
13.383794 -51.023980
13.241831 -51.027139
13.509642 -51.030253
13.432596 -51.023982
13.513576 -51.026805
13.496674 -51.020488
13.624077 -51.014368
13.524345 -51.007724
13.657988 -51.001360
13.668598 -50.994836
13.594597 -50.988568
13.570532 -50.982150
13.720232 -50.975772
13.727059 -50.988194
13.765085 -51.005363
14.021120 -51.017628
13.956625 -51.029701
14.039602 -51.042084
13.853283 -51.054265
13.748297 -51.066845
13.718993 -51.079159
13.424178 -51.091548
13.316567 -51.089641
13.165470 -51.083259
13.123358 -51.077155
13.185351 -51.070666
13.100316 -51.064342
13.324806 -51.058031
13.464181 -51.051576
13.571800 -51.054531
13.431774 -51.048879
13.466899 -51.051802
13.701645 -51.054837
13.653847 -51.057668
13.426981 -51.060676
13.491164 -51.063695
13.484542 -51.066697
13.528056 -51.069611
13.414563 -51.077310
13.390340 -51.094079
13.345668 -51.101851
13.465629 -51.109627
13.621412 -51.117123
13.243153 -51.125028
13.146969 -51.132680
13.025234 -51.140191
13.222021 -51.147825
12.993409 -51.155599
13.000216 -51.136016
12.805490 -51.125213
12.993592 -51.114152
13.061627 -51.103392
12.977979 -51.092219
12.918839 -51.081260
12.972385 -51.070099
13.071202 -51.059194
13.120348 -51.048119
13.020348 -51.046447
13.032063 -51.044703
13.032483 -51.043181
12.955346 -51.041445
12.730394 -51.039710
12.897170 -51.038080
12.927569 -51.036444
12.864497 -51.034489
12.710990 -51.032903
12.661555 -51.031203
12.710218 -51.039138
12.653068 -51.055730
12.380510 -51.063123
12.632432 -51.071087
12.788534 -51.078288
12.791947 -51.085898
12.931966 -51.093880
12.892287 -51.101446
12.682648 -51.109143
12.646369 -51.116922
12.368829 -51.124344
12.435505 -51.132310
12.437827 -51.135120
12.426635 -51.142689
12.290818 -51.145571
12.212987 -51.148633
12.162672 -51.151493
12.072544 -51.154345
12.037488 -51.157549
12.178290 -51.160425
11.938824 -51.163657
11.830831 -51.166645
11.766059 -51.165529
11.710610 -51.173221
11.448988 -51.180621
11.398115 -51.188545
11.444653 -51.196200
11.486261 -51.203822
11.385827 -51.211304
11.362386 -51.219321
11.684098 -51.226635
11.615705 -51.234352
11.609085 -51.251212
11.774592 -51.258794
11.705102 -51.266485
11.840194 -51.273995
12.203413 -51.281500
12.098034 -51.289477
12.069470 -51.297107
12.054386 -51.305053
11.901514 -51.312514
11.927060 -51.306308
11.494874 -51.283963
11.484429 -51.277763
11.491655 -51.271396
11.452782 -51.265165
11.690173 -51.258882
11.680783 -51.252303
11.505092 -51.246038
11.570213 -51.239729
11.206757 -51.233427
11.209820 -51.226878
11.201491 -51.234750
11.095837 -51.246953
10.950596 -51.254623
10.655755 -51.262505
10.792542 -51.269898
10.773761 -51.277637
10.816277 -51.285648
11.031085 -51.293388
11.072820 -51.301256
10.995960 -51.308824
10.779356 -51.316649
10.748696 -51.291956
10.894428 -51.276266
10.892109 -51.260549
10.815810 -51.244929
10.766980 -51.229304
10.757308 -51.213454
10.723890 -51.197435
10.720004 -51.181901
10.628620 -51.175442
10.637951 -51.164627
10.785489 -51.158444
10.832837 -51.151880
10.850297 -51.145597
10.791873 -51.139164
11.018069 -51.132701
11.005937 -51.126431
11.204646 -51.119989
10.911390 -51.113710
10.911499 -50.990544
11.292283 -50.880554
11.276348 -50.757757
11.066108 -50.634692
11.322644 -50.512141
11.649770 -50.389163
11.687150 -50.265952
11.865141 -50.143026
11.978465 -50.020104
12.052015 -49.897152
11.929628 -49.895708
11.919863 -49.885203
11.724445 -49.883448
11.683451 -49.881680
11.423569 -49.879972
11.427694 -49.878208
11.319879 -49.876557
11.314003 -49.874650
11.254599 -49.873100
11.342769 -49.871449
11.356866 -49.869854
11.363467 -49.872746
11.239750 -49.871528
11.274468 -49.874674
11.266127 -49.877557
11.131159 -49.880534
10.896917 -49.883673
11.040727 -49.886696
10.954531 -49.898904
10.936934 -49.911450
11.129533 -49.923782
11.025460 -49.936071
11.052547 -49.948188
11.139772 -49.960645
11.100512 -49.972785
11.072488 -49.985286
11.039843 -49.997704
10.778014 -50.009842
10.959983 -49.994121
11.019290 -49.982986
11.019565 -49.966974
11.124583 -49.951245
11.220887 -49.935483
11.209953 -49.919702
11.295220 -49.903836
11.453422 -49.888095
11.466157 -49.872362
11.593366 -49.856545
11.459243 -49.840817
11.350049 -49.825943
11.468767 -49.824432
11.532727 -49.822717
11.613306 -49.820947
11.600719 -49.819282
11.643618 -49.817783
11.666781 -49.816186
11.745102 -49.814570
11.891271 -49.812796
11.775372 -49.797346
11.903691 -49.786569
12.105729 -49.770844
11.988242 -49.755135
12.066271 -49.739538
12.250320 -49.724197
12.173457 -49.708468
12.278455 -49.692883
12.454669 -49.676955
12.251457 -49.661491
12.180139 -49.673841
11.872021 -49.699941
11.909132 -49.712601
11.950811 -49.725086
11.972550 -49.737700
12.031841 -49.750023
11.951556 -49.762418
12.104451 -49.774658
12.037273 -49.787224
11.971894 -49.799416
11.920010 -49.802563
11.985689 -49.809755
11.961739 -49.812808
11.809348 -49.815668
11.756038 -49.818738
11.746621 -49.821647
11.745503 -49.824463
11.618164 -49.827570
11.474390 -49.830694
11.442905 -49.833560
11.323344 -49.845915
11.394477 -49.848896
11.161502 -49.861351
11.069375 -49.873705
10.992624 -49.886020
11.109964 -49.898303
11.217625 -49.910764
11.387273 -49.923034
11.263101 -49.935541
11.152958 -49.947981
11.215092 -49.960504
11.197666 -49.977381
11.177147 -50.007844
11.368886 -50.024907
11.465680 -50.041951
11.120682 -50.059116
11.276353 -50.076145
11.586761 -50.093022
11.271154 -50.110174
11.224786 -50.127222
11.210263 -50.144178
11.305538 -50.147479
11.313106 -50.120942
11.315695 -50.123900
11.354180 -50.126883
11.243699 -50.130001
11.219410 -50.132771
11.201963 -50.135963
11.042132 -50.138793
11.027492 -50.141633
10.948185 -50.140197
11.141490 -50.152505
11.123405 -50.150664
11.052888 -50.149084
10.899764 -50.147377
10.796563 -50.145627
10.724043 -50.143829
10.950542 -50.142165
10.835478 -50.140646
10.952684 -50.138927
10.841146 -50.128034
10.885566 -50.126403
10.814716 -50.124427
11.150025 -50.122800
11.035330 -50.121297
10.975348 -50.119463
10.821298 -50.117675
10.796200 -50.111484
11.032006 -50.104968
11.032850 -50.098733
11.166291 -50.092330
11.051272 -50.085928
10.845885 -50.079634
10.887973 -50.073208
10.692378 -50.067132
10.727140 -50.060561
10.645096 -50.054578
10.633381 -50.052722
10.755786 -50.046341
10.788140 -50.044687
10.993819 -50.043223
10.847361 -50.041369
10.702564 -50.039657
10.529929 -50.038038
10.680073 -50.036573
10.738579 -50.034791
10.739728 -50.047001
10.561634 -50.069643
10.446570 -50.081952
10.211192 -50.094420
10.286412 -50.106736
10.390296 -50.119101
10.293694 -50.131511
10.188006 -50.144081
10.047492 -50.156431
10.066885 -50.164160
9.721727 -50.193376
9.953767 -50.200920
9.990502 -50.208539
9.881441 -50.216158
9.893773 -50.223878
9.574164 -50.231489
9.309019 -50.238804
9.480001 -50.246893
9.654482 -50.254335
9.685592 -50.252801
9.476309 -50.246429
9.509746 -50.244793
9.664858 -50.243048
9.810602 -50.241392
9.744012 -50.239832
9.563369 -50.238139
9.535380 -50.236406
9.397283 -50.234735
9.236100 -50.233129
9.197859 -50.240593
9.197213 -50.243609
9.305693 -50.246498
9.301994 -50.249447
9.204219 -50.252403
9.264675 -50.255397
9.475218 -50.258362
9.501951 -50.261316
9.474116 -50.264170
9.582744 -50.258042
9.707521 -50.246858
9.609375 -50.240491
9.631668 -50.233833
9.635631 -50.227799
9.470381 -50.221253
9.539076 -50.214916
9.495360 -50.208736
9.535506 -50.202454
9.639924 -50.196177
9.874633 -50.199236
9.750145 -50.198048
9.808797 -50.200975
9.754177 -50.203912
9.769177 -50.207070
9.585393 -50.210207
9.564866 -50.212954
9.481048 -50.216126
9.513898 -50.219075
9.437778 -50.222116
9.382841 -50.220498
9.166727 -50.214022
9.185632 -50.212440
8.953487 -50.210559
8.924210 -50.208976
8.766731 -50.207393
9.034172 -50.205862
8.876882 -50.204086
8.933618 -50.202508
8.926969 -50.201052
8.780610 -50.199259
8.843401 -50.197600
8.747463 -50.195840
8.808593 -50.194150
8.892277 -50.192615
8.970942 -50.190843
8.980575 -50.189007
9.065068 -50.187365
8.945270 -50.185603
9.044421 -50.183903
8.999407 -50.224528
8.687783 -50.243436
8.617390 -50.283859
8.705156 -50.324408
8.532448 -50.364346
8.689001 -50.404804
8.511963 -50.445144
8.420211 -50.485601
8.460122 -50.526078
8.486586 -50.519550
8.308359 -50.513106
8.274555 -50.506806
8.202473 -50.500166
8.525910 -50.494008
8.696877 -50.487391
8.658707 -50.481182
8.570818 -50.474656
8.568658 -50.468418
8.563764 -50.462034
8.624404 -50.465139
8.556484 -50.467886
8.641550 -50.470948
8.641633 -50.474038
8.676762 -50.477054
8.629181 -50.480179
8.854870 -50.483003
8.952805 -50.486105
8.710292 -50.489013
8.777843 -50.492118
8.775272 -50.485912
8.720731 -50.479485
8.752057 -50.473047
8.703502 -50.466599
8.649164 -50.460254
8.460366 -50.453871
8.331459 -50.447475
8.297928 -50.441141
8.321455 -50.434691
8.216919 -50.428355
8.086591 -50.431398
8.120972 -50.434307
8.034290 -50.437212
8.271293 -50.440369
8.491059 -50.443327
8.556611 -50.446277
8.623488 -50.449380
8.312832 -50.452256
8.289128 -50.455449
8.286137 -50.463058
8.379741 -50.479701
8.386302 -50.487396
8.449193 -50.494960
8.481546 -50.502818
8.401293 -50.510176
8.578604 -50.517953
8.584508 -50.525834
8.464661 -50.533285
8.503762 -50.540906
8.367231 -50.548677
8.178854 -50.542580
8.334540 -50.540876
8.316657 -50.534597
8.261456 -50.528234
8.171656 -50.521825
8.124939 -50.515819
8.090655 -50.509452
8.211684 -50.503061
8.173480 -50.496574
8.297068 -50.490313
8.174192 -50.484145
7.974505 -50.482549
8.144520 -50.475956
8.087066 -50.474367
8.009929 -50.472754
7.997529 -50.471103
8.033065 -50.469205
8.169091 -50.467639
8.045015 -50.466022
8.131205 -50.464198
8.061173 -50.462270
7.883099 -50.455977
7.839098 -50.454235
7.647028 -50.452709
7.805955 -50.450733
7.847656 -50.449231
7.938836 -50.447531
7.708802 -50.445725
7.643296 -50.444145
7.573167 -50.442313
7.326059 -50.440590
7.514508 -50.438675
7.357453 -50.432272
7.331821 -50.425946
7.420983 -50.419568
7.573565 -50.413195
7.615716 -50.406829
7.635343 -50.400348
7.652724 -50.393881
7.718088 -50.387307
7.620025 -50.381020
7.871643 -50.374867
7.721140 -50.364014
7.702030 -50.357479
7.713135 -50.351300
7.804614 -50.344938
7.966051 -50.338476
8.044238 -50.332361
7.876170 -50.325762
7.994415 -50.319282
7.898106 -50.308393
8.171603 -50.297235
8.163746 -50.286296
8.150358 -50.275396
8.274337 -50.264219
8.226132 -50.253370
8.375505 -50.242099
8.444503 -50.231109
8.289106 -50.219934
8.380525 -50.208855
8.175300 -50.202798
8.064085 -50.201367
8.019529 -50.195051
8.141898 -50.188508
8.109447 -50.182230
8.099432 -50.175808
8.004286 -50.169448
7.981480 -50.163370
7.805193 -50.157193
7.897898 -50.150886
7.784260 -50.158537
7.765978 -50.175583
7.851653 -50.183097
7.838026 -50.190751
7.754927 -50.198538
7.659506 -50.206402
7.482591 -50.213842
7.473005 -50.221603
7.523860 -50.229148
7.563781 -50.236870
7.761541 -50.244397
7.675417 -50.251834
7.800046 -50.254827
7.828161 -50.257721
7.808019 -50.260809
7.747051 -50.263697
7.825523 -50.266781
7.573267 -50.269725
7.476889 -50.272673
7.543640 -50.275849
7.481831 -50.278721
7.486314 -50.263021
7.626808 -50.233874
7.669835 -50.218157
7.704521 -50.202449
7.612158 -50.187005
7.700710 -50.171262
7.669872 -50.155636
7.735696 -50.139982
7.792793 -50.124419
7.799803 -50.108722
7.884649 -50.093124
8.020011 -50.113597
8.005034 -50.121463
7.968715 -50.129195
7.869275 -50.137055
7.940781 -50.144658
8.059258 -50.152433
8.112523 -50.160098
8.097621 -50.167757
7.969923 -50.175489
7.894503 -50.173846
7.826919 -50.176845
7.738033 -50.175218
7.651743 -50.173413
7.739721 -50.171690
7.595663 -50.170116
7.718057 -50.168454
7.819763 -50.166921
7.868242 -50.165163
7.832137 -50.163718
7.882196 -50.166629
7.747602 -50.169437
7.925059 -50.172391
8.081074 -50.175564
7.878622 -50.178477
7.884446 -50.181641
7.846668 -50.184527
7.745926 -50.187489
7.817797 -50.190404
7.951655 -50.193336
7.975662 -50.196319
8.035173 -50.208728
7.937731 -50.225561
7.813177 -50.237913
7.962565 -50.250208
7.816639 -50.262854
8.004706 -50.275148
7.830415 -50.287337
7.943646 -50.299647
8.046119 -50.312127
8.064232 -50.320030
8.106511 -50.318626
8.128807 -50.326230
8.065418 -50.334053
7.986526 -50.341621
7.967879 -50.349232
7.837062 -50.356850
7.906775 -50.364687
7.840287 -50.372205
7.817949 -50.380048
7.784200 -50.387723
7.851017 -50.399811
7.794276 -50.407599
7.860789 -50.415455
7.803363 -50.423162
7.875422 -50.430910
7.896835 -50.438649
7.805074 -50.446312
7.920404 -50.454073
7.903626 -50.461776
7.748807 -50.469385
7.763803 -50.467704
7.881316 -50.470657
8.010115 -50.473696
7.933184 -50.476501
7.811955 -50.479746
7.909756 -50.482619
7.878579 -50.485522
7.811869 -50.488702
7.758806 -50.491574
7.745750 -50.494637
7.586880 -50.493007
7.480371 -50.491326
7.483592 -50.489701
7.492334 -50.487743
7.522666 -50.486208
7.473683 -50.484394
7.454192 -50.482948
7.503224 -50.481104
7.474760 -50.479330
7.545405 -50.477937
7.874510 -50.466749
7.791042 -50.451720
7.690675 -50.440450
7.670411 -50.429619
7.571920 -50.418351
7.489108 -50.407505
7.482363 -50.396391
7.653988 -50.385102
7.753020 -50.374086
7.567356 -50.363127
7.529648 -50.394034
7.460064 -50.420605
7.501085 -50.451680
7.555622 -50.482855
7.439051 -50.513795
7.493037 -50.544893
7.269689 -50.575653
7.290319 -50.606940
7.223090 -50.638171
7.143526 -50.668952
6.912424 -50.700346
6.903278 -50.720227
6.827446 -50.727805
7.029540 -50.735613
7.101973 -50.743320
7.256211 -50.750895
7.053076 -50.758461
7.093690 -50.766301
7.138522 -50.774076
7.169533 -50.781613
7.280172 -50.789371
7.241107 -50.792572
7.321949 -50.800219
7.280428 -50.808088
7.237890 -50.815772
7.252243 -50.823269
7.411109 -50.830859
7.324403 -50.838502
7.360957 -50.846189
7.353949 -50.853740
7.309002 -50.861443
7.598756 -50.859693
7.347190 -50.866971
7.361257 -50.865414
7.378878 -50.863661
7.389372 -50.861821
7.435607 -50.860278
7.377052 -50.858501
7.449531 -50.856734
7.055497 -50.855284
7.127604 -50.853639
7.174211 -50.856611
7.216822 -50.859768
7.329524 -50.862658
7.410586 -50.865572
7.344941 -50.868859
7.362053 -50.871997
7.481662 -50.875070
7.459676 -50.878034
7.504372 -50.881154
7.330771 -50.851188
7.271814 -50.808256
7.264526 -50.778352
7.264878 -50.748717
7.309095 -50.719107
7.571362 -50.689339
7.278534 -50.659663
7.200728 -50.629692
7.322495 -50.600057
7.477545 -50.569881
7.611890 -50.573178
7.348611 -50.580527
7.567566 -50.583480
7.317300 -50.586535
7.516780 -50.589538
7.506424 -50.592557
7.542292 -50.595258
7.409099 -50.598200
7.474319 -50.601331
7.517307 -50.604202
7.438272 -50.607171
7.530412 -50.619695
7.264355 -50.636432
7.236359 -50.648668
7.144673 -50.660970
7.371219 -50.673252
7.255957 -50.685747
7.414473 -50.697878
7.440843 -50.710276
7.469655 -50.722484
7.463154 -50.725534
7.526773 -50.732896
7.401774 -50.735822
7.390698 -50.738835
7.287820 -50.741773
7.365537 -50.744686
7.217396 -50.747596
7.000757 -50.750779
6.992472 -50.753796
6.990104 -50.756672
6.954885 -50.778357
7.037653 -50.800142
6.993971 -50.821994
6.860698 -50.843707
6.635287 -50.865689
6.603968 -50.887230
6.227841 -50.909148
6.204608 -50.930930
6.180310 -50.952596
6.241945 -50.974276
6.003838 -50.958625
6.140656 -50.943022
6.212057 -50.927260
6.025810 -50.911364
6.344128 -50.895769
6.302532 -50.880123
6.229682 -50.864348
6.293185 -50.848321
6.168656 -50.832585
6.248346 -50.859131
6.164796 -50.889691
6.162002 -50.916735
6.091212 -50.942993
6.001088 -50.969208
6.035366 -50.995806
6.015558 -51.022258
5.637005 -51.048817
5.534020 -51.075016
5.585760 -51.101525
5.676267 -51.095013
5.954498 -51.088815
5.881424 -51.082802
6.063308 -51.076367
5.965224 -51.069409
6.152598 -51.063346
6.229314 -51.056826
6.102894 -51.050593
6.364006 -51.044319
6.124435 -51.038069
6.286397 -51.031540
6.442128 -51.020795
6.505506 -51.014393
6.445110 -51.007929
6.276889 -51.001561
6.315165 -50.995368
6.483671 -50.989243
6.485100 -50.982756
6.440037 -50.976562
6.221176 -50.920384
6.254908 -50.876763
6.151387 -50.832864
6.263432 -50.789025
6.348262 -50.745068
6.360300 -50.701325
6.429782 -50.657399
6.464533 -50.613697
6.445325 -50.570029
6.648164 -50.526015
6.743253 -50.519680
6.882717 -50.522301
7.012417 -50.515909
6.959211 -50.509530
7.118365 -50.503052
7.232829 -50.496570
7.228861 -50.490321
7.398079 -50.484027
7.520682 -50.477473
7.235969 -50.471039
7.484496 -50.464773
7.483930 -50.458274
7.483533 -50.451830
7.476434 -50.445497
7.505925 -50.439068
7.459495 -50.432895
7.503679 -50.426252
7.555519 -50.419834
7.610264 -50.413665
7.440855 -50.411774
7.455140 -50.405487
7.480155 -50.404120
7.450883 -50.402275
7.498550 -50.400475
7.533006 -50.398700
7.384704 -50.397214
7.395734 -50.395317
7.316652 -50.393802
7.338201 -50.392293
7.317378 -50.395103
7.286622 -50.398160
7.272780 -50.401305
7.271116 -50.404176
7.368396 -50.407117
7.220455 -50.410211
7.194266 -50.413051
7.312059 -50.415962
7.083481 -50.419019
7.200336 -50.421966
7.090016 -50.425168
6.964428 -50.428153
6.994109 -50.431428
7.227620 -50.434603
7.124024 -50.437543
7.109066 -50.440334
7.167869 -50.443416
7.007075 -50.446366
6.971285 -50.449438
7.052980 -50.452575
7.145048 -50.459986
6.936314 -50.462998
6.979292 -50.466066
7.041851 -50.468956
7.167990 -50.471986
7.136432 -50.475038
7.147454 -50.478287
7.093021 -50.481064
7.209335 -50.479492
7.329181 -50.482394
7.060344 -50.480734
7.213933 -50.479155
7.260042 -50.477391
7.683444 -50.475566
7.548153 -50.474255
7.764087 -50.472501
7.910783 -50.470859
7.877180 -50.464198
7.971796 -50.462634
7.888530 -50.456367
8.093657 -50.449900
8.003639 -50.443638
7.990657 -50.436992
7.924623 -50.430731
7.838210 -50.424453
7.908308 -50.417850
7.998075 -50.411367
8.086090 -50.405044
7.977577 -50.408120
8.011438 -50.397887
8.018642 -50.400771
7.944346 -50.403637
7.704487 -50.406876
7.809323 -50.409537
7.540055 -50.412637
7.537387 -50.415356
7.423485 -50.418692
7.639913 -50.421548
7.683652 -50.429421
7.809818 -50.432572
8.022760 -50.435506
8.164969 -50.438600
8.146259 -50.441663
8.028323 -50.444688
8.284309 -50.447738
8.198958 -50.450747
8.232603 -50.453736
8.336683 -50.451874
8.346877 -50.450377
8.444220 -50.448585
8.471359 -50.447119
8.605382 -50.445310
8.578240 -50.443638
8.562829 -50.441933
8.484751 -50.440361
8.499371 -50.438554
8.295975 -50.423067
8.443797 -50.407466
8.429828 -50.391621
8.390902 -50.375924
8.299433 -50.360332
8.528733 -50.344492
8.479805 -50.329090
8.600270 -50.313351
8.578226 -50.297618
8.711242 -50.282163
8.577349 -50.275492
8.655017 -50.269037
8.460556 -50.262894
8.484509 -50.256377
8.356640 -50.250155
8.293142 -50.243543
8.410468 -50.237284
8.299772 -50.230930
8.303191 -50.224683
8.416192 -50.222926
8.519624 -50.212743
8.348177 -50.210965
8.442241 -50.209161
8.345681 -50.207675
8.185392 -50.205918
8.306362 -50.204062
8.242127 -50.202523
8.204779 -50.200965
8.288006 -50.199163
8.024027 -50.220890
8.099519 -50.242601
7.993121 -50.264550
8.006287 -50.286098
8.007312 -50.308007
8.070535 -50.329621
8.066586 -50.351627
8.142628 -50.373349
7.987658 -50.395004
7.935407 -50.416534
7.915371 -50.428560
7.919012 -50.436365
7.972724 -50.443851
8.154427 -50.451572
8.151957 -50.459200
8.096699 -50.467007
8.095087 -50.474715
8.109596 -50.482420
8.156374 -50.490143
8.093935 -50.488497
8.067066 -50.491350
8.015348 -50.489540
8.062854 -50.487524
8.008557 -50.485812
8.020721 -50.484159
8.051617 -50.482620
8.165544 -50.480889
7.893676 -50.479505
7.870050 -50.477723
7.630449 -50.475708
7.326221 -50.482714
7.302024 -50.481170
7.331282 -50.479355
7.476877 -50.477776
7.413709 -50.476054
7.418744 -50.474356
7.309039 -50.472530
7.458562 -50.471156
7.446703 -50.492891
7.484890 -50.501218
7.364697 -50.523063
7.496986 -50.544807
7.554256 -50.566611
7.449277 -50.588379
7.481631 -50.610171
7.272904 -50.631790
7.196030 -50.653677
7.057991 -50.675505
7.148673 -50.674273
7.078428 -50.677305
7.064859 -50.680325
6.797848 -50.683347
6.871281 -50.686220
6.975886 -50.689113
6.820596 -50.691972
6