-0.000551 -0.000206
-0.000899 -0.000538
-0.001414 -0.000805
-0.001755 -0.001069
-0.001511 -0.001366
-0.001122 -0.001743
-0.000927 -0.002076
-0.000447 -0.002452
-0.000015 -0.002742
0.000382 -0.003062
0.000870 -0.003453
0.001280 -0.003768
0.001488 -0.004071
0.000275 -0.003621
-0.000952 -0.003258
-0.002329 -0.002749
-0.003690 -0.002288
-0.005085 -0.001809
-0.006427 -0.001331
-0.007748 -0.000839
-0.009146 -0.000375
-0.013605 -0.004416
-0.017565 -0.008052
-0.021535 -0.011615
-0.025533 -0.015239
-0.029447 -0.018861
-0.033469 -0.022423
-0.037407 -0.026023
-0.041389 -0.029641
-0.041163 -0.029088
-0.040835 -0.028536
-0.040645 -0.028022
-0.040456 -0.027526
-0.040217 -0.026961
-0.039963 -0.026396
-0.039716 -0.025887
-0.039508 -0.025381
-0.039338 -0.024905
-0.039105 -0.024460
-0.038941 -0.024062
-0.038779 -0.023662
-0.038620 -0.023247
-0.038440 -0.022812
-0.038222 -0.022323
-0.038821 -0.023259
-0.039481 -0.024446
-0.040113 -0.025622
-0.040843 -0.026793
-0.041422 -0.028024
-0.041942 -0.029295
-0.042666 -0.030493
-0.043341 -0.031656
-0.043182 -0.031121
-0.042962 -0.030606
-0.042751 -0.030123
-0.042512 -0.029649
-0.042241 -0.029231
-0.042116 -0.028722
-0.041969 -0.028231
-0.041807 -0.027745
-0.041644 -0.029313
-0.041420 -0.030956
-0.041201 -0.032557
-0.041037 -0.034186
-0.040833 -0.035827
-0.040670 -0.037411
-0.040590 -0.039054
-0.040345 -0.040606
-0.038716 -0.037408
-0.037458 -0.034704
-0.036218 -0.031693
-0.035125 -0.028825
-0.033471 -0.025196
-0.032202 -0.022389
-0.030839 -0.019334
-0.030015 -0.019647
-0.029113 -0.019904
-0.028235 -0.020144
-0.027350 -0.020380
-0.026422 -0.020644
-0.025576 -0.020852
-0.024744 -0.021073
-0.023900 -0.021331
-0.024369 -0.021610
-0.024855 -0.021806
-0.025374 -0.022063
-0.025874 -0.022320
-0.026386 -0.022578
-0.026899 -0.022884
-0.027402 -0.023106
-0.027938 -0.023320
-0.028403 -0.023565
-0.028329 -0.023302
-0.028238 -0.023084
-0.028140 -0.022845
-0.028026 -0.022620
-0.027949 -0.022371
-0.027811 -0.022144
-0.027709 -0.021907
-0.027588 -0.021685
-0.027398 -0.021236
-0.027207 -0.020816
-0.026986 -0.020418
-0.026836 -0.020016
-0.026615 -0.019580
-0.026413 -0.019051
-0.026152 -0.018622
-0.025981 -0.018152
-0.025184 -0.018383
-0.024349 -0.018683
-0.023479 -0.018898
-0.022659 -0.019156
-0.021782 -0.019428
-0.020923 -0.019713
-0.020144 -0.019907
-0.019211 -0.020153
-0.019724 -0.020412
-0.020250 -0.020675
-0.020719 -0.020944
-0.021210 -0.021175
-0.021718 -0.021384
-0.022242 -0.021648
-0.022799 -0.021949
-0.021905 -0.022204
-0.021045 -0.022424
-0.020187 -0.022625
-0.019288 -0.022855
-0.018404 -0.023108
-0.017526 -0.023278
-0.016744 -0.023429
-0.015829 -0.023766
-0.014969 -0.024023
-0.015520 -0.024294
-0.016022 -0.024561
-0.016636 -0.024834
-0.017050 -0.025113
-0.017575 -0.025359
-0.018032 -0.025527
-0.018570 -0.025755
-0.019097 -0.026034
-0.019609 -0.026295
-0.020090 -0.026495
-0.020600 -0.026738
-0.020995 -0.026957
-0.021424 -0.027185
-0.021878 -0.027423
-0.022358 -0.027628
-0.022860 -0.027889
-0.023328 -0.028097
-0.023236 -0.029251
-0.023114 -0.030434
-0.022997 -0.031630
-0.022830 -0.032811
-0.022683 -0.033991
-0.022585 -0.035176
-0.022425 -0.036366
-0.022303 -0.037531
-0.021480 -0.038457
-0.020575 -0.039331
-0.019715 -0.040233
-0.018837 -0.041114
-0.017966 -0.042057
-0.017091 -0.043021
-0.016242 -0.043990
-0.015372 -0.044936
-0.016902 -0.045289
-0.018415 -0.045584
-0.019980 -0.045970
-0.021500 -0.046269
-0.022962 -0.046562
-0.024483 -0.046943
-0.025972 -0.047266
-0.026706 -0.047610
-0.027410 -0.048011
-0.028169 -0.048388
-0.028890 -0.048714
-0.029670 -0.049014
-0.030423 -0.049353
-0.031180 -0.049743
-0.031966 -0.050146
-0.032683 -0.050499
-0.032250 -0.049683
-0.031914 -0.048892
-0.031642 -0.048109
-0.031262 -0.047343
-0.031034 -0.046524
-0.030593 -0.045766
-0.030188 -0.044882
-0.029962 -0.043958
-0.028831 -0.043430
-0.027784 -0.042914
-0.026725 -0.042364
-0.025685 -0.041781
-0.024622 -0.041236
-0.023603 -0.040760
-0.022506 -0.040172
-0.021427 -0.039689
-0.020411 -0.039145
-0.021630 -0.039799
-0.022727 -0.040529
-0.023889 -0.041185
-0.025094 -0.041687
-0.026297 -0.042308
-0.027468 -0.042867
-0.028686 -0.043416
-0.029866 -0.044082
-0.030711 -0.044515
-0.031536 -0.044808
-0.032368 -0.045164
-0.033240 -0.045711
-0.034087 -0.046105
-0.034872 -0.046475
-0.035647 -0.046879
-0.036508 -0.047288
-0.037010 -0.046216
-0.037523 -0.045128
-0.037999 -0.044041
-0.038504 -0.042949
-0.039034 -0.041862
-0.039513 -0.040785
-0.039998 -0.039701
-0.040533 -0.038609
-0.039651 -0.038234
-0.038490 -0.037730
-0.037441 -0.037193
-0.036307 -0.036628
-0.035157 -0.036038
-0.034158 -0.035464
-0.032937 -0.034963
-0.031790 -0.034390
-0.030661 -0.033790
-0.031189 -0.032725
-0.031686 -0.031604
-0.032231 -0.030566
-0.032706 -0.029473
-0.033189 -0.028441
-0.033708 -0.027329
-0.034229 -0.026210
-0.034744 -0.025095
-0.035201 -0.026015
-0.035713 -0.026918
-0.036153 -0.027804
-0.036719 -0.028695
-0.037180 -0.029635
-0.037691 -0.030519
-0.038187 -0.031400
-0.037328 -0.030987
-0.036449 -0.030598
-0.035632 -0.030155
-0.034771 -0.029786
-0.033890 -0.029404
-0.033105 -0.028899
-0.031508 -0.028541
-0.026327 -0.027202
-0.021130 -0.025758
-0.015633 -0.024092
-0.010383 -0.022573
-0.005144 -0.021115
0.000027 -0.019626
0.005357 -0.018213
0.003700 -0.019030
0.003102 -0.019263
0.002644 -0.019486
0.002168 -0.019732
0.001676 -0.019963
0.001155 -0.020187
0.000679 -0.020480
0.000116 -0.020682
-0.000364 -0.020956
-0.000197 -0.021800
-0.000014 -0.022707
0.000180 -0.023560
0.000338 -0.024456
0.000533 -0.025286
0.000668 -0.026187
0.000842 -0.027102
0.001022 -0.027962
-0.000151 -0.028183
-0.001384 -0.028487
-0.002512 -0.028776
-0.003674 -0.028982
-0.004890 -0.029210
-0.006031 -0.029444
-0.007191 -0.029669
-0.008410 -0.029936
-0.009576 -0.030166
-0.010112 -0.029720
-0.010634 -0.029341
-0.011113 -0.028956
-0.011625 -0.028521
-0.012153 -0.028053
-0.012636 -0.027685
-0.013143 -0.027253
-0.013616 -0.026846
-0.013471 -0.026442
-0.013342 -0.026068
-0.013179 -0.025617
-0.012968 -0.025196
-0.012845 -0.024806
-0.012640 -0.024372
-0.012483 -0.023971
-0.012300 -0.023593
-0.012102 -0.023167
-0.012598 -0.022800
-0.013119 -0.022388
-0.013649 -0.021962
-0.014106 -0.021626
-0.014621 -0.021188
-0.015088 -0.020812
-0.015626 -0.020426
-0.016148 -0.020039
-0.016657 -0.020305
-0.017071 -0.020508
-0.017637 -0.020789
-0.018180 -0.021007
-0.018652 -0.021300
-0.019179 -0.021562
-0.019642 -0.021853
-0.020109 -0.022112
-0.021296 -0.021683
-0.022521 -0.021206
-0.023693 -0.020764
-0.024875 -0.020454
-0.026057 -0.020067
-0.027245 -0.019630
-0.028373 -0.019277
-0.029630 -0.018798
-0.029444 -0.018382
-0.029228 -0.017963
-0.029031 -0.017527
-0.028939 -0.017034
-0.028755 -0.016603
-0.028598 -0.016237
-0.028416 -0.015751
-0.028220 -0.015347
-0.032976 -0.010745
-0.037886 -0.006701
-0.042479 -0.002196
-0.047239 0.002148
-0.052182 0.006709
-0.057162 0.011238
-0.061871 0.015793
-0.066826 0.019841
-0.067310 0.020917
-0.067851 0.022022
-0.068343 0.023105
-0.068853 0.024227
-0.069338 0.025264
-0.069882 0.026307
-0.070360 0.027383
-0.070888 0.028485
-0.070028 0.028904
-0.069152 0.029344
-0.068305 0.029737
-0.067444 0.030122
-0.066528 0.030566
-0.065657 0.030998
-0.064818 0.031408
-0.063951 0.031793
-0.063762 0.033567
-0.063547 0.035295
-0.063399 0.037091
-0.063161 0.038826
-0.063016 0.040526
-0.062809 0.042260
-0.062672 0.044061
-0.062505 0.045868
-0.062295 0.047605
-0.063526 0.047402
-0.064751 0.047169
-0.065958 0.046867
-0.067166 0.046629
-0.068394 0.046319
-0.069583 0.046077
-0.070815 0.045792
-0.072031 0.045591
-0.073259 0.045329
-0.070364 0.040511
-0.067556 0.035702
-0.064731 0.030892
-0.061894 0.026119
-0.059033 0.021391
-0.056186 0.016581
-0.053361 0.011861
-0.050520 0.007044
-0.047659 0.006049
-0.044680 0.005182
-0.041772 0.004295
-0.038792 0.003330
-0.035804 0.002434
-0.032879 0.001491
-0.029993 0.000486
-0.027074 -0.000435
-0.022337 -0.003144
-0.017682 -0.006007
-0.012957 -0.008741
-0.008098 -0.011524
-0.003492 -0.014333
0.001161 -0.017260
0.005833 -0.019979
0.010775 -0.022829
0.011646 -0.022441
0.012550 -0.021964
0.013377 -0.021557
0.014244 -0.021077
0.015089 -0.020644
0.015957 -0.020249
0.016850 -0.019774
0.017726 -0.019359
0.018633 -0.018957
0.018119 -0.019878
0.017601 -0.020728
0.017125 -0.021626
0.016592 -0.022578
0.016107 -0.023474
0.015576 -0.024379
0.015005 -0.025315
0.013864 -0.025570
0.012642 -0.025834
0.011446 -0.026060
0.010204 -0.026336
0.009006 -0.026617
0.007773 -0.026880
0.006526 -0.027118
0.005350 -0.027366
0.004146 -0.027600
0.002911 -0.027893
0.001677 -0.028182
0.000512 -0.028439
-0.000755 -0.028585
-0.001918 -0.028889
-0.003230 -0.029178
-0.003705 -0.027452
-0.004179 -0.025702
-0.004705 -0.023916
-0.005193 -0.022241
-0.005717 -0.020532
-0.006091 -0.018797
-0.006698 -0.017033
-0.007200 -0.015242
-0.004237 -0.025547
-0.001299 -0.035833
0.001654 -0.046115
0.004627 -0.056394
0.007566 -0.066709
0.010474 -0.077010
0.013452 -0.087304
0.016363 -0.097557
0.015859 -0.095152
0.015359 -0.092774
0.014770 -0.090280
0.014269 -0.087874
0.013722 -0.085518
0.013200 -0.083115
0.012679 -0.080675
0.012197 -0.078224
0.010246 -0.079113
0.008358 -0.080056
0.006477 -0.080968
0.004584 -0.081874
0.002719 -0.082782
0.000778 -0.083657
-0.001103 -0.084546
-0.002988 -0.085461
-0.002738 -0.085902
-0.002454 -0.086249
-0.002171 -0.086672
-0.001888 -0.087125
-0.001674 -0.087577
-0.001300 -0.088019
-0.001037 -0.088486
-0.000737 -0.088910
-0.000567 -0.089132
-0.000405 -0.089370
-0.000303 -0.089619
-0.000029 -0.089921
0.000093 -0.090112
0.000286 -0.090378
0.000529 -0.090669
0.001421 -0.090900
0.002437 -0.091105
0.003489 -0.091449
0.004542 -0.091794
0.005642 -0.092076
0.006644 -0.092324
0.007753 -0.092598
0.007905 -0.092176
0.008116 -0.091771
0.008320 -0.091346
0.008473 -0.090943
0.008665 -0.090512
0.008838 -0.090096
0.008339 -0.089711
0.007821 -0.089307
0.007353 -0.088911
0.006835 -0.088472
0.006307 -0.088047
0.005784 -0.087648
0.005200 -0.087170
0.004771 -0.086765
0.004915 -0.086993
0.005127 -0.087262
0.005295 -0.087572
0.005516 -0.087810
0.005684 -0.088001
0.005899 -0.088258
0.006111 -0.088512
0.006249 -0.088740
0.006463 -0.088979
0.005954 -0.089923
0.005398 -0.090761
0.004854 -0.091641
0.004370 -0.092564
0.003915 -0.093512
0.003402 -0.094326
0.002900 -0.095240
0.002548 -0.095931
0.002176 -0.096572
0.001813 -0.097253
0.001422 -0.097964
0.001037 -0.098658
0.000655 -0.099323
0.000253 -0.100020
-0.000210 -0.100672
-0.000492 -0.100316
-0.000931 -0.099917
-0.001464 -0.099548
-0.001967 -0.099034
-0.002446 -0.098581
-0.002929 -0.098204
-0.003458 -0.097769
-0.003949 -0.097397
-0.004413 -0.096979
-0.005615 -0.096532
-0.006763 -0.096085
-0.007956 -0.095716
-0.009212 -0.095316
-0.010350 -0.094902
-0.011500 -0.094509
-0.012706 -0.094053
-0.013908 -0.093665
-0.013712 -0.093268
-0.013506 -0.092870
-0.013309 -0.092426
-0.013132 -0.092010
-0.013008 -0.091567
-0.012888 -0.091155
-0.012682 -0.090731
-0.013935 -0.089598
-0.015183 -0.088476
-0.016376 -0.087382
-0.017586 -0.086256
-0.018804 -0.085227
-0.019982 -0.084126
-0.021187 -0.083040
-0.022376 -0.081974
-0.023665 -0.080927
-0.023510 -0.080438
-0.023345 -0.080044
-0.023150 -0.079604
-0.023011 -0.079182
-0.022846 -0.078805
-0.022648 -0.078360
-0.022497 -0.077923
-0.022342 -0.077486
-0.022060 -0.077751
-0.021895 -0.077979
-0.021691 -0.078262
-0.021532 -0.078483
-0.021374 -0.078704
-0.021171 -0.078970
-0.021004 -0.079172
-0.020812 -0.079443
-0.021293 -0.080335
-0.021844 -0.081236
-0.022337 -0.082156
-0.022848 -0.083046
-0.023329 -0.083949
-0.023803 -0.084807
-0.024371 -0.085660
-0.024780 -0.086595
-0.024621 -0.086823
-0.024466 -0.087047
-0.024287 -0.087297
-0.024109 -0.087542
-0.023927 -0.087813
-0.023747 -0.088052
-0.023630 -0.088279
-0.023462 -0.088521
-0.024702 -0.088106
-0.025839 -0.087647
-0.027058 -0.087247
-0.028295 -0.086812
-0.029507 -0.086409
-0.030615 -0.085967
-0.031147 -0.085553
-0.031652 -0.085166
-0.032109 -0.084731
-0.032626 -0.084333
-0.033138 -0.083954
-0.033652 -0.083556
-0.034119 -0.083136
-0.034646 -0.082689
-0.035111 -0.082321
-0.035631 -0.081879
-0.036148 -0.081426
-0.036629 -0.081068
-0.037167 -0.080614
-0.037657 -0.080199
-0.038148 -0.079819
-0.038635 -0.079372
-0.039125 -0.078983
-0.038237 -0.078558
-0.037395 -0.078142
-0.036596 -0.077753
-0.035743 -0.077292
-0.034915 -0.076794
-0.034062 -0.076398
-0.033193 -0.075974
-0.031685 -0.075541
-0.030169 -0.075154
-0.028676 -0.074778
-0.027092 -0.074358
-0.025655 -0.073975
-0.024081 -0.073546
-0.022569 -0.073111
-0.020999 -0.072682
-0.019462 -0.072322
-0.021385 -0.073871
-0.023140 -0.075448
-0.024992 -0.077046
-0.026899 -0.078633
-0.028754 -0.080204
-0.030619 -0.081739
-0.032494 -0.083295
-0.034437 -0.084818
-0.036221 -0.086394
-0.036046 -0.085336
-0.035841 -0.084245
-0.035649 -0.083158
-0.035520 -0.082076
-0.035375 -0.080963
-0.035136 -0.079921
-0.035016 -0.078779
-0.034820 -0.077741
-0.034612 -0.076692
-0.035156 -0.076977
-0.035648 -0.077290
-0.036171 -0.077594
-0.036725 -0.077845
-0.037228 -0.078095
-0.037681 -0.078300
-0.038166 -0.078566
-0.037931 -0.079496
-0.037793 -0.080443
-0.037582 -0.081436
-0.037457 -0.082355
-0.037261 -0.083277
-0.037066 -0.084218
-0.036875 -0.085135
-0.036664 -0.086110
-0.036471 -0.087045
-0.037110 -0.086524
-0.037734 -0.085996
-0.038375 -0.085415
-0.039027 -0.084885
-0.039682 -0.084415
-0.040334 -0.083901
-0.040930 -0.083402
-0.041559 -0.082891
-0.041383 -0.082389
-0.041180 -0.081981
-0.040994 -0.081574
-0.040802 -0.081217
-0.040639 -0.080771
-0.040474 -0.080352
-0.040299 -0.079896
-0.040108 -0.079498
-0.039984 -0.079058
-0.039162 -0.078602
-0.038290 -0.078159
-0.037335 -0.077718
-0.036511 -0.077345
-0.035585 -0.076922
-0.034723 -0.076493
-0.033857 -0.076063
-0.032993 -0.075652
-0.033492 -0.075926
-0.034060 -0.076116
-0.034491 -0.076331
-0.034951 -0.076626
-0.035461 -0.076830
-0.035910 -0.077018
-0.036398 -0.077274
-0.036889 -0.077502
-0.038041 -0.078366
-0.039273 -0.079358
-0.040395 -0.080322
-0.041568 -0.081197
-0.042757 -0.082106
-0.043907 -0.082957
-0.045084 -0.083874
-0.046278 -0.084818
-0.044718 -0.085273
-0.043072 -0.085881
-0.041448 -0.086359
-0.039824 -0.086773
-0.038121 -0.087259
-0.036473 -0.087732
-0.035019 -0.088142
-0.035861 -0.089930
-0.036500 -0.091171
-0.037159 -0.092418
-0.037839 -0.093659
-0.038490 -0.094857
-0.039093 -0.096072
-0.039795 -0.097183
-0.040434 -0.098380
-0.041099 -0.099570
-0.041591 -0.099163
-0.042156 -0.098702
-0.042703 -0.098310
-0.043165 -0.097820
-0.043648 -0.097389
-0.044158 -0.096977
-0.044673 -0.096560
-0.045158 -0.096134
-0.045918 -0.096289
-0.046621 -0.096405
-0.047339 -0.096583
-0.048077 -0.096749
-0.048780 -0.096854
-0.049499 -0.096969
-0.050253 -0.097141
-0.050991 -0.097286
-0.002360 -0.061593
0.046350 -0.025943
0.094919 0.009732
0.143529 0.045412
0.192223 0.081119
0.240821 0.116760
0.289402 0.152476
0.338108 0.188146
0.342441 0.191481
0.346770 0.194765
0.351109 0.198054
0.355368 0.201329
0.359765 0.204628
0.364121 0.207942
0.368486 0.211264
0.431455 0.207697
0.492675 0.204217
0.553906 0.200717
0.615180 0.197250
0.676450 0.193763
0.737683 0.190271
0.798895 0.186806
0.860099 0.183380
0.921310 0.179934
1.067366 0.123006
1.254379 0.050097
1.441383 -0.022771
1.628391 -0.095641
1.815395 -0.168534
2.002401 -0.241434
2.189362 -0.314337
2.376238 -0.387136
2.561695 -0.455956
2.547361 -0.465930
3.369062 -0.181419
3.355262 -0.192477
3.341485 -0.203536
3.327707 -0.214603
3.313926 -0.225663
3.300143 -0.236720
3.286355 -0.247778
3.272573 -0.258841
3.291618 -0.283954
3.310669 -0.309087
3.329720 -0.334207
3.348764 -0.359325
3.367812 -0.384444
3.386858 -0.409562
3.405912 -0.434665
3.424952 -0.459775
3.246287 -0.496291
3.067607 -0.532797
2.888932 -0.569293
2.710248 -0.605785
2.531581 -0.642274
2.352916 -0.678792
2.174224 -0.715276
1.995545 -0.751788
2.008735 -0.670734
2.024730 -0.572305
2.040722 -0.473850
2.056637 -0.375502
2.072623 -0.277028
2.088456 -0.178762
2.104149 -0.080643
2.120153 0.017849
2.026213 0.610823
1.932281 1.203803
1.838287 1.797020
1.744047 2.390479
1.650120 2.983377
1.556079 3.576447
1.462435 4.169241
1.368189 4.762075
1.274187 5.354957
1.076962 5.393260
0.880225 5.431993
0.682781 5.470789
0.486630 5.510617
0.289645 5.549594
0.092352 5.588684
-0.104809 5.627365
-0.302581 5.666166
-0.246043 5.802847
-0.189478 5.939583
-0.132884 6.076267
-0.076334 6.212889
-0.019781 6.349567
0.036825 6.486245
0.093394 6.622833
-0.064301 6.585687
-0.219950 6.549079
-0.375556 6.512430
-0.531202 6.475844
-0.686860 6.439201
-0.842470 6.402628
-0.998073 6.366001
-1.153687 6.329413
-1.309334 6.292809
-1.387046 5.79645