68.413190 -74.635444 91.847985
68.413190 -74.635444 91.847985
68.413190 -74.635444 91.847985
68.413190 -74.635444 91.847985
68.413190 -74.635444 91.847985
63.273336 -131.902769 38.832091
63.273336 -131.902769 38.832091
63.273336 -131.902769 38.832091
63.273336 -131.902769 38.832091
63.273336 -131.902769 38.832091
63.273336 -131.902769 38.832091
63.273336 -131.902769 38.832091
63.273336 -131.902769 38.832091
63.273336 -131.902769 38.832091
48.917531 -155.958135 18.294626
48.917531 -155.958135 18.294626
48.917531 -155.958135 18.294626
48.917531 -155.958135 18.294626
48.917531 -155.958135 18.294626
48.917531 -155.958135 18.294626
48.917531 -155.958135 18.294626
48.917531 -155.958135 18.294626
36.806383 -165.474324 11.156191
36.806383 -165.474324 11.156191
36.806383 -165.474324 11.156191
36.806383 -165.474324 11.156191
36.806383 -165.474324 11.156191
36.806383 -165.474324 11.156191
36.806383 -165.474324 11.156191
36.806383 -165.474324 11.156191
28.631902 -170.854163 6.300988
28.631902 -170.854163 6.300988
28.631902 -170.854163 6.300988
28.631902 -170.854163 6.300988
28.631902 -170.854163 6.300988
28.631902 -170.854163 6.300988
28.631902 -170.854163 6.300988
28.631902 -170.854163 6.300988
28.631902 -170.854163 6.300988
23.699872 -174.866954 -0.292315
23.699872 -174.866954 -0.292315
23.699872 -174.866954 -0.292315
23.699872 -174.866954 -0.292315
23.699872 -174.866954 -0.292315
23.699872 -174.866954 -0.292315
23.699872 -174.866954 -0.292315
23.699872 -174.866954 -0.292315
20.563463 -177.883521 -9.025629
20.563463 -177.883521 -9.025629
20.563463 -177.883521 -9.025629
20.563463 -177.883521 -9.025629
20.563463 -177.883521 -9.025629
20.563463 -177.883521 -9.025629
20.563463 -177.883521 -9.025629
20.563463 -177.883521 -9.025629
18.468734 179.998598 -19.658592
18.468734 179.998598 -19.658592
18.468734 179.998598 -19.658592
18.468734 179.998598 -19.658592
18.468734 179.998598 -19.658592
18.468734 179.998598 -19.658592
18.468734 179.998598 -19.658592
18.468734 179.998598 -19.658592
17.104271 178.047650 -32.576533
17.104271 178.047650 -32.576533
17.104271 178.047650 -32.576533
17.104271 178.047650 -32.576533
17.104271 178.047650 -32.576533
17.104271 178.047650 -32.576533
17.104271 178.047650 -32.576533
19.595811 170.632059 -63.134942
19.595811 170.632059 -63.134942
19.595811 170.632059 -63.134942
19.595811 170.632059 -63.134942
19.595811 170.632059 -63.134942
19.595811 170.632059 -63.134942
19.595811 170.632059 -63.134942
19.595811 170.632059 -63.134942
19.595811 170.632059 -63.134942
-14.267807 158.721002 -71.881792
-14.267807 158.721002 -71.881792
-14.267807 158.721002 -71.881792
-14.267807 158.721002 -71.881792
-14.267807 158.721002 -71.881792
-14.267807 158.721002 -71.881792
-14.267807 158.721002 -71.881792
-40.391246 142.955969 -42.881772
-40.391246 142.955969 -42.881772
-40.391246 142.955969 -42.881772
-40.391246 142.955969 -42.881772
-40.391246 142.955969 -42.881772
-40.391246 142.955969 -42.881772
-40.391246 142.955969 -42.881772
-40.391246 142.955969 -42.881772
-44.344293 79.452196 3.519122
-44.344293 79.452196 3.519122
-44.344293 79.452196 3.519122
-44.344293 79.452196 3.519122
-44.344293 79.452196 3.519122
-44.344293 79.452196 3.519122
-44.344293 79.452196 3.519122
-44.344293 79.452196 3.519122
-44.344293 79.452196 3.519122
-44.344293 79.452196 3.519122
-44.344293 79.452196 3.519122
-37.276843 72.487971 17.666025
-37.276843 72.487971 17.666025
-37.276843 72.487971 17.666025
-37.276843 72.487971 17.666025
-37.276843 72.487971 17.666025
-37.276843 72.487971 17.666025
-37.276843 72.487971 17.666025
-37.276843 72.487971 17.666025
-62.364606 -7.561173 107.397321
-62.364606 -7.561173 107.397321
-62.364606 -7.561173 107.397321
-62.364606 -7.561173 107.397321
-62.364606 -7.561173 107.397321
-62.364606 -7.561173 107.397321
-62.364606 -7.561173 107.397321
-62.364606 -7.561173 107.397321
-37.607674 -25.425820 151.478788
-37.607674 -25.425820 151.478788
-37.607674 -25.425820 151.478788
-37.607674 -25.425820 151.478788
-37.607674 -25.425820 151.478788
-37.607674 -25.425820 151.478788
-37.607674 -25.425820 151.478788
-37.607674 -25.425820 151.478788
-24.152089 -7.723977 143.492945
-24.152089 -7.723977 143.492945
-24.152089 -7.723977 143.492945
-24.152089 -7.723977 143.492945
-24.152089 -7.723977 143.492945
-24.152089 -7.723977 143.492945
-24.152089 -7.723977 143.492945
-24.152089 -7.723977 143.492945
-11.277564 10.705566 129.055646
-11.277564 10.705566 129.055646
-11.277564 10.705566 129.055646
-11.277564 10.705566 129.055646
-11.277564 10.705566 129.055646
-11.277564 10.705566 129.055646
-11.277564 10.705566 129.055646
-11.277564 10.705566 129.055646
-4.867288 15.063000 116.054285
-4.867288 15.063000 116.054285
-4.867288 15.063000 116.054285
-4.867288 15.063000 116.054285
-4.867288 15.063000 116.054285
-4.867288 15.063000 116.054285
-4.867288 15.063000 116.054285
-2.089748 13.833498 102.954262
-2.089748 13.833498 102.954262
-2.089748 13.833498 102.954262
-2.089748 13.833498 102.954262
-2.089748 13.833498 102.954262
-2.089748 13.833498 102.954262
-2.089748 13.833498 102.954262
-2.089748 13.833498 102.954262
-0.734030 10.833343 90.060484
-0.734030 10.833343 90.060484
-0.734030 10.833343 90.060484
-0.734030 10.833343 90.060484
-0.734030 10.833343 90.060484
-0.734030 10.833343 90.060484
-0.734030 10.833343 90.060484
-0.734030 10.833343 90.060484
-0.495597 10.010019 78.935171
-0.495597 10.010019 78.935171
-0.495597 10.010019 78.935171
-0.495597 10.010019 78.935171
-0.495597 10.010019 78.935171
-0.495597 10.010019 78.935171
-0.495597 10.010019 78.935171
-0.495597 10.010019 78.935171
-1.414523 8.204353 69.284360
-1.414523 8.204353 69.284360
-1.414523 8.204353 69.284360
-1.414523 8.204353 69.284360
-1.414523 8.204353 69.284360
-1.414523 8.204353 69.284360
-1.414523 8.204353 69.284360
-1.414523 8.204353 69.284360
-2.832359 -8.391820 61.550052
-2.832359 -8.391820 61.550052
-2.832359 -8.391820 61.550052
-2.832359 -8.391820 61.550052
-2.832359 -8.391820 61.550052
-2.832359 -8.391820 61.550052
-2.832359 -8.391820 61.550052
-2.832359 -8.391820 61.550052
-2.832359 -8.391820 61.550052
-13.108881 -32.342401 53.877410
-13.108881 -32.342401 53.877410
-13.108881 -32.342401 53.877410
-13.108881 -32.342401 53.877410
-13.108881 -32.342401 53.877410
-13.108881 -32.342401 53.877410
-13.108881 -32.342401 53.877410
-14.690822 -35.539489 49.660168
-14.690822 -35.539489 49.660168
-14.690822 -35.539489 49.660168
-14.690822 -35.539489 49.660168
-14.690822 -35.539489 49.660168
-14.690822 -35.539489 49.660168
-14.690822 -35.539489 49.660168
-14.690822 -35.539489 49.660168
-14.690822 -35.539489 49.660168
-14.841439 -39.074945 46.451915
-14.841439 -39.074945 46.451915
-14.841439 -39.074945 46.451915
-14.841439 -39.074945 46.451915
-14.841439 -39.074945 46.451915
-14.841439 -39.074945 46.451915
-14.841439 -39.074945 46.451915
-14.841439 -39.074945 46.451915
-15.281556 -38.185983 43.081654
-15.281556 -38.185983 43.081654
-15.281556 -38.185983 43.081654
-15.281556 -38.185983 43.081654
-15.281556 -38.185983 43.081654
-15.281556 -38.185983 43.081654
-15.281556 -38.185983 43.081654
-15.281556 -38.185983 43.081654
-12.126885 -33.357739 36.130994
-12.126885 -33.357739 36.130994
-12.126885 -33.357739 36.130994
-12.126885 -33.357739 36.130994
-12.126885 -33.357739 36.130994
-12.126885 -33.357739 36.130994
-12.126885 -33.357739 36.130994
-12.126885 -33.357739 36.130994
-1.753103 -2.228601 24.968457
-1.753103 -2.228601 24.968457
-1.753103 -2.228601 24.968457
-1.753103 -2.228601 24.968457
-1.753103 -2.228601 24.968457
-1.753103 -2.228601 24.968457
-1.753103 -2.228601 24.968457
-0.628738 -1.853071 24.589883
-0.628738 -1.853071 24.589883
-0.628738 -1.853071 24.589883
-0.628738 -1.853071 24.589883
-0.628738 -1.853071 24.589883
-0.628738 -1.853071 24.589883
-0.628738 -1.853071 24.589883
-0.628738 -1.853071 24.589883
-0.097433 -4.319082 23.175021
-0.097433 -4.319082 23.175021
-0.097433 -4.319082 23.175021
-0.097433 -4.319082 23.175021
-0.097433 -4.319082 23.175021
-0.097433 -4.319082 23.175021
-0.097433 -4.319082 23.175021
-0.097433 -4.319082 23.175021
0.258486 -1.022612 22.749202
0.258486 -1.022612 22.749202
0.258486 -1.022612 22.749202
0.258486 -1.022612 22.749202
0.258486 -1.022612 22.749202
0.258486 -1.022612 22.749202
0.258486 -1.022612 22.749202
0.258486 -1.022612 22.749202
0.634036 -6.045710 22.043138
0.634036 -6.045710 22.043138
0.634036 -6.045710 22.043138
0.634036 -6.045710 22.043138
0.634036 -6.045710 22.043138
0.634036 -6.045710 22.043138
0.634036 -6.045710 22.043138
0.634036 -6.045710 22.043138
-4.888135 -37.498548 20.002375
-4.888135 -37.498548 20.002375
-4.888135 -37.498548 20.002375
-4.888135 -37.498548 20.002375
-4.888135 -37.498548 20.002375
-4.888135 -37.498548 20.002375
-4.888135 -37.498548 20.002375
-6.135516 -49.541947 17.737045
-6.135516 -49.541947 17.737045
-6.135516 -49.541947 17.737045
-6.135516 -49.541947 17.737045
-6.135516 -49.541947 17.737045
-6.135516 -49.541947 17.737045
-6.135516 -49.541947 17.737045
-6.135516 -49.541947 17.737045
-5.931559 -52.943668 15.724053
-5.931559 -52.943668 15.724053
-5.931559 -52.943668 15.724053
-5.931559 -52.943668 15.724053
-5.931559 -52.943668 15.724053
-5.931559 -52.943668 15.724053
-5.931559 -52.943668 15.724053
-5.931559 -52.943668 15.724053
-5.931559 -52.943668 15.724053
-6.583031 -53.727013 14.310064
-6.583031 -53.727013 14.310064
-6.583031 -53.727013 14.310064
-6.583031 -53.727013 14.310064
-6.583031 -53.727013 14.310064
-6.583031 -53.727013 14.310064
-6.583031 -53.727013 14.310064
-6.583031 -53.727013 14.310064
-6.583031 -53.727013 14.310064
-6.836299 -53.786466 12.767851
-6.836299 -53.786466 12.767851
-6.836299 -53.786466 12.767851
-6.836299 -53.786466 12.767851
-6.836299 -53.786466 12.767851
-6.836299 -53.786466 12.767851
-6.836299 -53.786466 12.767851
-6.748842 -53.373045 11.394505
-6.748842 -53.373045 11.394505
-6.748842 -53.373045 11.394505
-6.748842 -53.373045 11.394505
-6.748842 -53.373045 11.394505
-6.748842 -53.373045 11.394505
-6.748842 -53.373045 11.394505
-6.748842 -53.373045 11.394505
-6.766711 -53.211415 10.101654
-6.766711 -53.211415 10.101654
-6.766711 -53.211415 10.101654
-6.766711 -53.211415 10.101654
-6.766711 -53.211415 10.101654
-6.766711 -53.211415 10.101654
-6.766711 -53.211415 10.101654
-6.766711 -53.211415 10.101654
-5.853701 -53.262939 8.495422
-5.853701 -53.262939 8.495422
-5.853701 -53.262939 8.495422
-5.853701 -53.262939 8.495422
-5.853701 -53.262939 8.495422
-5.853701 -53.262939 8.495422
-5.853701 -53.262939 8.495422
-5.853701 -53.262939 8.495422
-5.046338 -52.853937 7.003331
-5.046338 -52.853937 7.003331
-5.046338 -52.853937 7.003331
-5.046338 -52.853937 7.003331
-5.046338 -52.853937 7.003331
-5.046338 -52.853937 7.003331
-5.046338 -52.853937 7.003331
-5.046338 -52.853937 7.003331
-4.592592 -53.090811 5.560984
-4.592592 -53.090811 5.560984
-4.592592 -53.090811 5.560984
-4.592592 -53.090811 5.560984
-4.592592 -53.090811 5.560984
-4.592592 -53.090811 5.560984
-4.592592 -53.090811 5.560984
-4.592592 -53.090811 5.560984
-5.090718 -52.153538 5.140118
-5.090718 -52.153538 5.140118
-5.090718 -52.153538 5.140118
-5.090718 -52.153538 5.140118
-5.090718 -52.153538 5.140118
-5.090718 -52.153538 5.140118
-5.090718 -52.153538 5.140118
-5.090718 -52.153538 5.140118
-6.952729 -47.712597 5.334843
-6.952729 -47.712597 5.334843
-6.952729 -47.712597 5.334843
-6.952729 -47.712597 5.334843
-6.952729 -47.712597 5.334843
-6.952729 -47.712597 5.334843
-6.952729 -47.712597 5.334843
-6.952729 -47.712597 5.334843
-6.447878 -47.692732 4.617092
-6.447878 -47.692732 4.617092
-6.447878 -47.692732 4.617092
-6.447878 -47.692732 4.617092
-6.447878 -47.692732 4.617092
-6.447878 -47.692732 4.617092
-6.447878 -47.692732 4.617092
-6.447878 -47.692732 4.617092
-7.492126 -44.403719 4.703968
-7.492126 -44.403719 4.703968
-7.492126 -44.403719 4.703968
-7.492126 -44.403719 4.703968
-7.492126 -44.403719 4.703968
-7.492126 -44.403719 4.703968
-7.492126 -44.403719 4.703968
-7.492126 -44.403719 4.703968
-7.073639 -24.222622 4.010376
-7.073639 -24.222622 4.010376
-7.073639 -24.222622 4.010376
-7.073639 -24.222622 4.010376
-7.073639 -24.222622 4.010376
-7.073639 -24.222622 4.010376
-7.073639 -24.222622 4.010376
-7.073639 -24.222622 4.010376
-6.729347 -14.366825 6.332552
-6.729347 -14.366825 6.332552
-6.729347 -14.366825 6.332552
-6.729347 -14.366825 6.332552
-6.729347 -14.366825 6.332552
-6.729347 -14.366825 6.332552
-6.729347 -14.366825 6.332552
-6.729347 -14.366825 6.332552
-5.798106 -5.803829 9.233929
-5.798106 -5.803829 9.233929
-5.798106 -5.803829 9.233929
-5.798106 -5.803829 9.233929
-5.798106 -5.803829 9.233929
-5.798106 -5.803829 9.233929
-5.798106 -5.803829 9.233929
-5.798106 -5.803829 9.233929
-5.861419 -5.594654 11.966217
-5.861419 -5.594654 11.966217
-5.861419 -5.594654 11.966217
-5.861419 -5.594654 11.966217
-5.861419 -5.594654 11.966217
-5.861419 -5.594654 11.966217
-5.861419 -5.594654 11.966217
-5.861419 -5.594654 11.966217
-6.546301 -5.204359 14.033942
-6.546301 -5.204359 14.033942
-6.546301 -5.204359 14.033942
-6.546301 -5.204359 14.033942
-6.546301 -5.204359 14.033942
-6.546301 -5.204359 14.033942
-6.546301 -5.204359 14.033942
-6.546301 -5.204359 14.033942
-6.150328 -5.831707 15.456815
-6.150328 -5.831707 15.456815
-6.150328 -5.831707 15.456815
-6.150328 -5.831707 15.456815
-6.150328 -5.831707 15.456815
-6.150328 -5.831707 15.456815
-6.150328 -5.831707 15.456815
-5.843257 -4.841902 16.674874
-5.843257 -4.841902 16.674874
-5.843257 -4.841902 16.674874
-5.843257 -4.841902 16.674874
-5.843257 -4.841902 16.674874
-5.843257 -4.841902 16.674874
-5.843257 -4.841902 16.674874
-5.843257 -4.841902 16.674874
-6.756390 -3.313814 17.923236
-6.756390 -3.313814 17.923236
-6.756390 -3.313814 17.923236
-6.756390 -3.313814 17.923236
-6.756390 -3.313814 17.923236
-6.756390 -3.313814 17.923236
-6.756390 -3.313814 17.923236
-6.756390 -3.313814 17.923236
-6.618240 -2.601744 18.389786
-6.618240 -2.601744 18.389786
-6.618240 -2.601744 18.389786
-6.618240 -2.601744 18.389786
-6.618240 -2.601744 18.389786
-6.618240 -2.601744 18.389786
-6.618240 -2.601744 18.389786
-3.059418 -3.242964 19.752453
-3.059418 -3.242964 19.752453
-3.059418 -3.242964 19.752453
-3.059418 -3.242964 19.752453
-3.059418 -3.242964 19.752453
-3.059418 -3.242964 19.752453
-3.059418 -3.242964 19.752453
0.085105 2.565100 20.795756
0.085105 2.565100 20.795756
0.085105 2.565100 20.795756
0.085105 2.565100 20.795756
0.085105 2.565100 20.795756
0.085105 2.565100 20.795756
0.085105 2.565100 20.795756
0.085105 2.565100 20.795756
0.085105 2.565100 20.795756
1.003796 2.122917 22.815771
1.003796 2.122917 22.815771
1.003796 2.122917 22.815771
1.003796 2.122917 22.815771
1.003796 2.122917 22.815771
1.003796 2.122917 22.815771
1.003796 2.122917 22.815771
1.003796 2.122917 22.815771
0.643902 3.015553 23.345815
0.643902 3.015553 23.345815
0.643902 3.015553 23.345815
0.643902 3.015553 23.345815
0.643902 3.015553 23.345815
0.643902 3.015553 23.345815
0.643902 3.015553 23.345815
0.643902 3.015553 23.345815
1.482974 2.860486 23.842654
1.482974 2.860486 23.842654
1.482974 2.860486 23.842654
1.482974 2.860486 23.842654
1.482974 2.860486 23.842654
1.482974 2.860486 23.842654
1.482974 2.860486 23.842654
1.482974 2.860486 23.842654
1.482974 2.860486 23.842654
1.306164 -13.674543 23.179085
1.306164 -13.674543 23.179085
1.306164 -13.674543 23.179085
1.306164 -13.674543 23.179085
1.306164 -13.674543 23.179085
1.306164 -13.674543 23.179085
1.306164 -13.674543 23.179085
1.306164 -13.674543 23.179085
-0.264031 -15.685770 21.778630
-0.264031 -15.685770 21.778630
-0.264031 -15.685770 21.778630
-0.264031 -15.685770 21.778630
-0.264031 -15.685770 21.778630
-0.264031 -15.685770 21.778630
-0.264031 -15.685770 21.778630
0.751527 -15.948502 20.129826
0.751527 -15.948502 20.129826
0.751527 -15.948502 20.129826
0.751527 -15.948502 20.129826
0.751527 -15.948502 20.129826
0.751527 -15.948502 20.129826
0.751527 -15.948502 20.129826
0.751527 -15.948502 20.129826
0.751527 -15.948502 20.129826
0.736549 -16.005713 19.384441
0.736549 -16.005713 19.384441
0.736549 -16.005713 19.384441
0.736549 -16.005713 19.384441
0.736549 -16.005713 19.384441
0.736549 -16.005713 19.384441
0.736549 -16.005713 19.384441
0.567818 -16.125513 19.042614
0.567818 -16.125513 19.042614
0.567818 -16.125513 19.042614
0.567818 -16.125513 19.042614
0.567818 -16.125513 19.042614
0.567818 -16.125513 19.042614
0.567818 -16.125513 19.042614
0.567818 -16.125513 19.042614
0.985072 -15.750835 18.627917
0.985072 -15.750835 18.627917
0.985072 -15.750835 18.627917
0.985072 -15.750835 18.627917
0.985072 -15.750835 18.627917
0.985072 -15.750835 18.627917
0.985072 -15.750835 18.627917
0.985072 -15.750835 18.627917
3.046581 -3.954476 17.888665
3.046581 -3.954476 17.888665
3.046581 -3.954476 17.888665
3.046581 -3.954476 17.888665
3.046581 -3.954476 17.888665
3.046581 -3.954476 17.888665
3.046581 -3.954476 17.888665
1.188711 1.761089 18.434775
1.188711 1.761089 18.434775
1.188711 1.761089 18.434775
1.188711 1.761089 18.434775
1.188711 1.761089 18.434775
1.188711 1.761089 18.434775
1.188711 1.761089 18.434775
1.188711 1.761089 18.434775
1.510488 1.339933 19.510166
1.510488 1.339933 19.510166
1.510488 1.339933 19.510166
1.510488 1.339933 19.510166
1.510488 1.339933 19.510166
1.510488 1.339933 19.510166
1.510488 1.339933 19.510166
0.032285 0.583776 19.919782
0.032285 0.583776 19.919782
0.032285 0.583776 19.919782
0.032285 0.583776 19.919782
0.032285 0.583776 19.919782
0.032285 0.583776 19.919782
0.032285 0.583776 19.919782
0.032285 0.583776 19.919782
0.032285 0.583776 19.919782
1.080185 3.096535 21.136415
1.080185 3.096535 21.136415
1.080185 3.096535 21.136415
1.080185 3.096535 21.136415
1.080185 3.096535 21.136415
1.080185 3.096535 21.136415
1.080185 3.096535 21.136415
1.080185 3.096535 21.136415
-1.665798 1.381212 21.100365
-1.665798 1.381212 21.100365
-1.665798 1.381212 21.100365
-1.665798 1.381212 21.100365
-1.665798 1.381212 21.100365
-1.665798 1.381212 21.100365
-1.665798 1.381212 21.100365
-1.665798 1.381212 21.100365
-2.328956 7.647826 20.255075
-2.328956 7.647826 20.255075
-2.328956 7.647826 20.255075
-2.328956 7.647826 20.255075
-2.328956 7.647826 20.255075
-2.328956 7.647826 20.255075
-2.328956 7.647826 20.255075
-2.328956 7.647826 20.255075
-5.249907 3.240510 24.596387
-5.249907 3.240510 24.596387
-5.249907 3.240510 24.596387
-5.249907 3.240510 24.596387
-5.249907 3.240510 24.596387
-5.249907 3.240510 24.596387
-5.249907 3.240510 24.596387
-5.249907 3.240510 24.596387
-4.886671 5.730008 28.712777
-4.886671 5.730008 28.712777
-4.886671 5.730008 28.712777
-4.886671 5.730008 28.712777
-4.886671 5.730008 28.712777
-4.886671 5.730008 28.712777
-4.886671 5.730008 28.712777
-4.886671 5.730008 28.712777
-3.952857 6.428463 33.273967
-3.952857 6.428463 33.273967
-3.952857 6.428463 33.273967
-3.952857 6.428463 33.273967
-3.952857 6.428463 33.273967
-3.952857 6.428463 33.273967
-3.952857 6.428463 33.273967
-3.952857 6.428463 33.273967
-5.664893 0.165603 34.201834
-5.664893 0.165603 34.201834
-5.664893 0.165603 34.201834
-5.664893 0.165603 34.201834
-5.664893 0.165603 34.201834
-5.664893 0.165603 34.201834
-5.664893 0.165603 34.201834
-4.633853 -12.741455 33.433653
-4.633853 -12.741455 33.433653
-4.633853 -12.741455 33.433653
-4.633853 -12.741455 33.433653
-4.633853 -12.741455 33.433653
-4.633853 -12.741455 33.433653
-4.633853 -12.741455 33.433653
-4.633853 -12.741455 33.433653
-4.801312 -15.739491 32.149977
-4.801312 -15.739491 32.149977
-4.801312 -15.739491 32.149977
-4.801312 -15.739491 32.149977
-4.801312 -15.739491 32.149977
-4.801312 -15.739491 32.149977
-4.801312 -15.739491 32.149977
-4.801312 -15.739491 32.149977
-4.801312 -15.739491 32.149977
-5.651661 -17.762887 31.007413
-5.651661 -17.762887 31.007413
-5.651661 -17.762887 31.007413
-5.651661 -17.762887 31.007413
-5.651661 -17.762887 31.007413
-5.651661 -17.762887 31.007413
-5.651661 -17.762887 31.007413
-5.651661 -17.762887 31.007413
-5.550157 -19.186468 30.077732
-5.550157 -19.186468 30.077732
-5.550157 -19.186468 30.077732
-5.550157 -19.186468 30.077732
-5.550157 -19.186468 30.077732
-5.550157 -19.186468 30.077732
-5.550157 -19.186468 30.077732
-5.550157 -19.186468 30.077732
-5.336390 -21.204304 29.091917
-5.336390 -21.204304 29.091917
-5.336390 -21.204304 29.091917
-5.336390 -21.204304 29.091917
-5.336390 -21.204304 29.091917
-5.336390 -21.204304 29.091917
-5.336390 -21.204304 29.091917
-5.336390 -21.204304 29.091917
-5.326213 -22.305231 28.152119
-5.326213 -22.305231 28.152119
-5.326213 -22.305231 28.152119
-5.326213 -22.305231 28.152119
-5.326213 -22.305231 28.152119
-5.326213 -22.305231 28.152119
-5.326213 -22.305231 28.152119
-5.326213 -22.305231 28.152119
-5.319159 -22.995572 27.441444
-5.319159 -22.995572 27.441444
-5.319159 -22.995572 27.441444
-5.319159 -22.995572 27.441444
-5.319159 -22.995572 27.441444
-5.319159 -22.995572 27.441444
-5.319159 -22.995572 27.441444
-5.319159 -22.995572 27.441444
-5.728603 -23.627991 27.122852
-5.728603 -23.627991 27.122852
-5.728603 -23.627991 27.122852
-5.728603 -23.627991 27.122852
-5.728603 -23.627991 27.122852
-5.728603 -23.627991 27.122852
-5.728603 -23.627991 27.122852
-5.728603 -23.627991 27.122852
-5.198531 -22.904672 26.127369
-5.198531 -22.904672 26.127369
-5.198531 -22.904672 26.127369
-5.198531 -22.904672 26.127369
-5.198531 -22.904672 26.127369
-5.198531 -22.904672 26.127369
-5.198531 -22.904672 26.127369
-5.198531 -22.904672 26.127369
-4.051720 -18.653882 25.197210
-4.051720 -18.653882 25.197210
-4.051720 -18.653882 25.197210
-4.051720 -18.653882 25.197210
-4.051720 -18.653882 25.197210
-4.051720 -18.653882 25.197210
-1.246445 -2.834345 25.043681
-1.246445 -2.834345 25.043681
-1.246445 -2.834345 25.043681
-1.246445 -2.834345 25.043681
-1.246445 -2.834345 25.043681
-1.246445 -2.834345 25.043681
-1.993554 0.594943 27.412665
-1.993554 0.594943 27.412665
-1.993554 0.594943 27.412665
-1.993554 0.594943 27.412665
-1.993554 0.594943 27.412665
-1.993554 0.594943 27.412665
-1.993554 0.594943 27.412665
-1.993554 0.594943 27.412665
-3.269728 1.249212 29.337889
-3.269728 1.249212 29.337889
-3.269728 1.249212 29.337889
-3.269728 1.249212 29.337889
-3.269728 1.249212 29.337889
-3.269728 1.249212 29.337889
-3.269728 1.249212 29.337889
-3.269728 1.249212 29.337889
-3.706164 0.024921 30.171760
-3.706164 0.024921 30.171760
-3.706164 0.024921 30.171760
-3.706164 0.024921 30.171760
-3.706164 0.024921 30.171760
-3.706164 0.024921 30.171760
-5.544219 -13.901662 29.950356
-5.544219 -13.901662 29.950356
-5.544219 -13.901662 29.950356
-5.544219 -13.901662 29.950356
-5.544219 -13.901662 29.950356
-5.544219 -13.901662 29.950356
-5.544219 -13.901662 29.950356
-5.544219 -13.901662 29.950356
-6.436412 -19.855271 29.210182
-6.436412 -19.855271 29.210182
-6.436412 -19.855271 29.210182
-6.436412 -19.855271 29.210182
-6.436412 -19.855271 29.210182
-6.436412 -19.855271 29.210182
-6.436412 -19.855271 29.210182
-6.399387 -19.981836 28.307962
-6.399387 -19.981836 28.307962
-6.399387 -19.981836 28.307962
-6.399387 -19.981836 28.307962
-6.399387 -19.981836 28.307962
-6.399387 -19.981836 28.307962
-6.399387 -19.981836 28.307962
-6.399387 -19.981836 28.307962
-6.138815 -19.847072 27.914131
-6.138815 -19.847072 27.914131
-6.138815 -19.847072 27.914131
-6.138815 -19.847072 27.914131
-6.138815 -19.847072 27.914131
-6.138815 -19.847072 27.914131
-6.138815 -19.847072 27.914131
-6.138815 -19.847072 27.914131
-6.113427 -20.375496 27.329452
-6.113427 -20.375496 27.329452
-6.113427 -20.375496 27.329452
-6.113427 -20.375496 27.329452
-6.113427 -20.375496 27.329452
-6.113427 -20.375496 27.329452
-6.113427 -20.375496 27.329452
-6.113427 -20.375496 27.329452
-6.583211 -22.417567 26.206230
-6.583211 -22.417567 26.206230
-6.583211 -22.417567 26.206230
-6.583211 -22.417567 26.206230
-6.583211 -22.417567 26.206230
-6.583211 -22.417567 26.206230
-6.583211 -22.417567 26.206230
-6.583211 -22.417567 26.206230
-6.608047 -22.572612 25.924255
-6.608047 -22.572612 25.924255
-6.608047 -22.572612 25.924255
-6.608047 -22.572612 25.924255
-6.608047 -22.572612 25.924255
-6.608047 -22.572612 25.924255
-6.608047 -22.572612 25.924255
-6.608047 -22.572612 25.924255
-5.402739 -18.734017 25.150164
-5.402739 -18.734017 25.150164
-5.402739 -18.734017 25.150164
-5.402739 -18.734017 25.150164
-5.402739 -18.734017 25.150164
-5.402739 -18.734017 25.150164
-5.402739 -18.734017 25.150164
-5.402739 -18.734017 25.150164
-4.904557 -17.361028 24.572493
-4.904557 -17.361028 24.572493
-4.904557 -17.361028 24.572493
-4.904557 -17.361028 24.572493
-4.904557 -17.361028 24.572493
-4.904557 -17.361028 24.572493
-4.904557 -17.361028 24.572493
-4.904557 -17.361028 24.572493
-4.115468 -17.345025 21.222112
-4.115468 -17.345025 21.222112
-4.115468 -17.345025 21.222112
-4.115468 -17.345025 21.222112
-4.115468 -17.345025 21.222112
-4.115468 -17.345025 21.222112
-4.115468 -17.345025 21.222112
-4.115468 -17.345025 21.222112
-4.115468 -17.345025 21.222112
-1.156765 -4.313496 26.844037
-1.156765 -4.313496 26.844037
-1.156765 -4.313496 26.844037
-1.156765 -4.313496 26.844037
-1.156765 -4.313496 26.844037
-1.156765 -4.313496 26.844037
-1.156765 -4.313496 26.844037
2.481539 -3.148044 30.321231
2.481539 -3.148044 30.321231
2.481539 -3.148044 30.321231
2.481539 -3.148044 30.321231
2.481539 -3.148044 30.321231
2.481539 -3.148044 30.321231
2.481539 -3.148044 30.321231
2.481539 -3.148044 30.321231
2.481539 -3.148044 30.321231
1.333281 -3.448356 27.729863
1.333281 -3.448356 27.729863
1.333281 -3.448356 27.729863
1.333281 -3.448356 27.729863
1.333281 -3.448356 27.729863
1.333281 -3.448356 27.729863
1.333281 -3.448356 27.729863
2.675827 2.147839 24.586482
2.675827 2.147839 24.586482
2.675827 2.147839 24.586482
2.675827 2.147839 24.586482
2.675827 2.147839 24.586482
2.675827 2.147839 24.586482
2.675827 2.147839 24.586482
2.675827 2.147839 24.586482
2.675827 2.147839 24.586482
1.732249 2.391554 16.008848
1.732249 2.391554 16.008848
1.732249 2.391554 16.008848
1.732249 2.391554 16.008848
1.732249 2.391554 16.008848
1.732249 2.391554 16.008848
1.732249 2.391554 16.008848
-1.290272 -7.425718 -24.681512
-1.290272 -7.425718 -24.681512
-1.290272 -7.425718 -24.681512
-1.290272 -7.425718 -24.681512
-1.290272 -7.425718 -24.681512
-1.290272 -7.425718 -24.681512
-1.290272 -7.425718 -24.681512
-1.290272 -7.425718 -24.681512
-5.450190 -23.163562 -61.549778
-5.450190 -23.163562 -61.549778
-5.450190 -23.163562 -61.549778
-5.450190 -23.163562 -61.549778
-5.450190 -23.163562 -61.549778
-5.450190 -23.163562 -61.549778
-5.450190 -23.163562 -61.549778
-9.516033 5.146642 -74.833759
-9.516033 5.146642 -74.833759
-9.516033 5.146642 -74.833759
-9.516033 5.146642 -74.833759
-9.516033 5.146642 -74.833759
-9.516033 5.146642 -74.833759
-9.516033 5.146642 -74.833759
-9.516033 5.146642 -74.833759
-9.516033 5.146642 -74.833759
-5.841695 -0.446425 -91.598779
-5.841695 -0.446425 -91.598779
-5.841695 -0.446425 -91.598779
-5.841695 -0.446425 -91.598779
-5.841695 -0.446425 -91.598779
-5.841695 -0.446425 -91.598779
-5.841695 -0.446425 -91.598779
-5.841695 -0.446425 -91.598779
-7.837557 0.183340 -100.363421
-7.837557 0.183340 -100.363421
-7.837557 0.183340 -100.363421
-7.837557 0.183340 -100.363421
-7.837557 0.183340 -100.363421
-7.837557 0.183340 -100.363421
-7.837557 0.183340 -100.363421
-7.837557 0.183340 -100.363421
-7.837557 0.183340 -100.363421
-4.727436 3.930975 -98.874747
-4.727436 3.930975 -98.874747
-4.727436 3.930975 -98.874747
-4.727436 3.930975 -98.874747
-4.727436 3.930975 -98.874747
-4.727436 3.930975 -98.874747
-4.727436 3.930975 -98.874747
-6.476559 -0.708949 -95.756493
-6.476559 -0.708949 -95.756493
-6.476559 -0.708949 -95.756493
-6.476559 -0.708949 -95.756493
-6.476559 -0.708949 -95.756493
-6.476559 -0.708949 -95.756493
-6.476559 -0.708949 -95.756493
-6.476559 -0.708949 -95.756493
-6.476559 -0.708949 -95.756493
1.881171 0.737430 -94.053576
1.881171 0.737430 -94.053576
1.881171 0.737430 -94.053576
1.881171 0.737430 -94.053576
1.881171 0.737430 -94.053576
1.881171 0.737430 -94.053576
1.881171 0.737430 -94.053576
1.881171 0.737430 -94.053576
0.994348 3.768141 -45.150443
0.994348 3.768141 -45.150443
0.994348 3.768141 -45.150443
0.994348 3.768141 -45.150443
0.994348 3.768141 -45.150443
0.994348 3.768141 -45.150443
0.994348 3.768141 -45.150443
0.994348 3.768141 -45.150443
0.994348 3.768141 -45.150443
-5.572581 -3.438826 7.386861
-5.572581 -3.438826 7.386861
-5.572581 -3.438826 7.386861
-5.572581 -3.438826 7.386861
-5.572581 -3.438826 7.386861
-5.572581 -3.438826 7.386861
-5.572581 -3.438826 7.386861
-4.428998 -0.343892 36.698405
-4.428998 -0.343892 36.698405
-4.428998 -0.343892 36.698405
-4.428998 -0.343892 36.698405
-4.428998 -0.343892 36.698405
-4.428998 -0.343892 36.698405
-4.428998 -0.343892 36.698405
-4.428998 -0.343892 36.698405
6.914479 4.145932 66.844070
6.914479 4.145932 66.844070
6.914479 4.145932 66.844070
6.914479 4.145932 66.844070
6.914479 4.145932 66.844070
6.914479 4.145932 66.844070
6.914479 4.145932 66.844070
6.914479 4.145932 66.844070
2.906213 -6.556842 11.980580
2.906213 -6.556842 11.980580
2.906213 -6.556842 11.980580
2.906213 -6.556842 11.980580
2.906213 -6.556842 11.980580
2.906213 -6.556842 11.980580
2.906213 -6.556842 11.980580
2.906213 -6.556842 11.980580
4.228431 -4.736189 2.110852
4.228431 -4.736189 2.110852
4.228431 -4.736189 2.110852
4.228431 -4.736189 2.110852
4.228431 -4.736189 2.110852
4.228431 -4.736189 2.110852
4.228431 -4.736189 2.110852
4.228431 -4.736189 2.110852
-3.210165 -14.715282 6.311518
-3.210165 -14.715282 6.311518
-3.210165 -14.715282 6.311518
-3.210165 -14.715282 6.311518
-3.210165 -14.715282 6.311518
-3.210165 -14.715282 6.311518
-3.210165 -14.715282 6.311518
-3.210165 -14.715282 6.311518
-3.210165 -14.715282 6.311518
1.536073 0.297333 8.608391
1.536073 0.297333 8.608391
1.536073 0.297333 8.608391
1.536073 0.297333 8.608391
1.536073 0.297333 8.608391
1.536073 0.297333 8.608391
1.556912 -1.368594 12.436630
1.556912 -1.368594 12.436630
1.556912 -1.368594 12.436630
1.556912 -1.368594 12.436630
1.556912 -1.368594 12.436630
1.556912 -1.368594 12.436630
1.556912 -1.368594 12.436630
1.556912 -1.368594 12.436630
1.556912 -1.368594 12.436630
9.417899 -0.249106 13.450532
9.417899 -0.249106 13.450532
9.417899 -0.249106 13.450532
9.417899 -0.249106 13.450532
9.417899 -0.249106 13.450532
9.417899 -0.249106 13.450532
9.417899 -0.249106 13.450532
-1.949056 0.017108 13.036397
-1.949056 0.017108 13.036397
-1.949056 0.017108 13.036397
-1.949056 0.017108 13.036397
-1.949056 0.017108 13.036397
-1.949056 0.017108 13.036397
-1.949056 0.017108 13.036397
-5.931806 -0.468559 12.985293
-5.931806 -0.468559 12.985293
-5.931806 -0.468559 12.985293
-5.931806 -0.468559 12.985293
-5.931806 -0.468559 12.985293
-5.931806 -0.468559 12.985293
-5.931806 -0.468559 12.985293
-5.931806 -0.468559 12.985293
-11.779520 -4.261017 11.959817
-11.779520 -4.261017 11.959817
-11.779520 -4.261017 11.959817
-11.779520 -4.261017 11.959817
-11.779520 -4.261017 11.959817
-11.779520 -4.261017 11.959817
-11.779520 -4.261017 11.959817
-11.779520 -4.261017 11.959817
-14.067669 -5.147175 12.755369
-14.067669 -5.147175 12.755369
-14.067669 -5.147175 12.755369
-14.067669 -5.147175 12.755369
-14.067669 -5.147175 12.755369
-14.067669 -5.147175 12.755369
-14.067669 -5.147175 12.755369
-14.067669 -5.147175 12.755369
-8.624626 -2.351229 13.596442
-8.624626 -2.351229 13.596442
-8.624626 -2.351229 13.596442
-8.624626 -2.351229 13.596442
-8.624626 -2.351229 13.596442
-8.624626 -2.351229 13.596442
-8.624626 -2.351229 13.596442
-8.624626 -2.351229 13.596442
-8.624626 -2.351229 13.596442
3.170545 0.740566 14.481104
3.170545 0.740566 14.481104
3.170545 0.740566 14.481104
3.170545 0.740566 14.481104
3.170545 0.740566 14.481104
3.170545 0.740566 14.481104
3.170545 0.740566 14.481104
3.170545 0.740566 14.481104
0.853626 7.204761 16.183121
0.853626 7.204761 16.183121
0.853626 7.204761 16.183121
0.853626 7.204761 16.183121
0.853626 7.204761 16.183121
0.853626 7.204761 16.183121
0.853626 7.204761 16.183121
-0.297779 6.988241 16.493010
-0.297779 6.988241 16.493010
-0.297779 6.988241 16.493010
-0.297779 6.988241 16.493010
-0.297779 6.988241 16.493010
-0.297779 6.988241 16.493010
-0.297779 6.988241 16.493010
-0.297779 6.988241 16.493010
-0.439442 7.495529 17.415485
-0.439442 7.495529 17.415485
-0.439442 7.495529 17.415485
-0.439442 7.495529 17.415485
-0.439442 7.495529 17.415485
-0.439442 7.495529 17.415485
-0.439442 7.495529 17.415485
-0.439442 7.495529 17.415485
-0.479635 7.804995 17.869457
-0.479635 7.804995 17.869457
-0.479635 7.804995 17.869457
-0.479635 7.804995 17.869457
-0.479635 7.804995 17.869457
-0.479635 7.804995 17.869457
-0.479635 7.804995 17.869457
-0.479635 7.804995 17.869457
-0.479635 7.804995 17.869457
-0.704663 7.744512 18.316272
-0.704663 7.744512 18.316272
-0.704663 7.744512 18.316272
-0.704663 7.744512 18.316272
-0.704663 7.744512 18.316272
-0.704663 7.744512 18.316272
-0.704663 7.744512 18.316272
-0.656544 9.597564 18.585493
-0.656544 9.597564 18.585493
-0.656544 9.597564 18.585493
-0.656544 9.597564 18.585493
-0.656544 9.597564 18.585493
-0.656544 9.597564 18.585493
-0.656544 9.597564 18.585493
-0.656544 9.597564 18.585493
-0.949673 12.519989 19.435670
-0.949673 12.519989 19.435670
-0.949673 12.519989 19.435670
-0.949673 12.519989 19.435670
-0.949673 12.519989 19.435670
-0.949673 12.519989 19.435670
-0.949673 12.519989 19.435670
-0.949673 12.519989 19.435670
-0.949673 12.519989 19.435670
-1.193658 13.470864 19.921150
-1.193658 13.470864 19.921150
-1.193658 13.470864 19.921150
-1.193658 13.470864 19.921150
-1.193658 13.470864 19.921150
-1.193658 13.470864 19.921150
-1.193658 13.470864 19.921150
-1.677029 11.743721 20.017184
-1.677029 11.743721 20.017184
-1.677029 11.743721 20.017184
-1.677029 11.743721 20.017184
-1.677029 11.743721 20.017184
-1.677029 11.743721 20.017184
-1.677029 11.743721 20.017184
-1.677029 11.743721 20.017184
-1.817792 8.033063 19.940316
-1.817792 8.033063 19.940316
-1.817792 8.033063 19.940316
-1.817792 8.033063 19.940316
-1.817792 8.033063 19.940316
-1.817792 8.033063 19.940316
-1.817792 8.033063 19.940316
-1.817792 8.033063 19.940316
-2.401316 7.715788 19.938654
-2.401316 7.715788 19.938654
-2.401316 7.715788 19.938654
-2.401316 7.715788 19.938654
-2.401316 7.715788 19.938654
-2.401316 7.715788 19.938654
-2.401316 7.715788 19.938654
-1.888399 6.661101 19.929964
-1.888399 6.661101 19.929964
-1.888399 6.661101 19.929964
-1.888399 6.661101 19.929964
-1.888399 6.661101 19.929964
-1.888399 6.661101 19.929964
-1.888399 6.661101 19.929964
-1.888399 6.661101 19.929964
-4.870387 5.736840 19.773370
-4.870387 5.736840 19.773370
-4.870387 5.736840 19.773370
-4.870387 5.736840 19.773370
-4.870387 5.736840 19.773370
-4.870387 5.736840 19.773370
-4.870387 5.736840 19.773370
-4.870387 5.736840 19.773370
-4.870387 5.736840 19.773370
-11.853031 3.703808 18.967541
-11.853031 3.703808 18.967541
-11.853031 3.703808 18.967541
-11.853031 3.703808 18.967541
-11.853031 3.703808 18.967541
-11.853031 3.703808 18.967541
-11.853031 3.703808 18.967541
-11.853031 3.703808 18.967541
-12.367784 3.102687 18.786306
-12.367784 3.102687 18.786306
-12.367784 3.102687 18.786306
-12.367784 3.102687 18.786306
-12.367784 3.102687 18.786306
-12.367784 3.102687 18.786306
-12.367784 3.102687 18.786306
-4.685587 8.185384 17.741830
-4.685587 8.185384 17.741830
-4.685587 8.185384 17.741830
-4.685587 8.185384 17.741830
-4.685587 8.185384 17.741830
-4.685587 8.185384 17.741830
-4.685587 8.185384 17.741830
-4.685587 8.185384 17.741830
9.463259 6.708748 16.500371
9.463259 6.708748 16.500371
9.463259 6.708748 16.500371
9.463259 6.708748 16.500371
9.463259 6.708748 16.500371
9.463259 6.708748 16.500371
9.463259 6.708748 16.500371
9.463259 6.708748 16.500371
14.613082 8.600908 17.397617
14.613082 8.600908 17.397617
14.613082 8.600908 17.397617
14.613082 8.600908 17.397617
14.613082 8.600908 17.397617
14.613082 8.600908 17.397617
14.613082 8.600908 17.397617
14.613082 8.600908 17.397617
2.896217 7.060211 17.056606
2.896217 7.060211 17.056606
2.896217 7.060211 17.056606
2.896217 7.060211 17.056606
2.896217 7.060211 17.056606
2.896217 7.060211 17.056606
2.896217 7.060211 17.056606
2.896217 7.060211 17.056606
2.696331 3.747517 19.480174
2.696331 3.747517 19.480174
2.696331 3.747517 19.480174
2.696331 3.747517 19.480174
2.696331 3.747517 19.480174
2.696331 3.747517 19.480174
2.696331 3.747517 19.480174
2.696331 3.747517 19.480174
-1.996381 7.031291 18.521053
-1.996381 7.031291 18.521053
-1.996381 7.031291 18.521053
-1.996381 7.031291 18.521053
-1.996381 7.031291 18.521053
-1.996381 7.031291 18.521053
-1.996381 7.031291 18.521053
-2.222069 13.344660 18.858219
-2.222069 13.344660 18.858219
-2.222069 13.344660 18.858219
-2.222069 13.344660 18.858219
-2.222069 13.344660 18.858219
-2.222069 13.344660 18.858219
-2.222069 13.344660 18.858219
-2.222069 13.344660 18.858219
-2.222069 13.344660 18.858219
-3.444845 -3.229326 20.590790
-3.444845 -3.229326 20.590790
-3.444845 -3.229326 20.590790
-3.444845 -3.229326 20.590790
-3.444845 -3.229326 20.590790
-3.444845 -3.229326 20.590790
-3.444845 -3.229326 20.590790
-5.917440 -15.581050 20.401174
-5.917440 -15.581050 20.401174
-5.917440 -15.581050 20.401174
-5.917440 -15.581050 20.401174
-5.917440 -15.581050 20.401174
-5.917440 -15.581050 20.401174
-5.917440 -15.581050 20.401174
-5.917440 -15.581050 20.401174
-9.714040 -28.819826 24.094903
-9.714040 -28.819826 24.094903
-9.714040 -28.819826 24.094903
-9.714040 -28.819826 24.094903
-9.714040 -28.819826 24.094903
-9.714040 -28.819826 24.094903
-9.714040 -28.819826 24.094903
-11.621389 -32.086132 25.935697
-11.621389 -32.086132 25.935697
-11.621389 -32.086132 25.935697
-11.621389 -32.086132 25.935697
-11.621389 -32.086132 25.935697
-11.621389 -32.086132 25.935697
-11.621389 -32.086132 25.935697
-11.621389 -32.086132 25.935697
-11.621389 -32.086132 25.935697
-11.621389 -32.086132 25.935697
-12.394696 -31.714542 25.147840
-12.394696 -31.714542 25.147840
-12.394696 -31.714542 25.147840
-12.394696 -31.714542 25.147840
-12.394696 -31.714542 25.147840
-12.394696 -31.714542 25.147840
-12.394696 -31.714542 25.147840
-12.394696 -31.714542 25.147840
-12.701851 -31.618981 25.130137
-12.701851 -31.618981 25.130137
-12.701851 -31.618981 25.130137
-12.701851 -31.618981 25.130137
-12.701851 -31.618981 25.130137
-12.701851 -31.618981 25.130137
-12.701851 -31.618981 25.130137
-12.701851 -31.618981 25.130137
-12.701851 -31.618981 25.130137
-6.229205 -30.015277 23.294224
-6.229205 -30.015277 23.294224
-6.229205 -30.015277 23.294224
-6.229205 -30.015277 23.294224
-6.229205 -30.015277 23.294224
-6.229205 -30.015277 23.294224
-6.229205 -30.015277 23.294224
-6.229205 -30.015277 23.294224
-8.645840 2.059780 22.100074
-8.645840 2.059780 22.100074
-8.645840 2.059780 22.100074
-8.645840 2.059780 22.100074
-8.645840 2.059780 22.100074
-8.645840 2.059780 22.100074
-8.645840 2.059780 22.100074
-8.645840 2.059780 22.100074
-8.692001 14.426008 30.298610
-8.692001 14.426008 30.298610
-8.692001 14.426008 30.298610
-8.692001 14.426008 30.298610
-8.692001 14.426008 30.298610
-8.692001 14.426008 30.298610
-8.692001 14.426008 30.298610
-8.692001 14.426008 30.298610
-1.399144 2.460045 48.168635
-1.399144 2.460045 48.168635
-1.399144 2.460045 48.168635
-1.399144 2.460045 48.168635
-1.399144 2.460045 48.168635
-1.399144 2.460045 48.168635
-1.399144 2.460045 48.168635
-1.399144 2.460045 48.168635
-3.265132 3.094561 76.985057
-3.265132 3.094561 76.985057
-3.265132 3.094561 76.985057
-3.265132 3.094561 76.985057
-3.265132 3.094561 76.985057
-3.265132 3.094561 76.985057
-3.265132 3.094561 76.985057
-3.265132 3.094561 76.985057
-3.265132 3.094561 76.985057
-5.455117 6.892065 82.869258
-5.455117 6.892065 82.869258
-5.455117 6.892065 82.869258
-5.455117 6.892065 82.869258
-5.455117 6.892065 82.869258
-5.455117 6.892065 82.869258
-5.455117 6.892065 82.869258
-7.181385 2.707240 77.280531
-7.181385 2.707240 77.280531
-7.181385 2.707240 77.280531
-7.181385 2.707240 77.280531
-7.181385 2.707240 77.280531
-7.181385 2.707240 77.280531
-7.181385 2.707240 77.280531
-7.181385 2.707240 77.280531
-7.181385 2.707240 77.280531
-0.233946 -14.766113 8.210284
-0.233946 -14.766113 8.210284
-0.233946 -14.766113 8.210284
-0.233946 -14.766113 8.210284
-0.233946 -14.766113 8.210284
-0.233946 -14.766113 8.210284
-0.233946 -14.766113 8.210284
-0.233946 -14.766113 8.210284
3.475756 -11.910031 9.477939
3.475756 -11.910031 9.477939
3.475756 -11.910031 9.477939
3.475756 -11.910031 9.477939
3.475756 -11.910031 9.477939
3.475756 -11.910031 9.477939
3.475756 -11.910031 9.477939
3.475756 -11.910031 9.477939
1.957742 -11.171636 11.244566
1.957742 -11.171636 11.244566
1.957742 -11.171636 11.244566
1.957742 -11.171636 11.244566
1.957742 -11.171636 11.244566
1.957742 -11.171636 11.244566
1.957742 -11.171636 11.244566
0.888379 -10.260422 12.453782
0.888379 -10.260422 12.453782
0.888379 -10.260422 12.453782
0.888379 -10.260422 12.453782
0.888379 -10.260422 12.453782
0.888379 -10.260422 12.453782
0.888379 -10.260422 12.453782
0.888379 -10.260422 12.453782
0.760493 -9.732114 13.519543
0.760493 -9.732114 13.519543
0.760493 -9.732114 13.519543
0.760493 -9.732114 13.519543
0.760493 -9.732114 13.519543
0.760493 -9.732114 13.519543
0.760493 -9.732114 13.519543
0.760493 -9.732114 13.519543
0.651407 -9.526273 14.239780
0.651407 -9.526273 14.239780
0.651407 -9.526273 14.239780
0.651407 -9.526273 14.239780
0.651407 -9.526273 14.239780
0.651407 -9.526273 14.239780
0.651407 -9.526273 14.239780
0.651407 -9.526273 14.239780
0.172290 -8.890268 14.978060
0.172290 -8.890268 14.978060
0.172290 -8.890268 14.978060
0.172290 -8.890268 14.978060
0.172290 -8.890268 14.978060
0.172290 -8.890268 14.978060
0.172290 -8.890268 14.978060
-0.110335 -8.532865 15.391985
-0.110335 -8.532865 15.391985
-0.110335 -8.532865 15.391985
-0.110335 -8.532865 15.391985
-0.110335 -8.532865 15.391985
-0.110335 -8.532865 15.391985
-0.110335 -8.532865 15.391985
-0.110335 -8.532865 15.391985
-0.110335 -8.532865 15.391985
-0.098832 -8.088716 16.026294
-0.098832 -8.088716 16.026294
-0.098832 -8.088716 16.026294
-0.098832 -8.088716 16.026294
-0.098832 -8.088716 16.026294
-0.098832 -8.088716 16.026294
-0.098832 -8.088716 16.026294
-0.098832 -8.088716 16.026294
0.516264 -8.491567 16.279315
0.516264 -8.491567 16.279315
0.516264 -8.491567 16.279315
0.516264 -8.491567 16.279315
0.516264 -8.491567 16.279315
0.516264 -8.491567 16.279315
0.516264 -8.491567 16.279315
0.516264 -8.491567 16.279315
0.398025 -8.193285 17.374065
0.398025 -8.193285 17.374065
0.398025 -8.193285 17.374065
0.398025 -8.193285 17.374065
0.398025 -8.193285 17.374065
0.398025 -8.193285 17.374065
0.398025 -8.193285 17.374065
0.200173 -8.016826 17.607309
0.200173 -8.016826 17.607309
0.200173 -8.016826 17.607309
0.200173 -8.016826 17.607309
0.200173 -8.016826 17.607309
0.200173 -8.016826 17.607309
0.200173 -8.016826 17.607309
0.200173 -8.016826 17.607309
0.200173 -8.016826 17.607309
1.449566 -7.550423 18.269018
1.449566 -7.550423 18.269018
1.449566 -7.550423 18.269018
1.449566 -7.550423 18.269018
1.449566 -7.550423 18.269018
1.449566 -7.550423 18.269018
1.449566 -7.550423 18.269018
1.449566 -7.550423 18.269018
-0.959810 -8.884020 18.369994
-0.959810 -8.884020 18.369994
-0.959810 -8.884020 18.369994
-0.959810 -8.884020 18.369994
-0.959810 -8.884020 18.369994
-0.959810 -8.884020 18.369994
-0.959810 -8.884020 18.369994
-0.959810 -8.884020 18.369994
-5.068445 -11.661071 10.575685
-5.068445 -11.661071 10.575685
-5.068445 -11.661071 10.575685
-5.068445 -11.661071 10.575685
-5.068445 -11.661071 10.575685
-5.068445 -11.661071 10.575685
-5.068445 -11.661071 10.575685
-18.113436 -7.241766 1.532635
-18.113436 -7.241766 1.532635
-18.113436 -7.241766 1.532635
-18.113436 -7.241766 1.532635
-18.113436 -7.241766 1.532635
-18.113436 -7.241766 1.532635
-18.113436 -7.241766 1.532635
-18.113436 -7.241766 1.532635
-15.993204 -4.427582 -6.128727
-15.993204 -4.427582 -6.128727
-15.993204 -4.427582 -6.128727
-15.993204 -4.427582 -6.128727
-15.993204 -4.427582 -6.128727
-15.993204 -4.427582 -6.128727
-15.993204 -4.427582 -6.128727
-15.993204 -4.427582 -6.128727
-4.258206 -4.570188 -7.306289
-4.258206 -4.570188 -7.306289
-4.258206 -4.570188 -7.306289
-4.258206 -4.570188 -7.306289
-4.258206 -4.570188 -7.306289
-4.258206 -4.570188 -7.306289
-4.258206 -4.570188 -7.306289
-4.258206 -4.570188 -7.306289
-4.934931 -1.269185 26.401172
-4.934931 -1.269185 26.401172
-4.934931 -1.269185 26.401172
-4.934931 -1.269185 26.401172
-4.934931 -1.269185 26.401172
-4.934931 -1.269185 26.401172
-4.934931 -1.269185 26.401172
-4.934931 -1.269185 26.401172
-3.890699 -8.451441 -2.952389
-3.890699 -8.451441 -2.952389
-3.890699 -8.451441 -2.952389
-3.890699 -8.451441 -2.952389
-3.890699 -8.451441 -2.952389
-3.890699 -8.451441 -2.952389
-3.890699 -8.451441 -2.952389
-3.890699 -8.451441 -2.952389
0.568991 -9.039319 -4.923565
0.568991 -9.039319 -4.923565
0.568991 -9.039319 -4.923565
0.568991 -9.039319 -4.923565
0.568991 -9.039319 -4.923565
0.568991 -9.039319 -4.923565
0.568991 -9.039319 -4.923565
0.568991 -9.039319 -4.923565
6.564112 -5.157977 1.407917
6.564112 -5.157977 1.407917
6.564112 -5.157977 1.407917
6.564112 -5.157977 1.407917
6.564112 -5.157977 1.407917
6.564112 -5.157977 1.407917
6.564112 -5.157977 1.407917
6.564112 -5.157977 1.407917
6.818223 -6.229852 0.701416
6.818223 -6.229852 0.701416
6.818223 -6.229852 0.701416
6.818223 -6.229852 0.701416
6.818223 -6.229852 0.701416
6.818223 -6.229852 0.701416
6.818223 -6.229852 0.701416
6.818223 -6.229852 0.701416
7.225363 -4.526429 0.200989
7.225363 -4.526429 0.200989
7.225363 -4.526429 0.200989
7.225363 -4.526429 0.200989
7.225363 -4.526429 0.200989
7.225363 -4.526429 0.200989
7.225363 -4.526429 0.200989
7.225363 -4.526429 0.200989
7.225363 -4.526429 0.200989
6.061120 -3.718437 -0.019809
6.061120 -3.718437 -0.019809
6.061120 -3.718437 -0.019809
6.061120 -3.718437 -0.019809
6.061120 -3.718437 -0.019809
6.061120 -3.718437 -0.019809
6.061120 -3.718437 -0.019809
5.509033 -3.342183 -0.607512
5.509033 -3.342183 -0.607512
5.509033 -3.342183 -0.607512
5.509033 -3.342183 -0.607512
5.509033 -3.342183 -0.607512
5.509033 -3.342183 -0.607512
5.509033 -3.342183 -0.607512
5.205626 -3.246999 -1.619289
5.205626 -3.246999 -1.619289
5.205626 -3.246999 -1.619289
5.205626 -3.246999 -1.619289
5.205626 -3.246999 -1.619289
5.205626 -3.246999 -1.619289
5.205626 -3.246999 -1.619289
4.055520 -3.193889 -2.041935
4.055520 -3.193889 -2.041935
4.055520 -3.193889 -2.041935
4.055520 -3.193889 -2.041935
4.055520 -3.193889 -2.041935
4.055520 -3.193889 -2.041935
4.055520 -3.193889 -2.041935
4.055520 -3.193889 -2.041935
4.108440 -4.827205 -2.832654
4.108440 -4.827205 -2.832654
4.108440 -4.827205 -2.832654
4.108440 -4.827205 -2.832654
4.108440 -4.827205 -2.832654
4.108440 -4.827205 -2.832654
4.108440 -4.827205 -2.832654
4.108440 -4.827205 -2.832654
2.836464 -11.596703 -8.635821
2.836464 -11.596703 -8.635821
2.836464 -11.596703 -8.635821
2.836464 -11.596703 -8.635821
2.836464 -11.596703 -8.635821
2.836464 -11.596703 -8.635821
2.836464 -11.596703 -8.635821
2.836464 -11.596703 -8.635821
-0.220287 2.949554 -37.147230
-0.220287 2.949554 -37.147230
-0.220287 2.949554 -37.147230
-0.220287 2.949554 -37.147230
-0.220287 2.949554 -37.147230
-0.220287 2.949554 -37.147230
-0.220287 2.949554 -37.147230
-0.220287 2.949554 -37.147230
-2.100207 -1.972431 -58.702334
-2.100207 -1.972431 -58.702334
-2.100207 -1.972431 -58.702334
-2.100207 -1.972431 -58.702334
-2.100207 -1.972431 -58.702334
-2.100207 -1.972431 -58.702334
-2.100207 -1.972431 -58.702334
-2.100207 -1.972431 -58.702334
-4.729786 -3.029179 -62.856995
-4.729786 -3.029179 -62.856995
-4.729786 -3.029179 -62.856995
-4.729786 -3.029179 -62.856995
-4.729786 -3.029179 -62.856995
-4.729786 -3.029179 -62.856995
-4.729786 -3.029179 -62.856995
-4.729786 -3.029179 -62.856995
-2.001455 -0.958667 -66.404759
-2.001455 -0.958667 -66.404759
-2.001455 -0.958667 -66.404759
-2.001455 -0.958667 -66.404759
-2.001455 -0.958667 -66.404759
-2.001455 -0.958667 -66.404759
-2.001455 -0.958667 -66.404759
-2.001455 -0.958667 -66.404759
-2.001455 -0.958667 -66.404759
1.077571 3.331008 -67.486299
1.077571 3.331008 -67.486299
1.077571 3.331008 -67.486299
1.077571 3.331008 -67.486299
1.077571 3.331008 -67.486299
1.077571 3.331008 -67.486299
1.077571 3.331008 -67.486299
1.077571 3.331008 -67.486299
1.508620 2.353296 -68.923726
1.508620 2.353296 -68.923726
1.508620 2.353296 -68.923726
1.508620 2.353296 -68.923726
1.508620 2.353296 -68.923726
1.508620 2.353296 -68.923726
1.508620 2.353296 -68.923726
-15.079649 0.873699 -69.513103
-15.079649 0.873699 -69.513103
-15.079649 0.873699 -69.513103
-15.079649 0.873699 -69.513103
-15.079649 0.873699 -69.513103
-15.079649 0.873699 -69.513103
-15.079649 0.873699 -69.513103
-15.079649 0.873699 -69.513103
-15.079649 0.873699 -69.513103
-19.370394 0.048694 -68.500138
-19.370394 0.048694 -68.500138
-19.370394 0.048694 -68.500138
-19.370394 0.048694 -68.500138
-19.370394 0.048694 -68.500138
-19.370394 0.048694 -68.500138
-19.370394 0.048694 -68.500138
-19.370394 0.048694 -68.500138
-20.481738 -0.251179 -66.880570
-20.481738 -0.251179 -66.880570
-20.481738 -0.251179 -66.880570
-20.481738 -0.251179 -66.880570
-20.481738 -0.251179 -66.880570
-20.481738 -0.251179 -66.880570
-20.481738 -0.251179 -66.880570
-20.481738 -0.251179 -66.880570
-11.993490 1.502235 -66.287983
-11.993490 1.502235 -66.287983
-11.993490 1.502235 -66.287983
-11.993490 1.502235 -66.287983
-11.993490 1.502235 -66.287983
-11.993490 1.502235 -66.287983
-11.993490 1.502235 -66.287983
-11.993490 1.502235 -66.287983
-11.993490 1.502235 -66.287983
-11.993490 1.502235 -66.287983
-9.639583 1.286499 -65.417831
-9.639583 1.286499 -65.417831
-9.639583 1.286499 -65.417831
-9.639583 1.286499 -65.417831
-9.639583 1.286499 -65.417831
-9.639583 1.286499 -65.417831
-9.639583 1.286499 -65.417831
-9.639583 1.286499 -65.417831
-9.639583 1.286499 -65.417831
-11.066383 0.416082 -65.381419
-11.066383 0.416082 -65.381419
-11.066383 0.416082 -65.381419
-11.066383 0.416082 -65.381419
-11.066383 0.416082 -65.381419
-11.066383 0.416082 -65.381419
-11.066383 0.416082 -65.381419
-11.066383 0.416082 -65.381419
-10.830101 1.218773 -65.414709
-10.830101 1.218773 -65.414709
-10.830101 1.218773 -65.414709
-10.830101 1.218773 -65.414709
-10.830101 1.218773 -65.414709
-10.830101 1.218773 -65.414709
-10.830101 1.218773 -65.414709
-10.830101 1.218773 -65.414709
-8.359771 1.965280 -65.611316
-8.359771 1.965280 -65.611316
-8.359771 1.965280 -65.611316
-8.359771 1.965280 -65.611316
-8.359771 1.965280 -65.611316
-8.359771 1.965280 -65.611316
-8.359771 1.965280 -65.611316
-3.165809 0.480455 -66.282130
-3.165809 0.480455 -66.282130
-3.165809 0.480455 -66.282130
-3.165809 0.480455 -66.282130
-3.165809 0.480455 -66.282130
-3.165809 0.480455 -66.282130
-3.165809 0.480455 -66.282130
-3.165809 0.480455 -66.282130
-3.165809 0.480455 -66.282130
1.764407 0.049474 -65.554653
1.764407 0.049474 -65.554653
1.764407 0.049474 -65.554653
1.764407 0.049474 -65.554653
1.764407 0.049474 -65.554653
1.764407 0.049474 -65.554653
1.764407 0.049474 -65.554653
1.764407 0.049474 -65.554653
11.262046 -0.214725 -59.569877
11.262046 -0.214725 -59.569877
11.262046 -0.214725 -59.569877
11.262046 -0.214725 -59.569877
11.262046 -0.214725 -59.569877
11.262046 -0.214725 -59.569877
11.262046 -0.214725 -59.569877
11.262046 -0.214725 -59.569877
12.022630 -3.799954 -59.315972
12.022630 -3.799954 -59.315972
12.022630 -3.799954 -59.315972
12.022630 -3.799954 -59.315972
12.022630 -3.799954 -59.315972
12.022630 -3.799954 -59.315972
12.022630 -3.799954 -59.315972
12.022630 -3.799954 -59.315972
12.022630 -3.799954 -59.315972
11.753998 -1.356026 -57.782376
11.753998 -1.356026 -57.782376
11.753998 -1.356026 -57.782376
11.753998 -1.356026 -57.782376
11.753998 -1.356026 -57.782376
11.753998 -1.356026 -57.782376
11.753998 -1.356026 -57.782376
11.753998 -1.356026 -57.782376
13.895779 -1.093412 -57.590502
13.895779 -1.093412 -57.590502
13.895779 -1.093412 -57.590502
13.895779 -1.093412 -57.590502
13.895779 -1.093412 -57.590502
13.895779 -1.093412 -57.590502
13.895779 -1.093412 -57.590502
13.895779 -1.093412 -57.590502
13.895779 -1.093412 -57.590502
15.296499 -3.888119 -57.384818
15.296499 -3.888119 -57.384818
15.296499 -3.888119 -57.384818
15.296499 -3.888119 -57.384818
15.296499 -3.888119 -57.384818
15.296499 -3.888119 -57.384818
15.296499 -3.888119 -57.384818
15.296499 -3.888119 -57.384818
8.068295 1.737370 -67.476511
8.068295 1.737370 -67.476511
8.068295 1.737370 -67.476511
8.068295 1.737370 -67.476511
8.068295 1.737370 -67.476511
8.068295 1.737370 -67.476511
8.068295 1.737370 -67.476511
8.068295 1.737370 -67.476511
-3.285105 -0.993619 -74.832229
-3.285105 -0.993619 -74.832229
-3.285105 -0.993619 -74.832229
-3.285105 -0.993619 -74.832229
-3.285105 -0.993619 -74.832229
-3.285105 -0.993619 -74.832229
-3.285105 -0.993619 -74.832229
-3.285105 -0.993619 -74.832229
1.581119 -3.464491 -73.770954
1.581119 -3.464491 -73.770954
1.581119 -3.464491 -73.770954
1.581119 -3.464491 -73.770954
1.581119 -3.464491 -73.770954
1.581119 -3.464491 -73.770954
1.581119 -3.464491 -73.770954
1.581119 -3.464491 -73.770954
12.945772 -5.542833 -74.226835
12.945772 -5.542833 -74.226835
12.945772 -5.542833 -74.226835
12.945772 -5.542833 -74.226835
12.945772 -5.542833 -74.226835
12.945772 -5.542833 -74.226835
12.945772 -5.542833 -74.226835
12.945772 -5.542833 -74.226835
31.831137 1.844840 -74.815570
31.831137 1.844840 -74.815570
31.831137 1.844840 -74.815570
31.831137 1.844840 -74.815570
31.831137 1.844840 -74.815570
31.831137 1.844840 -74.815570
31.831137 1.844840 -74.815570
31.831137 1.844840 -74.815570
32.616469 0.866936 -79.055389
32.616469 0.866936 -79.055389
32.616469 0.866936 -79.055389
32.616469 0.866936 -79.055389
32.616469 0.866936 -79.055389
32.616469 0.866936 -79.055389
32.616469 0.866936 -79.055389
31.444524 -1.411855 -79.838512
31.444524 -1.411855 -79.838512
31.444524 -1.411855 -79.838512
31.444524 -1.411855 -79.838512
31.444524 -1.411855 -79.838512
31.444524 -1.411855 -79.838512
31.444524 -1.411855 -79.838512
31.444524 -1.411855 -79.838512
30.457555 -1.670282 -72.604774
30.457555 -1.670282 -72.604774
30.457555 -1.670282 -72.604774
30.457555 -1.670282 -72.604774
30.457555 -1.670282 -72.604774
30.457555 -1.670282 -72.604774
30.457555 -1.670282 -72.604774
30.457555 -1.670282 -72.604774
30.457555 -1.670282 -72.604774
17.509760 3.639797 -57.052075
17.509760 3.639797 -57.052075
17.509760 3.639797 -57.052075
17.509760 3.639797 -57.052075
17.509760 3.639797 -57.052075
17.509760 3.639797 -57.052075
17.509760 3.639797 -57.052075
17.509760 3.639797 -57.052075
11.427780 -0.907781 -57.858860
11.427780 -0.907781 -57.858860
11.427780 -0.907781 -57.858860
11.427780 -0.907781 -57.858860
11.427780 -0.907781 -57.858860
11.427780 -0.907781 -57.858860
11.427780 -0.907781 -57.858860
11.427780 -0.907781 -57.858860
9.198149 0.133322 -51.174837
9.198149 0.133322 -51.174837
9.198149 0.133322 -51.174837
9.198149 0.133322 -51.174837
9.198149 0.133322 -51.174837
9.198149 0.133322 -51.174837
9.198149 0.133322 -51.174837
9.198149 0.133322 -51.174837
7.785883 -1.057997 -49.588522
7.785883 -1.057997 -49.588522
7.785883 -1.057997 -49.588522
7.785883 -1.057997 -49.588522
7.785883 -1.057997 -49.588522
7.785883 -1.057997 -49.588522
7.785883 -1.057997 -49.588522
7.785883 -1.057997 -49.588522
8.137320 0.186755 -49.170713
8.137320 0.186755 -49.170713
8.137320 0.186755 -49.170713
8.137320 0.186755 -49.170713
8.137320 0.186755 -49.170713
8.137320 0.186755 -49.170713
8.137320 0.186755 -49.170713
8.137320 0.186755 -49.170713
9.112714 -0.192662 -48.695981
9.112714 -0.192662 -48.695981
9.112714 -0.192662 -48.695981
9.112714 -0.192662 -48.695981
9.112714 -0.192662 -48.695981
9.112714 -0.192662 -48.695981
9.112714 -0.192662 -48.695981
9.112714 -0.192662 -48.695981
8.947217 0.161430 -46.516822
8.947217 0.161430 -46.516822
8.947217 0.161430 -46.516822
8.947217 0.161430 -46.516822
8.947217 0.161430 -46.516822
8.947217 0.161430 -46.516822
8.947217 0.161430 -46.516822
8.947217 0.161430 -46.516822
10.733521 -0.041636 -42.866984
10.733521 -0.041636 -42.866984
10.733521 -0.041636 -42.866984
10.733521 -0.041636 -42.866984
10.733521 -0.041636 -42.866984
10.733521 -0.041636 -42.866984
10.733521 -0.041636 -42.866984
10.733521 -0.041636 -42.866984
10.733521 -0.041636 -42.866984
10.615266 0.552792 -42.619175
10.615266 0.552792 -42.619175
10.615266 0.552792 -42.619175
10.615266 0.552792 -42.619175
10.615266 0.552792 -42.619175
10.615266 0.552792 -42.619175
10.615266 0.552792 -42.619175
10.615266 0.552792 -42.619175
10.346424 -1.459411 -41.965458
10.346424 -1.459411 -41.965458
10.346424 -1.459411 -41.965458
10.346424 -1.459411 -41.965458
10.346424 -1.459411 -41.965458
10.346424 -1.459411 -41.965458
10.346424 -1.459411 -41.965458
9.294177 -1.559157 -42.276692
9.294177 -1.559157 -42.276692
9.294177 -1.559157 -42.276692
9.294177 -1.559157 -42.276692
9.294177 -1.559157 -42.276692
9.294177 -1.559157 -42.276692
9.294177 -1.559157 -42.276692
9.294177 -1.559157 -42.276692
9.294177 -1.559157 -42.276692
9.533260 -0.920626 -43.205704
9.533260 -0.920626 -43.205704
9.533260 -0.920626 -43.205704
9.533260 -0.920626 -43.205704
9.533260 -0.920626 -43.205704
9.533260 -0.920626 -43.205704
9.533260 -0.920626 -43.205704
9.533260 -0.920626 -43.205704
10.037851 -1.458463 -41.971956
10.037851 -1.458463 -41.971956
10.037851 -1.458463 -41.971956
10.037851 -1.458463 -41.971956
10.037851 -1.458463 -41.971956
10.037851 -1.458463 -41.971956
10.037851 -1.458463 -41.971956
7.294637 -9.690415 -41.777549
7.294637 -9.690415 -41.777549
7.294637 -9.690415 -41.777549
7.294637 -9.690415 -41.777549
7.294637 -9.690415 -41.777549
7.294637 -9.690415 -41.777549
7.294637 -9.690415 -41.777549
7.294637 -9.690415 -41.777549
6.865790 -12.024224 -42.242961
6.865790 -12.024224 -42.242961
6.865790 -12.024224 -42.242961
6.865790 -12.024224 -42.242961
6.865790 -12.024224 -42.242961
6.865790 -12.024224 -42.242961
6.865790 -12.024224 -42.242961
7.687673 -13.505389 -41.897398
7.687673 -13.505389 -41.897398
7.687673 -13.505389 -41.897398
7.687673 -13.505389 -41.897398
7.687673 -13.505389 -41.897398
7.687673 -13.505389 -41.897398
7.687673 -13.505389 -41.897398
7.687673 -13.505389 -41.897398
7.182740 -16.879663 -42.001821
7.182740 -16.879663 -42.001821
7.182740 -16.879663 -42.001821
7.182740 -16.879663 -42.001821
7.182740 -16.879663 -42.001821
7.182740 -16.879663 -42.001821
7.182740 -16.879663 -42.001821
7.182740 -16.879663 -42.001821
4.671454 -26.617353 -41.538940
4.671454 -26.617353 -41.538940
4.671454 -26.617353 -41.538940
4.671454 -26.617353 -41.538940
4.671454 -26.617353 -41.538940
4.671454 -26.617353 -41.538940
4.671454 -26.617353 -41.538940
4.671454 -26.617353 -41.538940
5.887114 -28.852765 -41.792336
5.887114 -28.852765 -41.792336
5.887114 -28.852765 -41.792336
5.887114 -28.852765 -41.792336
5.887114 -28.852765 -41.792336
5.887114 -28.852765 -41.792336
5.887114 -28.852765 -41.792336
8.195045 -38.512346 -44.691420
8.195045 -38.512346 -44.691420
8.195045 -38.512346 -44.691420
8.195045 -38.512346 -44.691420
8.195045 -38.512346 -44.691420
8.195045 -38.512346 -44.691420
8.195045 -38.512346 -44.691420
8.195045 -38.512346 -44.691420
8.195045 -38.512346 -44.691420
7.690238 -38.967657 -45.715501
7.690238 -38.967657 -45.715501
7.690238 -38.967657 -45.715501
7.690238 -38.967657 -45.715501
7.690238 -38.967657 -45.715501
7.690238 -38.967657 -45.715501
7.690238 -38.967657 -45.715501
7.690238 -38.967657 -45.715501
7.690238 -38.967657 -45.715501
10.167074 -26.864802 -39.325924
10.167074 -26.864802 -39.325924
10.167074 -26.864802 -39.325924
10.167074 -26.864802 -39.325924
10.167074 -26.864802 -39.325924
10.167074 -26.864802 -39.325924
10.167074 -26.864802 -39.325924
10.167074 -26.864802 -39.325924
9.465344 -31.552370 -29.981703
9.465344 -31.552370 -29.981703
9.465344 -31.552370 -29.981703
9.465344 -31.552370 -29.981703
9.465344 -31.552370 -29.981703
9.465344 -31.552370 -29.981703
9.465344 -31.552370 -29.981703
9.465344 -31.552370 -29.981703
12.422753 -50.442965 -43.259727
12.422753 -50.442965 -43.259727
12.422753 -50.442965 -43.259727
12.422753 -50.442965 -43.259727
12.422753 -50.442965 -43.259727
12.422753 -50.442965 -43.259727
12.422753 -50.442965 -43.259727
12.422753 -50.442965 -43.259727
3.061370 -67.983291 -46.281338
3.061370 -67.983291 -46.281338
3.061370 -67.983291 -46.281338
3.061370 -67.983291 -46.281338
3.061370 -67.983291 -46.281338
3.061370 -67.983291 -46.281338
3.061370 -67.983291 -46.281338
3.061370 -67.983291 -46.281338
3.061370 -67.983291 -46.281338
2.741695 -71.553881 -45.636705
2.741695 -71.553881 -45.636705
2.741695 -71.553881 -45.636705
2.741695 -71.553881 -45.636705
2.741695 -71.553881 -45.636705
2.741695 -71.553881 -45.636705
2.741695 -71.553881 -45.636705
2.741695 -71.553881 -45.636705
2.741695 -71.553881 -45.636705
4.367398 -66.908438 -46.099088
4.367398 -66.908438 -46.099088
4.367398 -66.908438 -46.099088
4.367398 -66.908438 -46.099088
4.367398 -66.908438 -46.099088
4.367398 -66.908438 -46.099088
4.367398 -66.908438 -46.099088
4.367398 -66.908438 -46.099088
-2.419619 -69.514892 -44.658922
-2.419619 -69.514892 -44.658922
-2.419619 -69.514892 -44.658922
-2.419619 -69.514892 -44.658922
-2.419619 -69.514892 -44.658922
-2.419619 -69.514892 -44.658922
-2.419619 -69.514892 -44.658922
-2.419619 -69.514892 -44.658922
-2.419619 -69.514892 -44.658922
-2.292169 -74.911561 -39.233696
-2.292169 -74.911561 -39.233696
-2.292169 -74.911561 -39.233696
-2.292169 -74.911561 -39.233696
-2.292169 -74.911561 -39.233696
-2.292169 -74.911561 -39.233696
-2.292169 -74.911561 -39.233696
-2.292169 -74.911561 -39.233696
-2.292169 -74.911561 -39.233696
-2.292169 -74.911561 -39.233696
-4.577444 -77.355260 -40.224384
-4.577444 -77.355260 -40.224384
-4.577444 -77.355260 -40.224384
-4.577444 -77.355260 -40.224384
-4.577444 -77.355260 -40.224384
-4.577444 -77.355260 -40.224384
-4.577444 -77.355260 -40.224384
-4.577444 -77.355260 -40.224384
-3.686737 -78.364461 -41.062145
-3.686737 -78.364461 -41.062145
-3.686737 -78.364461 -41.062145
-3.686737 -78.364461 -41.062145
-3.686737 -78.364461 -41.062145
-3.686737 -78.364461 -41.062145
-3.686737 -78.364461 -41.062145
-3.686737 -78.364461 -41.062145
-3.686737 -78.364461 -41.062145
-3.561085 -76.714520 -42.384626
-3.561085 -76.714520 -42.384626
-3.561085 -76.714520 -42.384626
-3.561085 -76.714520 -42.384626
-3.561085 -76.714520 -42.384626
-3.561085 -76.714520 -42.384626
-3.561085 -76.714520 -42.384626
-3.561085 -76.714520 -42.384626
-3.561085 -76.714520 -42.384626
-3.561085 -76.714520 -42.384626
-3.808991 -65.460847 -44.754036
-3.808991 -65.460847 -44.754036
-3.808991 -65.460847 -44.754036
-3.808991 -65.460847 -44.754036
-3.808991 -65.460847 -44.754036
-3.808991 -65.460847 -44.754036
-3.808991 -65.460847 -44.754036
-3.808991 -65.460847 -44.754036
-3.808991 -65.460847 -44.754036
-3.079210 -58.262128 -46.543805
-3.079210 -58.262128 -46.543805
-3.079210 -58.262128 -46.543805
-3.079210 -58.262128 -46.543805
-3.079210 -58.262128 -46.543805
-3.079210 -58.262128 -46.543805
-3.079210 -58.262128 -46.543805
-3.079210 -58.262128 -46.543805
-3.079210 -58.262128 -46.543805
-2.445338 -56.564246 -47.145070
-2.445338 -56.564246 -47.145070
-2.445338 -56.564246 -47.145070
-2.445338 -56.564246 -47.145070
-2.445338 -56.564246 -47.145070
-2.445338 -56.564246 -47.145070
-2.445338 -56.564246 -47.145070
-2.445338 -56.564246 -47.145070
-1.515339 -55.879096 -47.478513
-1.515339 -55.879096 -47.478513
-1.515339 -55.879096 -47.478513
-1.515339 -55.879096 -47.478513
-1.515339 -55.879096 -47.478513
-1.515339 -55.879096 -47.478513
-1.515339 -55.879096 -47.478513
-1.515339 -55.879096 -47.478513
0.292454 -50.723860 -48.352200
0.292454 -50.723860 -48.352200
0.292454 -50.723860 -48.352200
0.292454 -50.723860 -48.352200
0.292454 -50.723860 -48.352200
0.292454 -50.723860 -48.352200
0.292454 -50.723860 -48.352200
0.292454 -50.723860 -48.352200
1.073190 -50.131656 -47.791243
1.073190 -50.131656 -47.791243
1.073190 -50.131656 -47.791243
1.073190 -50.131656 -47.791243
1.073190 -50.131656 -47.791243
1.073190 -50.131656 -47.791243
1.073190 -50.131656 -47.791243
1.073190 -50.131656 -47.791243
1.073190 -50.131656 -47.791243
2.661541 -44.489093 -48.081496
2.661541 -44.489093 -48.081496
2.661541 -44.489093 -48.081496
2.661541 -44.489093 -48.081496
2.661541 -44.489093 -48.081496
2.661541 -44.489093 -48.081496
2.661541 -44.489093 -48.081496
2.661541 -44.489093 -48.081496
2.661541 -44.489093 -48.081496
3.438640 -41.979101 -46.996688
3.438640 -41.979101 -46.996688
3.438640 -41.979101 -46.996688
3.438640 -41.979101 -46.996688
3.438640 -41.979101 -46.996688
3.438640 -41.979101 -46.996688
3.438640 -41.979101 -46.996688
3.438640 -41.979101 -46.996688
5.398120 -37.232645 -45.728226
5.398120 -37.232645 -45.728226
5.398120 -37.232645 -45.728226
5.398120 -37.232645 -45.728226
5.398120 -37.232645 -45.728226
5.398120 -37.232645 -45.728226
5.398120 -37.232645 -45.728226
6.857294 -33.036840 -44.640125
6.857294 -33.036840 -44.640125
6.857294 -33.036840 -44.640125
6.857294 -33.036840 -44.640125
6.857294 -33.036840 -44.640125
6.857294 -33.036840 -44.640125
6.857294 -33.036840 -44.640125
8.458667 -28.032194 -43.348742
8.458667 -28.032194 -43.348742
8.458667 -28.032194 -43.348742
8.458667 -28.032194 -43.348742
8.458667 -28.032194 -43.348742
8.458667 -28.032194 -43.348742
8.458667 -28.032194 -43.348742
8.458667 -28.032194 -43.348742
9.417397 -24.412810 -42.115411
9.417397 -24.412810 -42.115411
9.417397 -24.412810 -42.115411
9.417397 -24.412810 -42.115411
9.417397 -24.412810 -42.115411
9.417397 -24.412810 -42.115411
9.417397 -24.412810 -42.115411
9.417397 -24.412810 -42.115411
10.647025 -20.647240 -40.968513
10.647025 -20.647240 -40.968513
10.647025 -20.647240 -40.968513
10.647025 -20.647240 -40.968513
10.647025 -20.647240 -40.968513
10.647025 -20.647240 -40.968513
10.647025 -20.647240 -40.968513
10.647025 -20.647240 -40.968513
11.055984 -17.151307 -40.148651
11.055984 -17.151307 -40.148651
11.055984 -17.151307 -40.148651
11.055984 -17.151307 -40.148651
11.055984 -17.151307 -40.148651
11.055984 -17.151307 -40.148651
11.055984 -17.151307 -40.148651
11.055984 -17.151307 -40.148651
11.768162 -13.605508 -39.278362
11.768162 -13.605508 -39.278362
11.768162 -13.605508 -39.278362
11.768162 -13.605508 -39.278362
11.768162 -13.605508 -39.278362
11.768162 -13.605508 -39.278362
11.768162 -13.605508 -39.278362
11.768162 -13.605508 -39.278362
12.716909 -9.194992 -38.750207
12.716909 -9.194992 -38.750207
12.716909 -9.194992 -38.750207
12.716909 -9.194992 -38.750207
12.716909 -9.194992 -38.750207
12.716909 -9.194992 -38.750207
12.716909 -9.194992 -38.750207
12.716909 -9.194992 -38.750207
12.716909 -9.194992 -38.750207
7.915198 -6.025917 -37.629425
7.915198 -6.025917 -37.629425
7.915198 -6.025917 -37.629425
7.915198 -6.025917 -37.629425
7.915198 -6.025917 -37.629425
7.915198 -6.025917 -37.629425
7.915198 -6.025917 -37.629425
4.618735 -5.750101 -39.685930
4.618735 -5.750101 -39.685930
4.618735 -5.750101 -39.685930
4.618735 -5.750101 -39.685930
4.618735 -5.750101 -39.685930
4.618735 -5.750101 -39.685930
4.618735 -5.750101 -39.685930
4.618735 -5.750101 -39.685930
4.618735 -5.750101 -39.685930
4.688692 -6.226515 -42.490197
4.688692 -6.226515 -42.490197
4.688692 -6.226515 -42.490197
4.688692 -6.226515 -42.490197
4.688692 -6.226515 -42.490197
4.688692 -6.226515 -42.490197
4.688692 -6.226515 -42.490197
3.028177 -18.066994 -43.527173
3.028177 -18.066994 -43.527173
3.028177 -18.066994 -43.527173
3.028177 -18.066994 -43.527173
3.028177 -18.066994 -43.527173
3.028177 -18.066994 -43.527173
3.028177 -18.066994 -43.527173
-1.993158 -37.622028 -40.997452
-1.993158 -37.622028 -40.997452
-1.993158 -37.622028 -40.997452
-1.993158 -37.622028 -40.997452
-1.993158 -37.622028 -40.997452
-1.993158 -37.622028 -40.997452
-1.993158 -37.622028 -40.997452
-1.993158 -37.622028 -40.997452
-1.993158 -37.622028 -40.997452
-8.551797 -55.714994 -37.261011
-8.551797 -55.714994 -37.261011
-8.551797 -55.714994 -37.261011
-8.551797 -55.714994 -37.261011
-8.551797 -55.714994 -37.261011
-8.551797 -55.714994 -37.261011
-8.551797 -55.714994 -37.261011
-12.312179 -71.793717 -14.495676
-12.312179 -71.793717 -14.495676
-12.312179 -71.793717 -14.495676
-12.312179 -71.793717 -14.495676
-12.312179 -71.793717 -14.495676
-12.312179 -71.793717 -14.495676
-12.312179 -71.793717 -14.495676
-12.312179 -71.793717 -14.495676
-12.312179 -71.793717 -14.495676
-12.312179 -71.793717 -14.495676
-16.458579 -70.417317 -15.335899
-16.458579 -70.417317 -15.335899
-16.458579 -70.417317 -15.335899
-16.458579 -70.417317 -15.335899
-16.458579 -70.417317 -15.335899
-16.458579 -70.417317 -15.335899
-16.458579 -70.417317 -15.335899
-16.458579 -70.417317 -15.335899
-18.282386 -63.028699 -34.006361
-18.282386 -63.028699 -34.006361
-18.282386 -63.028699 -34.006361
-18.282386 -63.028699 -34.006361
-18.282386 -63.028699 -34.006361
-18.282386 -63.028699 -34.006361
-18.282386 -63.028699 -34.006361
-21.469137 -58.498760 -30.532260
-21.469137 -58.498760 -30.532260
-21.469137 -58.498760 -30.532260
-21.469137 -58.498760 -30.532260
-21.469137 -58.498760 -30.532260
-21.469137 -58.498760 -30.532260
-21.469137 -58.498760 -30.532260
-21.469137 -58.498760 -30.532260
-21.469137 -58.498760 -30.532260
-21.469137 -58.498760 -30.532260
-21.562088 -56.673963 -38.985289
-21.562088 -56.673963 -38.985289
-21.562088 -56.673963 -38.985289
-21.562088 -56.673963 -38.985289
-21.562088 -56.673963 -38.985289
-21.562088 -56.673963 -38.985289
-21.562088 -56.673963 -38.985289
-21.562088 -56.673963 -38.985289
-22.302584 -48.970609 -45.659944
-22.302584 -48.970609 -45.659944
-22.302584 -48.970609 -45.659944
-22.302584 -48.970609 -45.659944
-22.302584 -48.970609 -45.659944
-22.302584 -48.970609 -45.659944
-22.302584 -48.970609 -45.659944
-22.302584 -48.970609 -45.659944
-22.302584 -48.970609 -45.659944
-20.266759 -44.972715 -51.529017
-20.266759 -44.972715 -51.529017
-20.266759 -44.972715 -51.529017
-20.266759 -44.972715 -51.529017
-20.266759 -44.972715 -51.529017
-20.266759 -44.972715 -51.529017
-20.266759 -44.972715 -51.529017
-20.266759 -44.972715 -51.529017
-19.304924 -42.848294 -64.614396
-19.304924 -42.848294 -64.614396
-19.304924 -42.848294 -64.614396
-19.304924 -42.848294 -64.614396
-19.304924 -42.848294 -64.614396
-19.304924 -42.848294 -64.614396
-19.304924 -42.848294 -64.614396
-19.304924 -42.848294 -64.614396
-19.304924 -42.848294 -64.614396
-19.304924 -42.848294 -64.614396
-19.930390 -46.604655 -70.221018
-19.930390 -46.604655 -70.221018
-19.930390 -46.604655 -70.221018
-19.930390 -46.604655 -70.221018
-19.930390 -46.604655 -70.221018
-19.930390 -46.604655 -70.221018
-19.930390 -46.604655 -70.221018
-19.930390 -46.604655 -70.221018
-19.930390 -46.604655 -70.221018
-14.409199 -47.883410 -65.614124
-14.409199 -47.883410 -65.614124
-14.409199 -47.883410 -65.614124
-14.409199 -47.883410 -65.614124
-14.409199 -47.883410 -65.614124
-14.409199 -47.883410 -65.614124
-14.409199 -47.883410 -65.614124
-14.409199 -47.883410 -65.614124
-14.878548 -43.712125 -68.768284
-14.878548 -43.712125 -68.768284
-14.878548 -43.712125 -68.768284
-14.878548 -43.712125 -68.768284
-14.878548 -43.712125 -68.768284
-14.878548 -43.712125 -68.768284
-14.878548 -43.712125 -68.768284
-14.878548 -43.712125 -68.768284
-14.765959 -34.837906 -72.135547
-14.765959 -34.837906 -72.135547
-14.765959 -34.837906 -72.135547
-14.765959 -34.837906 -72.135547
-14.765959 -34.837906 -72.135547
-14.765959 -34.837906 -72.135547
-14.765959 -34.837906 -72.135547
-12.065393 -21.774879 -76.607832
-12.065393 -21.774879 -76.607832
-12.065393 -21.774879 -76.607832
-12.065393 -21.774879 -76.607832
-12.065393 -21.774879 -76.607832
-12.065393 -21.774879 -76.607832
-12.065393 -21.774879 -76.607832
-12.065393 -21.774879 -76.607832
-9.348117 -12.400010 -80.536857
-9.348117 -12.400010 -80.536857
-9.348117 -12.400010 -80.536857
-9.348117 -12.400010 -80.536857
-9.348117 -12.400010 -80.536857
-9.348117 -12.400010 -80.536857
-9.348117 -12.400010 -80.536857
-9.348117 -12.400010 -80.536857
-9.348117 -12.400010 -80.536857
-8.671292 -18.223684 -84.080298
-8.671292 -18.223684 -84.080298
-8.671292 -18.223684 -84.080298
-8.671292 -18.223684 -84.080298
-8.671292 -18.223684 -84.080298
-8.671292 -18.223684 -84.080298
-8.671292 -18.223684 -84.080298
-8.255425 -25.903988 -87.130838
-8.255425 -25.903988 -87.130838
-8.255425 -25.903988 -87.130838
-8.255425 -25.903988 -87.130838
-8.255425 -25.903988 -87.130838
-8.255425 -25.903988 -87.130838
-8.255425 -25.903988 -87.130838
-8.255425 -25.903988 -87.130838
-7.744125 -24.210796 -89.025628
-7.744125 -24.210796 -89.025628
-7.744125 -24.210796 -89.025628
-7.744125 -24.210796 -89.025628
-7.744125 -24.210796 -89.025628
-7.744125 -24.210796 -89.025628
-7.744125 -24.210796 -89.025628
-7.744125 -24.210796 -89.025628
-6.556985 -21.834443 -90.684060
-6.556985 -21.834443 -90.684060
-6.556985 -21.834443 -90.684060
-6.556985 -21.834443 -90.684060
-6.556985 -21.834443 -90.684060
-6.556985 -21.834443 -90.684060
-6.556985 -21.834443 -90.684060
-6.556985 -21.834443 -90.684060
-6.133161 -22.328025 -91.655354
-6.133161 -22.328025 -91.655354
-6.133161 -22.328025 -91.655354
-6.133161 -22.328025 -91.655354
-6.133161 -22.328025 -91.655354
-6.133161 -22.328025 -91.655354
-6.133161 -22.328025 -91.655354
-6.133161 -22.328025 -91.655354
-6.133161 -22.328025 -91.655354
-5.305872 -22.335718 -91.764869
-5.305872 -22.335718 -91.764869
-5.305872 -22.335718 -91.764869
-5.305872 -22.335718 -91.764869
-5.305872 -22.335718 -91.764869
-5.305872 -22.335718 -91.764869
-5.305872 -22.335718 -91.764869
-4.797013 -22.376992 -91.748053
-4.797013 -22.376992 -91.748053
-4.797013 -22.376992 -91.748053
-4.797013 -22.376992 -91.748053
-4.797013 -22.376992 -91.748053
-4.797013 -22.376992 -91.748053
-4.797013 -22.376992 -91.748053
-4.797013 -22.376992 -91.748053
-5.223402 -32.645176 -91.223542
-5.223402 -32.645176 -91.223542
-5.223402 -32.645176 -91.223542
-5.223402 -32.645176 -91.223542
-5.223402 -32.645176 -91.223542
-5.223402 -32.645176 -91.223542
-5.223402 -32.645176 -91.223542
-5.223402 -32.645176 -91.223542
-5.223402 