-0.881966 -13.727112 -115.705181
-0.881966 -13.727112 -115.705181
-0.881966 -13.727112 -115.705181
-0.881966 -13.727112 -115.705181
-0.897357 -14.047726 -115.723759
-0.897357 -14.047726 -115.723759
-0.897357 -14.047726 -115.723759
-0.897357 -14.047726 -115.723759
-0.897357 -14.047726 -115.723759
-0.897357 -14.047726 -115.723759
-0.897357 -14.047726 -115.723759
-0.897357 -14.047726 -115.723759
-0.905160 -14.250303 -115.743853
-0.905160 -14.250303 -115.743853
-0.905160 -14.250303 -115.743853
-0.905160 -14.250303 -115.743853
-0.905160 -14.250303 -115.743853
-0.905160 -14.250303 -115.743853
-0.905160 -14.250303 -115.743853
-0.902072 -14.365083 -115.767062
-0.902072 -14.365083 -115.767062
-0.902072 -14.365083 -115.767062
-0.902072 -14.365083 -115.767062
-0.902072 -14.365083 -115.767062
-0.902072 -14.365083 -115.767062
-0.902072 -14.365083 -115.767062
-0.902072 -14.365083 -115.767062
-0.905615 -14.430981 -115.779384
-0.905615 -14.430981 -115.779384
-0.905615 -14.430981 -115.779384
-0.905615 -14.430981 -115.779384
-0.905615 -14.430981 -115.779384
-0.905615 -14.430981 -115.779384
-0.905615 -14.430981 -115.779384
-0.905615 -14.430981 -115.779384
-0.916638 -14.495214 -115.801882
-0.916638 -14.495214 -115.801882
-0.916638 -14.495214 -115.801882
-0.916638 -14.495214 -115.801882
-0.916638 -14.495214 -115.801882
-0.916638 -14.495214 -115.801882
-0.916638 -14.495214 -115.801882
-0.916638 -14.495214 -115.801882
-0.920039 -14.535944 -115.824627
-0.920039 -14.535944 -115.824627
-0.920039 -14.535944 -115.824627
-0.920039 -14.535944 -115.824627
-0.920039 -14.535944 -115.824627
-0.920039 -14.535944 -115.824627
-0.920039 -14.535944 -115.824627
-0.920039 -14.535944 -115.824627
-0.924068 -14.547138 -115.833643
-0.924068 -14.547138 -115.833643
-0.924068 -14.547138 -115.833643
-0.924068 -14.547138 -115.833643
-0.924068 -14.547138 -115.833643
-0.924068 -14.547138 -115.833643
-0.924068 -14.547138 -115.833643
-0.924068 -14.547138 -115.833643
-0.926325 -14.565626 -115.860444
-0.926325 -14.565626 -115.860444
-0.926325 -14.565626 -115.860444
-0.926325 -14.565626 -115.860444
-0.926325 -14.565626 -115.860444
-0.926325 -14.565626 -115.860444
-0.926325 -14.565626 -115.860444
-0.926325 -14.565626 -115.860444
-0.911106 -14.574620 -115.850623
-0.911106 -14.574620 -115.850623
-0.911106 -14.574620 -115.850623
-0.911106 -14.574620 -115.850623
-0.911106 -14.574620 -115.850623
-0.911106 -14.574620 -115.850623
-0.911106 -14.574620 -115.850623
-0.911275 -14.577394 -115.869474
-0.911275 -14.577394 -115.869474
-0.911275 -14.577394 -115.869474
-0.911275 -14.577394 -115.869474
-0.911275 -14.577394 -115.869474
-0.911275 -14.577394 -115.869474
-0.911275 -14.577394 -115.869474
-0.910799 -14.574152 -115.871018
-0.910799 -14.574152 -115.871018
-0.910799 -14.574152 -115.871018
-0.910799 -14.574152 -115.871018
-0.910799 -14.574152 -115.871018
-0.914656 -14.575123 -115.883667
-0.914656 -14.575123 -115.883667
-0.914656 -14.575123 -115.883667
-0.914656 -14.575123 -115.883667
-0.914656 -14.575123 -115.883667
-0.914656 -14.575123 -115.883667
-0.914656 -14.575123 -115.883667
-0.912225 -14.578766 -115.856128
-0.912225 -14.578766 -115.856128
-0.912225 -14.578766 -115.856128
-0.912225 -14.578766 -115.856128
-0.912225 -14.578766 -115.856128
-0.912225 -14.578766 -115.856128
-0.912225 -14.578766 -115.856128
-0.912225 -14.578766 -115.856128
-0.901759 -14.571476 -115.856360
-0.901759 -14.571476 -115.856360
-0.901759 -14.571476 -115.856360
-0.901759 -14.571476 -115.856360
-0.901759 -14.571476 -115.856360
-0.901759 -14.571476 -115.856360
-0.901759 -14.571476 -115.856360
-0.903699 -14.573752 -115.852726
-0.903699 -14.573752 -115.852726
-0.903699 -14.573752 -115.852726
-0.903699 -14.573752 -115.852726
-0.903699 -14.573752 -115.852726
-0.903699 -14.573752 -115.852726
-0.903699 -14.573752 -115.852726
-0.903699 -14.573752 -115.852726
-0.921555 -14.573465 -115.848819
-0.921555 -14.573465 -115.848819
-0.921555 -14.573465 -115.848819
-0.921555 -14.573465 -115.848819
-0.921555 -14.573465 -115.848819
-0.921555 -14.573465 -115.848819
-0.921555 -14.573465 -115.848819
-0.921555 -14.573465 -115.848819
-0.930004 -14.602497 -115.867739
-0.930004 -14.602497 -115.867739
-0.930004 -14.602497 -115.867739
-0.930004 -14.602497 -115.867739
-0.930004 -14.602497 -115.867739
-0.930004 -14.602497 -115.867739
-0.930004 -14.602497 -115.867739
-0.916856 -14.581124 -115.845541
-0.916856 -14.581124 -115.845541
-0.916856 -14.581124 -115.845541
-0.916856 -14.581124 -115.845541
-0.916856 -14.581124 -115.845541
-0.916856 -14.581124 -115.845541
-0.916856 -14.581124 -115.845541
-0.900793 -14.586825 -115.818603
-0.900793 -14.586825 -115.818603
-0.900793 -14.586825 -115.818603
-0.900793 -14.586825 -115.818603
-0.900793 -14.586825 -115.818603
-0.900793 -14.586825 -115.818603
-0.900793 -14.586825 -115.818603
-0.900793 -14.586825 -115.818603
-0.901146 -14.588258 -115.774985
-0.901146 -14.588258 -115.774985
-0.901146 -14.588258 -115.774985
-0.901146 -14.588258 -115.774985
-0.901146 -14.588258 -115.774985
-0.901146 -14.588258 -115.774985
-0.901146 -14.588258 -115.774985
-0.901146 -14.588258 -115.774985
-6.517299 -9.473273 -98.390460
-6.517299 -9.473273 -98.390460
-6.517299 -9.473273 -98.390460
-6.517299 -9.473273 -98.390460
-6.517299 -9.473273 -98.390460
-6.517299 -9.473273 -98.390460
-6.517299 -9.473273 -98.390460
-6.517299 -9.473273 -98.390460
-10.332603 -2.104012 -70.284976
-10.332603 -2.104012 -70.284976
-10.332603 -2.104012 -70.284976
-10.332603 -2.104012 -70.284976
-10.332603 -2.104012 -70.284976
-10.332603 -2.104012 -70.284976
-10.332603 -2.104012 -70.284976
-10.332603 -2.104012 -70.284976
18.042245 9.505475 -44.213314
18.042245 9.505475 -44.213314
18.042245 9.505475 -44.213314
18.042245 9.505475 -44.213314
18.042245 9.505475 -44.213314
18.042245 9.505475 -44.213314
18.042245 9.505475 -44.213314
18.042245 9.505475 -44.213314
11.178050 23.081566 -35.922038
11.178050 23.081566 -35.922038
11.178050 23.081566 -35.922038
11.178050 23.081566 -35.922038
11.178050 23.081566 -35.922038
11.178050 23.081566 -35.922038
11.178050 23.081566 -35.922038
10.155181 15.314515 -43.296477
10.155181 15.314515 -43.296477
10.155181 15.314515 -43.296477
10.155181 15.314515 -43.296477
10.155181 15.314515 -43.296477
10.155181 15.314515 -43.296477
10.155181 15.314515 -43.296477
10.155181 15.314515 -43.296477
8.565114 17.189894 -47.832566
8.565114 17.189894 -47.832566
8.565114 17.189894 -47.832566
8.565114 17.189894 -47.832566
8.565114 17.189894 -47.832566
8.565114 17.189894 -47.832566
8.565114 17.189894 -47.832566
8.565114 17.189894 -47.832566
8.958971 18.065674 -49.475442
8.958971 18.065674 -49.475442
8.958971 18.065674 -49.475442
8.958971 18.065674 -49.475442
8.958971 18.065674 -49.475442
8.958971 18.065674 -49.475442
8.958971 18.065674 -49.475442
8.958971 18.065674 -49.475442
8.589397 20.191598 -51.838650
8.589397 20.191598 -51.838650
8.589397 20.191598 -51.838650
8.589397 20.191598 -51.838650
8.589397 20.191598 -51.838650
8.589397 20.191598 -51.838650
8.589397 20.191598 -51.838650
8.589397 20.191598 -51.838650
7.221955 18.972621 -55.089615
7.221955 18.972621 -55.089615
7.221955 18.972621 -55.089615
7.221955 18.972621 -55.089615
7.221955 18.972621 -55.089615
7.221955 18.972621 -55.089615
7.221955 18.972621 -55.089615
7.221955 18.972621 -55.089615
7.321918 16.027983 -58.230908
7.321918 16.027983 -58.230908
7.321918 16.027983 -58.230908
7.321918 16.027983 -58.230908
7.321918 16.027983 -58.230908
7.321918 16.027983 -58.230908
7.321918 16.027983 -58.230908
7.321918 16.027983 -58.230908
17.297908 9.693066 -64.618425
17.297908 9.693066 -64.618425
17.297908 9.693066 -64.618425
17.297908 9.693066 -64.618425
17.297908 9.693066 -64.618425
17.297908 9.693066 -64.618425
17.297908 9.693066 -64.618425
28.523661 -1.414823 -72.108841
28.523661 -1.414823 -72.108841
28.523661 -1.414823 -72.108841
28.523661 -1.414823 -72.108841
28.523661 -1.414823 -72.108841
28.523661 -1.414823 -72.108841
28.523661 -1.414823 -72.108841
34.823982 -1.306313 -75.561823
34.823982 -1.306313 -75.561823
34.823982 -1.306313 -75.561823
34.823982 -1.306313 -75.561823
34.823982 -1.306313 -75.561823
34.823982 -1.306313 -75.561823
34.823982 -1.306313 -75.561823
36.660043 -2.124818 -79.173436
36.660043 -2.124818 -79.173436
36.660043 -2.124818 -79.173436
36.660043 -2.124818 -79.173436
36.660043 -2.124818 -79.173436
36.660043 -2.124818 -79.173436
36.660043 -2.124818 -79.173436
36.660043 -2.124818 -79.173436
36.660043 -2.124818 -79.173436
36.660043 -2.124818 -79.173436
36.660043 -2.124818 -79.173436
36.660043 -2.124818 -79.173436
36.660043 -2.124818 -79.173436
36.660043 -2.124818 -79.173436
36.660043 -2.124818 -79.173436
36.660043 -2.124818 -79.173436
36.116405 -1.246341 -84.473662
36.116405 -1.246341 -84.473662
36.116405 -1.246341 -84.473662
36.116405 -1.246341 -84.473662
36.116405 -1.246341 -84.473662
36.116405 -1.246341 -84.473662
36.116405 -1.246341 -84.473662
36.116405 -1.246341 -84.473662
35.603662 -0.323796 -86.594388
35.603662 -0.323796 -86.594388
35.603662 -0.323796 -86.594388
35.603662 -0.323796 -86.594388
35.603662 -0.323796 -86.594388
35.603662 -0.323796 -86.594388
35.603662 -0.323796 -86.594388
35.042470 0.612074 -88.012411
35.042470 0.612074 -88.012411
35.042470 0.612074 -88.012411
35.042470 0.612074 -88.012411
35.042470 0.612074 -88.012411
35.042470 0.612074 -88.012411
35.042470 0.612074 -88.012411
35.042470 0.612074 -88.012411
35.378382 1.433109 -89.631685
35.378382 1.433109 -89.631685
35.378382 1.433109 -89.631685
35.378382 1.433109 -89.631685
35.378382 1.433109 -89.631685
35.378382 1.433109 -89.631685
35.378382 1.433109 -89.631685
34.807310 2.389705 -90.865026
34.807310 2.389705 -90.865026
34.807310 2.389705 -90.865026
34.807310 2.389705 -90.865026
34.807310 2.389705 -90.865026
34.807310 2.389705 -90.865026
34.807310 2.389705 -90.865026
34.791761 3.397712 -91.888017
34.791761 3.397712 -91.888017
34.791761 3.397712 -91.888017
34.791761 3.397712 -91.888017
34.791761 3.397712 -91.888017
34.791761 3.397712 -91.888017
34.791761 3.397712 -91.888017
34.791761 3.397712 -91.888017
34.973444 4.220569 -92.728800
34.973444 4.220569 -92.728800
34.973444 4.220569 -92.728800
34.973444 4.220569 -92.728800
34.973444 4.220569 -92.728800
34.973444 4.220569 -92.728800
34.973444 4.220569 -92.728800
34.973444 4.220569 -92.728800
34.783292 4.911786 -93.895635
34.783292 4.911786 -93.895635
34.783292 4.911786 -93.895635
34.783292 4.911786 -93.895635
34.783292 4.911786 -93.895635
34.783292 4.911786 -93.895635
34.783292 4.911786 -93.895635
34.783292 4.911786 -93.895635
33.823332 5.711974 -94.381863
33.823332 5.711974 -94.381863
33.823332 5.711974 -94.381863
33.823332 5.711974 -94.381863
33.823332 5.711974 -94.381863
33.823332 5.711974 -94.381863
33.823332 5.711974 -94.381863
33.823332 5.711974 -94.381863
32.547631 6.392032 -94.034534
32.547631 6.392032 -94.034534
32.547631 6.392032 -94.034534
32.547631 6.392032 -94.034534
32.547631 6.392032 -94.034534
32.547631 6.392032 -94.034534
32.547631 6.392032 -94.034534
32.547631 6.392032 -94.034534
32.347086 7.328216 -93.863793
32.347086 7.328216 -93.863793
32.347086 7.328216 -93.863793
32.347086 7.328216 -93.863793
32.347086 7.328216 -93.863793
32.347086 7.328216 -93.863793
32.347086 7.328216 -93.863793
32.347086 7.328216 -93.863793
27.785795 8.773010 -96.094656
27.785795 8.773010 -96.094656
27.785795 8.773010 -96.094656
27.785795 8.773010 -96.094656
27.785795 8.773010 -96.094656
27.785795 8.773010 -96.094656
27.785795 8.773010 -96.094656
27.785795 8.773010 -96.094656
19.751758 11.266716 -99.276827
19.751758 11.266716 -99.276827
19.751758 11.266716 -99.276827
19.751758 11.266716 -99.276827
19.751758 11.266716 -99.276827
19.751758 11.266716 -99.276827
19.751758 11.266716 -99.276827
13.619138 13.223922 -98.944750
13.619138 13.223922 -98.944750
13.619138 13.223922 -98.944750
13.619138 13.223922 -98.944750
13.619138 13.223922 -98.944750
13.619138 13.223922 -98.944750
13.619138 13.223922 -98.944750
13.619138 13.223922 -98.944750
9.331478 15.266028 -97.092765
9.331478 15.266028 -97.092765
9.331478 15.266028 -97.092765
9.331478 15.266028 -97.092765
9.331478 15.266028 -97.092765
9.331478 15.266028 -97.092765
9.331478 15.266028 -97.092765
7.578733 16.938019 -95.860510
7.578733 16.938019 -95.860510
7.578733 16.938019 -95.860510
7.578733 16.938019 -95.860510
7.578733 16.938019 -95.860510
7.578733 16.938019 -95.860510
7.578733 16.938019 -95.860510
7.578733 16.938019 -95.860510
8.301417 19.042689 -93.112691
8.301417 19.042689 -93.112691
8.301417 19.042689 -93.112691
8.301417 19.042689 -93.112691
8.301417 19.042689 -93.112691
8.301417 19.042689 -93.112691
8.301417 19.042689 -93.112691
8.877900 16.543089 -93.373693
8.877900 16.543089 -93.373693
8.877900 16.543089 -93.373693
8.877900 16.543089 -93.373693
8.877900 16.543089 -93.373693
8.877900 16.543089 -93.373693
8.877900 16.543089 -93.373693
8.877900 16.543089 -93.373693
10.438693 14.256315 -95.203671
10.438693 14.256315 -95.203671
10.438693 14.256315 -95.203671
10.438693 14.256315 -95.203671
10.438693 14.256315 -95.203671
10.438693 14.256315 -95.203671
10.438693 14.256315 -95.203671
10.438693 14.256315 -95.203671
20.375049 11.921683 -97.007340
20.375049 11.921683 -97.007340
20.375049 11.921683 -97.007340
20.375049 11.921683 -97.007340
20.375049 11.921683 -97.007340
20.375049 11.921683 -97.007340
20.375049 11.921683 -97.007340
28.414659 12.579459 -99.419626
28.414659 12.579459 -99.419626
28.414659 12.579459 -99.419626
28.414659 12.579459 -99.419626
28.414659 12.579459 -99.419626
28.414659 12.579459 -99.419626
28.414659 12.579459 -99.419626
28.414659 12.579459 -99.419626
28.647470 12.909923 -100.922677
28.647470 12.909923 -100.922677
28.647470 12.909923 -100.922677
28.647470 12.909923 -100.922677
28.647470 12.909923 -100.922677
28.647470 12.909923 -100.922677
28.647470 12.909923 -100.922677
27.786794 12.889148 -102.035008
27.786794 12.889148 -102.035008
27.786794 12.889148 -102.035008
27.786794 12.889148 -102.035008
27.786794 12.889148 -102.035008
27.786794 12.889148 -102.035008
27.786794 12.889148 -102.035008
27.786794 12.889148 -102.035008
27.786794 12.889148 -102.035008
27.220011 13.290250 -102.499693
27.220011 13.290250 -102.499693
27.220011 13.290250 -102.499693
27.220011 13.290250 -102.499693
27.220011 13.290250 -102.499693
27.220011 13.290250 -102.499693
27.220011 13.290250 -102.499693
27.384698 17.155984 -103.223522
27.384698 17.155984 -103.223522
27.384698 17.155984 -103.223522
27.384698 17.155984 -103.223522
27.384698 17.155984 -103.223522
27.384698 17.155984 -103.223522
27.384698 17.155984 -103.223522
27.384698 17.155984 -103.223522
27.020558 21.276721 -103.202314
27.020558 21.276721 -103.202314
27.020558 21.276721 -103.202314
27.020558 21.276721 -103.202314
27.020558 21.276721 -103.202314
27.020558 21.276721 -103.202314
27.020558 21.276721 -103.202314
26.557956 20.056080 -102.655510
26.557956 20.056080 -102.655510
26.557956 20.056080 -102.655510
26.557956 20.056080 -102.655510
26.557956 20.056080 -102.655510
26.557956 20.056080 -102.655510
26.557956 20.056080 -102.655510
25.245713 12.067251 -101.274548
25.245713 12.067251 -101.274548
25.245713 12.067251 -101.274548
25.245713 12.067251 -101.274548
25.245713 12.067251 -101.274548
25.245713 12.067251 -101.274548
25.245713 12.067251 -101.274548
25.245713 12.067251 -101.274548
24.848758 9.258574 -101.061795
24.848758 9.258574 -101.061795
24.848758 9.258574 -101.061795
24.848758 9.258574 -101.061795
24.848758 9.258574 -101.061795
24.848758 9.258574 -101.061795
24.848758 9.258574 -101.061795
24.848758 9.258574 -101.061795
24.746201 9.874302 -101.076800
24.746201 9.874302 -101.076800
24.746201 9.874302 -101.076800
24.746201 9.874302 -101.076800
24.746201 9.874302 -101.076800
24.746201 9.874302 -101.076800
24.746201 9.874302 -101.076800
24.684097 9.929621 -101.250649
24.684097 9.929621 -101.250649
24.684097 9.929621 -101.250649
24.684097 9.929621 -101.250649
24.684097 9.929621 -101.250649
24.684097 9.929621 -101.250649
24.684097 9.929621 -101.250649
33.172286 13.791639 -98.237641
33.172286 13.791639 -98.237641
33.172286 13.791639 -98.237641
33.172286 13.791639 -98.237641
33.172286 13.791639 -98.237641
33.172286 13.791639 -98.237641
33.172286 13.791639 -98.237641
37.954053 15.181682 -97.120803
37.954053 15.181682 -97.120803
37.954053 15.181682 -97.120803
37.954053 15.181682 -97.120803
37.954053 15.181682 -97.120803
37.954053 15.181682 -97.120803
37.954053 15.181682 -97.120803
37.954053 15.181682 -97.120803
37.599351 15.551813 -96.758529
37.599351 15.551813 -96.758529
37.599351 15.551813 -96.758529
37.599351 15.551813 -96.758529
37.599351 15.551813 -96.758529
37.599351 15.551813 -96.758529
37.599351 15.551813 -96.758529
36.075666 16.067965 -96.884280
36.075666 16.067965 -96.884280
36.075666 16.067965 -96.884280
36.075666 16.067965 -96.884280
36.075666 16.067965 -96.884280
36.075666 16.067965 -96.884280
36.075666 16.067965 -96.884280
36.075666 16.067965 -96.884280
27.699363 16.873009 -100.006803
27.699363 16.873009 -100.006803
27.699363 16.873009 -100.006803
27.699363 16.873009 -100.006803
27.699363 16.873009 -100.006803
27.699363 16.873009 -100.006803
27.699363 16.873009 -100.006803
18.107929 17.712333 -102.081931
18.107929 17.712333 -102.081931
18.107929 17.712333 -102.081931
18.107929 17.712333 -102.081931
18.107929 17.712333 -102.081931
18.107929 17.712333 -102.081931
18.107929 17.712333 -102.081931
18.107929 17.712333 -102.081931
14.134631 15.372628 -102.453247
14.134631 15.372628 -102.453247
14.134631 15.372628 -102.453247
14.134631 15.372628 -102.453247
14.134631 15.372628 -102.453247
14.134631 15.372628 -102.453247
14.134631 15.372628 -102.453247
14.134631 15.372628 -102.453247
11.072581 15.829153 -101.056269
11.072581 15.829153 -101.056269
11.072581 15.829153 -101.056269
11.072581 15.829153 -101.056269
11.072581 15.829153 -101.056269
11.072581 15.829153 -101.056269
11.072581 15.829153 -101.056269
11.072581 15.829153 -101.056269
10.358477 16.624397 -99.776653
10.358477 16.624397 -99.776653
10.358477 16.624397 -99.776653
10.358477 16.624397 -99.776653
10.358477 16.624397 -99.776653
10.358477 16.624397 -99.776653
10.358477 16.624397 -99.776653
10.358477 16.624397 -99.776653
12.565403 15.428895 -97.325066
12.565403 15.428895 -97.325066
12.565403 15.428895 -97.325066
12.565403 15.428895 -97.325066
12.565403 15.428895 -97.325066
12.565403 15.428895 -97.325066
12.565403 15.428895 -97.325066
12.565403 15.428895 -97.325066
12.929173 12.723305 -98.104193
12.929173 12.723305 -98.104193
12.929173 12.723305 -98.104193
12.929173 12.723305 -98.104193
12.929173 12.723305 -98.104193
12.929173 12.723305 -98.104193
12.929173 12.723305 -98.104193
9.931962 12.802413 -104.677253
9.931962 12.802413 -104.677253
9.931962 12.802413 -104.677253
9.931962 12.802413 -104.677253
9.931962 12.802413 -104.677253
9.931962 12.802413 -104.677253
9.931962 12.802413 -104.677253
23.128335 11.203593 -105.364766
23.128335 11.203593 -105.364766
23.128335 11.203593 -105.364766
23.128335 11.203593 -105.364766
23.128335 11.203593 -105.364766
23.128335 11.203593 -105.364766
23.128335 11.203593 -105.364766
23.128335 11.203593 -105.364766
22.887971 12.794476 -105.448661
22.887971 12.794476 -105.448661
22.887971 12.794476 -105.448661
22.887971 12.794476 -105.448661
22.887971 12.794476 -105.448661
22.887971 12.794476 -105.448661
22.887971 12.794476 -105.448661
22.887971 12.794476 -105.448661
23.134013 13.980161 -101.158858
23.134013 13.980161 -101.158858
23.134013 13.980161 -101.158858
23.134013 13.980161 -101.158858
23.134013 13.980161 -101.158858
23.134013 13.980161 -101.158858
23.134013 13.980161 -101.158858
23.134013 13.980161 -101.158858
20.724020 13.776151 -98.004458
20.724020 13.776151 -98.004458
20.724020 13.776151 -98.004458
20.724020 13.776151 -98.004458
20.724020 13.776151 -98.004458
20.724020 13.776151 -98.004458
20.724020 13.776151 -98.004458
21.293299 13.369522 -96.832903
21.293299 13.369522 -96.832903
21.293299 13.369522 -96.832903
21.293299 13.369522 -96.832903
21.293299 13.369522 -96.832903
21.293299 13.369522 -96.832903
21.293299 13.369522 -96.832903
20.953327 9.309992 -97.413859
20.953327 9.309992 -97.413859
20.953327 9.309992 -97.413859
20.953327 9.309992 -97.413859
20.953327 9.309992 -97.413859
20.953327 9.309992 -97.413859
20.953327 9.309992 -97.413859
20.953327 9.309992 -97.413859
20.953327 9.309992 -97.413859
19.943920 4.269591 -98.192534
19.943920 4.269591 -98.192534
19.943920 4.269591 -98.192534
19.943920 4.269591 -98.192534
19.943920 4.269591 -98.192534
19.943920 4.269591 -98.192534
19.943920 4.269591 -98.192534
19.943920 4.269591 -98.192534
18.876486 6.076830 -97.974733
18.876486 6.076830 -97.974733
18.876486 6.076830 -97.974733
18.876486 6.076830 -97.974733
18.876486 6.076830 -97.974733
18.876486 6.076830 -97.974733
18.876486 6.076830 -97.974733
19.233734 6.108713 -100.769189
19.233734 6.108713 -100.769189
19.233734 6.108713 -100.769189
19.233734 6.108713 -100.769189
19.233734 6.108713 -100.769189
19.233734 6.108713 -100.769189
19.233734 6.108713 -100.769189
19.821996 6.169003 -102.887593
19.821996 6.169003 -102.887593
19.821996 6.169003 -102.887593
19.821996 6.169003 -102.887593
19.821996 6.169003 -102.887593
19.821996 6.169003 -102.887593
19.821996 6.169003 -102.887593
19.821996 6.169003 -102.887593
19.179345 6.318036 -104.979065
19.179345 6.318036 -104.979065
19.179345 6.318036 -104.979065
19.179345 6.318036 -104.979065
19.179345 6.318036 -104.979065
19.179345 6.318036 -104.979065
19.179345 6.318036 -104.979065
18.899700 6.673672 -106.418924
18.899700 6.673672 -106.418924
18.899700 6.673672 -106.418924
18.899700 6.673672 -106.418924
18.899700 6.673672 -106.418924
18.899700 6.673672 -106.418924
18.899700 6.673672 -106.418924
18.899700 6.673672 -106.418924
18.736908 7.406506 -106.367970
18.736908 7.406506 -106.367970
18.736908 7.406506 -106.367970
18.736908 7.406506 -106.367970
18.736908 7.406506 -106.367970
18.736908 7.406506 -106.367970
18.736908 7.406506 -106.367970
18.736908 7.406506 -106.367970
17.011107 9.307903 -104.461589
17.011107 9.307903 -104.461589
17.011107 9.307903 -104.461589
17.011107 9.307903 -104.461589
17.011107 9.307903 -104.461589
17.011107 9.307903 -104.461589
17.011107 9.307903 -104.461589
15.221112 10.738365 -106.809617
15.221112 10.738365 -106.809617
15.221112 10.738365 -106.809617
15.221112 10.738365 -106.809617
15.221112 10.738365 -106.809617
15.221112 10.738365 -106.809617
15.221112 10.738365 -106.809617
16.576574 9.867273 -113.293823
16.576574 9.867273 -113.293823
16.576574 9.867273 -113.293823
16.576574 9.867273 -113.293823
16.576574 9.867273 -113.293823
16.576574 9.867273 -113.293823
16.576574 9.867273 -113.293823
18.245681 10.122918 -117.551872
18.245681 10.122918 -117.551872
18.245681 10.122918 -117.551872
18.245681 10.122918 -117.551872
18.245681 10.122918 -117.551872
18.245681 10.122918 -117.551872
18.245681 10.122918 -117.551872
18.245681 10.122918 -117.551872
17.692592 9.005751 -121.062685
17.692592 9.005751 -121.062685
17.692592 9.005751 -121.062685
17.692592 9.005751 -121.062685
17.692592 9.005751 -121.062685
17.692592 9.005751 -121.062685
17.692592 9.005751 -121.062685
17.692592 9.005751 -121.062685
16.689905 2.568512 -125.819502
16.689905 2.568512 -125.819502
16.689905 2.568512 -125.819502
16.689905 2.568512 -125.819502
16.689905 2.568512 -125.819502
16.689905 2.568512 -125.819502
16.689905 2.568512 -125.819502
16.689905 2.568512 -125.819502
16.689905 2.568512 -125.819502
18.966846 5.855450 -127.292146
18.966846 5.855450 -127.292146
18.966846 5.855450 -127.292146
18.966846 5.855450 -127.292146
18.966846 5.855450 -127.292146
18.966846 5.855450 -127.292146
18.966846 5.855450 -127.292146
19.633942 3.212732 -129.653984
19.633942 3.212732 -129.653984
19.633942 3.212732 -129.653984
19.633942 3.212732 -129.653984
19.633942 3.212732 -129.653984
19.633942 3.212732 -129.653984
19.633942 3.212732 -129.653984
19.633942 3.212732 -129.653984
19.660741 0.379348 -134.472027
19.660741 0.379348 -134.472027
19.660741 0.379348 -134.472027
19.660741 0.379348 -134.472027
19.660741 0.379348 -134.472027
19.660741 0.379348 -134.472027
19.660741 0.379348 -134.472027
19.660741 0.379348 -134.472027
23.222466 -0.110549 -138.203933
23.222466 -0.110549 -138.203933
23.222466 -0.110549 -138.203933
23.222466 -0.110549 -138.203933
23.222466 -0.110549 -138.203933
23.222466 -0.110549 -138.203933
23.222466 -0.110549 -138.203933
23.222466 -0.110549 -138.203933
28.769283 -0.606912 -142.630319
28.769283 -0.606912 -142.630319
28.769283 -0.606912 -142.630319
28.769283 -0.606912 -142.630319
28.769283 -0.606912 -142.630319
28.769283 -0.606912 -142.630319
28.769283 -0.606912 -142.630319
28.769283 -0.606912 -142.630319
28.833097 -0.840036 -146.361802
28.833097 -0.840036 -146.361802
28.833097 -0.840036 -146.361802
28.833097 -0.840036 -146.361802
28.833097 -0.840036 -146.361802
28.833097 -0.840036 -146.361802
28.833097 -0.840036 -146.361802
28.833097 -0.840036 -146.361802
28.087900 -0.742177 -148.726837
28.087900 -0.742177 -148.726837
28.087900 -0.742177 -148.726837
28.087900 -0.742177 -148.726837
28.087900 -0.742177 -148.726837
28.087900 -0.742177 -148.726837
28.087900 -0.742177 -148.726837
28.087900 -0.742177 -148.726837
27.315130 -0.013246 -150.555784
27.315130 -0.013246 -150.555784
27.315130 -0.013246 -150.555784
27.315130 -0.013246 -150.555784
27.315130 -0.013246 -150.555784
27.315130 -0.013246 -150.555784
27.315130 -0.013246 -150.555784
26.431601 0.768458 -152.509573
26.431601 0.768458 -152.509573
26.431601 0.768458 -152.509573
26.431601 0.768458 -152.509573
26.431601 0.768458 -152.509573
26.431601 0.768458 -152.509573
26.431601 0.768458 -152.509573
26.431601 0.768458 -152.509573
25.972122 1.256005 -154.706872
25.972122 1.256005 -154.706872
25.972122 1.256005 -154.706872
25.972122 1.256005 -154.706872
25.972122 1.256005 -154.706872
25.972122 1.256005 -154.706872
25.972122 1.256005 -154.706872
25.525851 1.643936 -156.890470
25.525851 1.643936 -156.890470
25.525851 1.643936 -156.890470
25.525851 1.643936 -156.890470
25.525851 1.643936 -156.890470
25.525851 1.643936 -156.890470
25.525851 1.643936 -156.890470
25.525851 1.643936 -156.890470
25.525851 1.643936 -156.890470
25.325245 1.838192 -159.018743
25.325245 1.838192 -159.018743
25.325245 1.838192 -159.018743
25.325245 1.838192 -159.018743
25.325245 1.838192 -159.018743
25.325245 1.838192 -159.018743
25.325245 1.838192 -159.018743
25.325245 1.838192 -159.018743
25.113999 2.293918 -160.948818
25.113999 2.293918 -160.948818
25.113999 2.293918 -160.948818
25.113999 2.293918 -160.948818
25.113999 2.293918 -160.948818
25.113999 2.293918 -160.948818
25.113999 2.293918 -160.948818
25.113999 2.293918 -160.948818
24.981834 2.672020 -162.735459
24.981834 2.672020 -162.735459
24.981834 2.672020 -162.735459
24.981834 2.672020 -162.735459
24.981834 2.672020 -162.735459
24.981834 2.672020 -162.735459
24.981834 2.672020 -162.735459
24.981834 2.672020 -162.735459
24.981834 2.672020 -162.735459
24.981834 2.672020 -162.735459
24.981834 2.672020 -162.735459
24.981834 2.672020 -162.735459
24.981834 2.672020 -162.735459
24.981834 2.672020 -162.735459
24.981834 2.672020 -162.735459
24.981834 2.672020 -162.735459
25.137678 3.131854 -166.215099
25.137678 3.131854 -166.215099
25.137678 3.131854 -166.215099
25.137678 3.131854 -166.215099
25.137678 3.131854 -166.215099
25.137678 3.131854 -166.215099
25.137678 3.131854 -166.215099
25.137678 3.131854 -166.215099
25.137678 3.131854 -166.215099
25.012783 3.485551 -167.652854
25.012783 3.485551 -167.652854
25.012783 3.485551 -167.652854
25.012783 3.485551 -167.652854
25.012783 3.485551 -167.652854
25.012783 3.485551 -167.652854
25.012783 3.485551 -167.652854
25.012783 3.485551 -167.652854
25.052707 3.556929 -169.135292
25.052707 3.556929 -169.135292
25.052707 3.556929 -169.135292
25.052707 3.556929 -169.135292
25.052707 3.556929 -169.135292
25.052707 3.556929 -169.135292
25.052707 3.556929 -169.135292
25.052707 3.556929 -169.135292
25.052707 3.556929 -169.135292
25.029435 3.577565 -170.652372
25.029435 3.577565 -170.652372
25.029435 3.577565 -170.652372
25.029435 3.577565 -170.652372
25.029435 3.577565 -170.652372
25.029435 3.577565 -170.652372
25.029435 3.577565 -170.652372
25.029435 3.577565 -170.652372
25.027065 3.928395 -171.700123
25.027065 3.928395 -171.700123
25.027065 3.928395 -171.700123
25.027065 3.928395 -171.700123
25.027065 3.928395 -171.700123
25.027065 3.928395 -171.700123
25.027065 3.928395 -171.700123
25.200528 3.890190 -173.058552
25.200528 3.890190 -173.058552
25.200528 3.890190 -173.058552
25.200528 3.890190 -173.058552
25.200528 3.890190 -173.058552
25.200528 3.890190 -173.058552
25.200528 3.890190 -173.058552
25.473196 2.856123 -175.330355
25.473196 2.856123 -175.330355
25.473196 2.856123 -175.330355
25.473196 2.856123 -175.330355
25.473196 2.856123 -175.330355
25.473196 2.856123 -175.330355
25.473196 2.856123 -175.330355
25.473196 2.856123 -175.330355
23.523248 -1.248423 178.002503
23.523248 -1.248423 178.002503
23.523248 -1.248423 178.002503
23.523248 -1.248423 178.002503
23.523248 -1.248423 178.002503
23.523248 -1.248423 178.002503
23.523248 -1.248423 178.002503
23.370244 -0.816563 173.261627
23.370244 -0.816563 173.261627
23.370244 -0.816563 173.261627
23.370244 -0.816563 173.261627
23.370244 -0.816563 173.261627
23.370244 -0.816563 173.261627
23.370244 -0.816563 173.261627
23.370244 -0.816563 173.261627
23.681668 0.242401 171.423296
23.681668 0.242401 171.423296
23.681668 0.242401 171.423296
23.681668 0.242401 171.423296
23.681668 0.242401 171.423296
23.681668 0.242401 171.423296
23.681668 0.242401 171.423296
23.681668 0.242401 171.423296
23.725306 0.943796 169.133202
23.725306 0.943796 169.133202
23.725306 0.943796 169.133202
23.725306 0.943796 169.133202
23.725306 0.943796 169.133202
23.725306 0.943796 169.133202
23.725306 0.943796 169.133202
23.725306 0.943796 169.133202
22.169643 4.536123 168.811554
22.169643 4.536123 168.811554
22.169643 4.536123 168.811554
22.169643 4.536123 168.811554
22.169643 4.536123 168.811554
22.169643 4.536123 168.811554
22.169643 4.536123 168.811554
22.169643 4.536123 168.811554
19.863922 8.640236 173.338303
19.863922 8.640236 173.338303
19.863922 8.640236 173.338303
19.863922 8.640236 173.338303
19.863922 8.640236 173.338303
19.863922 8.640236 173.338303
19.863922 8.640236 173.338303
19.863922 8.640236 173.338303
19.863922 8.640236 173.338303
19.742551 8.940397 175.165843
19.742551 8.940397 175.165843
19.742551 8.940397 175.165843
19.742551 8.940397 175.165843
19.742551 8.940397 175.165843
19.742551 8.940397 175.165843
19.742551 8.940397 175.165843
18.550498 8.764149 174.875751
18.550498 8.764149 174.875751
18.550498 8.764149 174.875751
18.550498 8.764149 174.875751
18.550498 8.764149 174.875751
18.550498 8.764149 174.875751
18.550498 8.764149 174.875751
18.550498 8.764149 174.875751
15.932716 9.271818 174.695489
15.932716 9.271818 174.695489
15.932716 9.271818 174.695489
15.932716 9.271818 174.695489
15.932716 9.271818 174.695489
15.932716 9.271818 174.695489
15.932716 9.271818 174.695489
15.932716 9.271818 174.695489
13.959664 9.933734 175.744797
13.959664 9.933734 175.744797
13.959664 9.933734 175.744797
13.959664 9.933734 175.744797
13.959664 9.933734 175.744797
13.959664 9.933734 175.744797
13.959664 9.933734 175.744797
10.912174 11.097101 176.632613
10.912174 11.097101 176.632613
10.912174 11.097101 176.632613
10.912174 11.097101 176.632613
10.912174 11.097101 176.632613
10.912174 11.097101 176.632613
10.912174 11.097101 176.632613
10.245017 11.281753 177.477452
10.245017 11.281753 177.477452
10.245017 11.281753 177.477452
10.245017 11.281753 177.477452
10.245017 11.281753 177.477452
10.245017 11.281753 177.477452
10.245017 11.281753 177.477452
10.245017 11.281753 177.477452
10.853425 11.133763 177.901634
10.853425 11.133763 177.901634
10.853425 11.133763 177.901634
10.853425 11.133763 177.901634
10.853425 11.133763 177.901634
10.853425 11.133763 177.901634
10.853425 11.133763 177.901634
10.853425 11.133763 177.901634
10.155889 11.799916 178.118083
10.155889 11.799916 178.118083
10.155889 11.799916 178.118083
10.155889 11.799916 178.118083
10.155889 11.799916 178.118083
10.155889 11.799916 178.118083
10.155889 11.799916 178.118083
7.806161 12.797396 179.007497
7.806161 12.797396 179.007497
7.806161 12.797396 179.007497
7.806161 12.797396 179.007497
7.806161 12.797396 179.007497
7.806161 12.797396 179.007497
7.806161 12.797396 179.007497
7.806161 12.797396 179.007497
7.806161 12.797396 179.007497
6.374826 13.682345 -178.068387
6.374826 13.682345 -178.068387
6.374826 13.682345 -178.068387
6.374826 13.682345 -178.068387
6.374826 13.682345 -178.068387
6.374826 13.682345 -178.068387
6.374826 13.682345 -178.068387
6.374826 13.682345 -178.068387
11.030090 14.259962 -175.804766
11.030090 14.259962 -175.804766
11.030090 14.259962 -175.804766
11.030090 14.259962 -175.804766
11.030090 14.259962 -175.804766
11.030090 14.259962 -175.804766
11.030090 14.259962 -175.804766
19.762563 10.833798 -177.350875
19.762563 10.833798 -177.350875
19.762563 10.833798 -177.350875
19.762563 10.833798 -177.350875
19.762563 10.833798 -177.350875
19.762563 10.833798 -177.350875
19.762563 10.833798 -177.350875
19.762563 10.833798 -177.350875
25.464318 6.882286 178.959822
25.464318 6.882286 178.959822
25.464318 6.882286 178.959822
25.464318 6.882286 178.959822
25.464318 6.882286 178.959822
25.464318 6.882286 178.959822
25.464318 6.882286 178.959822
25.464318 6.882286 178.959822
27.119661 6.359889 176.057702
27.119661 6.359889 176.057702
27.119661 6.359889 176.057702
27.119661 6.359889 176.057702
27.119661 6.359889 176.057702
27.119661 6.359889 176.057702
27.119661 6.359889 176.057702
27.119661 6.359889 176.057702
27.119661 6.359889 176.057702
27.412408 6.475076 174.577941
27.412408 6.475076 174.577941
27.412408 6.475076 174.577941
27.412408 6.475076 174.577941
27.412408 6.475076 174.577941
27.412408 6.475076 174.577941
27.412408 6.475076 174.577941
27.412408 6.475076 174.577941
30.211392 5.585660 172.587638
30.211392 5.585660 172.587638
30.211392 5.585660 172.587638
30.211392 5.585660 172.587638
30.211392 5.585660 172.587638
30.211392 5.585660 172.587638
30.211392 5.585660 172.587638
30.184915 5.391320 170.574412
30.184915 5.391320 170.574412
30.184915 5.391320 170.574412
30.184915 5.391320 170.574412
30.184915 5.391320 170.574412
30.184915 5.391320 170.574412
30.184915 5.391320 170.574412
30.184915 5.391320 170.574412
30.235461 6.246257 168.911179
30.235461 6.246257 168.911179
30.235461 6.246257 168.911179
30.235461 6.246257 168.911179
30.235461 6.246257 168.911179
30.235461 6.246257 168.911179
30.235461 6.246257 168.911179
30.235461 6.246257 168.911179
30.235461 6.246257 168.911179
30.390350 6.771998 168.399680
30.390350 6.771998 168.399680
30.390350 6.771998 168.399680
30.390350 6.771998 168.399680
30.390350 6.771998 168.399680
30.390350 6.771998 168.399680
30.390350 6.771998 168.399680
30.390350 6.771998 168.399680
30.504861 6.324954 166.768071
30.504861 6.324954 166.768071
30.504861 6.324954 166.768071
30.504861 6.324954 166.768071
30.504861 6.324954 166.768071
30.504861 6.324954 166.768071
30.504861 6.324954 166.768071
30.504861 6.324954 166.768071
31.321772 5.684414 164.760842
31.321772 5.684414 164.760842
31.321772 5.684414 164.760842
31.321772 5.684414 164.760842
31.321772 5.684414 164.760842
31.321772 5.684414 164.760842
31.321772 5.684414 164.760842
31.321772 5.684414 164.760842
33.052156 4.950294 163.522625
33.052156 4.950294 163.522625
33.052156 4.950294 163.522625
33.052156 4.950294 163.522625
33.052156 4.950294 163.522625
33.052156 4.950294 163.522625
33.052156 4.950294 163.522625
33.052156 4.950294 163.522625
33.052156 4.950294 163.522625
34.246948 4.030026 161.264154
34.246948 4.030026 161.264154
34.246948 4.030026 161.264154
34.246948 4.030026 161.264154
34.246948 4.030026 161.264154
34.246948 4.030026 161.264154
34.246948 4.030026 161.264154
34.246948 4.030026 161.264154
34.246948 4.030026 161.264154
34.613773 4.020731 159.690861
34.613773 4.020731 159.690861
34.613773 4.020731 159.690861
34.613773 4.020731 159.690861
34.613773 4.020731 159.690861
34.613773 4.020731 159.690861
34.613773 4.020731 159.690861
34.613773 4.020731 159.690861
35.063541 4.244274 158.359603
35.063541 4.244274 158.359603
35.063541 4.244274 158.359603
35.063541 4.244274 158.359603
35.063541 4.244274 158.359603
35.063541 4.244274 158.359603
35.063541 4.244274 158.359603
36.417271 4.045639 156.470673
36.417271 4.045639 156.470673
36.417271 4.045639 156.470673
36.417271 4.045639 156.470673
36.417271 4.045639 156.470673
36.417271 4.045639 156.470673
36.417271 4.045639 156.470673
36.417271 4.045639 156.470673
37.060043 3.708435 154.593341
37.060043 3.708435 154.593341
37.060043 3.708435 154.593341
37.060043 3.708435 154.593341
37.060043 3.708435 154.593341
37.060043 3.708435 154.593341
37.060043 3.708435 154.593341
40.454056 2.529505 151.263473
40.454056 2.529505 151.263473
40.454056 2.529505 151.263473
40.454056 2.529505 151.263473
40.454056 2.529505 151.263473
40.454056 2.529505 151.263473
40.454056 2.529505 151.263473
40.454056 2.529505 151.263473
41.770589 2.662313 150.059721
41.770589 2.662313 150.059721
41.770589 2.662313 150.059721
41.770589 2.662313 150.059721
41.770589 2.662313 150.059721
41.770589 2.662313 150.059721
41.770589 2.662313 150.059721
41.770589 2.662313 150.059721
40.780423 3.190275 148.964377
40.780423 3.190275 148.964377
40.780423 3.190275 148.964377
40.780423 3.190275 148.964377
40.780423 3.190275 148.964377
40.780423 3.190275 148.964377
40.780423 3.190275 148.964377
40.780423 3.190275 148.964377
40.272947 3.806461 147.452118
40.272947 3.806461 147.452118
40.272947 3.806461 147.452118
40.272947 3.806461 147.452118
40.272947 3.806461 147.452118
40.272947 3.806461 147.452118
40.272947 3.806461 147.452118
40.272947 3.806461 147.452118
40.272947 3.806461 147.452118
40.358198 4.056408 146.413697
40.358198 4.056408 146.413697
40.358198 4.056408 146.413697
40.358198 4.056408 146.413697
40.358198 4.056408 146.413697
40.358198 4.056408 146.413697
40.358198 4.056408 146.413697
40.463629 3.814641 144.871468
40.463629 3.814641 144.871468
40.463629 3.814641 144.871468
40.463629 3.814641 144.871468
40.463629 3.814641 144.871468
40.463629 3.814641 144.871468
40.463629 3.814641 144.871468
40.463629 3.814641 144.871468
40.879157 3.248212 142.719262
40.879157 3.248212 142.719262
40.879157 3.248212 142.719262
40.879157 3.248212 142.719262
40.879157 3.248212 142.719262
40.879157 3.248212 142.719262
40.879157 3.248212 142.719262
40.879157 3.248212 142.719262
40.879157 3.248212 142.719262
43.241108 0.777924 138.136287
43.241108 0.777924 138.136287
43.241108 0.777924 138.136287
43.241108 0.777924 138.136287
43.241108 0.777924 138.136287
43.241108 0.777924 138.136287
43.241108 0.777924 138.136287
43.241108 0.777924 138.136287
44.903948 -0.653933 134.815340
44.903948 -0.653933 134.815340
44.903948 -0.653933 134.815340
44.903948 -0.653933 134.815340
44.903948 -0.653933 134.815340
44.903948 -0.653933 134.815340
44.903948 -0.653933 134.815340
44.903948 -0.653933 134.815340
44.764739 0.558193 134.180323
44.764739 0.558193 134.180323
44.764739 0.558193 134.180323
44.764739 0.558193 134.180323
44.764739 0.558193 134.180323
44.764739 0.558193 134.180323
44.764739 0.558193 134.180323
44.552351 0.166975 131.476593
44.552351 0.166975 131.476593
44.552351 0.166975 131.476593
44.552351 0.166975 131.476593
44.552351 0.166975 131.476593
44.552351 0.166975 131.476593
44.552351 0.166975 131.476593
44.552351 0.166975 131.476593
44.243449 0.280344 129.472547
44.243449 0.280344 129.472547
44.243449 0.280344 129.472547
44.243449 0.280344 129.472547
44.243449 0.280344 129.472547
44.243449 0.280344 129.472547
44.243449 0.280344 129.472547
44.243449 0.280344 129.472547
44.243449 0.280344 129.472547
44.009484 1.381794 128.896735
44.009484 1.381794 128.896735
44.009484 1.381794 128.896735
44.009484 1.381794 128.896735
44.009484 1.381794 128.896735
44.009484 1.381794 128.896735
44.009484 1.381794 128.896735
43.951106 -0.605367 124.161392
43.951106 -0.605367 124.161392
43.951106 -0.605367 124.161392
43.951106 -0.605367 124.161392
43.951106 -0.605367 124.161392
43.951106 -0.605367 124.161392
43.951106 -0.605367 124.161392
43.951106 -0.605367 124.161392
36.539750 5.436846 128.915996
36.539750 5.436846 128.915996
36.539750 5.436846 128.915996
36.539750 5.436846 128.915996
36.539750 5.436846 128.915996
36.539750 5.436846 128.915996
36.539750 5.436846 128.915996
29.295733 9.057483 132.200921
29.295733 9.057483 132.200921
29.295733 9.057483 132.200921
29.295733 9.057483 132.200921
29.295733 9.057483 132.200921
29.295733 9.057483 132.200921
29.295733 9.057483 132.200921
29.295733 9.057483 132.200921
20.780067 12.456888 135.596467
20.780067 12.456888 135.596467
20.780067 12.456888 135.596467
20.780067 12.456888 135.596467
20.780067 12.456888 135.596467
20.780067 12.456888 135.596467
20.780067 12.456888 135.596467
17.407538 13.739509 138.041292
17.407538 13.739509 138.041292
17.407538 13.739509 138.041292
17.407538 13.739509 138.041292
17.407538 13.739509 138.041292
17.407538 13.739509 138.041292
17.407538 13.739509 138.041292
17.407538 13.739509 138.041292
12.960777 13.606764 138.854631
12.9607