0.000058 0.000336
0.000110 0.000671
0.000165 0.001007
0.000228 0.001342
0.000383 0.001354
0.000540 0.001372
0.000696 0.001384
0.000846 0.001398
0.001000 0.001413
0.001156 0.001426
0.001319 0.001448
0.001476 0.001471
0.001033 0.001113
0.000591 0.000752
0.000146 0.000391
-0.000296 0.000028
-0.000736 -0.000332
-0.001180 -0.000696
-0.001623 -0.001053
-0.002070 -0.001411
-0.000776 0.001134
0.000507 0.003686
0.001788 0.006229
0.003082 0.008773
0.004369 0.011327
0.005658 0.013875
0.006946 0.016432
0.008226 0.018974
0.035090 0.020723
0.061951 0.022470
0.088811 0.024216
0.115674 0.025963
0.142536 0.027709
0.169394 0.029448
0.196256 0.031194
0.222901 0.036747
0.703774 -0.473411
0.902423 -1.088843
0.796623 -1.474564
0.624054 -1.810761
0.455729 -1.963382
0.689816 -2.183954
0.947985 -3.070801
0.986011 -2.505127
1.152082 -1.871876
1.342591 -1.772198
1.598711 -1.894075
1.806816 -0.800219
2.686806 -1.293536
2.720437 -1.005356
2.331421 -0.028503
2.210493 0.305501
2.342701 0.532197
2.376912 0.216316
2.388134 0.708999
2.260917 0.748606
2.209048 1.537127
2.189720 1.724992
2.172773 2.192638
2.376330 2.547778
2.386159 2.639713
2.494738 3.033184
2.510277 3.086249
2.606709 3.478482
2.645383 3.654389
2.652399 3.770943
2.737187 3.978118
2.585669 3.664058
2.617294 3.653373
2.973105 4.269436
3.184042 4.504516
3.398410 4.875167
3.208439 4.488314
3.230623 4.811126
3.143454 4.649245
3.162827 4.673227
3.070011 4.495930
3.107373 4.475256
3.174811 4.538857
3.135463 4.480363
3.205751 4.605128
3.086560 4.741615
3.235247 4.923299
3.291937 4.981305
3.302881 5.018664
3.290597 5.207487
3.170715 5.178964
3.130350 5.221879
2.975695 5.355021
2.932790 5.373798
2.997307 5.467416
3.037008 5.547536
3.026263 5.571285
3.053501 5.624434
3.109592 5.727984
3.034556 5.664354
2.999058 5.756576
2.960707 5.721022
2.976130 5.719410
3.017282 5.739747
3.015561 5.746498
2.958243 5.693053
2.937609 5.670021
2.639086 5.515876
2.691775 5.563480
2.670443 5.549911
2.683311 5.554266
2.644684 5.533071
2.566500 5.465000
2.444129 5.357808
2.502651 5.401280
2.460589 5.420852
2.470276 5.410029
2.472673 5.387057
2.481354 5.377060
2.513726 5.373894
2.505238 5.342478
2.561259 5.367380
2.539545 5.342668
2.527325 5.386010
2.518417 5.373631
2.560639 5.404737
2.534020 5.379120
2.555686 5.398103
2.551603 5.403981
2.563255 5.414620
2.553554 5.450470
2.534815 5.460738
2.526599 5.458203
2.519132 5.462180
2.498221 5.456843
2.450857 5.452295
2.360801 5.417482
2.306153 5.392335
2.294111 5.406768
2.300519 5.412576
2.303207 5.413482
2.289422 5.409653
2.264766 5.394643
2.241929 5.393192
2.196440 5.372507
2.175487 5.361585
2.137463 5.357025
2.073133 5.318045
2.042726 5.305792
2.046894 5.309967
2.044189 5.310117
2.012072 5.291806
1.980209 5.272811
1.967308 5.300843
1.930613 5.326852
1.649381 5.189510
1.637757 5.195060
1.784305 5.344251
1.819291 5.390372
1.814696 5.417860
1.809708 5.446696
1.800915 5.469506
1.779538 5.473976
1.732193 5.459393
1.706952 5.458031
1.663884 5.448307
1.675351 5.464554
1.651128 5.466991
1.651243 5.479906
1.649409 5.482524
1.655365 5.483865
1.734109 5.526369
1.736877 5.526493
1.673012 5.476598
1.632096 5.456757
1.596699 5.431424
1.504960 5.364213
1.477081 5.353281
1.486890 5.357928
1.475149 5.347428
1.467708 5.341978
1.444027 5.321443
1.427402 5.310145
1.387505 5.287526
1.376088 5.281022
1.339441 5.252899
1.323222 5.247469
1.225622 5.177346
1.024925 5.047739
1.017525 5.016362
0.975398 4.955920
0.884034 4.861425
0.822969 4.772490
0.977040 4.833426
1.095072 4.875061
1.244334 4.924300
1.159432 4.837675
1.169049 4.809572
1.104659 4.731604
1.129229 4.765369
1.046920 4.739323
1.260887 4.849745
1.355348 4.901427
1.288504 4.870398
1.284518 4.867464
1.277015 4.862687
1.367783 4.907634
1.392630 4.935887
1.538391 5.033228
1.825931 5.228435
1.924905 5.308483
1.922966 5.335370
2.018100 5.401887
2.057628 5.440320
2.061116 5.467407
2.049227 5.518202
1.998427 5.544777
1.913864 5.548992
1.692240 5.463000
1.492486 5.406359
1.176680 5.229452
1.202971 5.301418
1.293794 5.410798
1.709685 5.701947
2.116280 5.868915
2.345782 5.977319
2.251523 5.917787
2.211252 5.886782
2.203649 5.874944
2.152364 5.844413
2.200424 5.881015
2.174887 5.892255
2.018989 5.799586
2.111219 5.839379
2.182629 5.876884
2.126932 5.847956
1.917009 5.690798
1.955849 5.710141
1.888568 5.668156
1.756176 5.529141
1.676180 5.460620
1.619983 5.414211
1.673535 5.444024
1.749937 5.484988
1.626265 5.412203
1.612173 5.399737
1.646215 5.402965
1.766538 5.463886
1.739764 5.453717
1.793513 5.469201
1.710468 5.404481
1.667160 5.362609
1.489042 5.229329
1.584249 5.266220
1.647558 5.288404
1.789165 5.354928
1.877414 5.388145
1.905623 5.434328
1.935637 5.476562
2.147666 5.628701
2.150296 5.653901
2.067376 5.641850
1.471954 5.253305
1.437851 5.192831
1.396094 5.183054
1.860379 5.505596
1.914605 5.541188
2.063477 5.656958
1.917507 5.605155
1.921897 5.622152
1.921748 5.646477
1.924240 5.663579
1.904054 5.667298
1.821541 5.621398
1.654713 5.526093
1.267738 5.247810
1.226258 5.195363
1.211350 5.187838
1.184316 5.171083
1.171719 5.165880
1.172140 5.167439
1.142282 5.155027
1.139629 5.186218
1.130614 5.214607
1.110063 5.224992
0.973704 5.175939
0.844612 5.123251
0.596612 5.013486
0.492276 4.966772
0.095221 4.775598
-0.342749 4.580062
-0.699314 4.409338
-1.018985 4.273845
-1.062663 4.284843
-1.325152 4.155398
-1.678544 3.984681
-2.031551 3.844156
-2.617444 3.678440
-3.539023 3.285508
-4.022951 3.143743
-4.787791 2.826992
-5.457009 2.459178
-6.052222 2.106508
-6.644845 1.669236
-6.960063 1.462211
-7.416030 1.055712
-7.553154 1.001207
-8.047679 0.652203
-8.332915 0.566788
-8.968006 0.300296
-9.541995 0.026824
-10.201522 -0.190999
-10.911694 -0.382767
-11.894752 -0.545619
-12.697520 -0.549881
-13.629154 -0.407477
-14.503397 -0.236449
-15.336518 -0.203747
-15.831894 0.046603
-16.694804 0.388842
-17.872820 0.548105
-18.792644 0.363110
-19.127011 0.412577
-20.198304 0.112274
-20.702215 0.206528
-21.602387 0.369957
-22.460818 0.462787
-23.267948 0.303938
-24.189732 0.421183
-25.130343 0.343909
-25.891498 0.366999
-26.357193 0.161148
-26.540620 0.152305
-26.871955 -0.300157
-27.276490 -0.463555
-27.501284 -0.300773
-27.971995 -0.515087
-28.412738 -0.681167
-29.096954 -0.842859
-30.069732 -1.199196
-31.511085 -1.723435
-33.023596 -1.897935
-34.532282 -1.870171
-35.417666 -1.497919
-36.541793 -1.441239
-37.570575 -1.881199
-38.929893 -2.369954
-39.983417 -2.457074
-40.287901 -1.962093
-41.237930 -1.897833
-42.035443 -1.881230
-42.741494 -2.213351
-43.528604 -2.973929
-44.127887 -2.981434
-44.707821 -3.115425
-45.813116 -3.845798
-46.384666 -3.895405
-46.783867 -3.995442
-47.130585 -3.739375
-47.639926 -3.790380
-47.837065 -3.592956
-47.775377 -3.428104
-47.448888 -3.336045
-47.157710 -3.251201
-46.520430 -3.376175
-46.287415 -3.513339
-46.222493 -3.479500
-46.160323 -3.519322
-45.755211 -3.415397
-45.457047 -3.244080
-44.647425 -3.110130
-44.252796 -3.050793
-43.602443 -3.108811
-43.456915 -3.311005
-42.859839 -3.093167
-42.600512 -3.178525
-42.324239 -3.232139
-41.667433 -2.961519
-41.371995 -3.066547
-40.539381 -2.858933
-39.126658 -2.539962
-38.440940 -2.590402
-37.276046 -2.367918
-36.829222 -2.429757
-35.827617 -1.984993
-34.655746 -1.674862
-33.385250 -1.137241
-32.776227 -1.064520
-31.921328 -0.756168
-31.735768 -0.293996
-30.470564 -0.122913
-29.694052 -0.242456
-28.929287 -0.362098
-27.608082 -0.185755
-27.020804 -0.401304
-25.923006 -0.247477
-25.197716 0.142961
-24.784238 0.257666
-23.962459 0.650871
-23.249407 0.966994
-22.643999 1.174261
-22.006708 1.357959
-21.666619 1.359038
-20.784281 1.805886
-20.364168 1.988562
-20.089555 2.075825
-19.584342 2.262898
-19.374518 2.289888
-18.982005 2.442791
-18.510923 2.737141
-18.256867 2.879860
-17.831789 3.178242
-17.485304 3.430354
-16.781353 3.889514
-16.412401 4.103991
-16.219424 4.183729
-15.773927 4.457222
-15.336105 4.754450
-14.875173 5.123960
-14.712947 5.236119
-14.672005 5.254091
-14.067932 5.596464
-13.288473 6.043770
-12.709875 6.325330
-12.230881 6.573128
-11.738840 6.844138
-11.153266 7.174999
-10.685911 7.409215
-10.329264 7.641015
-9.561753 8.003702
-9.191712 8.221720
-8.889139 8.416068
-8.594153 8.574201
-8.001673 8.842859
-7.416534 9.089048
-6.962288 9.271212
-6.322129 9.569394
-5.757569 9.839465
-5.547262 9.953259
-5.421956 10.036137
-5.425138 10.085438
-5.232391 10.192394
-4.941527 10.332955
-4.739036 10.438359
-4.292355 10.610327
-4.018953 10.731479
-3.931911 10.776420
-3.920941 10.785201
-3.903270 10.795100
-3.863931 10.825147
-3.844131 10.836660
-3.794750 10.865396
-3.775948 10.866299
-3.780541 10.861123
-3.732308 10.879698
-3.691721 10.888419
-3.661111 10.895188
-3.630266 10.903154
-3.619784 10.899610
-3.589959 10.905839
-3.593081 10.893756
-3.590139 10.885323
-3.573519 10.879815
-3.534979 10.883931
-3.482740 10.899438
-3.467540 10.891715
-3.437688 10.897022
-3.315331 10.952512
-3.267326 10.976403
-3.238147 10.980220
-3.247347 10.964509
-3.254043 10.952529
-3.244256 10.953431
-3.218188 10.966298
-3.177561 10.993729
-3.135555 11.020666
-3.094574 11.042701
-3.055456 11.068327
-3.029691 11.078368
-3.012543 11.094956
-3.000226 11.098823
-2.997259 11.099410
-2.991626 11.100385
-2.978545 11.101998
-2.974710 11.098544
-2.951670 11.106953
-2.955162 11.100361
-2.939671 11.106557
-2.944888 11.099997
-2.932579 11.107227
-2.922949 11.109723
-2.921860 11.110191
-2.919770 11.107240
-2.914491 11.112960
-2.905419 11.113719
-2.892176 11.122656
-2.892643 11.113517
-2.883875 11.117622
-2.905890 11.096490
-2.902626 11.087799
-2.906502 11.081177
-2.908385 11.072024
-2.910572 11.071068
-2.913647 11.063336
-2.908475 11.064353
-2.913631 11.070410
-2.911406 11.069551
-2.894536 11.082356
-2.893631 11.085839
-2.884642 11.090092
-2.875687 11.096013
-2.868976 11.099808
-2.866881 11.101040
-2.853688 11.106564
-2.846965 11.110642
-2.835722 11.118692
-2.824233 11.123083
-2.829033 11.121247
-2.821373 11.121822
-2.819965 11.132581
-2.819634 11.140041
-2.821276 11.140007
-2.818020 11.149246
-2.819840 11.159376
-2.834721 11.162065
-2.749095 11.205738
-2.709574 11.229626
-2.684873 11.253276
-2.698009 11.257083
-2.686219 11.269918
-2.671578 11.287478
-2.659082 11.303879
-2.645367 11.320014
-2.669338 11.328154
-2.656633 11.344008
-2.656185 11.352558
-2.648110 11.367415
-2.623298 11.382621
-2.613673 11.396811
-2.610443 11.404736
-2.608859 11.411660
-2.619203 11.414407
-2.623809 11.418583
-2.622483 11.414397
-2.644317 11.396218
-2.658099 11.391289
-2.674229 11.379317
-2.673228 11.380095
-2.662131 11.388330
-2.668123 11.377979
-2.679599 11.371689
-2.671487 11.379735
-2.670134 11.383408
-2.675186 11.382189
-2.671379 11.387888
-2.660929 11.398038
-2.655570 11.403123
-2.636005 11.421418
-2.622585 11.430482
-2.634414 11.427323
-2.631574 11.427100
-2.638851 11.421912
-2.631485 11.424290
-2.639375 11.420905
-2.633325 11.421082
-2.630109 11.427039
-2.631789 11.428815
-2.627764 11.436526
-2.622814 11.446888
-2.624169 11.449557
-2.609320 11.462539
-2.592366 11.473940
-2.591107 11.472874
-2.592016 11.472742
-2.604804 11.464413
-2.925812 11.336840
-3.378294 11.152122
-3.217503 11.210842
-2.170708 11.554163
-2.182826 11.523525
-2.176957 11.499428
-2.700044 11.353777
-3.249706 11.117490
-4.024540 10.774954
-4.692295 10.703924
-5.275892 10.646888
-5.737103 10.542115
-6.376198 10.357259
-6.710611 10.337690
-6.858104 10.415055
-6.966968 10.537675
-7.377049 10.648462
-8.177847 10.918679
-8.794049 11.238679
-9.265021 11.595051
-10.035433 12.019120
-10.767305 12.147219
-11.518289 12.225734
-12.308106 12.408117
-13.248026 12.746773
-14.005744 13.087678
-14.801627 13.529413
-15.564277 13.771966
-16.338836 13.890448
-17.073060 14.085552
-17.857260 14.168651
-18.615171 14.257341
-19.215701 14.227747
-20.003460 14.376653
-21.459465 14.387291
-22.194559 14.506917
-22.744349 14.503645
-23.223395 14.306024
-23.921533 14.196971
-24.711704 14.226787
-25.387137 14.895152
-25.659404 15.003608
-25.866688 14.715903
-26.019706 14.317922
-25.863330 14.089849
-25.879990 13.971199
-26.204060 13.989646
-26.656410 13.968118
-27.050685 14.091630
-27.279177 14.121956
-27.459087 14.168943
-27.550759 13.948552
-27.523660 13.935398
-27.498486 13.917433
-28.049874 13.694191
-28.444280 13.671354
-29.033929 13.644766
-29.095329 13.639181
-29.127785 13.452689
-29.146789 13.313132
-29.196831 13.186734
-29.037924 13.107601
-28.613868 12.941407
-27.849323 13.000361
-26.276710 11.887734
-24.952715 10.601572
-23.435818 9.579927
-21.117564 8.451260
-18.768100 7.097143
-16.630348 5.298189
-14.707075 4.108463
-12.518069 3.263784
-11.715199 2.238482
-11.508153 1.558021
-11.431956 0.851141
-11.380103 0.163863
-11.309818 -0.454961
-10.892649 -0.752581
-10.370908 -0.950818
-9.720073 -1.092491
-9.018965 -0.747601
-8.689234 -0.677321
-7.892835 -0.338724
-7.236115 0.007873
-6.395844 0.324000
-5.833299 0.389041
-5.115358 0.517514
-4.978365 0.585578
-4.788339 0.735806
-4.865223 0.695775
-4.632566 0.818445
-4.455840 0.943995
-4.425351 1.056792
-3.748368 1.513971
-3.728787 1.527902
-3.859645 1.450151
-3.893189 1.469837
-3.903849 1.511420
-3.792166 1.534776
-3.438321 1.631464
-3.479588 1.591979
-3.441972 1.584601
-3.367443 1.588630
-3.160491 1.662229
-2.900870 1.766718
-2.475899 1.912194
-2.249311 1.986026
-2.128700 2.027182
-1.828919 2.138733
-1.441099 2.272768
-1.348650 2.313761
-1.270760 2.335931
-1.222709 2.362930
-1.202646 2.364001
-1.204857 2.354335
-1.207866 2.341739
-1.212534 2.328453
-1.188771 2.337433
-1.173990 2.346282
-1.122479 2.401414
-1.179870 2.414287
-1.142665 2.467046
-1.135967 2.514197
-0.999857 2.618231
-1.133994 2.612742
-1.162487 2.690230
-1.042082 2.752601
-1.004028 2.769110
-0.861819 2.848991
-0.840962 2.835601
-0.892999 2.795028
-0.908746 2.774844
-0.900713 2.761204
-0.935436 2.744373
-0.869004 2.777084
-0.795913 2.812894
-0.876004 2.975880
-0.866029 3.024078
-0.876451 3.021062
-0.865365 3.033075
-0.850944 3.019602
-0.835756 3.022533
-0.799811 3.033743
-0.780276 3.034403
-0.777407 3.037671
-0.734934 3.030108
-0.678433 3.034615
-0.650901 3.029250
-0.489818 3.059675
-0.450337 3.065970
-0.469204 3.061135
-0.390263 3.128525
-0.353434 3.139398
-0.353830 3.132760
-0.321396 3.138580
-0.336892 3.115077
-0.300403 3.149016
-0.255924 3.159538
-0.253626 3.161678
-0.289447 3.133317
-0.285752 3.154037
-0.287573 3.139441
-0.347635 3.108520
-0.354988 3.098484
-0.356453 3.099510
-0.433861 3.058811
-0.459084 3.031530
-0.480208 3.029553
-0.471089 3.033118
-0.448047 3.045243
-0.446697 3.049149
-0.441821 3.052043
-0.462404 3.028781
-0.483087 3.026031
-0.470406 3.035298
-0.403983 2.916487
-1.209271 2.477776
-1.362444 2.279586
-0.471020 2.098566
0.138571 1.767289
0.986123 1.958865
0.887254 1.795763
0.973189 1.623931
1.367230 1.500741
1.740290 1.591520
1.982618 1.697311
1.683777 1.496782
1.782574 1.544450
1.981658 1.634244
2.101889 1.692251
1.749197 1.521663
1.588213 2.643456
1.784050 3.998693
2.095478 5.391909
2.399422 6.772612
2.746110 8.176645
3.080943 9.588274
3.435275 11.001734
3.767304 12.409702
3.590570 12.407602
2.171420 15.597125
2.208315 14.831973
1.903265 14.824485
1.701754 14.276877
1.770554 14.192739
1.546483 13.989534
1.531375 14.080130
2.607319 9.865117
4.235123 6.298297
3.936105 3.068147
3.746206 0.218672
3.939300 -3.096229
4.027638 -6.333747
4.376925 -9.538495
4.495844 -12.890400
4.768056 -12.738910
4.245261 -10.330831
4.669410 -10.041050
4.881895 -9.900867
5.431613 -9.459634
5.987084 -9.091121
6.079353 -9.082606
6.064473 -9.143416
6.068706 -9.093669
6.239633 -8.914786
6.257592 -8.971387
6.377843 -8.984986
6.555858 -9.015983
6.692964 -8.965241
6.911589 -8.847562
7.019876 -8.805755
7.078666 -8.701228
6.976582 -8.617307
6.967152 -8.537103
7.155183 -8.297461
6.966653 -8.291630
6.922184 -8.274618
6.994632 -8.135042
7.446061 -7.844068
7.910784 -7.675641
8.031037 -7.577768
8.051156 -7.491099
8.162592 -7.417074
8.356525 -7.417999
8.346930 -7.614859
8.812041 -7.346422
9.009344 -7.331791
8.855785 -7.460962
8.400930 -7.542144
7.933148 -7.710633
7.939046 -7.690763
8.112528 -7.618417
8.311941 -7.555140
8.499461 -7.504750
8.584636 -7.481981
8.512970 -7.810682
8.180026 -8.241931
8.283945 -8.412842
8.383915 -8.529600
9.469673 -8.310174
9.732492 -8.425540
9.549488 -8.639533
9.111005 -8.821277
8.988827 -8.912098
9.256283 -8.825916
9.682268 -8.616643
9.953972 -8.587907
10.174671 -8.530178
10.320171 -8.501163
10.461798 -8.527354
10.963972 -8.341812
11.090556 -8.273372
11.413938 -8.114930
11.753987 -7.953220
12.293692 -7.692342
12.291437 -7.680342
12.322541 -7.658229
12.708348 -7.477176
12.770643 -7.447452
12.804422 -7.432537
12.826312 -7.424152
12.845616 -7.416840
12.858115 -7.411766
12.865386 -7.407074
12.870581 -7.406135
12.874451 -7.407373
13.374483 -7.181673
13.198870 -7.269671
13.338886 -7.197588
13.335644 -7.181499
13.333752 -7.163207
13.331841 -7.146964
13.310177 -7.137739
13.321700 -7.109857
13.300418 -7.121212
13.299824 -7.119065
13.298658 -7.121105
13.298946 -7.119635
13.307418 -7.116313
13.314037 -7.116831
13.311978 -7.116207
13.312235 -7.116005
13.312028 -7.113134
13.329015 -7.100602
13.318767 -7.103698
13.321655 -7.102240
13.323810 -7.100648
13.322566 -7.098226
13.329172 -7.090417
13.336438 -7.080994
13.351947 -7.076043
13.358736 -7.068343
13.364494 -7.067344
13.373371 -7.065865
13.382463 -7.064144
13.390131 -7.062751
13.400644 -7.058819
13.400621 -7.063644
13.393480 -7.064607
13.393009 -7.072853
13.399173 -7.072506
13.398154 -7.073608
13.404269 -7.074923
13.410677 -7.075626
13.417500 -7.076642
13.414927 -7.076443
13.416718 -7.076624
13.415626 -7.070136
13.416068 -7.070264
13.408693 -7.073659
13.410581 -7.074371
13.410516 -7.071351
13.394220 -7.081899
13.391339 -7.083459
13.398093 -7.086550
13.403896 -7.088978
13.440212 -7.080780
13.439526 -7.091447
13.404133 -7.117854
13.388393 -7.133274
13.392430 -7.146560
13.430235 -7.214231
13.100901 -7.478245
12.395200 -7.887116
12.909659 -7.831168
13.624020 -7.769971
13.579171 -8.145932
13.203831 -8.473650
13.056410 -8.635288
13.145945 -8.429468
12.794937 -8.508977
12.002228 -8.835297
11.973005 -8.816401
11.917011 -8.813947
11.719155 -8.612225
11.718929 -8.408348
11.593939 -8.291660
11.612943 -8.288942
11.650196 -8.257085
11.622213 -8.268390
11.618943 -8.268116
11.619198 -8.267929
11.613821 -8.266869
11.602359 -8.271932
11.614037 -8.263821
11.629002 -8.254798
11.628515 -8.246823
11.649508 -8.236731
11.655556 -8.220995
11.657212 -8.212771
11.640216 -8.208677
11.633478 -8.197605
11.649254 -8.183935
11.656102 -8.165859
11.657932 -8.169416
11.669460 -8.169760
11.671802 -8.166724
11.665029 -8.171498
11.664533 -8.169630
11.671423 -8.167943
11.675599 -8.161571
11.670515 -8.170186
11.663900 -8.177963
11.673749 -8.176604
11.686351 -8.172523
11.687703 -8.175098
11.686726 -8.178198
11.685092 -8.182120
11.684315 -8.187274
11.688367 -8.184183
11.689755 -8.185153
11.680966 -8.188564
11.682356 -8.184183
11.687904 -8.179414
11.687530 -8.175395
11.684378 -8.172900
11.690560 -8.165714
11.688658 -8.161958
11.683976 -8.166206
11.686802 -8.161673
11.689042 -8.159070
11.683526 -8.158478
11.683095 -8.159896
11.682959 -8.158345
11.681926 -8.156837
11.681774 -8.154082
11.686690 -8.151374
11.685197 -8.149609
11.682036 -8.150797
11.680175 -8.147338
11.680985 -8.145837
11.674988 -8.147185
11.674854 -8.144186
11.674875 -8.143081
11.674565 -8.142277
11.701093 -8.127361
11.709235 -8.120804
11.715432 -8.116938
11.717183 -8.114136
11.714403 -8.114888
11.702736 -8.119812
11.692087 -8.116577
11.700121 -8.112189
11.690403 -8.110810
11.692071 -8.106184
11.694622 -8.101270
11.683694 -8.101320
11.690642 -8.093550
11.689763 -8.090807
11.690642 -8.092833
11.694059 -8.091776
11.695608 -8.088745
11.693786 -8.090785
11.695741 -8.092034
11.695390 -8.095799
11.694210 -8.103633
11.689691 -8.104558
11.694403 -8.105643
11.708214 -8.099590
11.687360 -8.107684
11.696028 -8.103809
11.702227 -8.101598
11.699889 -8.104716
11.699608 -8.105529
11.700810 -8.106932
11.700807 -8.106940
11.698881 -8.107345
11.704133 -8.104808
11.698180 -8.106737
11.702559 -8.103898
11.708515 -8.106040
11.710569 -8.111082
11.706854 -8.114901
11.711380 -8.120203
11.700392 -8.129665
11.707164 -8.130789
11.712282 -8.129429
11.705207 -8.133647
11.705622 -8.135413
11.709394 -8.129259
11.704894 -8.134158
11.710529 -8.126863
11.705410 -8.129910
11.704074 -8.130740
11.694751 -8.133278
11.694657 -8.133306
11.695453 -8.130441
11.689540 -8.128703
11.691172 -8.126713
11.692004 -8.122090
11.693554 -8.117584
11.695727 -8.114011
11.699253 -8.110081
11.703128 -8.104874
11.699992 -8.102594
11.699640 -8.103480
11.706104 -8.104020
11.705680 -8.104431
11.704646 -8.102964
11.708512 -8.105283
11.703372 -8.110218
11.699639 -8.112249
11.698751 -8.116152
11.765372 -7.795295
11.843888 -7.471360
11.932847 -7.142896
12.026846 -6.810673
12.076292 -6.514986
12.035862 -6.189868
12.091079 -5.875768
12.155454 -5.554093
12.055480 -5.602408
11.956129 -5.652961
11.857820 -5.702184
11.759517 -5.751740
11.661135 -5.801273
11.562772 -5.850838
11.464480 -5.900416
11.366184 -5.949980
11.370459 -5.946815
11.374852 -5.943635
11.378967 -5.940514
11.383024 -5.937215
11.386956 -5.933757
11.391121 -5.930453
11.395249 -5.927179
11.399293 -5.924040
11.405515 -5.918705
11.411702 -5.913771
11.418729 -5.908479
11.425397 -5.903212
11.431835 -5.897875
11.438469 -5.892460
11.445314 -5.887064
11.451988 -5.881759
11.451249 -5.881224
11.450482 -5.880720
11.449713 -5.880203
11.448947 -5.879681
11.448162 -5.879175
11.447427 -5.878659
11.446634 -5.878127
11.446797 -5.877609
11.446962 -5.877071
11.447168 -5.876526
11.447340 -5.875977
11.447433 -5.875366
11.447585 -5.874825
11.447718 -5.874273
11.447771 -5.873571
11.429858 -5.886488
11.412230 -5.900342
11.394576 -5.914042
11.376902 -5.927748
11.359266 -5.941221
11.341819 -5.954779
11.324140 -5.968742
11.306697 -5.982166
11.303423 -5.981559
11.300293 -5.981041
11.297380 -5.980491
11.294079 -5.979999
11.290865 -5.979494
11.287815 -5.979142
11.284737 -5.978607
11.281464 -5.978102
11.278532 -5.977555
11.270546 -5.981912
11.262565 -5.985838
11.254655 -5.989703
11.246862 -5.993736
11.239053 -5.997822
11.231182 -6.002117
11.222949 -6.006335
11.215180 -6.010605
11.207009 -6.005345
11.199003 -5.999798
11.191273 -5.994188
11.183352 -5.989043
11.175538 -5.983733
11.167877 -5.978183
11.159910 -5.972335
11.404100 -5.740522
11.648228 -5.508765
11.892452 -5.276976
12.136543 -5.045188
12.380312 -4.813181
12.624522 -4.581391
12.868562 -4.349817
13.112636 -4.117917
13.099907 -4.126860
13.087272 -4.135295
13.074642 -4.144305
13.061998 -4.152844
13.049537 -4.161339
13.036623 -4.170300
13.023843 -4.179066
13.011179 -4.178172
13.002260 -4.177925
12.993538 -4.177396
12.984969 -4.176757
12.976267 -4.176150
12.967471 -4.175884
12.958648 -4.175072
12.949907 -4.174872
12.941107 -4.174933
12.933082 -4.188722
12.925132 -4.202298
12.917410 -4.216057
12.909364 -4.230120
12.901668 -4.243538
12.893859 -4.256925
12.885665 -4.270605
12.877467 -4.284275
12.913014 -4.265513
12.948362 -4.246161
12.983649 -4.227070
13.019016 -4.208135
13.054428 -4.188578
13.089957 -4.169070
13.125372 -4.149850
13.160574 -4.130821
11.799121 -5.245989
10.434035 -6.364050
9.069152 -7.482144
7.704018 -8.599451
6.339177 -9.716985
4.974110 -10.834564
3.609441 -11.952028
2.244612 -13.069752
2.241640 -13.073581
2.238359 -13.078362
2.235310 -13.082751
2.231976 -13.086982
2.228891 -13.091377
2.225929 -13.095415
2.222798 -13.099247
2.219422 -13.103348
2.240502 -13.121665
2.261418 -13.139459
2.282440 -13.157489
2.303118 -13.175216
2.323858 -13.193702
2.344938 -13.212138
2.366055 -13.230067
2.387098 -13.248294
2.408003 -13.229003
2.429157 -13.210200
2.450159 -13.190920
2.470875 -13.171628
2.491866 -13.151978
2.513041 -13.132696
2.533792 -13.113728
2.554720 -13.094662
2.561441 -13.099129
2.567861 -13.103506
2.574373 -13.107898
2.581145 -13.112190
2.587722 -13.116339
2.594281 -13.120635
2.601290 -13.124532
2.607788 -13.129045
2.676869 -13.208125
2.745892 -13.287402
2.815032 -13.366565
2.883982 -13.445621
2.953074 -13.524786
3.022140 -13.604122
3.091244 -13.683406
3.093050 -13.682337
3.094733 -13.681638
3.096344 -13.680702
3.097927 -13.680019
3.099825 -13.679256
3.101630 -13.678810
3.103283 -13.678360
3.104936 -13.677887
3.106564 -13.677361
3.108602 -13.676910
3.110401 -13.676372
3.111970 -13.675857
3.113994 -13.675064
3.115790 -13.674383
3.117543 -13.673889
3.119409 -13.673187
3.120875 -13.672271
3.122712 -13.657693
3.124481 -13.642788
3.125929 -13.628489
3.127629 -13.614185
3.129271 -13.599961
3.131096 -13.585431
3.161761 -13.551829
3.192154 -13.518762
3.222800 -13.485088
3.253490 -13.451654
3.284354 -13.418189
3.314979 -13.384881
3.345684 -13.351679
3.376204 -13.318296
3.368370 -13.345647
3.360591 -13.373318
3.352605 -13.400794
3.344767 -13.428559
3.337061 -13.456150
3.329012 -13.483717
3.321376 -13.511151
3.313436 -13.539110
3.310340 -13.533777
3.307246 -13.528661
3.304366 -13.523531
3.301118 -13.518338
3.298078 -13.513069
3.295077 -13.507740
3.292336 -13.502730
3.289147 -13.497240
3.271753 -13.496729
3.254303 -13.496118
3.236487 -13.495514
3.219161 -13.494944
3.201289 -13.494414
3.183915 -13.493873
3.166322 -13.493363
3.153481 -13.558667
3.140529 -13.623361
3.127701 -13.688629
3.114668 -13.753575
3.101958 -13.818130
3.089226 -13.883414
3.076626 -13.948131
3.064023 -14.013199
3.046425 -14.017461
3.028807 -14.021475
3.011325 -14.025487
2.993787 -14.029855
2.976323 -14.034119
2.958332 -14.038180
2.940870 -14.042038
2.923377 -14.046097
2.934980 -14.045713
2.946346 -14.045028
2.957758 -14.044694
2.969373 -14.044117
2.980470 -14.043362
2.991794 -14.042953
3.002938 -14.042345
3.014324 -14.041767
3.011127 -14.022522
3.008065 -14.003286
3.004797 -13.983893
3.001621 -13.964694
2.998660 -13.945227
2.995466 -13.926075
2.992400 -13.906541
2.989216 -13.887381
2.981356 -13.882161
2.973353 -13.877027
2.965415 -13.871840
2.957467 -13.866462
2.949571 -13.861182
2.941767 -13.855958
2.933910 -13.850709
2.926116 -13.845353
2.918191 -13.839976
2.910334 -13.834987
2.902566 -13.829758
2.894666 -13.824560
2.886897 -13.819411
2.879007 -13.814063
2.871006 -13.808959
2.867616 -13.813104
2.864640 -13.817210
2.861498 -13.821301
2.858613 -13.825629
2.855380 -13.829570
2.852276 -13.833912
2.849118 -13.837962
2.846037 -13.841900
2.843045 -13.841272
2.840123 -13.840644
2.837101 -13.840163
2.834130 -13.839154
2.831068 -13.838491
2.827653 -13.838138
2.824676 -13.837352
2.821679 -13.836939
2.823334 -13.836217
2.825285 -13.835589
2.827033 -13.834898
2.828566 -13.834364
2.830350 -13.833570
2.832053 -13.832918
2.833846 -13.832324
2.835347 -13.831628
2.827381 -13.831206
2.819235 -13.830540
2.811576 -13.830146
2.803523 -13.829733
2.795607 -13.829208
2.787579 -13.828648
2.779658 -13.828170
2.776504 -13.832493
2.773356 -13.836416
2.770546 -13.840460
2.767415 -13.844779
2.764643 -13.848883
2.761638 -13.853026
2.758456 -13.857225
2.755316 -13.861126
2.752290 -13.865458
2.784456 -13.816169
2.816631 -13.766873
2.848830 -13.717558
2.881018 -13.668273
2.913208 -13.618991
2.945402 -13.569708
2.977599 -13.520401
2.298030 -13.155900
-1.250356 -13.210287
-2.314224 -12.639677
-3.378081 -12.069084
-4.441944 -11.498470
-5.505802 -10.927893
-6.569655 -10.357286
-8.822532 -10.151263
-9.285312 -13.495864
-12.899116 -13.788643
-13.361882 -17.133145
-13.813478 -20.474379
-16.638263 -21.326599
-18.370587 -27.911873
-25.497101 -34.677156
-26.528938 -38.454721
-26.914974 -41.630910
-26.837483 -41.560228
-26.705391 -41.521364
-26.573337 -41.482474
-26.440926 -41.443601
-26.309077 -41.404700
-26.176984 -41.365790
-26.100021 -41.466117
-26.490593 -42.796133
-23.735474 -42.676107
-23.972202 -42.854966
-23.850952 -43.013428
-23.729698 -43.171885
-23.608459 -43.330338
-23.487212 -43.488799
-23.416122 -43.506368
-23.378360 -43.515698
-23.340596 -43.525028
-23.302837 -43.534362
-23.265074 -43.543689
-23.227271 -43.552988
-23.189641 -43.562295
-23.151807 -43.571543
-23.119923 -43.517004
-23.087974 -43.462466
-23.055890 -43.407802
-23.024024 -43.353172
-22.992126 -43.298599
-22.960228 -43.244026
-22.928331 -43.189451
-22.927761 -43.188923
-22.925879 -43.187173
-22.923997 -43.185424
-22.922115 -43.183675
-22.920235 -43.181920
-22.918376 -43.180184
-22.916501 -43.178415
-22.914624 -43.176673
-22.914393 -43.176653
-22.914162 -43.176589
-22.913921 -43.176521
-22.913574 -43.176443
-22.913254 -43.176342
-22.912997 -43.176250
-22.912730 -43.176160
-22.912395 -43.176106
-22.911609 -43.176057
-22.910822 -43.176022
-22.910019 -43.175995
-22.909258 -43.175944
-22.908553 -43.175912
-22.907787 -43.175860
-22.907078 -43.175841
-22.906382 -43.175823
-22.905664 -43.175789
-22.905509 -43.174718
-22.905181 -43.173611
-22.904874 -43.172519
-22.904508 -43.171424
-22.904163 -43.170289
-22.903697 -43.169210
-22.903398 -43.168120
-22.902900 -43.167004
-22.902506 -43.165968
-22.900870 -43.164602
-22.899340 -43.163301
-22.897765 -43.161968
-22.896240 -43.160641
-22.894727 -43.159347
-22.893236 -43.158036
-22.891853 -43.156799
-22.891556 -43.154861
-22.891491 -43.154425
-22.891418 -43.153991
-22.89