0.786646 -6.878506 -54.797187
0.786646 -6.878506 -54.797187
0.786646 -6.878506 -54.797187
0.789620 -6.858323 -54.818829
0.789620 -6.858323 -54.818829
0.789620 -6.858323 -54.818829
0.789620 -6.858323 -54.818829
0.789620 -6.858323 -54.818829
0.789620 -6.858323 -54.818829
0.789620 -6.858323 -54.818829
0.789620 -6.858323 -54.818829
0.789620 -6.858323 -54.818829
0.794672 -6.853017 -54.828476
0.794672 -6.853017 -54.828476
0.794672 -6.853017 -54.828476
0.794672 -6.853017 -54.828476
0.794672 -6.853017 -54.828476
0.794672 -6.853017 -54.828476
0.794672 -6.853017 -54.828476
0.794672 -6.853017 -54.828476
0.758315 -7.018509 -54.808136
0.758315 -7.018509 -54.808136
0.758315 -7.018509 -54.808136
0.758315 -7.018509 -54.808136
0.758315 -7.018509 -54.808136
0.758315 -7.018509 -54.808136
0.758315 -7.018509 -54.808136
0.758315 -7.018509 -54.808136
0.755339 -6.998098 -54.831130
0.755339 -6.998098 -54.831130
0.755339 -6.998098 -54.831130
0.755339 -6.998098 -54.831130
0.755339 -6.998098 -54.831130
0.755339 -6.998098 -54.831130
0.755339 -6.998098 -54.831130
0.755339 -6.998098 -54.831130
0.789801 -6.885398 -54.795213
0.789801 -6.885398 -54.795213
0.789801 -6.885398 -54.795213
0.789801 -6.885398 -54.795213
0.789801 -6.885398 -54.795213
0.789801 -6.885398 -54.795213
0.789801 -6.885398 -54.795213
0.789801 -6.885398 -54.795213
0.781703 -6.945049 -54.764505
0.781703 -6.945049 -54.764505
0.781703 -6.945049 -54.764505
0.781703 -6.945049 -54.764505
0.781703 -6.945049 -54.764505
0.781703 -6.945049 -54.764505
0.781703 -6.945049 -54.764505
0.781703 -6.945049 -54.764505
0.765535 -7.005762 -54.789869
0.765535 -7.005762 -54.789869
0.765535 -7.005762 -54.789869
0.765535 -7.005762 -54.789869
0.765535 -7.005762 -54.789869
0.765535 -7.005762 -54.789869
0.765535 -7.005762 -54.789869
0.765535 -7.005762 -54.789869
0.778160 -6.926158 -54.785012
0.778160 -6.926158 -54.785012
0.778160 -6.926158 -54.785012
0.778160 -6.926158 -54.785012
0.778160 -6.926158 -54.785012
0.778160 -6.926158 -54.785012
0.778160 -6.926158 -54.785012
0.778160 -6.926158 -54.785012
0.718984 -7.262612 -54.801739
0.718984 -7.262612 -54.801739
0.718984 -7.262612 -54.801739
0.718984 -7.262612 -54.801739
0.718984 -7.262612 -54.801739
0.718984 -7.262612 -54.801739
0.718984 -7.262612 -54.801739
-0.899953 -21.811272 -54.890371
-0.899953 -21.811272 -54.890371
-0.899953 -21.811272 -54.890371
-0.899953 -21.811272 -54.890371
-0.899953 -21.811272 -54.890371
-0.899953 -21.811272 -54.890371
-0.899953 -21.811272 -54.890371
-0.899953 -21.811272 -54.890371
-0.409604 -33.971466 -53.858371
-0.409604 -33.971466 -53.858371
-0.409604 -33.971466 -53.858371
-0.409604 -33.971466 -53.858371
-0.409604 -33.971466 -53.858371
-0.409604 -33.971466 -53.858371
-0.409604 -33.971466 -53.858371
-0.409604 -33.971466 -53.858371
0.091920 -36.084320 -52.692471
0.091920 -36.084320 -52.692471
0.091920 -36.084320 -52.692471
0.091920 -36.084320 -52.692471
0.091920 -36.084320 -52.692471
0.091920 -36.084320 -52.692471
0.091920 -36.084320 -52.692471
0.091920 -36.084320 -52.692471
0.091920 -36.084320 -52.692471
0.076725 -23.304073 -52.766753
0.076725 -23.304073 -52.766753
0.076725 -23.304073 -52.766753
0.076725 -23.304073 -52.766753
0.076725 -23.304073 -52.766753
0.076725 -23.304073 -52.766753
0.076725 -23.304073 -52.766753
0.076725 -23.304073 -52.766753
1.298808 -8.136601 -53.908245
1.298808 -8.136601 -53.908245
1.298808 -8.136601 -53.908245
1.298808 -8.136601 -53.908245
1.298808 -8.136601 -53.908245
1.298808 -8.136601 -53.908245
1.298808 -8.136601 -53.908245
1.298808 -8.136601 -53.908245
1.046920 -7.398044 -54.340644
1.046920 -7.398044 -54.340644
1.046920 -7.398044 -54.340644
1.046920 -7.398044 -54.340644
1.046920 -7.398044 -54.340644
1.046920 -7.398044 -54.340644
1.046920 -7.398044 -54.340644
1.046920 -7.398044 -54.340644
0.866689 -7.305035 -54.879129
0.866689 -7.305035 -54.879129
0.866689 -7.305035 -54.879129
0.866689 -7.305035 -54.879129
0.866689 -7.305035 -54.879129
0.866689 -7.305035 -54.879129
0.866689 -7.305035 -54.879129
0.785772 -7.238920 -55.233465
0.785772 -7.238920 -55.233465
0.785772 -7.238920 -55.233465
0.785772 -7.238920 -55.233465
0.785772 -7.238920 -55.233465
0.785772 -7.238920 -55.233465
0.785772 -7.238920 -55.233465
0.785772 -7.238920 -55.233465
0.756370 -7.183404 -55.504672
0.756370 -7.183404 -55.504672
0.756370 -7.183404 -55.504672
0.756370 -7.183404 -55.504672
0.756370 -7.183404 -55.504672
0.756370 -7.183404 -55.504672
0.756370 -7.183404 -55.504672
0.729753 -7.165152 -55.690057
0.729753 -7.165152 -55.690057
0.729753 -7.165152 -55.690057
0.729753 -7.165152 -55.690057
0.729753 -7.165152 -55.690057
0.729753 -7.165152 -55.690057
0.729753 -7.165152 -55.690057
0.729753 -7.165152 -55.690057
0.724226 -7.147066 -55.834327
0.724226 -7.147066 -55.834327
0.724226 -7.147066 -55.834327
0.724226 -7.147066 -55.834327
0.724226 -7.147066 -55.834327
0.724226 -7.147066 -55.834327
0.724226 -7.147066 -55.834327
0.724226 -7.147066 -55.834327
0.753664 -6.860595 -55.759568
0.753664 -6.860595 -55.759568
0.753664 -6.860595 -55.759568
0.753664 -6.860595 -55.759568
0.753664 -6.860595 -55.759568
0.753664 -6.860595 -55.759568
0.753664 -6.860595 -55.759568
-1.048015 -14.307936 -55.954289
-1.048015 -14.307936 -55.954289
-1.048015 -14.307936 -55.954289
-1.048015 -14.307936 -55.954289
-1.048015 -14.307936 -55.954289
-1.048015 -14.307936 -55.954289
-1.048015 -14.307936 -55.954289
-1.048015 -14.307936 -55.954289
-0.471217 -34.297368 -54.591609
-0.471217 -34.297368 -54.591609
-0.471217 -34.297368 -54.591609
-0.471217 -34.297368 -54.591609
-0.471217 -34.297368 -54.591609
-0.471217 -34.297368 -54.591609
-0.471217 -34.297368 -54.591609
-0.471217 -34.297368 -54.591609
-0.471217 -34.297368 -54.591609
0.068995 -33.067299 -53.746397
0.068995 -33.067299 -53.746397
0.068995 -33.067299 -53.746397
0.068995 -33.067299 -53.746397
0.068995 -33.067299 -53.746397
0.068995 -33.067299 -53.746397
0.068995 -33.067299 -53.746397
0.068995 -33.067299 -53.746397
0.062455 -32.458148 -53.006561
0.062455 -32.458148 -53.006561
0.062455 -32.458148 -53.006561
0.062455 -32.458148 -53.006561
0.062455 -32.458148 -53.006561
0.062455 -32.458148 -53.006561
0.062455 -32.458148 -53.006561
0.062455 -32.458148 -53.006561
-0.068425 -30.148913 -52.749059
-0.068425 -30.148913 -52.749059
-0.068425 -30.148913 -52.749059
-0.068425 -30.148913 -52.749059
-0.068425 -30.148913 -52.749059
-0.068425 -30.148913 -52.749059
-0.068425 -30.148913 -52.749059
-0.068425 -30.148913 -52.749059
0.544481 -11.552148 -53.789471
0.544481 -11.552148 -53.789471
0.544481 -11.552148 -53.789471
0.544481 -11.552148 -53.789471
0.544481 -11.552148 -53.789471
0.544481 -11.552148 -53.789471
0.886933 -7.889049 -53.536532
0.886933 -7.889049 -53.536532
0.886933 -7.889049 -53.536532
0.886933 -7.889049 -53.536532
0.886933 -7.889049 -53.536532
0.886933 -7.889049 -53.536532
0.886933 -7.889049 -53.536532
0.710937 -7.686853 -54.204610
0.710937 -7.686853 -54.204610
0.710937 -7.686853 -54.204610
0.710937 -7.686853 -54.204610
0.710937 -7.686853 -54.204610
0.710937 -7.686853 -54.204610
0.710937 -7.686853 -54.204610
0.710937 -7.686853 -54.204610
0.635287 -7.498955 -54.678762
0.635287 -7.498955 -54.678762
0.635287 -7.498955 -54.678762
0.635287 -7.498955 -54.678762
0.635287 -7.498955 -54.678762
0.635287 -7.498955 -54.678762
0.635287 -7.498955 -54.678762
0.635287 -7.498955 -54.678762
0.601260 -7.455354 -55.097063
0.601260 -7.455354 -55.097063
0.601260 -7.455354 -55.097063
0.601260 -7.455354 -55.097063
0.601260 -7.455354 -55.097063
0.601260 -7.455354 -55.097063
0.601260 -7.455354 -55.097063
0.601260 -7.455354 -55.097063
0.602243 -7.417545 -55.358735
0.602243 -7.417545 -55.358735
0.602243 -7.417545 -55.358735
0.602243 -7.417545 -55.358735
0.602243 -7.417545 -55.358735
0.602243 -7.417545 -55.358735
0.602243 -7.417545 -55.358735
0.602243 -7.417545 -55.358735
0.602384 -7.398405 -55.584646
0.602384 -7.398405 -55.584646
0.602384 -7.398405 -55.584646
0.602384 -7.398405 -55.584646
0.602384 -7.398405 -55.584646
0.602384 -7.398405 -55.584646
0.602384 -7.398405 -55.584646
0.602384 -7.398405 -55.584646
0.606398 -7.393805 -55.701566
0.606398 -7.393805 -55.701566
0.606398 -7.393805 -55.701566
0.606398 -7.393805 -55.701566
0.606398 -7.393805 -55.701566
0.606398 -7.393805 -55.701566
0.606398 -7.393805 -55.701566
0.619922 -7.387921 -55.802280
0.619922 -7.387921 -55.802280
0.619922 -7.387921 -55.802280
0.619922 -7.387921 -55.802280
0.619922 -7.387921 -55.802280
0.619922 -7.387921 -55.802280
0.619922 -7.387921 -55.802280
0.619922 -7.387921 -55.802280
0.628960 -7.376657 -55.869482
0.628960 -7.376657 -55.869482
0.628960 -7.376657 -55.869482
0.628960 -7.376657 -55.869482
0.628960 -7.376657 -55.869482
0.628960 -7.376657 -55.869482
0.628960 -7.376657 -55.869482
0.628960 -7.376657 -55.869482
0.639745 -7.371667 -55.874506
0.639745 -7.371667 -55.874506
0.639745 -7.371667 -55.874506
0.639745 -7.371667 -55.874506
0.639745 -7.371667 -55.874506
0.639745 -7.371667 -55.874506
0.639745 -7.371667 -55.874506
0.639745 -7.371667 -55.874506
0.647258 -7.365048 -55.941869
0.647258 -7.365048 -55.941869
0.647258 -7.365048 -55.941869
0.647258 -7.365048 -55.941869
0.647258 -7.365048 -55.941869
0.647258 -7.365048 -55.941869
0.647258 -7.365048 -55.941869
0.647258 -7.365048 -55.941869
0.640570 -7.379738 -55.969760
0.640570 -7.379738 -55.969760
0.640570 -7.379738 -55.969760
0.640570 -7.379738 -55.969760
0.640570 -7.379738 -55.969760
0.640570 -7.379738 -55.969760
0.640570 -7.379738 -55.969760
0.670581 -7.192085 -55.320301
0.670581 -7.192085 -55.320301
0.670581 -7.192085 -55.320301
0.670581 -7.192085 -55.320301
0.670581 -7.192085 -55.320301
0.670581 -7.192085 -55.320301
0.670581 -7.192085 -55.320301
0.886044 -6.006286 -55.362802
0.886044 -6.006286 -55.362802
0.886044 -6.006286 -55.362802
0.886044 -6.006286 -55.362802
0.886044 -6.006286 -55.362802
0.886044 -6.006286 -55.362802
0.886044 -6.006286 -55.362802
0.886044 -6.006286 -55.362802
0.934619 -5.404173 -53.902661
0.934619 -5.404173 -53.902661
0.934619 -5.404173 -53.902661
0.934619 -5.404173 -53.902661
0.934619 -5.404173 -53.902661
0.934619 -5.404173 -53.902661
0.934619 -5.404173 -53.902661
0.934619 -5.404173 -53.902661
0.934619 -5.404173 -53.902661
0.943708 -5.406968 -53.518709
0.943708 -5.406968 -53.518709
0.943708 -5.406968 -53.518709
0.943708 -5.406968 -53.518709
0.943708 -5.406968 -53.518709
0.943708 -5.406968 -53.518709
0.943708 -5.406968 -53.518709
0.943708 -5.406968 -53.518709
0.959041 -5.511216 -53.151689
0.959041 -5.511216 -53.151689
0.959041 -5.511216 -53.151689
0.959041 -5.511216 -53.151689
0.959041 -5.511216 -53.151689
0.959041 -5.511216 -53.151689
0.959041 -5.511216 -53.151689
0.925091 -5.792953 -53.182117
0.925091 -5.792953 -53.182117
0.925091 -5.792953 -53.182117
0.925091 -5.792953 -53.182117
0.925091 -5.792953 -53.182117
0.925091 -5.792953 -53.182117
0.925091 -5.792953 -53.182117
0.925091 -5.792953 -53.182117
0.947255 -5.745174 -53.113829
0.947255 -5.745174 -53.113829
0.947255 -5.745174 -53.113829
0.947255 -5.745174 -53.113829
0.947255 -5.745174 -53.113829
0.947255 -5.745174 -53.113829
0.947255 -5.745174 -53.113829
0.593276 -8.225168 -53.360416
0.593276 -8.225168 -53.360416
0.593276 -8.225168 -53.360416
0.593276 -8.225168 -53.360416
0.593276 -8.225168 -53.360416
0.593276 -8.225168 -53.360416
0.593276 -8.225168 -53.360416
0.593276 -8.225168 -53.360416
0.593276 -8.225168 -53.360416
0.593276 -8.225168 -53.360416
0.593276 -8.225168 -53.360416
0.593276 -8.225168 -53.360416
0.593276 -8.225168 -53.360416
0.593276 -8.225168 -53.360416
0.593276 -8.225168 -53.360416
0.593276 -8.225168 -53.360416
-0.178338 -34.606888 -51.020857
-0.178338 -34.606888 -51.020857
-0.178338 -34.606888 -51.020857
-0.178338 -34.606888 -51.020857
-0.178338 -34.606888 -51.020857
-0.178338 -34.606888 -51.020857
-0.178338 -34.606888 -51.020857
-0.178338 -34.606888 -51.020857
0.424389 -38.005543 -49.839515
0.424389 -38.005543 -49.839515
0.424389 -38.005543 -49.839515
0.424389 -38.005543 -49.839515
0.424389 -38.005543 -49.839515
0.424389 -38.005543 -49.839515
0.424389 -38.005543 -49.839515
0.424389 -38.005543 -49.839515
0.561258 -37.793250 -48.874850
0.561258 -37.793250 -48.874850
0.561258 -37.793250 -48.874850
0.561258 -37.793250 -48.874850
0.561258 -37.793250 -48.874850
0.561258 -37.793250 -48.874850
0.561258 -37.793250 -48.874850
0.561258 -37.793250 -48.874850
0.667984 -38.009152 -48.002788
0.667984 -38.009152 -48.002788
0.667984 -38.009152 -48.002788
0.667984 -38.009152 -48.002788
0.667984 -38.009152 -48.002788
0.667984 -38.009152 -48.002788
0.667984 -38.009152 -48.002788
0.441001 -37.523051 -47.252721
0.441001 -37.523051 -47.252721
0.441001 -37.523051 -47.252721
0.441001 -37.523051 -47.252721
0.441001 -37.523051 -47.252721
0.441001 -37.523051 -47.252721
0.441001 -37.523051 -47.252721
0.441001 -37.523051 -47.252721
0.279190 -37.724972 -46.682909
0.279190 -37.724972 -46.682909
0.279190 -37.724972 -46.682909
0.279190 -37.724972 -46.682909
0.279190 -37.724972 -46.682909
0.279190 -37.724972 -46.682909
0.279190 -37.724972 -46.682909
0.279190 -37.724972 -46.682909
0.109751 -37.068444 -46.189475
0.109751 -37.068444 -46.189475
0.109751 -37.068444 -46.189475
0.109751 -37.068444 -46.189475
0.109751 -37.068444 -46.189475
0.109751 -37.068444 -46.189475
0.109751 -37.068444 -46.189475
0.109751 -37.068444 -46.189475
-0.374312 -22.725631 -47.108457
-0.374312 -22.725631 -47.108457
-0.374312 -22.725631 -47.108457
-0.374312 -22.725631 -47.108457
-0.374312 -22.725631 -47.108457
-0.374312 -22.725631 -47.108457
-0.374312 -22.725631 -47.108457
-0.158747 -11.862524 -49.161499
-0.158747 -11.862524 -49.161499
-0.158747 -11.862524 -49.161499
-0.158747 -11.862524 -49.161499
-0.158747 -11.862524 -49.161499
-0.158747 -11.862524 -49.161499
-0.158747 -11.862524 -49.161499
0.532246 -7.622189 -50.802179
0.532246 -7.622189 -50.802179
0.532246 -7.622189 -50.802179
0.532246 -7.622189 -50.802179
0.532246 -7.622189 -50.802179
0.532246 -7.622189 -50.802179
0.532246 -7.622189 -50.802179
0.532246 -7.622189 -50.802179
0.532246 -7.622189 -50.802179
0.485717 -7.343486 -51.794909
0.485717 -7.343486 -51.794909
0.485717 -7.343486 -51.794909
0.485717 -7.343486 -51.794909
0.485717 -7.343486 -51.794909
0.485717 -7.343486 -51.794909
0.485717 -7.343486 -51.794909
0.485717 -7.343486 -51.794909
0.489445 -7.239500 -52.513708
0.489445 -7.239500 -52.513708
0.489445 -7.239500 -52.513708
0.489445 -7.239500 -52.513708
0.489445 -7.239500 -52.513708
0.489445 -7.239500 -52.513708
0.489445 -7.239500 -52.513708
0.523165 -7.120460 -52.963049
0.523165 -7.120460 -52.963049
0.523165 -7.120460 -52.963049
0.523165 -7.120460 -52.963049
0.523165 -7.120460 -52.963049
0.523165 -7.120460 -52.963049
0.523165 -7.120460 -52.963049
0.523165 -7.120460 -52.963049
0.560213 -7.077525 -53.320596
0.560213 -7.077525 -53.320596
0.560213 -7.077525 -53.320596
0.560213 -7.077525 -53.320596
0.560213 -7.077525 -53.320596
0.560213 -7.077525 -53.320596
0.560213 -7.077525 -53.320596
0.560213 -7.077525 -53.320596
0.608961 -6.934443 -53.624590
0.608961 -6.934443 -53.624590
0.608961 -6.934443 -53.624590
0.608961 -6.934443 -53.624590
0.608961 -6.934443 -53.624590
0.608961 -6.934443 -53.624590
0.608961 -6.934443 -53.624590
0.653199 -6.783642 -53.866584
0.653199 -6.783642 -53.866584
0.653199 -6.783642 -53.866584
0.653199 -6.783642 -53.866584
0.653199 -6.783642 -53.866584
0.653199 -6.783642 -53.866584
0.653199 -6.783642 -53.866584
0.653199 -6.783642 -53.866584
0.649463 -6.887725 -54.065701
0.649463 -6.887725 -54.065701
0.649463 -6.887725 -54.065701
0.649463 -6.887725 -54.065701
0.649463 -6.887725 -54.065701
0.649463 -6.887725 -54.065701
0.649463 -6.887725 -54.065701
0.655981 -6.887829 -54.245571
0.655981 -6.887829 -54.245571
0.655981 -6.887829 -54.245571
0.655981 -6.887829 -54.245571
0.655981 -6.887829 -54.245571
0.655981 -6.887829 -54.245571
0.655981 -6.887829 -54.245571
0.685760 -6.786314 -54.237747
0.685760 -6.786314 -54.237747
0.685760 -6.786314 -54.237747
0.685760 -6.786314 -54.237747
0.685760 -6.786314 -54.237747
0.685760 -6.786314 -54.237747
0.685760 -6.786314 -54.237747
0.685760 -6.786314 -54.237747
0.710322 -6.603758 -54.280825
0.710322 -6.603758 -54.280825
0.710322 -6.603758 -54.280825
0.710322 -6.603758 -54.280825
0.710322 -6.603758 -54.280825
0.710322 -6.603758 -54.280825
0.710322 -6.603758 -54.280825
0.710322 -6.603758 -54.280825
0.741213 -6.457946 -54.665047
0.741213 -6.457946 -54.665047
0.741213 -6.457946 -54.665047
0.741213 -6.457946 -54.665047
0.741213 -6.457946 -54.665047
0.741213 -6.457946 -54.665047
0.741213 -6.457946 -54.665047
2.422912 -4.546637 -53.401120
2.422912 -4.546637 -53.401120
2.422912 -4.546637 -53.401120
2.422912 -4.546637 -53.401120
2.422912 -4.546637 -53.401120
2.422912 -4.546637 -53.401120
2.422912 -4.546637 -53.401120
2.422912 -4.546637 -53.401120
16.683367 -0.446174 -52.547354
16.683367 -0.446174 -52.547354
16.683367 -0.446174 -52.547354
16.683367 -0.446174 -52.547354
16.683367 -0.446174 -52.547354
16.683367 -0.446174 -52.547354
16.683367 -0.446174 -52.547354
16.683367 -0.446174 -52.547354
29.616066 -1.070330 -51.869413
29.616066 -1.070330 -51.869413
29.616066 -1.070330 -51.869413
29.616066 -1.070330 -51.869413
29.616066 -1.070330 -51.869413
29.616066 -1.070330 -51.869413
29.616066 -1.070330 -51.869413
29.616066 -1.070330 -51.869413
30.559342 -0.994981 -52.128595
30.559342 -0.994981 -52.128595
30.559342 -0.994981 -52.128595
30.559342 -0.994981 -52.128595
30.559342 -0.994981 -52.128595
30.559342 -0.994981 -52.128595
30.559342 -0.994981 -52.128595
30.559342 -0.994981 -52.128595
30.559342 -0.994981 -52.128595
29.279126 -0.847638 -52.438573
29.279126 -0.847638 -52.438573
29.279126 -0.847638 -52.438573
29.279126 -0.847638 -52.438573
29.279126 -0.847638 -52.438573
29.279126 -0.847638 -52.438573
29.279126 -0.847638 -52.438573
29.279126 -0.847638 -52.438573
19.599346 -0.784177 -52.629664
19.599346 -0.784177 -52.629664
19.599346 -0.784177 -52.629664
19.599346 -0.784177 -52.629664
19.599346 -0.784177 -52.629664
19.599346 -0.784177 -52.629664
19.599346 -0.784177 -52.629664
6.010993 -1.827843 -52.776397
6.010993 -1.827843 -52.776397
6.010993 -1.827843 -52.776397
6.010993 -1.827843 -52.776397
6.010993 -1.827843 -52.776397
6.010993 -1.827843 -52.776397
6.010993 -1.827843 -52.776397
6.010993 -1.827843 -52.776397
6.010993 -1.827843 -52.776397
1.181285 -4.744884 -52.577809
1.181285 -4.744884 -52.577809
1.181285 -4.744884 -52.577809
1.181285 -4.744884 -52.577809
1.181285 -4.744884 -52.577809
1.181285 -4.744884 -52.577809
1.181285 -4.744884 -52.577809
1.181285 -4.744884 -52.577809
0.969088 -6.211549 -52.453596
0.969088 -6.211549 -52.453596
0.969088 -6.211549 -52.453596
0.969088 -6.211549 -52.453596
0.969088 -6.211549 -52.453596
0.969088 -6.211549 -52.453596
0.969088 -6.211549 -52.453596
0.969088 -6.211549 -52.453596
0.938503 -6.188022 -52.317859
0.938503 -6.188022 -52.317859
0.938503 -6.188022 -52.317859
0.938503 -6.188022 -52.317859
0.938503 -6.188022 -52.317859
0.938503 -6.188022 -52.317859
0.938503 -6.188022 -52.317859
0.938503 -6.188022 -52.317859
0.921549 -6.127662 -52.203611
0.921549 -6.127662 -52.203611
0.921549 -6.127662 -52.203611
0.921549 -6.127662 -52.203611
0.921549 -6.127662 -52.203611
0.921549 -6.127662 -52.203611
0.921549 -6.127662 -52.203611
0.911607 -6.088233 -52.141213
0.911607 -6.088233 -52.141213
0.911607 -6.088233 -52.141213
0.911607 -6.088233 -52.141213
0.911607 -6.088233 -52.141213
0.911607 -6.088233 -52.141213
0.911607 -6.088233 -52.141213
0.911607 -6.088233 -52.141213
0.905278 -6.101649 -52.099829
0.905278 -6.101649 -52.099829
0.905278 -6.101649 -52.099829
0.905278 -6.101649 -52.099829
0.905278 -6.101649 -52.099829
0.905278 -6.101649 -52.099829
0.905278 -6.101649 -52.099829
0.905278 -6.101649 -52.099829
0.892995 -6.056735 -52.052124
0.892995 -6.056735 -52.052124
0.892995 -6.056735 -52.052124
0.892995 -6.056735 -52.052124
0.892995 -6.056735 -52.052124
0.892995 -6.056735 -52.052124
0.892995 -6.056735 -52.052124
0.892995 -6.056735 -52.052124
0.881419 -6.082430 -52.026620
0.881419 -6.082430 -52.026620
0.881419 -6.082430 -52.026620
0.881419 -6.082430 -52.026620
0.881419 -6.082430 -52.026620
0.881419 -6.082430 -52.026620
0.881419 -6.082430 -52.026620
0.881419 -6.082430 -52.026620
0.871733 -6.128743 -51.978669
0.871733 -6.128743 -51.978669
0.871733 -6.128743 -51.978669
0.871733 -6.128743 -51.978669
0.871733 -6.128743 -51.978669
0.871733 -6.128743 -51.978669
0.871733 -6.128743 -51.978669
0.871733 -6.128743 -51.978669
0.898383 -5.897994 -51.957270
0.898383 -5.897994 -51.957270
0.898383 -5.897994 -51.957270
0.898383 -5.897994 -51.957270
0.898383 -5.897994 -51.957270
0.898383 -5.897994 -51.957270
0.898383 -5.897994 -51.957270
0.898383 -5.897994 -51.957270
0.894725 -5.925322 -51.964824
0.894725 -5.925322 -51.964824
0.894725 -5.925322 -51.964824
0.894725 -5.925322 -51.964824
0.894725 -5.925322 -51.964824
0.894725 -5.925322 -51.964824
0.894725 -5.925322 -51.964824
0.896104 -6.027854 -51.862900
0.896104 -6.027854 -51.862900
0.896104 -6.027854 -51.862900
0.896104 -6.027854 -51.862900
0.896104 -6.027854 -51.862900
0.896104 -6.027854 -51.862900
0.896104 -6.027854 -51.862900
0.896104 -6.027854 -51.862900
0.907617 -5.971853 -51.844018
0.907617 -5.971853 -51.844018
0.907617 -5.971853 -51.844018
0.907617 -5.971853 -51.844018
0.907617 -5.971853 -51.844018
0.907617 -5.971853 -51.844018
0.907617 -5.971853 -51.844018
0.891120 -6.005326 -51.827790
0.891120 -6.005326 -51.827790
0.891120 -6.005326 -51.827790
0.891120 -6.005326 -51.827790
0.891120 -6.005326 -51.827790
0.891120 -6.005326 -51.827790
0.891120 -6.005326 -51.827790
0.891120 -6.005326 -51.827790
0.891120 -6.005326 -51.827790
0.885184 -5.992243 -51.816329
0.885184 -5.992243 -51.816329
0.885184 -5.992243 -51.816329
0.885184 -5.992243 -51.816329
0.885184 -5.992243 -51.816329
0.885184 -5.992243 -51.816329
0.885184 -5.992243 -51.816329
0.889739 -5.938788 -51.819344
0.889739 -5.938788 -51.819344
0.889739 -5.938788 -51.819344
0.889739 -5.938788 -51.819344
0.889739 -5.938788 -51.819344
0.889739 -5.938788 -51.819344
0.889739 -5.938788 -51.819344
0.889739 -5.938788 -51.819344
0.873678 -6.001943 -51.790896
0.873678 -6.001943 -51.790896
0.873678 -6.001943 -51.790896
0.873678 -6.001943 -51.790896
0.873678 -6.001943 -51.790896
0.873678 -6.001943 -51.790896
0.873678 -6.001943 -51.790896
0.873678 -6.001943 -51.790896
0.874149 -6.024598 -51.733977
0.874149 -6.024598 -51.733977
0.874149 -6.024598 -51.733977
0.874149 -6.024598 -51.733977
0.874149 -6.024598 -51.733977
0.874149 -6.024598 -51.733977
0.874149 -6.024598 -51.733977
0.874149 -6.024598 -51.733977
0.859518 -6.072844 -51.767834
0.859518 -6.072844 -51.767834
0.859518 -6.072844 -51.767834
0.859518 -6.072844 -51.767834
0.859518 -6.072844 -51.767834
0.859518 -6.072844 -51.767834
0.859518 -6.072844 -51.767834
0.859518 -6.072844 -51.767834
0.861135 -6.094520 -51.741565
0.861135 -6.094520 -51.741565
0.861135 -6.094520 -51.741565
0.861135 -6.094520 -51.741565
0.861135 -6.094520 -51.741565
0.861135 -6.094520 -51.741565
0.861135 -6.094520 -51.741565
0.841776 -6.159341 -51.755591
0.841776 -6.159341 -51.755591
0.841776 -6.159341 -51.755591
0.841776 -6.159341 -51.755591
0.841776 -6.159341 -51.755591
0.841776 -6.159341 -51.755591
0.841776 -6.159341 -51.755591
0.841776 -6.159341 -51.755591
0.852811 -6.153426 -51.723069
0.852811 -6.153426 -51.723069
0.852811 -6.153426 -51.723069
0.852811 -6.153426 -51.723069
0.852811 -6.153426 -51.723069
0.852811 -6.153426 -51.723069
0.852811 -6.153426 -51.723069
0.852811 -6.153426 -51.723069
0.918375 -5.744041 -51.716949
0.918375 -5.744041 -51.716949
0.918375 -5.744041 -51.716949
0.918375 -5.744041 -51.716949
0.918375 -5.744041 -51.716949
0.918375 -5.744041 -51.716949
0.918375 -5.744041 -51.716949
0.918375 -5.744041 -51.716949
11.753889 -0.712872 -51.934730
11.753889 -0.712872 -51.934730
11.753889 -0.712872 -51.934730
11.753889 -0.712872 -51.934730
11.753889 -0.712872 -51.934730
11.753889 -0.712872 -51.934730
11.753889 -0.712872 -51.934730
25.263304 -1.277114 -51.047495
25.263304 -1.277114 -51.047495
25.263304 -1.277114 -51.047495
25.263304 -1.277114 -51.047495
25.263304 -1.277114 -51.047495
25.263304 -1.277114 -51.047495
25.263304 -1.277114 -51.047495
25.263304 -1.277114 -51.047495
25.263304 -1.277114 -51.047495
25.333672 -1.336746 -51.236920
25.333672 -1.336746 -51.236920
25.333672 -1.336746 -51.236920
25.333672 -1.336746 -51.236920
25.333672 -1.336746 -51.236920
25.333672 -1.336746 -51.236920
25.333672 -1.336746 -51.236920
21.388317 -1.030996 -52.022177
21.388317 -1.030996 -52.022177
21.388317 -1.030996 -52.022177
21.388317 -1.030996 -52.022177
21.388317 -1.030996 -52.022177
21.388317 -1.030996 -52.022177
21.388317 -1.030996 -52.022177
21.388317 -1.030996 -52.022177
5.358498 -2.820869 -53.128644
5.358498 -2.820869 -53.128644
5.358498 -2.820869 -53.128644
5.358498 -2.820869 -53.128644
5.358498 -2.820869 -53.128644
5.358498 -2.820869 -53.128644
5.358498 -2.820869 -53.128644
5.358498 -2.820869 -53.128644
1.045190 -5.764330 -52.825383
1.045190 -5.764330 -52.825383
1.045190 -5.764330 -52.825383
1.045190 -5.764330 -52.825383
1.045190 -5.764330 -52.825383
1.045190 -5.764330 -52.825383
1.045190 -5.764330 -52.825383
1.045190 -5.764330 -52.825383
0.986724 -5.841229 -52.668641
0.986724 -5.841229 -52.668641
0.986724 -5.841229 -52.668641
0.986724 -5.841229 -52.668641
0.986724 -5.841229 -52.668641
0.986724 -5.841229 -52.668641
0.986724 -5.841229 -52.668641
0.986724 -5.841229 -52.668641
0.951809 -5.860343 -52.501482
0.951809 -5.860343 -52.501482
0.951809 -5.860343 -52.501482
0.951809 -5.860343 -52.501482
0.951809 -5.860343 -52.501482
0.951809 -5.860343 -52.501482
0.951809 -5.860343 -52.501482
0.951809 -5.860343 -52.501482
0.936876 -5.832478 -52.406464
0.936876 -5.832478 -52.406464
0.936876 -5.832478 -52.406464
0.936876 -5.832478 -52.406464
0.936876 -5.832478 -52.406464
0.936876 -5.832478 -52.406464
0.936876 -5.832478 -52.406464
0.936876 -5.832478 -52.406464
0.920104 -5.801759 -52.355603
0.920104 -5.801759 -52.355603
0.920104 -5.801759 -52.355603
0.920104 -5.801759 -52.355603
0.920104 -5.801759 -52.355603
0.920104 -5.801759 -52.355603
0.920104 -5.801759 -52.355603
0.920104 -5.801759 -52.355603
0.919902 -5.846912 -52.319772
0.919902 -5.846912 -52.319772
0.919902 -5.846912 -52.319772
0.919902 -5.846912 -52.319772
0.919902 -5.846912 -52.319772
0.919902 -5.846912 -52.319772
0.919902 -5.846912 -52.319772
0.919902 -5.846912 -52.319772
0.919902 -5.846912 -52.319772
0.910856 -5.918350 -52.269006
0.910856 -5.918350 -52.269006
0.910856 -5.918350 -52.269006
0.910856 -5.918350 -52.269006
0.910856 -5.918350 -52.269006
0.910856 -5.918350 -52.269006
0.910856 -5.918350 -52.269006
0.910856 -5.918350 -52.269006
6.642716 -2.001240 -52.059080
6.642716 -2.001240 -52.059080
6.642716 -2.001240 -52.059080
6.642716 -2.001240 -52.059080
6.642716 -2.001240 -52.059080
6.642716 -2.001240 -52.059080
6.642716 -2.001240 -52.059080
6.642716 -2.001240 -52.059080
23.759117 -1.446205 -51.511286
23.759117 -1.446205 -51.511286
23.759117 -1.446205 -51.511286
23.759117 -1.446205 -51.511286
23.759117 -1.446205 -51.511286
23.759117 -1.446205 -51.511286
23.759117 -1.446205 -51.511286
25.785562 -1.619976 -51.775061
25.785562 -1.619976 -51.775061
25.785562 -1.619976 -51.775061
25.785562 -1.619976 -51.775061
25.785562 -1.619976 -51.775061
25.785562 -1.619976 -51.775061
25.785562 -1.619976 -51.775061
25.785562 -1.619976 -51.775061
25.125449 -1.421897 -52.018898
25.125449 -1.421897 -52.018898
25.125449 -1.421897 -52.018898
25.125449 -1.421897 -52.018898
25.125449 -1.421897 -52.018898
25.125449 -1.421897 -52.018898
25.125449 -1.421897 -52.018898
25.125449 -1.421897 -52.018898
10.383363 -0.860900 -52.046205
10.383363 -0.860900 -52.046205
10.383363 -0.860900 -52.046205
10.383363 -0.860900 -52.046205
10.383363 -0.860900 -52.046205
10.383363 -0.860900 -52.046205
10.383363 -0.860900 -52.046205
10.383363 -0.860900 -52.046205
1.098969 -5.512246 -51.694649
1.098969 -5.512246 -51.694649
1.098969 -5.512246 -51.694649
1.098969 -5.512246 -51.694649
1.098969 -5.512246 -51.694649
1.098969 -5.512246 -51.694649
1.098969 -5.512246 -51.694649
1.098969 -5.512246 -51.694649
0.947505 -5.865351 -51.529669
0.947505 -5.865351 -51.529669
0.947505 -5.865351 -51.529669
0.947505 -5.865351 -51.529669
0.947505 -5.865351 -51.529669
0.947505 -5.865351 -51.529669
0.947505 -5.865351 -51.529669
0.932218 -5.844569 -51.397320
0.932218 -5.844569 -51.397320
0.932218 -5.844569 -51.397320
0.932218 -5.844569 -51.397320
0.932218 -5.844569 -51.397320
0.932218 -5.844569 -51.397320
0.932218 -5.844569 -51.397320
0.932218 -5.844569 -51.397320
0.914865 -5.889623 -51.355649
0.914865 -5.889623 -51.355649
0.914865 -5.889623 -51.355649
0.914865 -5.889623 -51.355649
0.914865 -5.889623 -51.355649
0.914865 -5.889623 -51.355649
0.914865 -5.889623 -51.355649
0.914865 -5.889623 -51.355649
0.903968 -5.895017 -51.302295
0.903968 -5.895017 -51.302295
0.903968