-0.698823 -13.563957 156.696288
-0.698823 -13.563957 156.696288
-0.698823 -13.563957 156.696288
-0.619531 -14.546239 158.201771
-0.619531 -14.546239 158.201771
-0.619531 -14.546239 158.201771
-0.619531 -14.546239 158.201771
-0.619531 -14.546239 158.201771
-0.619531 -14.546239 158.201771
-0.619531 -14.546239 158.201771
-0.598688 -15.129185 159.511391
-0.598688 -15.129185 159.511391
-0.598688 -15.129185 159.511391
-0.598688 -15.129185 159.511391
-0.598688 -15.129185 159.511391
-0.598688 -15.129185 159.511391
-0.598688 -15.129185 159.511391
-0.598688 -15.129185 159.511391
-0.598688 -15.129185 159.511391
-0.637140 -15.492578 160.577365
-0.637140 -15.492578 160.577365
-0.637140 -15.492578 160.577365
-0.637140 -15.492578 160.577365
-0.637140 -15.492578 160.577365
-0.637140 -15.492578 160.577365
-0.637140 -15.492578 160.577365
-0.637140 -15.492578 160.577365
-0.722930 -15.720099 161.433038
-0.722930 -15.720099 161.433038
-0.722930 -15.720099 161.433038
-0.722930 -15.720099 161.433038
-0.722930 -15.720099 161.433038
-0.722930 -15.720099 161.433038
-0.722930 -15.720099 161.433038
-0.722930 -15.720099 161.433038
-0.722930 -15.720099 161.433038
-0.814756 -15.849606 162.105306
-0.814756 -15.849606 162.105306
-0.814756 -15.849606 162.105306
-0.814756 -15.849606 162.105306
-0.814756 -15.849606 162.105306
-0.814756 -15.849606 162.105306
-0.814756 -15.849606 162.105306
-0.814756 -15.849606 162.105306
-0.907848 -15.941216 162.618635
-0.907848 -15.941216 162.618635
-0.907848 -15.941216 162.618635
-0.907848 -15.941216 162.618635
-0.907848 -15.941216 162.618635
-0.907848 -15.941216 162.618635
-0.907848 -15.941216 162.618635
-0.907848 -15.941216 162.618635
-0.997897 -15.998753 163.027204
-0.997897 -15.998753 163.027204
-0.997897 -15.998753 163.027204
-0.997897 -15.998753 163.027204
-0.997897 -15.998753 163.027204
-0.997897 -15.998753 163.027204
-0.997897 -15.998753 163.027204
-0.997897 -15.998753 163.027204
-1.074617 -16.050786 163.363345
-1.074617 -16.050786 163.363345
-1.074617 -16.050786 163.363345
-1.074617 -16.050786 163.363345
-1.074617 -16.050786 163.363345
-1.074617 -16.050786 163.363345
-1.074617 -16.050786 163.363345
-1.074617 -16.050786 163.363345
-1.130288 -16.061005 163.632017
-1.130288 -16.061005 163.632017
-1.130288 -16.061005 163.632017
-1.130288 -16.061005 163.632017
-1.130288 -16.061005 163.632017
-1.130288 -16.061005 163.632017
-1.130288 -16.061005 163.632017
-1.130288 -16.061005 163.632017
-1.191020 -16.069729 163.839190
-1.191020 -16.069729 163.839190
-1.191020 -16.069729 163.839190
-1.191020 -16.069729 163.839190
-1.191020 -16.069729 163.839190
-1.191020 -16.069729 163.839190
-1.191020 -16.069729 163.839190
-16.099043 -9.209843 173.124409
-16.099043 -9.209843 173.124409
-16.099043 -9.209843 173.124409
-16.099043 -9.209843 173.124409
-16.099043 -9.209843 173.124409
-16.099043 -9.209843 173.124409
-16.099043 -9.209843 173.124409
-16.099043 -9.209843 173.124409
-16.099043 -9.209843 173.124409
-1.547196 1.453573 151.831144
-1.547196 1.453573 151.831144
-1.547196 1.453573 151.831144
-1.547196 1.453573 151.831144
-1.547196 1.453573 151.831144
-1.547196 1.453573 151.831144
-1.547196 1.453573 151.831144
1.977335 -0.633660 160.480581
1.977335 -0.633660 160.480581
1.977335 -0.633660 160.480581
1.977335 -0.633660 160.480581
1.977335 -0.633660 160.480581
1.977335 -0.633660 160.480581
1.977335 -0.633660 160.480581
1.977335 -0.633660 160.480581
3.100720 0.368783 149.319260
3.100720 0.368783 149.319260
3.100720 0.368783 149.319260
3.100720 0.368783 149.319260
3.100720 0.368783 149.319260
3.100720 0.368783 149.319260
3.100720 0.368783 149.319260
3.100720 0.368783 149.319260
7.817006 8.876572 140.421695
7.817006 8.876572 140.421695
7.817006 8.876572 140.421695
7.817006 8.876572 140.421695
7.817006 8.876572 140.421695
7.817006 8.876572 140.421695
7.817006 8.876572 140.421695
7.263163 16.565147 133.517494
7.263163 16.565147 133.517494
7.263163 16.565147 133.517494
7.263163 16.565147 133.517494
7.263163 16.565147 133.517494
7.263163 16.565147 133.517494
7.263163 16.565147 133.517494
7.263163 16.565147 133.517494
7.263163 16.565147 133.517494
1.807656 13.739866 130.666683
1.807656 13.739866 130.666683
1.807656 13.739866 130.666683
1.807656 13.739866 130.666683
1.807656 13.739866 130.666683
1.807656 13.739866 130.666683
1.807656 13.739866 130.666683
-6.966191 10.917804 127.990300
-6.966191 10.917804 127.990300
-6.966191 10.917804 127.990300
-6.966191 10.917804 127.990300
-6.966191 10.917804 127.990300
-6.966191 10.917804 127.990300
-6.966191 10.917804 127.990300
-6.966191 10.917804 127.990300
-10.161670 11.705343 126.135030
-10.161670 11.705343 126.135030
-10.161670 11.705343 126.135030
-10.161670 11.705343 126.135030
-10.161670 11.705343 126.135030
-10.161670 11.705343 126.135030
-10.161670 11.705343 126.135030
-7.208737 15.576236 125.890659
-7.208737 15.576236 125.890659
-7.208737 15.576236 125.890659
-7.208737 15.576236 125.890659
-7.208737 15.576236 125.890659
-7.208737 15.576236 125.890659
-7.208737 15.576236 125.890659
-7.208737 15.576236 125.890659
-5.116213 15.930194 124.689393
-5.116213 15.930194 124.689393
-5.116213 15.930194 124.689393
-5.116213 15.930194 124.689393
-5.116213 15.930194 124.689393
-5.116213 15.930194 124.689393
-5.116213 15.930194 124.689393
-5.116213 15.930194 124.689393
-5.116213 15.930194 124.689393
-4.213985 14.518600 124.530850
-4.213985 14.518600 124.530850
-4.213985 14.518600 124.530850
-4.213985 14.518600 124.530850
-4.213985 14.518600 124.530850
-4.213985 14.518600 124.530850
-4.213985 14.518600 124.530850
-4.213985 14.518600 124.530850
-3.509843 13.905073 124.142418
-3.509843 13.905073 124.142418
-3.509843 13.905073 124.142418
-3.509843 13.905073 124.142418
-3.509843 13.905073 124.142418
-3.509843 13.905073 124.142418
-3.509843 13.905073 124.142418
-3.509843 13.905073 124.142418
-3.735525 13.387575 123.706693
-3.735525 13.387575 123.706693
-3.735525 13.387575 123.706693
-3.735525 13.387575 123.706693
-3.735525 13.387575 123.706693
-3.735525 13.387575 123.706693
-3.735525 13.387575 123.706693
-3.735525 13.387575 123.706693
-3.419237 13.211165 123.079025
-3.419237 13.211165 123.079025
-3.419237 13.211165 123.079025
-3.419237 13.211165 123.079025
-3.419237 13.211165 123.079025
-3.419237 13.211165 123.079025
-3.419237 13.211165 123.079025
-3.426999 13.404714 122.590599
-3.426999 13.404714 122.590599
-3.426999 13.404714 122.590599
-3.426999 13.404714 122.590599
-3.426999 13.404714 122.590599
-3.426999 13.404714 122.590599
-3.426999 13.404714 122.590599
-3.426999 13.404714 122.590599
-3.278398 13.483592 122.724539
-3.278398 13.483592 122.724539
-3.278398 13.483592 122.724539
-3.278398 13.483592 122.724539
-3.278398 13.483592 122.724539
-3.278398 13.483592 122.724539
-3.278398 13.483592 122.724539
-3.278398 13.483592 122.724539
0.836296 -5.264536 120.825828
0.836296 -5.264536 120.825828
0.836296 -5.264536 120.825828
0.836296 -5.264536 120.825828
0.836296 -5.264536 120.825828
0.836296 -5.264536 120.825828
0.836296 -5.264536 120.825828
0.836296 -5.264536 120.825828
0.105753 -14.399154 123.672924
0.105753 -14.399154 123.672924
0.105753 -14.399154 123.672924
0.105753 -14.399154 123.672924
0.105753 -14.399154 123.672924
0.105753 -14.399154 123.672924
0.105753 -14.399154 123.672924
0.105753 -14.399154 123.672924
0.945103 -16.241244 126.207689
0.945103 -16.241244 126.207689
0.945103 -16.241244 126.207689
0.945103 -16.241244 126.207689
0.945103 -16.241244 126.207689
0.945103 -16.241244 126.207689
0.945103 -16.241244 126.207689
0.945103 -16.241244 126.207689
0.751018 -17.207577 127.458215
0.751018 -17.207577 127.458215
0.751018 -17.207577 127.458215
0.751018 -17.207577 127.458215
0.751018 -17.207577 127.458215
0.751018 -17.207577 127.458215
0.751018 -17.207577 127.458215
0.751018 -17.207577 127.458215
0.742035 -18.824734 126.777546
0.742035 -18.824734 126.777546
0.742035 -18.824734 126.777546
0.742035 -18.824734 126.777546
0.742035 -18.824734 126.777546
0.742035 -18.824734 126.777546
0.742035 -18.824734 126.777546
0.742035 -18.824734 126.777546
1.416063 -16.739554 128.078082
1.416063 -16.739554 128.078082
1.416063 -16.739554 128.078082
1.416063 -16.739554 128.078082
1.416063 -16.739554 128.078082
1.416063 -16.739554 128.078082
1.416063 -16.739554 128.078082
1.416063 -16.739554 128.078082
1.416063 -16.739554 128.078082
1.416063 -16.739554 128.078082
1.416063 -16.739554 128.078082
1.416063 -16.739554 128.078082
1.416063 -16.739554 128.078082
1.416063 -16.739554 128.078082
1.083074 -15.027331 129.579030
1.083074 -15.027331 129.579030
1.083074 -15.027331 129.579030
1.083074 -15.027331 129.579030
1.083074 -15.027331 129.579030
1.083074 -15.027331 129.579030
1.083074 -15.027331 129.579030
1.083074 -15.027331 129.579030
1.649541 -5.665085 130.254740
1.649541 -5.665085 130.254740
1.649541 -5.665085 130.254740
1.649541 -5.665085 130.254740
1.649541 -5.665085 130.254740
1.649541 -5.665085 130.254740
1.649541 -5.665085 130.254740
1.649541 -5.665085 130.254740
2.951547 11.121343 131.097790
2.951547 11.121343 131.097790
2.951547 11.121343 131.097790
2.951547 11.121343 131.097790
2.951547 11.121343 131.097790
2.951547 11.121343 131.097790
2.951547 11.121343 131.097790
3.823729 15.874876 134.089673
3.823729 15.874876 134.089673
3.823729 15.874876 134.089673
3.823729 15.874876 134.089673
3.823729 15.874876 134.089673
3.823729 15.874876 134.089673
3.823729 15.874876 134.089673
-0.836069 15.803357 140.485913
-0.836069 15.803357 140.485913
-0.836069 15.803357 140.485913
-0.836069 15.803357 140.485913
-0.836069 15.803357 140.485913
-0.836069 15.803357 140.485913
-0.836069 15.803357 140.485913
-11.461740 9.351118 144.773264
-11.461740 9.351118 144.773264
-11.461740 9.351118 144.773264
-11.461740 9.351118 144.773264
-11.461740 9.351118 144.773264
-11.461740 9.351118 144.773264
-11.461740 9.351118 144.773264
-11.461740 9.351118 144.773264
-11.908473 9.051558 145.823514
-11.908473 9.051558 145.823514
-11.908473 9.051558 145.823514
-11.908473 9.051558 145.823514
-11.908473 9.051558 145.823514
-11.908473 9.051558 145.823514
-11.908473 9.051558 145.823514
-6.545375 9.005106 145.329992
-6.545375 9.005106 145.329992
-6.545375 9.005106 145.329992
-6.545375 9.005106 145.329992
-6.545375 9.005106 145.329992
-6.545375 9.005106 145.329992
-6.545375 9.005106 145.329992
-6.545375 9.005106 145.329992
-4.626236 9.314681 146.202795
-4.626236 9.314681 146.202795
-4.626236 9.314681 146.202795
-4.626236 9.314681 146.202795
-4.626236 9.314681 146.202795
-4.626236 9.314681 146.202795
-4.626236 9.314681 146.202795
-4.249920 9.276036 146.673627
-4.249920 9.276036 146.673627
-4.249920 9.276036 146.673627
-4.249920 9.276036 146.673627
-4.249920 9.276036 146.673627
-4.249920 9.276036 146.673627
-4.249920 9.276036 146.673627
-4.249920 9.276036 146.673627
-3.812742 10.160345 147.809460
-3.812742 10.160345 147.809460
-3.812742 10.160345 147.809460
-3.812742 10.160345 147.809460
-3.812742 10.160345 147.809460
-3.812742 10.160345 147.809460
-3.812742 10.160345 147.809460
-3.812742 10.160345 147.809460
-3.399830 11.119632 147.768643
-3.399830 11.119632 147.768643
-3.399830 11.119632 147.768643
-3.399830 11.119632 147.768643
-3.399830 11.119632 147.768643
-3.399830 11.119632 147.768643
-3.399830 11.119632 147.768643
-3.399830 11.119632 147.768643
-3.075913 11.462711 148.325372
-3.075913 11.462711 148.325372
-3.075913 11.462711 148.325372
-3.075913 11.462711 148.325372
-3.075913 11.462711 148.325372
-3.075913 11.462711 148.325372
-3.075913 11.462711 148.325372
-3.411857 11.959224 148.590848
-3.411857 11.959224 148.590848
-3.411857 11.959224 148.590848
-3.411857 11.959224 148.590848
-3.411857 11.959224 148.590848
-3.411857 11.959224 148.590848
-3.411857 11.959224 148.590848
-3.740009 11.640260 148.677946
-3.740009 11.640260 148.677946
-3.740009 11.640260 148.677946
-3.740009 11.640260 148.677946
-3.740009 11.640260 148.677946
-3.740009 11.640260 148.677946
-3.740009 11.640260 148.677946
-3.740009 11.640260 148.677946
-6.518207 5.541490 147.200276
-6.518207 5.541490 147.200276
-6.518207 5.541490 147.200276
-6.518207 5.541490 147.200276
-6.518207 5.541490 147.200276
-6.518207 5.541490 147.200276
-6.518207 5.541490 147.200276
-6.274916 -2.957550 133.190069
-6.274916 -2.957550 133.190069
-6.274916 -2.957550 133.190069
-6.274916 -2.957550 133.190069
-6.274916 -2.957550 133.190069
-6.274916 -2.957550 133.190069
-6.