0.000005 0.000149
0.000006 0.000415
0.000186 0.000540
0.000230 0.000786
0.000375 0.000920
0.000694 0.001108
0.000919 0.001059
0.001313 0.001090
0.001513 0.001260
0.001607 0.001496
0.001505 0.001487
0.001371 0.001501
0.001225 0.001380
0.001133 0.001386
0.000992 0.001297
0.000830 0.001371
0.000651 0.001350
0.000595 0.001350
0.069159 -0.212990
0.137751 -0.427453
0.206313 -0.641810
0.274885 -0.856081
0.343415 -1.070369
0.411948 -1.284665
0.480511 -1.498887
0.549011 -1.713206
0.538348 -1.707974
0.522964 -1.700461
0.507532 -1.692885
0.492009 -1.685353
0.476487 -1.677773
0.460980 -1.670157
0.445691 -1.662727
0.724838 -1.537823
0.399445 -1.351384
-0.123298 -1.220225
-0.646041 -1.089066
-1.168784 -0.957907
-1.691527 -0.826748
-2.214270 -0.695589
-2.737013 -0.564430
-2.983722 -0.777148
-3.225162 -0.990243
-3.499949 -1.200042
-3.706511 -1.972890
-3.937187 -2.596006
-4.132400 -2.951368
-4.409398 -3.528235
-4.711579 -3.959867
-6.167932 -4.063859
-8.562495 -4.540590
-10.133941 -4.301752
-15.155668 -5.853767
-15.852665 -5.794476
-16.120905 -5.775329
-17.386611 -5.811470
-19.288924 -5.733660
-19.655124 -5.991878
-19.645426 -6.035382
-19.566775 -6.260376
-19.372426 -6.286003
-19.227795 -6.246286
-18.941179 -6.454331
-18.564806 -6.696254
-18.623155 -6.679001
-19.741141 -7.277877
-20.616367 -7.602009
-21.195345 -8.157231
-21.623481 -8.914682
-22.381324 -9.589450
-25.736970 -8.920678
-26.213011 -9.816502
-27.373422 -10.305677
-26.900531 -11.076965
-26.417342 -12.251738
-26.131605 -13.383407
-26.267362 -14.939807
-25.782105 -16.083688
-25.419218 -17.326001
-25.130529 -18.512431
-24.829215 -19.835585
-23.923302 -20.425303
-22.942143 -21.190658
-21.907933 -21.955813
-20.845044 -22.836993
-19.794643 -23.680013
-18.709149 -24.511147
-18.129341 -24.623109
-17.422208 -24.774785
-16.022877 -24.973064
-14.990661 -24.620503
-13.828970 -25.456302
-12.717654 -25.417224
-11.849539 -25.081159
-11.212325 -24.529142
-11.590579 -23.791937
-11.987237 -23.270814
-12.276346 -22.904730
-12.531372 -22.287132
-13.288765 -22.209505
-14.540105 -21.986389
-15.259700 -23.009333
-15.709387 -24.280379
-15.891537 -24.451569
-17.113465 -24.258525
-17.058377 -25.510896
-16.920019 -26.229455
-17.100366 -27.271051
-17.154177 -28.160218
-17.518381 -27.046403
-17.676601 -27.300954
-17.905322 -27.070141
-18.179622 -26.437160
-18.451276 -25.937963
-18.729214 -25.981456
-18.950228 -25.925402
-19.072639 -25.915571
-18.848791 -27.216962
-18.923772 -28.422525
-18.947227 -29.068579
-18.908455 -29.569643
-18.836952 -30.083273
-18.148366 -30.926785
-17.670440 -31.714206
-17.374275 -32.097096
-16.888849 -32.137781
-16.293705 -32.229906
-15.629849 -32.505692
-15.143009 -32.775842
-14.399790 -32.580796
-14.623491 -32.979690
-14.548692 -33.255263
-14.225273 -34.152470
-13.630457 -34.281806
-12.965066 -34.428917
-12.515394 -35.350458
-12.416835 -36.188946
-12.234562 -36.374422
-12.417239 -35.801128
-12.961261 -35.197086
-13.554966 -35.587228
-13.588908 -35.662719
-13.395734 -35.787065
-13.383513 -34.771130
-13.129626 -34.761135
-12.922915 -35.139753
-13.980326 -34.569071
-13.740020 -34.678165
-14.239833 -33.979871
-14.112450 -33.888276
-14.032684 -33.746948
-14.629798 -33.879283
-14.710784 -33.906004
-14.603822 -33.472674
-14.920598 -32.566130
-15.509326 -32.344926
-16.133793 -31.714871
-16.173812 -30.780860
-16.456176 -29.946741
-17.012564 -29.374657
-17.342665 -28.852511
-17.012895 -28.926533
-16.628475 -29.186092
-16.851770 -29.176434
-16.681573 -29.797001
-16.916052 -29.184205
-16.194634 -29.372607
-16.623190 -29.003489
-16.858112 -28.463185
-16.889765 -28.197693
-17.411064 -27.307500
-17.877504 -26.735506
-18.171741 -26.153137
-18.868121 -25.840940
-18.298356 -25.513129
-18.152051 -25.359129
-17.690323 -25.131373
-17.427449 -25.412522
-16.985366 -24.934840
-16.542881 -24.519106
-16.188866 -24.121179
-16.027260 -23.778291
-16.168939 -23.752217
-16.079231 -23.369058
-16.193312 -22.719100
-16.599102 -22.302782
-16.912085 -22.034744
-16.969338 -21.672718
-16.908134 -21.621948
-17.474040 -21.632536
-17.934208 -21.489064
-17.619875 -20.897740
-17.198626 -20.573347
-16.791058 -20.708250
-16.597515 -20.900206
-16.395987 -21.171884
-16.080716 -21.192748
-16.171843 -21.081847
-16.142350 -21.141018
-15.984195 -21.293620
-16.143156 -21.634286
-16.174066 -21.759981
-16.161150 -21.867399
-16.176643 -21.825997
-16.136022 -21.886191
-16.188134 -22.162812
-16.281262 -22.977456
-16.253364 -23.449536
-16.113157 -23.690988
-16.177452 -23.760539
-16.163412 -23.836594
-15.937882 -23.760282
-15.675082 -23.468091
-15.464808 -23.315332
-15.450348 -23.253250
-15.552941 -23.213156
-15.511187 -23.155209
-15.388571 -23.061191
-15.323200 -23.044159
-15.417442 -23.300165
-15.448442 -23.329442
-15.383405 -23.430503
-15.311490 -23.642356
-15.243746 -23.799032
-15.062446 -24.147141
-15.000952 -24.399144
-14.939393 -25.403431
-14.926194 -25.918328
-14.915053 -26.832053
-14.803013 -27.668554
-14.605518 -28.342449
-14.296677 -29.129870
-13.980851 -29.968567
-13.693211 -30.851301
-13.295822 -31.722610
-12.873041 -32.555975
-12.357037 -33.368410
-12.027092 -33.932746
-11.770506 -34.665628
-11.456435 -35.455771
-11.312676 -36.088817
-11.456602 -36.527909
-11.714361 -37.310267
-11.845486 -38.208835
-11.968331 -39.056614
-12.293528 -39.953420
-12.616270 -40.858855
-12.735993 -41.321265
-12.953556 -42.511488
-13.063995 -43.236366
-13.151289 -43.997830
-13.329884 -44.726759
-13.644674 -45.680481
-13.895605 -46.968568
-13.733116 -47.770653
-13.583633 -48.353345
-13.559710 -49.048335
-13.763213 -49.719245
-13.859222 -50.141814
-13.872514 -50.763268
-13.903051 -50.779807
-14.155554 -50.928565
-14.430656 -50.818665
-14.537512 -50.797226
-14.669614 -50.847153
-14.935046 -50.880683
-15.057553 -51.032692
-15.315057 -51.108170
-15.414322 -51.180586
-15.317043 -51.252469
-15.190643 -51.264551
-15.095344 -51.127740
-15.035700 -51.060613
-15.054485 -51.046301
-15.127429 -51.020381
-14.999973 -50.977475
-14.814981 -51.064854
-14.701396 -50.976212
-14.583632 -50.830309
-14.558223 -50.563615
-14.545636 -50.393417
-14.461294 -50.218991
-14.318252 -49.953276
-14.363819 -49.801639
-14.846706 -49.677198
-14.827134 -49.208592
-14.707098 -48.293424
-14.739899 -48.150430
-14.678421 -47.832703
-14.593454 -47.377290
-14.553689 -47.211671
-14.638837 -46.719601
-14.679803 -46.583521
-14.814140 -46.583152
-15.048450 -46.285139
-14.841578 -45.592344
-14.804003 -45.333739
-14.996190 -44.785321
-14.950073 -43.479655
-14.884795 -43.001925
-14.939948 -42.484722
-14.837158 -41.765628
-14.688900 -41.104860
-14.715254 -40.288321
-14.777528 -39.306677
-14.855809 -38.321997
-14.830960 -38.122818
-14.745905 -37.290570
-14.684084 -36.489734
-14.676871 -35.586928
-14.667721 -34.906363
-14.523401 -34.219207
-14.333423 -33.145135
-14.263697 -32.226466
-14.282551 -31.334397
-14.175678 -30.217726
-14.053791 -29.654593
-13.724373 -28.887842
-13.653012 -28.744243
-13.638153 -28.423984
-13.482917 -28.052565
-13.055961 -27.191440
-12.699769 -26.455491
-12.246285 -25.875213
-11.801875 -25.602793
-11.012083 -25.168273
-10.631925 -24.822520
-10.397395 -24.571973
-10.383906 -24.659219
-10.413852 -24.850811
-10.690210 -24.797150
-10.921467 -24.987421
-11.045929 -25.322053
-11.138049 -26.344381
-11.172878 -26.908809
-11.111578 -27.243742
-11.467408 -27.622785
-11.777742 -27.969373
-12.463439 -28.636513
-12.672154 -28.490562
-12.023197 -29.036195
-11.681771 -29.111430
-11.562680 -28.966480
-11.026123 -29.144449
-11.023796 -29.937603
-11.857696 -30.680997
-12.354485 -30.799771
-11.789215 -30.853419
-11.660147 -30.857491
-12.564867 -31.092049
-13.238353 -31.414719
-12.580791 -31.021029
-12.060008 -30.761398
-11.821353 -30.712644
-11.982834 -31.061481
-12.305315 -31.008064
-12.836159 -31.520352
-12.967535 -31.557105
-13.388863 -32.711289
-13.175268 -33.683036
-12.675561 -35.053489
-13.314231 -35.120055
-13.908351 -35.508084
-14.196019 -35.229759
-14.495226 -34.950953
-14.792943 -34.622907
-15.080422 -34.324587
-15.354859 -33.845504
-15.696330 -33.615520
-16.628534 -33.594498
-17.834445 -34.020741
-17.982917 -33.702038
-17.877893 -33.181403
-17.733771 -32.666689
-17.516611 -32.537641
-17.396338 -32.073425
-17.240215 -31.906401
-16.770213 -32.112816
-16.568688 -32.519179
-16.307290 -32.618091
-16.0460