-3.334557 -17.360082 11.684600
-3.334557 -17.360082 11.684600
-3.334557 -17.360082 11.684600
-3.334557 -17.360082 11.684600
-3.334557 -17.360082 11.684600
-3.403672 -17.763089 11.525777
-3.403672 -17.763089 11.525777
-3.403672 -17.763089 11.525777
-3.403672 -17.763089 11.525777
-3.403672 -17.763089 11.525777
-3.403672 -17.763089 11.525777
-3.403672 -17.763089 11.525777
-3.403672 -17.763089 11.525777
-3.403672 -17.763089 11.525777
-3.403672 -17.763089 11.525777
-3.403672 -17.763089 11.525777
-3.434993 -18.018433 11.389423
-3.434993 -18.018433 11.389423
-3.434993 -18.018433 11.389423
-3.434993 -18.018433 11.389423
-3.434993 -18.018433 11.389423
-3.434993 -18.018433 11.389423
-3.434993 -18.018433 11.389423
-3.434993 -18.018433 11.389423
-3.434993 -18.018433 11.389423
-3.434993 -18.018433 11.389423
-3.450394 -18.163085 11.278690
-3.450394 -18.163085 11.278690
-3.450394 -18.163085 11.278690
-3.450394 -18.163085 11.278690
-3.450394 -18.163085 11.278690
-3.450394 -18.163085 11.278690
-3.450394 -18.163085 11.278690
-3.450394 -18.163085 11.278690
-3.450394 -18.163085 11.278690
-3.450394 -18.163085 11.278690
-3.450394 -18.163085 11.278690
-3.451722 -18.268014 11.189566
-3.451722 -18.268014 11.189566
-3.451722 -18.268014 11.189566
-3.451722 -18.268014 11.189566
-3.451722 -18.268014 11.189566
-3.451722 -18.268014 11.189566
-3.451722 -18.268014 11.189566
-3.451722 -18.268014 11.189566
-3.454085 -18.349295 11.101862
-3.454085 -18.349295 11.101862
-3.454085 -18.349295 11.101862
-3.454085 -18.349295 11.101862
-3.454085 -18.349295 11.101862
-3.454085 -18.349295 11.101862
-3.454085 -18.349295 11.101862
-3.454085 -18.349295 11.101862
-3.454085 -18.349295 11.101862
-3.454085 -18.349295 11.101862
-3.454085 -18.349295 11.101862
-3.457371 -18.396860 11.034721
-3.457371 -18.396860 11.034721
-3.457371 -18.396860 11.034721
-3.457371 -18.396860 11.034721
-3.457371 -18.396860 11.034721
-3.457371 -18.396860 11.034721
-3.457371 -18.396860 11.034721
-3.457371 -18.396860 11.034721
-3.457371 -18.396860 11.034721
-3.457371 -18.396860 11.034721
-3.457371 -18.396860 11.034721
-3.443197 -18.421876 10.988961
-3.443197 -18.421876 10.988961
-3.443197 -18.421876 10.988961
-3.443197 -18.421876 10.988961
-3.443197 -18.421876 10.988961
-3.443197 -18.421876 10.988961
-3.443197 -18.421876 10.988961
-3.443197 -18.421876 10.988961
-3.443197 -18.421876 10.988961
-3.443197 -18.421876 10.988961
-3.417404 -18.440292 10.934195
-3.417404 -18.440292 10.934195
-3.417404 -18.440292 10.934195
-3.417404 -18.440292 10.934195
-3.417404 -18.440292 10.934195
-3.417404 -18.440292 10.934195
-3.417404 -18.440292 10.934195
-3.417404 -18.440292 10.934195
-3.417404 -18.440292 10.934195
-3.415596 -18.454123 10.906611
-3.415596 -18.454123 10.906611
-3.415596 -18.454123 10.906611
-3.415596 -18.454123 10.906611
-3.415596 -18.454123 10.906611
-3.415596 -18.454123 10.906611
-3.415596 -18.454123 10.906611
-3.415596 -18.454123 10.906611
-3.415596 -18.454123 10.906611
-3.415596 -18.454123 10.906611
-3.408297 -18.469117 10.884706
-3.408297 -18.469117 10.884706
-3.408297 -18.469117 10.884706
-3.408297 -18.469117 10.884706
-3.408297 -18.469117 10.884706
-3.408297 -18.469117 10.884706
-3.408297 -18.469117 10.884706
-3.408297 -18.469117 10.884706
-3.408297 -18.469117 10.884706
-3.408297 -18.469117 10.884706
-3.405054 -18.472486 10.866343
-3.405054 -18.472486 10.866343
-3.405054 -18.472486 10.866343
-3.405054 -18.472486 10.866343
-3.405054 -18.472486 10.866343
-3.405054 -18.472486 10.866343
-3.405054 -18.472486 10.866343
-3.405054 -18.472486 10.866343
-3.405054 -18.472486 10.866343
-3.405054 -18.472486 10.866343
-3.405054 -18.472486 10.866343
-3.395169 -18.470807 10.857273
-3.395169 -18.470807 10.857273
-3.395169 -18.470807 10.857273
-3.395169 -18.470807 10.857273
-3.395169 -18.470807 10.857273
-3.395169 -18.470807 10.857273
-3.395169 -18.470807 10.857273
-3.395169 -18.470807 10.857273
-3.395169 -18.470807 10.857273
-3.395169 -18.470807 10.857273
-3.384280 -18.462372 10.853486
-3.384280 -18.462372 10.853486
-3.384280 -18.462372 10.853486
-3.384280 -18.462372 10.853486
-3.384280 -18.462372 10.853486
-3.384280 -18.462372 10.853486
-3.384280 -18.462372 10.853486
-3.384280 -18.462372 10.853486
-3.384280 -18.462372 10.853486
-3.384280 -18.462372 10.853486
-3.384280 -18.462372 10.853486
-3.384280 -18.462372 10.853486
-3.384280 -18.462372 10.853486
-3.384280 -18.462372 10.853486
-3.384280 -18.462372 10.853486
-3.384280 -18.462372 10.853486
-3.384280 -18.462372 10.853486
-3.384280 -18.462372 10.853486
-3.384280 -18.462372 10.853486
-3.384280 -18.462372 10.853486
-3.373462 -18.477530 10.849349
-3.373462 -18.477530 10.849349
-3.373462 -18.477530 10.849349
-3.373462 -18.477530 10.849349
-3.373462 -18.477530 10.849349
-3.373462 -18.477530 10.849349
-3.373462 -18.477530 10.849349
-3.373462 -18.477530 10.849349
-3.373462 -18.477530 10.849349
-3.378652 -18.479963 10.843460
-3.378652 -18.479963 10.843460
-3.378652 -18.479963 10.843460
-3.378652 -18.479963 10.843460
-3.378652 -18.479963 10.843460
-3.378652 -18.479963 10.843460
-3.378652 -18.479963 10.843460
-3.378652 -18.479963 10.843460
-3.378652 -18.479963 10.843460
-3.372234 -18.476319 10.829495
-3.372234 -18.476319 10.829495
-3.372234 -18.476319 10.829495
-3.372234 -18.476319 10.829495
-3.372234 -18.476319 10.829495
-3.372234 -18.476319 10.829495
-3.372234 -18.476319 10.829495
-3.372234 -18.476319 10.829495
-3.372234 -18.476319 10.829495
-3.372234 -18.476319 10.829495
-3.355966 -18.471191 10.808797
-3.355966 -18.471191 10.808797
-3.355966 -18.471191 10.808797
-3.355966 -18.471191 10.808797
-3.355966 -18.471191 10.808797
-3.355966 -18.471191 10.808797
-3.355966 -18.471191 10.808797
-3.355966 -18.471191 10.808797
-3.355966 -18.471191 10.808797
-3.355966 -18.471191 10.808797
5.279988 -2.718104 14.124934
5.279988 -2.718104 14.124934
5.279988 -2.718104 14.124934
5.279988 -2.718104 14.124934
5.279988 -2.718104 14.124934
5.279988 -2.718104 14.124934
5.279988 -2.718104 14.124934
5.279988 -2.718104 14.124934
6.419866 31.732099 16.980137
6.419866 31.732099 16.980137
6.419866 31.732099 16.980137
6.419866 31.732099 16.980137
6.419866 31.732099 16.980137
6.419866 31.732099 16.980137
6.419866 31.732099 16.980137
6.419866 31.732099 16.980137
6.419866 31.732099 16.980137
9.467488 38.259800 16.374933
9.467488 38.259800 16.374933
9.467488 38.259800 16.374933
9.467488 38.259800 16.374933
9.467488 38.259800 16.374933
9.467488 38.259800 16.374933
9.467488 38.259800 16.374933
9.467488 38.259800 16.374933
9.467488 38.259800 16.374933
9.467488 38.259800 16.374933
6.957488 42.337016 12.699241
6.957488 42.337016 12.699241
6.957488 42.337016 12.699241
6.957488 42.337016 12.699241
6.957488 42.337016 12.699241
6.957488 42.337016 12.699241
6.957488 42.337016 12.699241
6.957488 42.337016 12.699241
7.400153 42.400643 10.163728
7.400153 42.400643 10.163728
7.400153 42.400643 10.163728
7.400153 42.400643 10.163728
7.400153 42.400643 10.163728
7.400153 42.400643 10.163728
7.400153 42.400643 10.163728
7.400153 42.400643 10.163728
7.400153 42.400643 10.163728
7.400153 42.400643 10.163728
7.250381 43.730942 8.594324
7.250381 43.730942 8.594324
7.250381 43.730942 8.594324
7.250381 43.730942 8.594324
7.250381 43.730942 8.594324
7.250381 43.730942 8.594324
7.250381 43.730942 8.594324
7.250381 43.730942 8.594324
7.250381 43.730942 8.594324
7.366679 44.717624 7.561480
7.366679 44.717624 7.561480
7.366679 44.717624 7.561480
7.366679 44.717624 7.561480
7.366679 44.717624 7.561480
7.366679 44.717624 7.561480
7.366679 44.717624 7.561480
7.366679 44.717624 7.561480
7.366679 44.717624 7.561480
7.366679 44.717624 7.561480
7.413767 44.937966 6.355589
7.413767 44.937966 6.355589
7.413767 44.937966 6.355589
7.413767 44.937966 6.355589
7.413767 44.937966 6.355589
7.413767 44.937966 6.355589
7.413767 44.937966 6.355589
7.413767 44.937966 6.355589
7.413767 44.937966 6.355589
7.244919 45.826680 5.609992
7.244919 45.826680 5.609992
7.244919 45.826680 5.609992
7.244919 45.826680 5.609992
7.244919 45.826680 5.609992
7.244919 45.826680 5.609992
7.244919 45.826680 5.609992
7.244919 45.826680 5.609992
7.244919 45.826680 5.609992
7.244919 45.826680 5.609992
6.983626 46.173482 4.957266
6.983626 46.173482 4.957266
6.983626 46.173482 4.957266
6.983626 46.173482 4.957266
6.983626 46.173482 4.957266
6.983626 46.173482 4.957266
6.983626 46.173482 4.957266
6.983626 46.173482 4.957266
6.789213 46.398985 4.224235
6.789213 46.398985 4.224235
6.789213 46.398985 4.224235
6.789213 46.398985 4.224235
6.789213 46.398985 4.224235
6.789213 46.398985 4.224235
6.789213 46.398985 4.224235
6.789213 46.398985 4.224235
6.789213 46.398985 4.224235
6.437181 48.944145 -0.893694
6.437181 48.944145 -0.893694
6.437181 48.944145 -0.893694
6.437181 48.944145 -0.893694
6.437181 48.944145 -0.893694
6.437181 48.944145 -0.893694
6.437181 48.944145 -0.893694
6.437181 48.944145 -0.893694
6.291187 50.995367 -2.221982
6.291187 50.995367 -2.221982
6.291187 50.995367 -2.221982
6.291187 50.995367 -2.221982
6.291187 50.995367 -2.221982
6.291187 50.995367 -2.221982
6.291187 50.995367 -2.221982
6.291187 50.995367 -2.221982
6.291187 50.995367 -2.221982
5.536575 55.150332 -3.966553
5.536575 55.150332 -3.966553
5.536575 55.150332 -3.966553
5.536575 55.150332 -3.966553
5.536575 55.150332 -3.966553
5.536575 55.150332 -3.966553
5.536575 55.150332 -3.966553
5.536575 55.150332 -3.966553
5.199688 59.368783 -4.768956
5.199688 59.368783 -4.768956
5.199688 59.368783 -4.768956
5.199688 59.368783 -4.768956
5.199688 59.368783 -4.768956
5.199688 59.368783 -4.768956
5.199688 59.368783 -4.768956
5.199688 59.368783 -4.768956
3.540042 60.666615 -6.778140
3.540042 60.666615 -6.778140
3.540042 60.666615 -6.778140
3.540042 60.666615 -6.778140
3.540042 60.666615 -6.778140
3.540042 60.666615 -6.778140
3.540042 60.666615 -6.778140
3.540042 60.666615 -6.778140
1.111350 62.564014 -10.793824
1.111350 62.564014 -10.793824
1.111350 62.564014 -10.793824
1.111350 62.564014 -10.793824
1.111350 62.564014 -10.793824
1.111350 62.564014 -10.793824
1.111350 62.564014 -10.793824
1.111350 62.564014 -10.793824
1.111350 62.564014 -10.793824
4.012085 63.169974 -7.770785
4.012085 63.169974 -7.770785
4.012085 63.169974 -7.770785
4.012085 63.169974 -7.770785
4.012085 63.169974 -7.770785
4.012085 63.169974 -7.770785
4.012085 63.169974 -7.770785
4.012085 63.169974 -7.770785
4.012085 63.169974 -7.770785
7.217417 65.467076 -2.013694
7.217417 65.467076 -2.013694
7.217417 65.467076 -2.013694
7.217417 65.467076 -2.013694
7.217417 65.467076 -2.013694
7.217417 65.467076 -2.013694
7.217417 65.467076 -2.013694
7.217417 65.467076 -2.013694
7.217417 65.467076 -2.013694
7.217417 65.467076 -2.013694
6.738120 66.850921 -1.642315
6.738120 66.850921 -1.642315
6.738120 66.850921 -1.642315
6.738120 66.850921 -1.642315
6.738120 66.850921 -1.642315
6.738120 66.850921 -1.642315
6.738120 66.850921 -1.642315
6.738120 66.850921 -1.642315
6.738120 66.850921 -1.642315
5.870276 70.289627 -2.487562
5.870276 70.289627 -2.487562
5.870276 70.289627 -2.487562
5.870276 70.289627 -2.487562
5.870276 70.289627 -2.487562
5.870276 70.289627 -2.487562
5.870276 70.289627 -2.487562
5.870276 70.289627 -2.487562
5.870276 70.289627 -2.487562
5.942011 68.891139 -3.134945
5.942011 68.891139 -3.134945
5.942011 68.891139 -3.134945
5.942011 68.891139 -3.134945
5.942011 68.891139 -3.134945
5.942011 68.891139 -3.134945
5.942011 68.891139 -3.134945
5.942011 68.891139 -3.134945
4.948909 56.046784 -4.803035
4.948909 56.046784 -4.803035
4.948909 56.046784 -4.803035
4.948909 56.046784 -4.803035
4.948909 56.046784 -4.803035
4.948909 56.046784 -4.803035
4.948909 56.046784 -4.803035
4.948909 56.046784 -4.803035
4.948909 56.046784 -4.803035
4.782355 49.721728 -4.231636
4.782355 49.721728 -4.231636
4.782355 49.721728 -4.231636
4.782355 49.721728 -4.231636
4.782355 49.721728 -4.231636
4.782355 49.721728 -4.231636
4.782355 49.721728 -4.231636
4.782355 49.721728 -4.231636
2.176747 24.435034 -5.333176
2.176747 24.435034 -5.333176
2.176747 24.435034 -5.333176
2.176747 24.435034 -5.333176
2.176747 24.435034 -5.333176
2.176747 24.435034 -5.333176
2.176747 24.435034 -5.333176
2.176747 24.435034 -5.333176
3.920144 0.040761 -15.282871
3.920144 0.040761 -15.282871
3.920144 0.040761 -15.282871
3.920144 0.040761 -15.282871
3.920144 0.040761 -15.282871
3.920144 0.040761 -15.282871
3.920144 0.040761 -15.282871
3.920144 0.04076