0.746285 -1.956834 -37.742761
0.776204 -2.002381 -37.717715
0.776204 -2.002381 -37.717715
0.776204 -2.002381 -37.717715
0.776204 -2.002381 -37.717715
0.776204 -2.002381 -37.717715
0.776204 -2.002381 -37.717715
0.776204 -2.002381 -37.717715
0.776204 -2.002381 -37.717715
0.786569 -2.027630 -37.682352
0.786569 -2.027630 -37.682352
0.786569 -2.027630 -37.682352
0.786569 -2.027630 -37.682352
0.786569 -2.027630 -37.682352
0.786569 -2.027630 -37.682352
0.786569 -2.027630 -37.682352
0.786569 -2.027630 -37.682352
0.786569 -2.027630 -37.682352
0.797750 -2.034915 -37.671031
0.797750 -2.034915 -37.671031
0.797750 -2.034915 -37.671031
0.797750 -2.034915 -37.671031
0.797750 -2.034915 -37.671031
0.797750 -2.034915 -37.671031
0.797750 -2.034915 -37.671031
0.797750 -2.034915 -37.671031
0.802643 -2.042799 -37.691887
0.802643 -2.042799 -37.691887
0.802643 -2.042799 -37.691887
0.802643 -2.042799 -37.691887
0.802643 -2.042799 -37.691887
0.802643 -2.042799 -37.691887
0.802643 -2.042799 -37.691887
0.813046 -2.052836 -37.679903
0.813046 -2.052836 -37.679903
0.813046 -2.052836 -37.679903
0.813046 -2.052836 -37.679903
0.813046 -2.052836 -37.679903
0.813046 -2.052836 -37.679903
0.813046 -2.052836 -37.679903
0.813046 -2.052836 -37.679903
0.819330 -2.058178 -37.697088
0.819330 -2.058178 -37.697088
0.819330 -2.058178 -37.697088
0.819330 -2.058178 -37.697088
0.819330 -2.058178 -37.697088
0.819330 -2.058178 -37.697088
0.819330 -2.058178 -37.697088
0.819330 -2.058178 -37.697088
0.817484 -2.062131 -37.821063
0.817484 -2.062131 -37.821063
0.817484 -2.062131 -37.821063
0.817484 -2.062131 -37.821063
0.817484 -2.062131 -37.821063
0.817484 -2.062131 -37.821063
0.817484 -2.062131 -37.821063
0.817484 -2.062131 -37.821063
0.814520 -2.051675 -37.926094
0.814520 -2.051675 -37.926094
0.814520 -2.051675 -37.926094
0.814520 -2.051675 -37.926094
0.814520 -2.051675 -37.926094
0.814520 -2.051675 -37.926094
0.814520 -2.051675 -37.926094
0.814520 -2.051675 -37.926094
0.820809 -2.055062 -37.958343
0.820809 -2.055062 -37.958343
0.820809 -2.055062 -37.958343
0.820809 -2.055062 -37.958343
0.820809 -2.055062 -37.958343
0.820809 -2.055062 -37.958343
0.820809 -2.055062 -37.958343
0.820809 -2.055062 -37.958343
0.816748 -2.060938 -37.975838
0.816748 -2.060938 -37.975838
0.816748 -2.060938 -37.975838
0.816748 -2.060938 -37.975838
0.816748 -2.060938 -37.975838
0.816748 -2.060938 -37.975838
0.816748 -2.060938 -37.975838
0.816748 -2.060938 -37.975838
0.823181 -2.067053 -37.907342
0.823181 -2.067053 -37.907342
0.823181 -2.067053 -37.907342
0.823181 -2.067053 -37.907342
0.823181 -2.067053 -37.907342
0.823181 -2.067053 -37.907342
0.823181 -2.067053 -37.907342
0.823064 -2.065086 -37.943958
0.823064 -2.065086 -37.943958
0.823064 -2.065086 -37.943958
0.823064 -2.065086 -37.943958
0.823064 -2.065086 -37.943958
0.823064 -2.065086 -37.943958
0.823064 -2.065086 -37.943958
0.823064 -2.065086 -37.943958
0.831354 -2.063584 -37.938108
0.831354 -2.063584 -37.938108
0.831354 -2.063584 -37.938108
0.831354 -2.063584 -37.938108
0.831354 -2.063584 -37.938108
0.831354 -2.063584 -37.938108
0.831354 -2.063584 -37.938108
0.831354 -2.063584 -37.938108
0.833948 -2.066979 -37.912922
0.833948 -2.066979 -37.912922
0.833948 -2.066979 -37.912922
0.833948 -2.066979 -37.912922
0.833948 -2.066979 -37.912922
0.833948 -2.066979 -37.912922
0.833948 -2.066979 -37.912922
0.833948 -2.066979 -37.912922
0.827185 -2.068605 -37.944884
0.827185 -2.068605 -37.944884
0.827185 -2.068605 -37.944884
0.827185 -2.068605 -37.944884
0.827185 -2.068605 -37.944884
0.827185 -2.068605 -37.944884
0.827185 -2.068605 -37.944884
0.817528 -2.073410 -37.990827
0.817528 -2.073410 -37.990827
0.817528 -2.073410 -37.990827
0.817528 -2.073410 -37.990827
0.817528 -2.073410 -37.990827
0.817528 -2.073410 -37.990827
0.821255 -2.081623 -38.010290
0.821255 -2.081623 -38.010290
0.821255 -2.081623 -38.010290
0.821255 -2.081623 -38.010290
0.821255 -2.081623 -38.010290
0.821255 -2.081623 -38.010290
0.821255 -2.081623 -38.010290
0.822532 -2.077154 -37.978690
0.822532 -2.077154 -37.978690
0.822532 -2.077154 -37.978690
0.822532 -2.077154 -37.978690
0.822532 -2.077154 -37.978690
0.822532 -2.077154 -37.978690
0.822532 -2.077154 -37.978690
0.821277 -2.080879 -38.033167
0.821277 -2.080879 -38.033167
0.821277 -2.080879 -38.033167
0.821277 -2.080879 -38.033167
0.821277 -2.080879 -38.033167
0.821277 -2.080879 -38.033167
0.821277 -2.080879 -38.033167
0.826806 -2.068692 -37.991701
0.826806 -2.068692 -37.991701
0.826806 -2.068692 -37.991701
0.826806 -2.068692 -37.991701
0.826806 -2.068692 -37.991701
0.826806 -2.068692 -37.991701
0.826806 -2.068692 -37.991701
0.826806 -2.068692 -37.991701
0.833995 -2.064701 -37.987904
0.833995 -2.064701 -37.987904
0.833995 -2.064701 -37.987904
0.833995 -2.064701 -37.987904
0.833995 -2.064701 -37.987904
0.833995 -2.064701 -37.987904
0.833995 -2.064701 -37.987904
0.829601 -2.065579 -37.988887
0.829601 -2.065579 -37.988887
0.829601 -2.065579 -37.988887
0.829601 -2.065579 -37.988887
0.829601 -2.065579 -37.988887
0.829601 -2.065579 -37.988887
0.829601 -2.065579 -37.988887
0.829601 -2.065579 -37.988887
0.822096 -2.070156 -37.985185
0.822096 -2.070156 -37.985185
0.822096 -2.070156 -37.985185
0.822096 -2.070156 -37.985185
0.822096 -2.070156 -37.985185
0.822096 -2.070156 -37.985185
0.822096 -2.070156 -37.985185
0.822096 -2.070156 -37.985185
0.824533 -2.065590 -37.908735
0.824533 -2.065590 -37.908735
0.824533 -2.065590 -37.908735
0.824533 -2.065590 -37.908735
0.824533 -2.065590 -37.908735
0.824533 -2.065590 -37.908735
0.821546 -2.068752 -37.950590
0.821546 -2.068752 -37.950590
0.821546 -2.068752 -37.950590
0.821546 -2.068752 -37.950590
0.821546 -2.068752 -37.950590
0.821546 -2.068752 -37.950590
0.821546 -2.068752 -37.950590
0.821546 -2.068752 -37.950590
0.818156 -2.075928 -37.927658
0.818156 -2.075928 -37.927658
0.818156 -2.075928 -37.927658
0.818156 -2.075928 -37.927658
0.818156 -2.075928 -37.927658
0.818156 -2.075928 -37.927658
0.818156 -2.075928 -37.927658
0.818156 -2.075928 -37.927658
0.814582 -2.071165 -37.979185
0.814582 -2.071165 -37.979185
0.814582 -2.071165 -37.979185
0.814582 -2.071165 -37.979185
0.814582 -2.071165 -37.979185
0.814582 -2.071165 -37.979185
0.814582 -2.071165 -37.979185
0.822006 -2.071627 -37.968772
0.822006 -2.071627 -37.968772
0.822006 -2.071627 -37.968772
0.822006 -2.071627 -37.968772
0.822006 -2.071627 -37.968772
0.822006 -2.071627 -37.968772
0.822006 -2.071627 -37.968772
0.822006 -2.071627 -37.968772
0.824937 -2.061815 -37.974984
0.824937 -2.061815 -37.974984
0.824937 -2.061815 -37.974984
0.824937 -2.061815 -37.974984
0.824937 -2.061815 -37.974984
0.824937 -2.061815 -37.974984
0.824937 -2.061815 -37.974984
0.823244 -2.059214 -38.018476
0.823244 -2.059214 -38.018476
0.823244 -2.059214 -38.018476
0.823244 -2.059214 -38.018476
0.823244 -2.059214 -38.018476
0.823244 -2.059214 -38.018476
0.823244 -2.059214 -38.018476
0.823244 -2.059214 -38.018476
0.985575 -1.958980 -38.405942
0.985575 -1.958980 -38.405942
0.985575 -1.958980 -38.405942
0.985575 -1.958980 -38.405942
0.985575 -1.958980 -38.405942
0.985575 -1.958980 -38.405942
0.985575 -1.958980 -38.405942
0.716201 -9.602203 -40.193744
0.716201 -9.602203 -40.193744
0.716201 -9.602203 -40.193744
0.716201 -9.602203 -40.193744
0.716201 -9.602203 -40.193744
0.716201 -9.602203 -40.193744
0.716201 -9.602203 -40.193744
0.716201 -9.602203 -40.193744
1.893431 -6.200247 -20.965271
1.893431 -6.200247 -20.965271
1.893431 -6.200247 -20.965271
1.893431 -6.200247 -20.965271
1.893431 -6.200247 -20.965271
1.893431 -6.200247 -20.965271
1.893431 -6.200247 -20.965271
1.893431 -6.200247 -20.965271
3.623231 -7.709559 -3.866654
3.623231 -7.709559 -3.866654
3.623231 -7.709559 -3.866654
3.623231 -7.709559 -3.866654
3.623231 -7.709559 -3.866654
3.623231 -7.709559 -3.866654
3.623231 -7.709559 -3.866654
0.882797 -2.124437 10.313577
0.882797 -2.124437 10.313577
0.882797 -2.124437 10.313577
0.882797 -2.124437 10.313577
0.882797 -2.124437 10.313577
0.882797 -2.124437 10.313577
0.882797 -2.124437 10.313577
0.882797 -2.124437 10.313577
0.175685 3.966537 23.862251
0.175685 3.966537 23.862251
0.175685 3.966537 23.862251
0.175685 3.966537 23.862251
0.175685 3.966537 23.862251
0.175685 3.966537 23.862251
0.175685 3.966537 23.862251
-1.768593 2.091068 39.769200
-1.768593 2.091068 39.769200
-1.768593 2.091068 39.769200
-1.768593 2.091068 39.769200
-1.768593 2.091068 39.769200
-1.768593 2.091068 39.769200
-1.768593 2.091068 39.769200
-1.768593 2.091068 39.769200
0.811178 2.224934 54.454192
0.811178 2.224934 54.454192
0.811178 2.224934 54.454192
0.811178 2.224934 54.454192
0.811178 2.224934 54.454192
0.811178 2.224934 54.454192
0.811178 2.224934 54.454192
0.811178 2.224934 54.454192
-1.269098 4.283137 71.147485
-1.269098 4.283137 71.147485
-1.269098 4.283137 71.147485
-1.269098 4.283137 71.147485
-1.269098 4.283137 71.147485
-1.269098 4.283137 71.147485
-1.269098 4.283137 71.147485
-2.607177 3.779110 85.762505
-2.607177 3.779110 85.762505
-2.607177 3.779110 85.762505
-2.607177 3.779110 85.762505
-2.607177 3.779110 85.762505
-2.607177 3.779110 85.762505
-2.607177 3.779110 85.762505
-2.607177 3.779110 85.762505
-2.972788 -0.755294 98.707859
-2.972788 -0.755294 98.707859
-2.972788 -0.755294 98.707859
-2.972788 -0.755294 98.707859
-2.972788 -0.755294 98.707859
-2.972788 -0.755294 98.707859
-2.972788 -0.755294 98.707859
-2.972788 -0.755294 98.707859
-1.710965 -14.193067 104.749038
-1.710965 -14.193067 104.749038
-1.710965 -14.193067 104.749038
-1.710965 -14.193067 104.749038
-1.710965 -14.193067 104.749038
-1.710965 -14.193067 104.749038
-1.710965 -14.193067 104.749038
-1.710965 -14.193067 104.749038
-0.116747 -21.609387 109.317130
-0.116747 -21.609387 109.317130
-0.116747 -21.609387 109.317130
-0.116747 -21.609387 109.317130
-0.116747 -21.609387 109.317130
-0.116747 -21.609387 109.317130
-0.116747 -21.609387 109.317130
-0.116747 -21.609387 109.317130
0.185072 -23.172692 110.892759
0.185072 -23.172692 110.892759
0.185072 -23.172692 110.892759
0.185072 -23.172692 110.892759
0.185072 -23.172692 110.892759
0.185072 -23.172692 110.892759
0.185072 -23.172692 110.892759
0.185072 -23.172692 110.892759
0.639135 -22.451986 112.391767
0.639135 -22.451986 112.391767
0.639135 -22.451986 112.391767
0.639135 -22.451986 112.391767
0.639135 -22.451986 112.391767
0.639135 -22.451986 112.391767
0.639135 -22.451986 112.391767
0.639135 -22.451986 112.391767
0.433505 -20.908073 113.485301
0.433505 -20.908073 113.485301
0.433505 -20.908073 113.485301
0.433505 -20.908073 113.485301
0.433505 -20.908073 113.485301
0.433505 -20.908073 113.485301
0.433505 -20.908073 113.485301
-0.071199 -20.423155 115.349041
-0.071199 -20.423155 115.349041
-0.071199 -20.423155 115.349041
-0.071199 -20.423155 115.349041
-0.071199 -20.423155 115.349041
-0.071199 -20.423155 115.349041
-0.071199 -20.423155 115.349041
-0.071199 -20.423155 115.349041
0.292529 -23.817158 117.441469
0.292529 -23.817158 117.441469
0.292529 -23.817158 117.441469
0.292529 -23.817158 117.441469
0.292529 -23.817158 117.441469
0.292529 -23.817158 117.441469
0.292529 -23.817158 117.441469
0.292529 -23.817158 117.441469
0.501360 -25.553203 119.014475
0.501360 -25.553203 119.014475
0.501360 -25.553203 119.014475
0.501360 -25.553203 119.014475
0.501360 -25.553203 119.014475
0.501360 -25.553203 119.014475
0.501360 -25.553203 119.014475
0.501360 -25.553203 119.014475
0.489044 -26.014924 120.058142
0.489044 -26.014924 120.058142
0.489044 -26.014924 120.058142
0.489044 -26.014924 120.058142
0.489044 -26.014924 120.058142
0.489044 -26.014924 120.058142
0.489044 -26.014924 120.058142
0.489044 -26.014924 120.058142
0.193958 -26.767633 120.981269
0.193958 -26.767633 120.981269
0.193958 -26.767633 120.981269
0.193958 -26.767633 120.981269
0.193958 -26.767633 120.981269
0.193958 -26.767633 120.981269
0.193958 -26.767633 120.981269
0.193958 -26.767633 120.981269
0.193958 -26.767633 120.981269
-0.032352 -27.178812 121.355386
-0.032352 -27.178812 121.355386
-0.032352 -27.178812 121.355386
-0.032352 -27.178812 121.355386
-0.032352 -27.178812 121.355386
-0.032352 -27.178812 121.355386
-0.032352 -27.178812 121.355386
-0.032352 -27.178812 121.355386
-0.247860 -28.316021 121.771427
-0.247860 -28.316021 121.771427
-0.247860 -28.316021 121.771427
-0.247860 -28.316021 121.771427
-0.247860 -28.316021 121.771427
-0.247860 -28.316021 121.771427
-0.247860 -28.316021 121.771427
-1.000944 -28.888265 121.696541
-1.000944 -28.888265 121.696541
-1.000944 -28.888265 121.696541
-1.000944 -28.888265 121.696541
-1.000944 -28.888265 121.696541
-1.000944 -28.888265 121.696541
-1.000944 -28.888265 121.696541
-1.000944 -28.888265 121.696541
-0.908333 -29.534301 121.732986
-0.908333 -29.534301 121.732986
-0.908333 -29.534301 121.732986
-0.908333 -29.534301 121.732986
-0.908333 -29.534301 121.732986
-0.908333 -29.534301 121.732986
-0.908333 -29.534301 121.732986
-0.908333 -29.534301 121.732986
-1.289982 -29.410658 121.749912
-1.289982 -29.410658 121.749912
-1.289982 -29.410658 121.749912
-1.289982 -29.410658 121.749912
-1.289982 -29.410658 121.749912
-1.289982 -29.410658 121.749912
-1.289982 -29.410658 121.749912
-1.289982 -29.410658 121.749912
-1.415869 -31.614330 121.692265
-1.415869 -31.614330 121.692265
-1.415869 -31.614330 121.692265
-1.415869 -31.614330 121.692265
-1.415869 -31.614330 121.692265
-1.415869 -31.614330 121.692265
-1.415869 -31.614330 121.692265
-1.415869 -31.614330 121.692265
-1.892053 -34.095737 121.043151
-1.892053 -34.095737 121.043151
-1.892053 -34.095737 121.043151
-1.892053 -34.095737 121.043151
-1.892053 -34.095737 121.043151
-1.892053 -34.095737 121.043151
-1.892053 -34.095737 121.043151
-1.892053 -34.095737 121.043151
-2.561937 -34.658941 120.353397
-2.561937 -34.658941 120.353397
-2.561937 -34.658941 120.353397
-2.561937 -34.658941 120.353397
-2.561937 -34.658941 120.353397
-2.561937 -34.658941 120.353397
-2.561937 -34.658941 120.353397
-2.561937 -34.658941 120.353397
-2.232603 -34.845248 120.177834
-2.232603 -34.845248 120.177834
-2.232603 -34.845248 120.177834
-2.232603 -34.845248 120.177834
-2.232603 -34.845248 120.177834
-2.232603 -34.845248 120.177834
-2.232603 -34.845248 120.177834
-3.132682 -34.967287 120.680932
-3.132682 -34.967287 120.680932
-3.132682 -34.967287 120.680932
-3.132682 -34.967287 120.680932
-3.132682 -34.967287 120.680932
-3.132682 -34.967287 120.680932
-3.132682 -34.967287 120.680932
-3.132682 -34.967287 120.680932
-3.132682 -34.967287 120.680932
-2.432238 -34.890628 122.473871
-2.432238 -34.890628 122.473871
-2.432238 -34.890628 122.473871
-2.432238 -34.890628 122.473871
-2.432238 -34.890628 122.473871
-2.432238 -34.890628 122.473871
-2.432238 -34.890628 122.473871
-2.432238 -34.890628 122.473871
-2.813776 -35.059682 123.465505
-2.813776 -35.059682 123.465505
-2.813776 -35.059682 123.465505
-2.813776 -35.059682 123.465505
-2.813776 -35.059682 123.465505
-2.813776 -35.059682 123.465505
-2.813776 -35.059682 123.465505
-2.813776 -35.059682 123.465505
-2.813776 -35.059682 123.465505
-1.859272 -37.738943 120.192943
-1.859272 -37.738943 120.192943
-1.859272 -37.738943 120.192943
-1.859272 -37.738943 120.192943
-1.859272 -37.738943 120.192943
-1.859272 -37.738943 120.192943
-1.859272 -37.738943 120.192943
-1.859272 -37.738943 120.192943
-1.859272 -37.738943 120.192943
-1.705092 -37.695736 122.132238
-1.705092 -37.695736 122.132238
-1.705092 -37.695736 122.132238
-1.705092 -37.695736 122.132238
-1.705092 -37.695736 122.132238
-1.705092 -37.695736 122.132238
-1.705092 -37.695736 122.132238
-2.266619 -37.394172 123.045872
-2.266619 -37.394172 123.045872
-2.266619 -37.394172 123.045872
-2.266619 -37.394172 123.045872
-2.266619 -37.394172 123.045872
-2.266619 -37.394172 123.045872
-2.266619 -37.394172 123.045872
-2.085190 -37.513940 122.701261
-2.085190 -37.513940 122.701261
-2.085190 -37.513940 122.701261
-2.085190 -37.513940 122.701261
-2.085190 -37.513940 122.701261
-2.085190 -37.513940 122.701261
-2.085190 -37.513940 122.701261
-2.085190 -37.513940 122.701261
-2.701641 -36.738252 122.911098
-2.701641 -36.738252 122.911098
-2.701641 -36.738252 122.911098
-2.701641 -36.738252 122.911098
-2.701641 -36.738252 122.911098
-2.701641 -36.738252 122.911098
-2.701641 -36.738252 122.911098
-2.163371 -36.800335 123.746403
-2.163371 -36.800335 123.746403
-2.163371 -36.800335 123.746403
-2.163371 -36.800335 123.746403
-2.163371 -36.800335 123.746403
-2.163371 -36.800335 123.746403
-2.163371 -36.800335 123.746403
-2.163371 -36.800335 123.746403
-2.248891 -37.034088 124.355916
-2.248891 -37.034088 124.355916
-2.248891 -37.034088 124.355916
-2.248891 -37.034088 124.355916
-2.248891 -37.034088 124.355916
-2.248891 -37.034088 124.355916
-2.248891 -37.034088 124.355916
-2.248891 -37.034088 124.355916
-2.215465 -37.250469 125.353424
-2.215465 -37.250469 125.353424
-2.215465 -37.250469 125.353424
-2.215465 -37.250469 125.353424
-2.215465 -37.250469 125.353424
-2.215465 -37.250469 125.353424
-2.215465 -37.250469 125.353424
-2.215465 -37.250469 125.353424
-1.981067 -36.930515 125.626850
-1.981067 -36.930515 125.626850
-1.981067 -36.930515 125.626850
-1.981067 -36.930515 125.626850
-1.981067 -36.930515 125.626850
-1.981067 -36.930515 125.626850
-1.981067 -36.930515 125.626850
-1.981067 -36.930515 125.626850
-2.008038 -36.718858 125.716763
-2.008038 -36.718858 125.716763
-2.008038 -36.718858 125.716763
-2.008038 -36.718858 125.716763
-2.008038 -36.718858 125.716763
-2.008038 -36.718858 125.716763
-2.008038 -36.718858 125.716763
-2.095750 -36.339441 125.664088
-2.095750 -36.339441 125.664088
-2.095750 -36.339441 125.664088
-2.095750 -36.339441 125.664088
-2.095750 -36.339441 125.664088
-2.095750 -36.339441 125.664088
-2.095750 -36.339441 125.664088
-2.225062 -36.303340 125.991869
-2.225062 -36.303340 125.991869
-2.225062 -36.303340 125.991869
-2.225062 -36.303340 125.991869
-2.225062 -36.303340 125.991869
-2.225062 -36.303340 125.991869
-2.225062 -36.303340 125.991869
-2.225062 -36.303340 125.991869
-2.186087 -36.240591 126.142393
-2.186087 -36.240591 126.142393
-2.186087 -36.240591 126.142393
-2.186087 -36.240591 126.142393
-2.186087 -36.240591 126.142393
-2.186087 -36.240591 126.142393
-2.186087 -36.240591 126.142393
-2.453533 -36.181025 126.184781
-2.453533 -36.181025 126.184781
-2.453533 -36.181025 126.184781
-2.453533 -36.181025 126.184781
-2.453533 -36.181025 126.184781
-2.453533 -36.181025 126.184781
-2.453533 -36.181025 126.184781
-2.453533 -36.181025 126.184781
-2.453533 -36.181025 126.184781
-2.319069 -36.207881 126.159714
-2.319069 -36.207881 126.159714
-2.319069 -36.207881 126.159714
-2.319069 -36.207881 126.159714
-2.319069 -36.207881 126.159714
-2.319069 -36.207881 126.159714
-2.319069 -36.207881 126.159714
-2.319069 -36.207881 126.159714
-2.221713 -36.326580 126.227647
-2.221713 -36.326580 126.227647
-2.221713 -36.326580 126.227647
-2.221713 -36.326580 126.227647
-2.221713 -36.326580 126.227647
-2.221713 -36.326580 126.227647
-2.221713 -36.326580 126.227647
-2.221713 -36.326580 126.227647
-2.512958 -36.526223 126.322436
-2.512958 -36.526223 126.322436
-2.512958 -36.526223 126.322436
-2.512958 -36.526223 126.322436
-2.512958 -36.526223 126.322436
-2.512958 -36.526223 126.322436
-2.512958 -36.526223 126.322436
-2.512958 -36.526223 126.322436
-3.054806 -36.866383 126.289324
-3.054806 -36.866383 126.289324
-3.054806 -36.866383 126.289324
-3.054806 -36.866383 126.289324
-3.054806 -36.866383 126.289324
-3.054806 -36.866383 126.289324
-3.054806 -36.866383 126.289324
-3.054806 -36.866383 126.289324
-2.946258 -37.282820 126.638100
-2.946258 -37.282820 126.638100
-2.946258 -37.282820 126.638100
-2.946258 -37.282820 126.638100
-2.946258 -37.282820 126.638100
-2.946258 -37.282820 126.638100
-2.946258 -37.282820 126.638100
-2.946258 -37.282820 126.638100
-2.934342 -37.470192 126.763475
-2.934342 -37.470192 126.763475
-2.934342 -37.470192 126.763475
-2.934342 -37.470192 126.763475
-2.934342 -37.470192 126.763475
-2.934342 -37.470192 126.763475
-2.934342 -37.470192 126.763475
-2.934342 -37.470192 126.763475
-2.676841 -37.434276 126.644835
-2.676841 -37.434276 126.644835
-2.676841 -37.434276 126.644835
-2.676841 -37.434276 126.644835
-2.676841 -37.434276 126.644835
-2.676841 -37.434276 126.644835
-2.676841 -37.434276 126.644835
-2.676841 -37.434276 126.644835
-2.741328 -37.273083 126.466376
-2.741328 -37.273083 126.466376
-2.741328 -37.273083 126.466376
-2.741328 -37.273083 126.466376
-2.741328 -37.273083 126.466376
-2.741328 -37.273083 126.466376
-2.741328 -37.273083 126.466376
-2.594166 -37.298748 126.546767
-2.594166 -37.298748 126.546767
-2.594166 -37.298748 126.546767
-2.594166 -37.298748 126.546767
-2.594166 -37.298748 126.546767
-2.594166 -37.298748 126.546767
-2.594166 -37.298748 126.546767
-2.594166 -37.298748 126.546767
-2.594166 -37.298748 126.546767
-2.396057 -37.578615 126.920993
-2.396057 -37.578615 126.920993
-2.396057 -37.578615 126.920993
-2.396057 -37.578615 126.920993
-2.396057 -37.578615 126.920993
-2.396057 -37.578615 126.920993
-2.396057 -37.578615 126.920993
-2.155873 -37.376322 126.767492
-2.155873 -37.376322 126.767492
-2.155873 -37.376322 126.767492
-2.155873 -37.376322 126.767492
-2.155873 -37.376322 126.767492
-2.155873 -37.376322 126.767492
-2.155873 -37.376322 126.767492
-2.155873 -37.376322 126.767492
-2.097300 -37.210748 126.628197
-2.097300 -37.210748 126.628197
-2.097300 -37.210748 126.628197
-2.097300 -37.210748 126.628197
-2.097300 -37.210748 126.628197
-2.097300 -37.210748 126.628197
-2.097300 -37.210748 126.628197
-2.097300 -37.210748 126.628197
-1.994220 -36.943308 126.396202
-1.994220 -36.943308 126.396202
-1.994220 -36.943308 126.396202
-1.994220 -36.943308 126.396202
-1.994220 -36.943308 126.396202
-1.994220 -36.943308 126.396202
-1.994220 -36.943308 126.396202
-1.994220 -36.943308 126.396202
-2.021780 -36.942526 126.533626
-2.021780 -36.942526 126.533626
-2.021780 -36.942526 126.533626
-2.021780 -36.942526 126.533626
-2.021780 -36.942526 126.533626
-2.021780 -36.942526 126.533626
-2.021780 -36.942526 126.533626
-2.021780 -36.942526 126.533626
-1.913722 -36.567620 126.254134
-1.913722 -36.567620 126.254134
-1.913722 -36.567620 126.254134
-1.913722 -36.567620 126.254134
-1.913722 -36.567620 126.254134
-1.913722 -36.567620 126.254134
-1.913722 -36.567620 126.254134
-1.913722 -36.567620 126.254134
-1.680283 -35.792794 125.921614
-1.680283 -35.792794 125.921614
-1.680283 -35.792794 125.921614
-1.680283 -35.792794 125.921614
-1.680283 -35.792794 125.921614
-1.680283 -35.792794 125.921614
-1.680283 -35.792794 125.921614
-1.615954 -34.773992 125.588929
-1.615954 -34.773992 125.588929
-1.615954 -34.773992 125.588929
-1.615954 -34.773992 125.588929
-1.615954 -34.773992 125.588929
-1.615954 -34.773992 125.588929
-1.615954 -34.773992 125.588929
-1.615954 -34.773992 125.588929
-2.317879 -30.507050 125.843736
-2.317879 -30.507050 125.843736
-2.317879 -30.507050 125.843736
-2.317879 -30.507050 125.843736
-2.317879 -30.507050 125.843736
-2.317879 -30.507050 125.843736
-2.317879 -30.507050 125.843736
-2.317879 -30.507050 125.843736
-6.142296 -6.987263 127.997431
-6.142296 -6.987263 127.997431
-6.142296 -6.987263 127.997431
-6.142296 -6.987263 127.997431
-6.142296 -6.987263 127.997431
-6.142296 -6.987263 127.997431
-6.142296 -6.987263 127.997431
-6.142296 -6.987263 127.997431
9.197197 -7.253774 119.216745
9.197197 -7.253774 119.216745
9.197197 -7.253774 119.216745
9.197197 -7.253774 119.216745
9.197197 -7.253774 119.216745
9.197197 -7.253774 119.216745
9.197197 -7.253774 119.216745
26.158366 0.264760 121.085321
26.158366 0.264760 121.085321
26.158366 0.264760 121.085321
26.158366 0.264760 121.085321
26.158366 0.264760 121.085321
26.158366 0.264760 121.085321
26.158366 0.264760 121.085321
27.080264 3.097125 125.266407
27.080264 3.097125 125.266407
27.080264 3.097125 125.266407
27.080264 3.097125 125.266407
27.080264 3.097125 125.266407
27.080264 3.097125 125.266407
27.080264 3.097125 125.266407
27.080264 3.097125 125.266407
27.080264 3.097125 125.266407
26.568304 5.403101 128.006829
26.568304 5.403101 128.006829
26.568304 5.403101 128.006829
26.568304 5.403101 128.006829
26.568304 5.403101 128.006829
26.568304 5.403101 128.006829
26.568304 5.403101 128.006829
8.588245 4.847715 122.783756
8.588245 4.847715 122.783756
8.588245 4.847715 122.783756
8.588245 4.847715 122.783756
8.588245 4.847715 122.783756
8.588245 4.847715 122.783756
8.588245 4.847715 122.783756
8.588245 4.847715 122.783756
-8.616788 4.592396 125.069752
-8.616788 4.592396 125.069752
-8.616788 4.592396 125.069752
-8.616788 4.592396 125.069752
-8.616788 4.592396 125.069752
-8.616788 4.592396 125.069752
-28.025779 -2.662260 125.292854
-28.025779 -2.662260 125.292854
-28.025779 -2.662260 125.292854
