-1.026357 -15.114618 -77.189792
-1.026357 -15.114618 -77.189792
-1.026357 -15.114618 -77.189792
-1.026357 -15.114618 -77.189792
-1.000182 -15.133334 -77.143326
-1.000182 -15.133334 -77.143326
-1.000182 -15.133334 -77.143326
-1.000182 -15.133334 -77.143326
-1.000182 -15.133334 -77.143326
-1.000182 -15.133334 -77.143326
-1.000182 -15.133334 -77.143326
-1.000182 -15.133334 -77.143326
-1.000182 -15.133334 -77.143326
-1.000182 -15.133334 -77.143326
-0.984630 -15.140812 -77.115677
-0.984630 -15.140812 -77.115677
-0.984630 -15.140812 -77.115677
-0.984630 -15.140812 -77.115677
-0.984630 -15.140812 -77.115677
-0.984630 -15.140812 -77.115677
-0.984630 -15.140812 -77.115677
-0.984630 -15.140812 -77.115677
-0.984630 -15.140812 -77.115677
-0.984630 -15.140812 -77.115677
-0.960118 -15.142934 -77.013832
-0.960118 -15.142934 -77.013832
-0.960118 -15.142934 -77.013832
-0.960118 -15.142934 -77.013832
-0.960118 -15.142934 -77.013832
-0.960118 -15.142934 -77.013832
-0.960118 -15.142934 -77.013832
-0.960118 -15.142934 -77.013832
-0.960118 -15.142934 -77.013832
-0.960118 -15.142934 -77.013832
-0.960118 -15.142934 -77.013832
-0.951001 -15.155114 -76.929261
-0.951001 -15.155114 -76.929261
-0.951001 -15.155114 -76.929261
-0.951001 -15.155114 -76.929261
-0.951001 -15.155114 -76.929261
-0.951001 -15.155114 -76.929261
-0.951001 -15.155114 -76.929261
-0.951001 -15.155114 -76.929261
-0.951001 -15.155114 -76.929261
-0.951001 -15.155114 -76.929261
-0.954062 -15.149039 -76.901640
-0.954062 -15.149039 -76.901640
-0.954062 -15.149039 -76.901640
-0.954062 -15.149039 -76.901640
-0.954062 -15.149039 -76.901640
-0.954062 -15.149039 -76.901640
-0.954062 -15.149039 -76.901640
-0.954062 -15.149039 -76.901640
-0.954062 -15.149039 -76.901640
-0.954062 -15.149039 -76.901640
-0.954062 -15.149039 -76.901640
-0.965405 -15.151723 -76.860747
-0.965405 -15.151723 -76.860747
-0.965405 -15.151723 -76.860747
-0.965405 -15.151723 -76.860747
-0.965405 -15.151723 -76.860747
-0.965405 -15.151723 -76.860747
-0.965405 -15.151723 -76.860747
-0.965405 -15.151723 -76.860747
-0.965405 -15.151723 -76.860747
-0.955866 -15.144234 -76.821603
-0.955866 -15.144234 -76.821603
-0.955866 -15.144234 -76.821603
-0.955866 -15.144234 -76.821603
-0.955866 -15.144234 -76.821603
-0.955866 -15.144234 -76.821603
-0.955866 -15.144234 -76.821603
-0.955866 -15.144234 -76.821603
-0.955866 -15.144234 -76.821603
-0.972064 -15.147372 -76.804343
-0.972064 -15.147372 -76.804343
-0.972064 -15.147372 -76.804343
-0.972064 -15.147372 -76.804343
-0.972064 -15.147372 -76.804343
-0.972064 -15.147372 -76.804343
-0.972064 -15.147372 -76.804343
-0.972064 -15.147372 -76.804343
-0.972064 -15.147372 -76.804343
-0.969156 -15.150649 -76.788347
-0.969156 -15.150649 -76.788347
-0.969156 -15.150649 -76.788347
-0.969156 -15.150649 -76.788347
-0.969156 -15.150649 -76.788347
-0.969156 -15.150649 -76.788347
-0.969156 -15.150649 -76.788347
-0.969156 -15.150649 -76.788347
-0.969156 -15.150649 -76.788347
-0.969156 -15.150649 -76.788347
-0.963126 -15.144981 -76.755077
-0.963126 -15.144981 -76.755077
-0.963126 -15.144981 -76.755077
-0.963126 -15.144981 -76.755077
-0.963126 -15.144981 -76.755077
-0.963126 -15.144981 -76.755077
-0.963126 -15.144981 -76.755077
-0.963126 -15.144981 -76.755077
-0.963126 -15.144981 -76.755077
-0.963126 -15.144981 -76.755077
-0.952007 -15.152350 -76.659475
-0.952007 -15.152350 -76.659475
-0.952007 -15.152350 -76.659475
-0.952007 -15.152350 -76.659475
-0.952007 -15.152350 -76.659475
-0.952007 -15.152350 -76.659475
-0.952007 -15.152350 -76.659475
-0.952007 -15.152350 -76.659475
-0.952007 -15.152350 -76.659475
-0.952007 -15.152350 -76.659475
-0.931814 -15.142395 -76.522462
-0.931814 -15.142395 -76.522462
-0.931814 -15.142395 -76.522462
-0.931814 -15.142395 -76.522462
-0.931814 -15.142395 -76.522462
-0.931814 -15.142395 -76.522462
-0.931814 -15.142395 -76.522462
-0.931814 -15.142395 -76.522462
-0.931814 -15.142395 -76.522462
-0.931814 -15.142395 -76.522462
-0.957012 -15.144969 -76.568688
-0.957012 -15.144969 -76.568688
-0.957012 -15.144969 -76.568688
-0.957012 -15.144969 -76.568688
-0.957012 -15.144969 -76.568688
-0.957012 -15.144969 -76.568688
-0.957012 -15.144969 -76.568688
-0.957012 -15.144969 -76.568688
-0.957012 -15.144969 -76.568688
-0.957012 -15.144969 -76.568688
-0.968436 -15.145156 -76.575669
-0.968436 -15.145156 -76.575669
-0.968436 -15.145156 -76.575669
-0.968436 -15.145156 -76.575669
-0.968436 -15.145156 -76.575669
-0.968436 -15.145156 -76.575669
-0.968436 -15.145156 -76.575669
-0.968436 -15.145156 -76.575669
-0.968436 -15.145156 -76.575669
-0.968436 -15.145156 -76.575669
-0.968436 -15.145156 -76.575669
-0.996784 -15.156864 -76.616718
-0.996784 -15.156864 -76.616718
-0.996784 -15.156864 -76.616718
-0.996784 -15.156864 -76.616718
-0.996784 -15.156864 -76.616718
-0.996784 -15.156864 -76.616718
-0.996784 -15.156864 -76.616718
-0.996784 -15.156864 -76.616718
-0.996784 -15.156864 -76.616718
-0.996784 -15.156864 -76.616718
-0.996784 -15.156864 -76.616718
-1.010578 -15.161943 -76.622497
-1.010578 -15.161943 -76.622497
-1.010578 -15.161943 -76.622497
-1.010578 -15.161943 -76.622497
-1.010578 -15.161943 -76.622497
-1.010578 -15.161943 -76.622497
-1.010578 -15.161943 -76.622497
-1.010578 -15.161943 -76.622497
-1.010578 -15.161943 -76.622497
-1.010578 -15.161943 -76.622497
-1.010578 -15.161943 -76.622497
-1.032670 -15.150326 -76.681687
-1.032670 -15.150326 -76.681687
-1.032670 -15.150326 -76.681687
-1.032670 -15.150326 -76.681687
-1.032670 -15.150326 -76.681687
-1.032670 -15.150326 -76.681687
-1.032670 -15.150326 -76.681687
-1.032670 -15.150326 -76.681687
-1.032670 -15.150326 -76.681687
-1.032670 -15.150326 -76.681687
-1.031425 -15.156260 -76.681578
-1.031425 -15.156260 -76.681578
-1.031425 -15.156260 -76.681578
-1.031425 -15.156260 -76.681578
-1.031425 -15.156260 -76.681578
-1.031425 -15.156260 -76.681578
-1.031425 -15.156260 -76.681578
-1.031425 -15.156260 -76.681578
-1.031425 -15.156260 -76.681578
-1.031425 -15.156260 -76.681578
-1.031425 -15.156260 -76.681578
-1.016830 -15.148916 -76.667255
-1.016830 -15.148916 -76.667255
-1.016830 -15.148916 -76.667255
-1.016830 -15.148916 -76.667255
-1.016830 -15.148916 -76.667255
-1.016830 -15.148916 -76.667255
-1.016830 -15.148916 -76.667255
-1.016830 -15.148916 -76.667255
-1.016830 -15.148916 -76.667255
-1.016830 -15.148916 -76.667255
-1.016830 -15.148916 -76.667255
-1.025788 -15.150398 -76.693230
-1.025788 -15.150398 -76.693230
-1.025788 -15.150398 -76.693230
-1.025788 -15.150398 -76.693230
-1.025788 -15.150398 -76.693230
-1.025788 -15.150398 -76.693230
-1.025788 -15.150398 -76.693230
-1.025788 -15.150398 -76.693230
-1.025788 -15.150398 -76.693230
-1.025788 -15.150398 -76.693230
-1.008272 -15.144165 -76.644893
-1.008272 -15.144165 -76.644893
-1.008272 -15.144165 -76.644893
-1.008272 -15.144165 -76.644893
-1.008272 -15.144165 -76.644893
-1.008272 -15.144165 -76.644893
-1.008272 -15.144165 -76.644893
-1.008272 -15.144165 -76.644893
-1.008272 -15.144165 -76.644893
-1.008272 -15.144165 -76.644893
-1.011792 -15.150188 -76.645439
-1.011792 -15.150188 -76.645439
-1.011792 -15.150188 -76.645439
-1.011792 -15.150188 -76.645439
-1.011792 -15.150188 -76.645439
-1.011792 -15.150188 -76.645439
-1.011792 -15.150188 -76.645439
-1.011792 -15.150188 -76.645439
-1.011792 -15.150188 -76.645439
-1.017139 -15.153321 -76.652529
-1.017139 -15.153321 -76.652529
-1.017139 -15.153321 -76.652529
-1.017139 -15.153321 -76.652529
-1.017139 -15.153321 -76.652529
-1.017139 -15.153321 -76.652529
-1.017139 -15.153321 -76.652529
-1.017139 -15.153321 -76.652529
-1.017139 -15.153321 -76.652529
-1.017139 -15.153321 -76.652529
-1.017139 -15.153321 -76.652529
-1.021559 -15.153533 -76.660500
-1.021559 -15.153533 -76.660500
-1.021559 -15.153533 -76.660500
-1.021559 -15.153533 -76.660500
-1.021559 -15.153533 -76.660500
-1.021559 -15.153533 -76.660500
-1.021559 -15.153533 -76.660500
-1.021559 -15.153533 -76.660500
-1.021559 -15.153533 -76.660500
-1.021559 -15.153533 -76.660500
-1.012696 -15.147334 -76.638411
-1.012696 -15.147334 -76.638411
-1.012696 -15.147334 -76.638411
-1.012696 -15.147334 -76.638411
-1.012696 -15.147334 -76.638411
-1.012696 -15.147334 -76.638411
-1.012696 -15.147334 -76.638411
-1.012696 -15.147334 -76.638411
-1.012696 -15.147334 -76.638411
-1.012696 -15.147334 -76.638411
-1.012696 -15.147334 -76.638411
-0.995690 -15.153818 -76.582171
-0.995690 -15.153818 -76.582171
-0.995690 -15.153818 -76.582171
-0.995690 -15.153818 -76.582171
-0.995690 -15.153818 -76.582171
-0.995690 -15.153818 -76.582171
-0.995690 -15.153818 -76.582171
-0.995690 -15.153818 -76.582171
-0.995690 -15.153818 -76.582171
-0.995690 -15.153818 -76.582171
-0.995690 -15.153818 -76.582171
-1.011190 -15.149109 -76.606104
-1.011190 -15.149109 -76.606104
-1.011190 -15.149109 -76.606104
-1.011190 -15.149109 -76.606104
-1.011190 -15.149109 -76.606104
-1.011190 -15.149109 -76.606104
-1.011190 -15.149109 -76.606104
-1.011190 -15.149109 -76.606104
-1.011190 -15.149109 -76.606104
-1.006744 -15.148709 -76.588195
-1.006744 -15.148709 -76.588195
-1.006744 -15.148709 -76.588195
-1.006744 -15.148709 -76.588195
-1.006744 -15.148709 -76.588195
-1.006744 -15.148709 -76.588195
-1.006744 -15.148709 -76.588195
-1.006744 -15.148709 -76.588195
-1.006744 -15.148709 -76.588195
-1.006744 -15.148709 -76.588195
-1.006744 -15.148709 -76.588195
-1.006373 -15.147374 -76.591604
-1.006373 -15.147374 -76.591604
-1.006373 -15.147374 -76.591604
-1.006373 -15.147374 -76.591604
-1.006373 -15.147374 -76.591604
-1.006373 -15.147374 -76.591604
-1.006373 -15.147374 -76.591604
-1.006373 -15.147374 -76.591604
-1.006373 -15.147374 -76.591604
-1.006373 -15.147374 -76.591604
-1.006373 -15.147374 -76.591604
-1.018419 -15.153787 -76.613112
-1.018419 -15.153787 -76.613112
-1.018419 -15.153787 -76.613112
-1.018419 -15.153787 -76.613112
-1.018419 -15.153787 -76.613112
-1.018419 -15.153787 -76.613112
-1.018419 -15.153787 -76.613112
-1.018419 -15.153787 -76.613112
-1.018419 -15.153787 -76.613112
-1.018419 -15.153787 -76.613112
-1.006066 -15.154800 -76.566912
-1.006066 -15.154800 -76.566912
-1.006066 -15.154800 -76.566912
-1.006066 -15.154800 -76.566912
-1.006066 -15.154800 -76.566912
-1.006066 -15.154800 -76.566912
-1.006066 -15.154800 -76.566912
-1.006066 -15.154800 -76.566912
-1.006066 -15.154800 -76.566912
-1.006066 -15.154800 -76.566912
-1.010903 -15.156190 -76.561967
-1.010903 -15.156190 -76.561967
-1.010903 -15.156190 -76.561967
-1.010903 -15.156190 -76.561967
-1.010903 -15.156190 -76.561967
-1.010903 -15.156190 -76.561967
-1.010903 -15.156190 -76.561967
-1.010903 -15.156190 -76.561967
-1.010903 -15.156190 -76.561967
-1.010903 -15.156190 -76.561967
-1.011945 -15.158259 -76.577417
-1.011945 -15.158259 -76.577417
-1.011945 -15.158259 -76.577417
-1.011945 -15.158259 -76.577417
-1.011945 -15.158259 -76.577417
-1.011945 -15.158259 -76.577417
-1.011945 -15.158259 -76.577417
-1.011945 -15.158259 -76.577417
-1.011945 -15.158259 -76.577417
-1.011945 -15.158259 -76.577417
-1.006021 -15.167299 -76.565219
-1.006021 -15.167299 -76.565219
-1.006021 -15.167299 -76.565219
-1.006021 -15.167299 -76.565219
-1.006021 -15.167299 -76.565219
-1.006021 -15.167299 -76.565219
-1.006021 -15.167299 -76.565219
-1.006021 -15.167299 -76.565219
-1.006021 -15.167299 -76.565219
-1.006021 -15.167299 -76.565219
-0.999890 -15.165889 -76.527372
-0.999890 -15.165889 -76.527372
-0.999890 -15.165889 -76.527372
-0.999890 -15.165889 -76.527372
-0.999890 -15.165889 -76.527372
-0.999890 -15.165889 -76.527372
-0.999890 -15.165889 -76.527372
-0.999890 -15.165889 -76.527372
-0.999890 -15.165889 -76.527372
-0.999890 -15.165889 -76.527372
-0.985139 -15.163664 -76.445690
-0.985139 -15.163664 -76.445690
-0.985139 -15.163664 -76.445690
-0.985139 -15.163664 -76.445690
-0.985139 -15.163664 -76.445690
-0.985139 -15.163664 -76.445690
-0.985139 -15.163664 -76.445690
-0.985139 -15.163664 -76.445690
-0.985139 -15.163664 -76.445690
-0.985139 -15.163664 -76.445690
-1.010646 -15.153398 -76.500339
-1.010646 -15.153398 -76.500339
-1.010646 -15.153398 -76.500339
-1.010646 -15.153398 -76.500339
-1.010646 -15.153398 -76.500339
-1.010646 -15.153398 -76.500339
-1.010646 -15.153398 -76.500339
-1.010646 -15.153398 -76.500339
-1.010646 -15.153398 -76.500339
-1.010646 -15.153398 -76.500339
-1.010646 -15.153398 -76.500339
-1.008720 -15.154166 -76.492586
-1.008720 -15.154166 -76.492586
