-0.249606 -8.302290 56.545043
-0.249606 -8.302290 56.545043
-0.235351 -8.496476 56.254661
-0.235351 -8.496476 56.254661
-0.235351 -8.496476 56.254661
-0.235351 -8.496476 56.254661
-0.235351 -8.496476 56.254661
-0.235351 -8.496476 56.254661
-0.235351 -8.496476 56.254661
-0.235351 -8.496476 56.254661
-0.228318 -8.609243 55.951612
-0.228318 -8.609243 55.951612
-0.228318 -8.609243 55.951612
-0.228318 -8.609243 55.951612
-0.228318 -8.609243 55.951612
-0.228318 -8.609243 55.951612
-0.228318 -8.609243 55.951612
-0.228318 -8.609243 55.951612
-0.205549 -8.675594 55.771473
-0.205549 -8.675594 55.771473
-0.205549 -8.675594 55.771473
-0.205549 -8.675594 55.771473
-0.205549 -8.675594 55.771473
-0.205549 -8.675594 55.771473
-0.205549 -8.675594 55.771473
-0.205549 -8.675594 55.771473
-0.187232 -8.707152 55.576891
-0.187232 -8.707152 55.576891
-0.187232 -8.707152 55.576891
-0.187232 -8.707152 55.576891
-0.187232 -8.707152 55.576891
-0.187232 -8.707152 55.576891
-0.187232 -8.707152 55.576891
-0.187232 -8.707152 55.576891
-0.166714 -8.760712 55.427487
-0.166714 -8.760712 55.427487
-0.166714 -8.760712 55.427487
-0.166714 -8.760712 55.427487
-0.166714 -8.760712 55.427487
-0.166714 -8.760712 55.427487
-0.166714 -8.760712 55.427487
-0.166714 -8.760712 55.427487
-0.159569 -8.783945 55.281270
-0.159569 -8.783945 55.281270
-0.159569 -8.783945 55.281270
-0.159569 -8.783945 55.281270
-0.159569 -8.783945 55.281270
-0.159569 -8.783945 55.281270
-0.159569 -8.783945 55.281270
-0.148060 -8.808195 55.179958
-0.148060 -8.808195 55.179958
-0.148060 -8.808195 55.179958
-0.148060 -8.808195 55.179958
-0.148060 -8.808195 55.179958
-0.148060 -8.808195 55.179958
-0.148060 -8.808195 55.179958
-0.148060 -8.808195 55.179958
-0.145286 -8.819469 55.105512
-0.145286 -8.819469 55.105512
-0.145286 -8.819469 55.105512
-0.145286 -8.819469 55.105512
-0.145286 -8.819469 55.105512
-0.145286 -8.819469 55.105512
-0.145286 -8.819469 55.105512
-0.145286 -8.819469 55.105512
-0.128181 -8.824905 55.064589
-0.128181 -8.824905 55.064589
-0.128181 -8.824905 55.064589
-0.128181 -8.824905 55.064589
-0.128181 -8.824905 55.064589
-0.128181 -8.824905 55.064589
-0.128181 -8.824905 55.064589
-0.128181 -8.824905 55.064589
-0.135381 -8.794339 54.915906
-0.135381 -8.794339 54.915906
-0.135381 -8.794339 54.915906
-0.135381 -8.794339 54.915906
-0.135381 -8.794339 54.915906
-0.135381 -8.794339 54.915906
-0.135381 -8.794339 54.915906
-0.135381 -8.794339 54.915906
2.936354 -16.057245 54.061675
2.936354 -16.057245 54.061675
2.936354 -16.057245 54.061675
2.936354 -16.057245 54.061675
2.936354 -16.057245 54.061675
2.936354 -16.057245 54.061675
2.936354 -16.057245 54.061675
2.936354 -16.057245 54.061675
2.936354 -16.057245 54.061675
-0.452216 -10.410323 54.398598
-0.452216 -10.410323 54.398598
-0.452216 -10.410323 54.398598
-0.452216 -10.410323 54.398598
-0.452216 -10.410323 54.398598
-0.452216 -10.410323 54.398598
-0.452216 -10.410323 54.398598
-0.452216 -10.410323 54.398598
6.506458 -21.731901 55.243424
6.506458 -21.731901 55.243424
6.506458 -21.731901 55.243424
6.506458 -21.731901 55.243424
6.506458 -21.731901 55.243424
6.506458 -21.731901 55.243424
6.506458 -21.731901 55.243424
6.506458 -21.731901 55.243424
5.772008 -29.859378 58.392797
5.772008 -29.859378 58.392797
5.772008 -29.859378 58.392797
5.772008 -29.859378 58.392797
5.772008 -29.859378 58.392797
5.772008 -29.859378 58.392797
5.772008 -29.859378 58.392797
-16.014340 -69.634837 80.933473
-16.014340 -69.634837 80.933473
-16.014340 -69.634837 80.933473
-16.014340 -69.634837 80.933473
-16.014340 -69.634837 80.933473
-16.014340 -69.634837 80.933473
-16.014340 -69.634837 80.933473
-16.014340 -69.634837 80.933473
-21.141676 -99.806542 108.887272
-21.141676 -99.806542 108.887272
-21.141676 -99.806542 108.887272
-21.141676 -99.806542 108.887272
-21.141676 -99.806542 108.887272
-21.141676 -99.806542 108.887272
-21.141676 -99.806542 108.887272
-31.308539 -82.838051 101.221915
-31.308539 -82.838051 101.221915
-31.308539 -82.838051 101.221915
-31.308539 -82.838051 101.221915
-31.308539 -82.838051 101.221915
-31.308539 -82.838051 101.221915
-31.308539 -82.838051 101.221915
-31.308539 -82.838051 101.221915
-31.308539 -82.838051 101.221915
-26.969050 -52.394781 60.605034
-26.969050 -52.394781 60.605034
-26.969050 -52.394781 60.605034
-26.969050 -52.394781 60.605034
-26.969050 -52.394781 60.605034
-26.969050 -52.394781 60.605034
-26.969050 -52.394781 60.605034
-26.969050 -52.394781 60.605034
-15.378664 -31.140407 39.558700
-15.378664 -31.140407 39.558700
-15.378664 -31.140407 39.558700
-15.378664 -31.140407 39.558700
-15.378664 -31.140407 39.558700
-15.378664 -31.140407 39.558700
-15.378664 -31.140407 39.558700
-15.378664 -31.140407 39.558700
-15.378664 -31.140407 39.558700
-8.388963 -25.414885 39.953707
-8.388963 -25.414885 39.953707
-8.388963 -25.414885 39.953707
-8.388963 -25.414885 39.953707
-8.388963 -25.414885 39.953707
-8.388963 -25.414885 39.953707
-8.388963 -25.414885 39.953707
-8.388963 -25.414885 39.953707
-4.419993 -6.957964 37.727779
-4.419993 -6.957964 37.727779
-4.419993 -6.957964 37.727779
-4.419993 -6.957964 37.727779
-4.419993 -6.957964 37.727779
-4.419993 -6.957964 37.727779
-4.419993 -6.957964 37.727779
-4.419993 -6.957964 37.727779
-4.419993 -6.957964 37.727779
-7.945107 -53.601392 44.849180
-7.945107 -53.601392 44.849180
-7.945107 -53.601392 44.849180
-7.945107 -53.601392 44.849180
-7.945107 -53.601392 44.849180
-7.945107 -53.601392 44.849180
-7.945107 -53.601392 44.849180
-7.945107 -53.601392 44.849180
-7.945107 -53.601392 44.849180
-16.359732 -110.009875 95.791907
-16.359732 -110.009875 95.791907
-16.359732 -110.009875 95.791907
-16.359732 -110.009875 95.791907
-16.359732 -110.009875 95.791907
-16.359732 -110.009875 95.791907
-16.359732 -110.009875 95.791907
-4.802963 -131.056085 125.546677
-4.802963 -131.056085 125.546677
-4.802963 -131.056085 125.546677
-4.802963 -131.056085 125.546677
-4.802963 -131.056085 125.546677
-4.802963 -131.056085 125.546677
-4.802963 -131.056085 125.546677
-4.802963 -131.056085 125.546677
-4.802963 -131.056085 125.546677
4.486475 -111.476877 146.314728
4.486475 -111.476877 146.314728
4.486475 -111.476877 146.314728
4.486475 -111.476877 146.314728
4.486475 -111.476877 146.314728
4.486475 -111.476877 146.314728
-9.606165 -119.447892 118.875508
-9.606165 -119.447892 118.875508
-9.606165 -119.447892 118.875508
-9.606165 -119.447892 118.875508
-9.606165 -119.447892 118.875508
-9.606165 -119.447892 118.875508
-9.606165 -119.447892 118.875508
-9.606165 -119.447892 118.875508
-9.606165 -119.447892 118.875508
-13.928207 -121.192978 104.836123
-13.928207 -121.192978 104.836123
-13.928207 -121.192978 104.836123
-13.928207 -121.192978 104.836123
-13.928207 -121.192978 104.836123
-13.928207 -121.192978 104.836123
-13.928207 -121.192978 104.836123
-7.698629 -135.028756 115.254934
-7.698629 -135.028756 115.254934
-7.698629 -135.028756 115.254934
-7.698629 -135.028756 115.254934
-7.698629 -135.028756 115.254934
-7.698629 -135.028756 115.254934
-7.698629 -135.028756 115.254934
-7.698629 -135.028756 115.254934
3.557593 -172.302778 152.207187
3.557593 -172.302778 152.207187
3.557593 -172.302778 152.207187
3.557593 -172.302778 152.207187
3.557593 -172.302778 152.207187
3.557593 -172.302778 152.207187
3.557593 -172.302778 152.207187
3.557593 -172.302778 152.207187
9.506437 -171.306445 165.039050
9.506437 -171.306445 165.039050
9.506437 -171.306445 165.039050
9.506437 -171.306445 165.039050
9.506437 -171.306445 165.039050
9.506437 -171.306445 165.039050
9.506437 -171.306445 165.039050
9.506437 -171.306445 165.039050
9.506437 -171.306445 165.039050
9.506437 -171.306445 165.039050
11.187160 -170.955250 173.975888
11.187160 -170.955250 173.975888
11.187160 -170.955250 173.975888
11.187160 -170.955250 173.975888
11.187160 -170.955250 173.975888
11.187160 -170.955250 173.975888
11.082503 -171.473511 -177.947287
11.082503 -171.473511 -177.947287
11.082503 -171.473511 -177.947287
11.082503 -171.473511 -177.947287
11.082503 -171.473511 -177.947287
11.082503 -171.473511 -177.947287
11.082503 -171.473511 -177.947287
11.082503 -171.473511 -177.947287
11.241079 -171.107167 -170.035907
11.241079 -171.107167 -170.035907
11.241079 -171.107167 -170.035907
11