-0.468705 -12.398337 -81.691952
-0.468705 -12.398337 -81.691952
-0.468705 -12.398337 -81.691952
-0.468705 -12.398337 -81.691952
-0.469575 -12.690743 -81.565320
-0.469575 -12.690743 -81.565320
-0.469575 -12.690743 -81.565320
-0.469575 -12.690743 -81.565320
-0.469575 -12.690743 -81.565320
-0.469575 -12.690743 -81.565320
-0.469575 -12.690743 -81.565320
-0.469575 -12.690743 -81.565320
-0.469575 -12.690743 -81.565320
-0.467819 -12.861226 -81.475469
-0.467819 -12.861226 -81.475469
-0.467819 -12.861226 -81.475469
-0.467819 -12.861226 -81.475469
-0.467819 -12.861226 -81.475469
-0.467819 -12.861226 -81.475469
-0.467819 -12.861226 -81.475469
-0.467819 -12.861226 -81.475469
-0.481138 -12.959002 -81.390699
-0.481138 -12.959002 -81.390699
-0.481138 -12.959002 -81.390699
-0.481138 -12.959002 -81.390699
-0.481138 -12.959002 -81.390699
-0.481138 -12.959002 -81.390699
-0.481138 -12.959002 -81.390699
-0.481138 -12.959002 -81.390699
-0.482814 -13.026176 -81.314522
-0.482814 -13.026176 -81.314522
-0.482814 -13.026176 -81.314522
-0.482814 -13.026176 -81.314522
-0.482814 -13.026176 -81.314522
-0.482814 -13.026176 -81.314522
-0.482814 -13.026176 -81.314522
-0.482814 -13.026176 -81.314522
-0.482814 -13.026176 -81.314522
-0.482814 -13.026176 -81.314522
-0.496582 -13.093169 -81.270768
-0.496582 -13.093169 -81.270768
-0.496582 -13.093169 -81.270768
-0.496582 -13.093169 -81.270768
-0.496582 -13.093169 -81.270768
-0.496582 -13.093169 -81.270768
-0.496582 -13.093169 -81.270768
-0.503905 -13.125785 -81.226495
-0.503905 -13.125785 -81.226495
-0.503905 -13.125785 -81.226495
-0.503905 -13.125785 -81.226495
-0.503905 -13.125785 -81.226495
-0.503905 -13.125785 -81.226495
-0.503905 -13.125785 -81.226495
-0.503905 -13.125785 -81.226495
-0.503905 -13.125785 -81.226495
-0.489643 -13.144121 -81.189120
-0.489643 -13.144121 -81.189120
-0.489643 -13.144121 -81.189120
-0.489643 -13.144121 -81.189120
-0.489643 -13.144121 -81.189120
-0.489643 -13.144121 -81.189120
-0.489643 -13.144121 -81.189120
-0.489643 -13.144121 -81.189120
-0.495756 -13.159096 -81.175965
-0.495756 -13.159096 -81.175965
-0.495756 -13.159096 -81.175965
-0.495756 -13.159096 -81.175965
-0.495756 -13.159096 -81.175965
-0.495756 -13.159096 -81.175965
-0.495756 -13.159096 -81.175965
-0.495756 -13.159096 -81.175965
-0.504326 -13.165628 -81.175289
-0.504326 -13.165628 -81.175289
-0.504326 -13.165628 -81.175289
-0.504326 -13.165628 -81.175289
-0.504326 -13.165628 -81.175289
-0.504326 -13.165628 -81.175289
-0.504326 -13.165628 -81.175289
-0.504326 -13.165628 -81.175289
-0.497058 -13.172272 -81.132689
-0.497058 -13.172272 -81.132689
-0.497058 -13.172272 -81.132689
-0.497058 -13.172272 -81.132689
-0.497058 -13.172272 -81.132689
-0.497058 -13.172272 -81.132689
-0.497058 -13.172272 -81.132689
-0.484524 -13.173503 -81.058636
-0.484524 -13.173503 -81.058636
-0.484524 -13.173503 -81.058636
-0.484524 -13.173503 -81.058636
-0.484524 -13.173503 -81.058636
-0.484524 -13.173503 -81.058636
-0.484524 -13.173503 -81.058636
-0.484524 -13.173503 -81.058636
-0.484524 -13.173503 -81.058636
-0.497810 -13.174029 -81.061368
-0.497810 -13.174029 -81.061368
-0.497810 -13.174029 -81.061368
-0.497810 -13.174029 -81.061368
-0.497810 -13.174029 -81.061368
-0.497810 -13.174029 -81.061368
-0.497810 -13.174029 -81.061368
-0.497810 -13.174029 -81.061368
-0.492869 -13.171328 -81.027928
-0.492869 -13.171328 -81.027928
-0.492869 -13.171328 -81.027928
-0.492869 -13.171328 -81.027928
-0.492869 -13.171328 -81.027928
-0.492869 -13.171328 -81.027928
-0.492869 -13.171328 -81.027928
-0.492869 -13.171328 -81.027928
-0.492869 -13.171328 -81.027928
-0.491810 -13.169068 -80.995539
-0.491810 -13.169068 -80.995539
-0.491810 -13.169068 -80.995539
-0.491810 -13.169068 -80.995539
-0.491810 -13.169068 -80.995539
-0.491810 -13.169068 -80.995539
-0.491810 -13.169068 -80.995539
-0.491810 -13.169068 -80.995539
-0.491810 -13.169068 -80.995539
-0.491810 -13.169068 -80.995539
-0.513176 -13.165938 -81.052475
-0.513176 -13.165938 -81.052475
-0.513176 -13.165938 -81.052475
-0.513176 -13.165938 -81.052475
-0.513176 -13.165938 -81.052475
-0.513176 -13.165938 -81.052475
-0.513176 -13.165938 -81.052475
-0.513176 -13.165938 -81.052475
-0.517121 -13.175875 -81.025366
-0.517121 -13.175875 -81.025366
-0.517121 -13.175875 -81.025366
-0.517121 -13.175875 -81.025366
-0.517121 -13.175875 -81.025366
-0.517121 -13.175875 -81.025366
-0.517121 -13.175875 -81.025366
-0.517121 -13.175875 -81.025366
-0.517121 -13.175875 -81.025366
-0.505635 -13.186763 -81.000532
-0.505635 -13.186763 -81.000532
-0.505635 -13.186763 -81.000532
-0.505635 -13.186763 -81.000532
-0.505635 -13.186763 -81.000532
-0.505635 -13.186763 -81.000532
-0.505635 -13.186763 -81.000532
-0.505635 -13.186763 -81.000532
-0.505635 -13.186763 -81.000532
3.887136 -12.846282 -80.813098
3.887136 -12.846282 -80.813098
3.887136 -12.846282 -80.813098
3.887136 -12.846282 -80.813098
3.887136 -12.846282 -80.813098
3.887136 -12.846282 -80.813098
3.887136 -12.846282 -80.813098
3.887136 -12.846282 -80.813098
5.349470 -16.559590 -90.584517
5.349470 -16.559590 -90.584517
5.349470 -16.559590 -90.584517
5.349470 -16.559590 -90.584517
5.349470 -16.559590 -90.584517
5.349470 -16.559590 -90.584517
5.349470 -16.559590 -90.584517
5.349470 -16.559590 -90.584517
1.973549 -13.512086 -69.002799
1.973549 -13.512086 -69.002799
1.973549 -13.512086 -69.002799
1.973549 -13.512086 -69.002799
1.973549 -13.512086 -69.002799
1.973549 -13.512086 -69.002799
1.973549 -13.512086 -69.002799
1.973549 -13.512086 -69.002799
2.519500 -12.497411 -56.576923
2.519500 -12.497411 -56.576923
2.519500 -12.497411 -56.576923
2.519500 -12.497411 -56.576923
2.519500 -12.497411 -56.576923
2.519500 -12.497411 -56.576923
2.519500 -12.497411 -56.576923
2.519500 -12.497411 -56.576923
2.519500 -12.497411 -56.576923
0.776848 -14.845587 -46.219241
0.776848 -14.845587 -46.219241
0.776848 -14.845587 -46.219241
0.776848 -14.845587 -46.219241
0.776848 -14.845587 -46.219241
0.776848 -14.845587 -46.219241
0.776848 -14.845587 -46.219241
0.776848 -14.845587 -46.219241
3.929929 -14.557773 -39.663332
3.929929 -14.557773 -39.663332
3.929929 -14.557773 -39.663332
3.929929 -14.557773 -39.663332
3.929929 -14.557773 -39.663332
3.929929 -14.557773 -39.663332
3.929929 -14.557773 -39.663332
3.929929 -14.557773 -39.663332
4.773994 -14.495915 -35.596473
4.773994 -14.495915 -35.596473
4.773994 -14.495915 -35.596473
4.773994 -14.495915 -35.596473
4.773994 -14.495915 -35.596473
4.773994 -14.495915 -35.596473
4.773994 -14.495915 -35.596473
4.773994 -14.495915 -35.596473
4.773994 -14.495915 -35.596473
3.333376 -14.177358 -30.887871
3.333376 -14.177358 -30.887871
3.333376 -14.177358 -30.887871
3.333376 -14.177358 -30.887871
3.333376 -14.177358 -30.887871
3.333376 -14.177358 -30.887871
3.333376 -14.177358 -30.887871
3.333376 -14.177358 -30.887871
3.333376 -14.177358 -30.887871
4.380158 -14.499781 -28.013982
4.380158 -14.499781 -28.013982
4.380158 -14.499781 -28.013982
4.380158 -14.499781 -28.013982
4.380158 -14.499781 -28.013982
4.380158 -14.499781 -28.013982
4.380158 -14.499781 -28.013982
4.380158 -14.499781 -28.013982
4.718138 -14.645568 -24.770478
4.718138 -14.645568 -24.770478
4.718138 -14.645568 -24.770478
4.718138 -14.645568 -24.770478
4.718138 -14.645568 -24.770478
4.718138 -14.645568 -24.770478
4.718138 -14.645568 -24.770478
4.718138 -14.645568 -24.770478
4.718138 -14.645568 -24.770478
5.143345 -15.603123 -22.595567
5.143345 -15.603123 -22.595567
5.143345 -15.603123 -22.595567
5.143345 -15.603123 -22.595567
5.143345 -15.603123 -22.595567
5.143345 -15.603123 -22.595567
5.143345 -15.603123 -22.595567
5.143345 -15.603123 -22.595567
4.926740 -15.664740 -20.477747
4.926740 -15.664740 -20.477747
4.926740 -15.664740 -20.477747
4.926740 -15.664740 -20.477747
4.926740 -15.664740 -20.477747
4.926740 -15.664740 -20.477747
4.926740 -15.664740 -20.477747
4.926740 -15.664740 -20.477747
4.926740 -15.664740 -20.477747
4.845442 -16.369605 -18.727547
4.845442 -16.369605 -18.727547
4.845442 -16.369605 -18.727547
4.845442 -16.369605 -18.727547
4.845442 -16.369605 -18.727547
4.845442 -16.369605 -18.727547
4.845442 -16.369605 -18.727547
4.845442 -16.369605 -18.727547
4.374575 -16.416768 -16.835597
4.374575 -16.416768 -16.835597
4.374575 -16.416768 -16.835597
4.374575 -16.416768 -16.835597
4.374575 -16.416768 -16.835597
4.374575 -16.416768 -16.835597
4.374575 -16.416768 -16.835597
4.374575 -16.416768 -16.835597
4.346846 -16.723635 -15.509802
4.346846 -16.723635 -15.509802
4.346846 -16.723635 -15.509802
4.346846 -16.723635 -15.509802
4.346846 -16.723635 -15.509802
4.346846 -16.723635 -15.509802
4.346846 -16.723635 -15.509802
4.346846 -16.723635 -15.509802
4.346846 -16.723635 -15.509802
2.968839 -16.945254 -14.420281
2.968839 -16.945254 -14.420281
2.968839 -16.945254 -14.420281
2.968839 -16.945254 -14.420281
2.968839 -16.945254 -14.420281
2.968839 -16.945254 -14.420281
2.968839 -16.945254 -14.420281
2.968839 -16.945254 -14.420281
1.639118 -17.276053 -14.228880
1.639118 -17.276053 -14.228880
1.639118 -17.276053 -14.228880
1.639118 -17.276053 -14.228880
1.639118 -17.276053 -14.228880
1.639118 -17.276053 -14.228880
1.639118 -17.276053 -14.228880
1.639118 -17.276053 -14.228880
1.639118 -17.276053 -14.228880
0.567270 -17.959475 -14.559979
0.567270 -17.959475 -14.559979
0.567270 -17.959475 -14.559979
0.567270 -17.959475 -14.559979
0.567270 -17.959475 -14.559979
0.567270 -17.959475 -14.559979
0.567270 -17.959475 -14.559979
0.567270 -17.959475 -14.559979
0.554037 -18.300491 -15.840498
0.554037 -18.300491 -15.840498
0.554037 -18.300491 -15.840498
0.554037 -18.300491 -15.840498
0.554037 -18.300491 -15.840498
0.554037 -18.300491 -15.840498
0.554037 -18.300491 -15.840498
0.554037 -18.300491 -15.840498
-2.222167 -19.287978 -14.323204
-2.222167 -19.287978 -14.323204
-2.222167 -19.287978 -14.323204
-2.222167 -19.287978 -14.323204
-2.222167 -19.287978 -14.323204
-2.222167 -19.287978 -14.323204
-2.222167 -19.287978 -14.323204
-2.222167 -19.287978 -14.323204
-2.222167 -19.287978 -14.323204
-2.870510 -21.263692 -14.901190
-2.870510 -21.263692 -14.901190
-2.870510 -21.263692 -14.901190
-2.870510 -21.263692 -14.901190
-2.870510 -21.263692 -14.901190
-2.870510 -21.263692 -14.901190
-2.870510 -21.263692 -14.901190
-2.870510 -21.263692 -14.901190
-2.949993 -24.161652 -17.769639
-2.949993 -24.161652 -17.769639
-2.949993 -24.161652 -17.769639
-2.949993 -24.161652 -17.769639
-2.949993 -24.161652 -17.769639
-2.949993 -24.161652 -17.769639
-2.949993 -24.161652 -17.769639
-2.949993 -24.161652 -17.769639
-2.949993 -24.161652 -17.769639
-3.570541 -27.538561 -23.798235
-3.570541 -27.538561 -23.798235
-3.570541 -27.538561 -23.798235
-3.570541 -27.538561 -23.798235
-3.570541 -27.538561 -23.798235
-3.570541 -27.538561 -23.798235
-3.570541 -27.538561 -23.798235
-3.570541 -27.538561 -23.798235
-5.268145 -28.739640 -27.528048
-5.268145 -28.739640 -27.528048
-5.268145 -28.739640 -27.528048
-5.268145 -28.739640 -27.528048
-5.268145 -28.739640 -27.528048
-5.268145 -28.739640 -27.528048
-5.268145 -28.739640 -27.528048
-5.268145 -28.739640 -27.528048
-5.268145 -28.739640 -27.528048
-6.292226 -31.101673 -31.757822
-6.292226 -31.101673 -31.757822
-6.292226 -31.101673 -31.757822
-6.292226 -31.101673 -31.757822
-6.292226 -31.101673 -31.757822
-6.292226 -31.101673 -31.757822
-6.292226 -31.101673 -31.757822
-6.292226 -31.101673 -31.757822
-6.292226 -31.101673 -31.757822
-5.624820 -34.809687 -36.885682
-5.624820 -34.809687 -36.885682
-5.624820 -34.809687 -36.885682
-5.624820 -34.809687 -36.885682
-5.624820 -34.809687 -36.885682
-5.624820 -34.809687 -36.885682
-5.624820 -34.809687 -36.885682
-5.624820 -34.809687 -36.885682
-4.976672 -36.550074 -41.939711
-4.976672 -36.550074 -41.939711
-4.976672 -36.550074 -41.939711
-4.976672 -36.550074 -41.939711
-4.976672 -36.550074 -41.939711
-4.976672 -36.550074 -41.939711
-4.976672 -36.550074 -41.939711
-4.976672 -36.550074 -41.939711
-4.699346 -38.530631 -44.367758
-4.699346 -38.530631 -44.367758
-4.699346 -38.530631 -44.367758
-4.699346 -38.530631 -44.367758
-4.699346 -38.530631 -44.367758
-4.699346 -38.530631 -44.367758
-4.699346 -38.530631 -44.367758
-4.699346 -38.530631 -44.367758
-4.821670 -42.903782 -48.496877
-4.821670 -42.903782 -48.496877
-4.821670 -42.903782 -48.496877
-4.821670 -42.903782 -48.496877
-4.821670 -42.903782 -48.496877
-4.821670 -42.903782 -48.496877
-4.821670 -42.903782 -48.496877
-4.821670 -42.903782 -48.496877
-4.821670 -42.903782 -48.496877
-6.268720 -43.920545 -52.247307
-6.268720 -43.920545 -52.247307
-6.268720 -43.920545 -52.247307
-6.268720 -43.920545 -52.247307
-6.268720 -43.920545 -52.247307
-6.268720 -43.920545 -52.247307
-6.268720 -43.920545 -52.247307
-6.268720 -43.920545 -52.247307
-6.268720 -43.920545 -52.247307
-5.468840 -43.809124 -55.920743
-5.468840 -43.809124 -55.920743
-5.468840 -43.809124 -55.920743
-5.468840 -43.809124 -55.920743
-5.468840 -43.809124 -55.920743
-5.468840 -43.809124 -55.920743
-5.468840 -43.809124 -55.920743
-5.468840 -43.809124 -55.920743
-5.468840 -43.809124 -55.920743
-4.589036 -43.480527 -58.766729
-4.589036 -43.480527 -58.766729
-4.589036 -43.480527 -58.766729
-4.589036 -43.480527 -58.766729
-4.589036 -43.480527 -58.766729
-4.589036 -43.480527 -58.766729
-4.589036 -43.480527 -58.766729
-4.589036 -43.480527 -58.766729
-4.820028 -43.726663 -59.024220
-4.820028 -43.726663 -59.024220
-4.820028 -43.726663 -59.024220
-4.820028 -43.726663 -59.024220
-4.820028 -43.726663 -59.024220
-4.820028 -43.726663 -59.024220
-4.820028 -43.726663 -59.024220
-4.820028 -43.726663 -59.024220
-4.820028 -43.726663 -59.024220
-6.026132 -45.084627 -58.876449
-6.026132 -45.084627 -58.876449
-6.026132 -45.084627 -58.876449
-6.026132 -45.084627 -58.876449
-6.026132 -45.084627 -58.876449
-6.026132 -45.084627 -58.876449
-6.026132 -45.084627 -58.876449
-6.026132 -45.084627 -58.876449
-6.026132 -45.084627 -58.876449
-6.030576 -45.241756 -57.648012
-6.030576 -45.241756 -57.648012
-6.030576 -45.241756 -57.648012
-6.030576 -45.241756 -57.648012
-6.030576 -45.241756 -57.648012
-6.030576 -45.241756 -57.648012
-6.030576 -45.241756 -57.648012
-6.030576 -45.241756 -57.648012
-5.621060 -44.583517 -59.150203
-5.621060 -44.583517 -59.150203
-5.621060 -44.583517 -59.150203
-5.621060 -44.583517 -59.150203
-5.621060 -44.583517 -59.150203
-5.621060 -44.583517 -59.150203
-5.621060 -44.583517 -59.150203
-5.621060 -44.583517 -59.150203
-5.621060 -44.583517 -59.150203
-4.221506 -43.838647 -60.476257
-4.221506 -43.838647 -60.476257
-4.221506 -43.838647 -60.476257
-4.221506 -43.838647 -60.476257
-4.221506 -43.838647 -60.476257
-4.221506 -43.838647 -60.476257
-4.221506 -43.838647 -60.476257
-4.221506 -43.838647 -60.476257
-4.221506 -43.838647 -60.476257
-2.782605 -43.634254 -60.448991
-2.782605 -43.634254 -60.448991
-2.782605 -43.634254 -60.448991
-2.782605 -43.634254 -60.448991
-2.782605 -43.634254 -60.448991
-2.782605 -43.634254 -60.448991
-2.782605 -43.634254 -60.448991
-2.782605 -43.634254 -60.448991
-1.207504 -43.826810 -60.497362
-1.207504 -43.826810 -60.497362
-1.207504 -43.826810 -60.497362
-1.207504 -43.826810 -60.497362
-1.207504 -43.826810 -60.497362
-1.207504 -43.826810 -60.497362
-1.207504 -43.826810 -60.497362
-0.114031 -43.883313 -60.120391
-0.114031 -43.883313 -60.120391
-0.114031 -43.883313 -60.120391
-0.114031 -43.883313 -60.120391
-0.114031 -43.883313 -60.120391
-0.114031 -43.883313 -60.120391
-0.114031 -43.883313 -60.120391
-0.114031 -43.883313 -60.120391
-0.114031 -43.883313 -60.120391
0.331239 -44.052576 -61.778173
0.331239 -44.052576 -61.778173
0.331239 -44.052576 -61.778173
0.331239 -44.052576 -61.778173
0.331239 -44.052576 -61.778173
0.331239 -44.052576 -61.778173
0.331239 -44.052576 -61.778173
0.331239 -44.052576 -61.778173
0.331239 -44.052576 -61.778173
0.401391 -46.084488 -68.326535
0.401391 -46.084488 -68.326535
0.401391 -46.084488 -68.326535
0.401391 -46.084488 -68.326535
0.401391 -46.084488 -68.326535
0.401391 -46.084488 -68.326535
0.401391 -46.084488 -68.326535
0.401391 -46.084488 -68.326535
0.401391 -46.084488 -68.326535
-0.804479 -45.670733 -72.295579
-0.804479 -45.670733 -72.295579
-0.804479 -45.670733 -72.295579
-0.804479 -45.670733 -72.295579
-0.804479 -45.670733 -72.295579
-0.804479 -45.670733 -72.295579
-0.804479 -45.670733 -72.295579
-0.804479 -45.670733 -72.295579
-0.804479 -45.670733 -72.295579
-2.462544 -44.791790 -73.187410
-2.462544 -44.791790 -73.187410
-2.462544 -44.791790 -73.187410
-2.462544 -44.791790 -73.187410
-2.462544 -44.791790 -73.187410
-2.462544 -44.791790 -73.187410
-2.462544 -44.791790 -73.187410
-2.462544 -44.791790 -73.187410
-4.108128 -44.509857 -74.584587
-4.108128 -44.509857 -74.584587
-4.108128 -44.509857 -74.584587
-4.108128 -44.509857 -74.584587
-4.108128 -44.509857 -74.584587
-4.108128 -44.509857 -74.584587
-4.108128 -44.509857 -74.584587
-4.108128 -44.509857 -74.584587
-4.108128 -44.509857 -74.584587
-4.915763 -44.624867 -75.617079
-4.915763 -44.624867 -75.617079
-4.915763 -44.624867 -75.617079
-4.915763 -44.624867 -75.617079
-4.915763 -44.624867 -75.617079
-4.915763 -44.624867 -75.617079
-4.915763 -44.624867 -75.617079
-4.915763 -44.624867 -75.617079
-4.915763 -44.624867 -75.617079
-4.565751 -44.578637 -77.360826
-4.565751 -44.578637 -77.360826
-4.565751 -44.578637 -77.360826
-4.565751 -44.578637 -77.360826
-4.565751 -44.578637 -77.360826
-4.565751 -44.578637 -77.360826
-4.565751 -44.578637 -77.360826
-4.565751 -44.578637 -77.360826
-4.565751 -44.578637 -77.360826
-4.134282 -44.364398 -78.702897
-4.134282 -44.364398 -78.702897
-4.134282 -44.364398 -78.702897
-4.134282 -44.364398 -78.702897
-4.134282 -44.364398 -78.702897
-4.134282 -44.364398 -78.702897
-4.134282 -44.364398 -78.702897
-4.134282 -44.364398 -78.702897
-3.880716 -43.975012 -80.429501
-3.880716 -43.975012 -80.429501
-3.880716 -43.975012 -80.429501
-3.880716 -43.975012 -80.429501
-3.880716 -43.975012 -80.429501
-3.880716 -43.975012 -80.429501
-3.880716 -43.975012 -80.429501
-3.880716 -43.975012 -80.429501
-3.880716 -43.975012 -80.429501
-3.194624 -43.965398 -80.930092
-3.194624 -43.965398 -80.930092
-3.194624 -43.965398 -80.930092
-3.194624 -43.965398 -80.930092
-3.194624 -43.965398 -80.930092
-3.194624 -43.965398 -80.930092
-3.194624 -43.965398 -80.930092
-3.194624 -43.965398 -80.930092
-2.973967 -43.886745 -82.119747
-2.973967 -43.886745 -82.119747
-2.973967 -43.886745 -82.119747
-2.973967 -43.886745 -82.119747
-2.973967 -43.886745 -82.119747
-2.973967 -43.886745 -82.119747
-2.973967 -43.886745 -82.119747
-2.973967 -43.886745 -82.119747
-2.973967 -43.886745 -82.119747
-1.473603 -42.296534 -80.076755
-1.473603 -42.296534 -80.076755
-1.473603 -42.296534 -80.076755
-1.473603 -42.296534 -80.076755
-1.473603 -42.296534 -80.076755
-1.473603 -42.296534 -80.076755
-1.473603 -42.296534 -80.076755
-1.473603 -42.296534 -80.076755
-1.473603 -42.296534 -80.076755
-4.719271 -41.787200 -81.390010
-4.719271 -41.787200 -81.390010
-4.719271 -41.787200 -81.390010
-4.719271 -41.787200 -81.390010
-4.719271 -41.787200 -81.390010
-4.719271 -41.787200 -81.390010
-4.719271 -41.787200 -81.390010
-4.719271 -41.787200 -81.390010
-4.719271 -41.787200 -81.390010
-1.064615 -45.425659 -86.745896
-1.064615 -45.425659 -86.745896
-1.064615 -45.425659 -86.745896
-1.064615 -45.425659 -86.745896
-1.064615 -45.425659 -86.745896
-1.064615 -45.425659 -86.745896
-1.064615 -45.425659 -86.745896
-1.064615 -45.425659 -86.745896
-1.064615 -45.425659 -86.745896
0.295405 -46.738202 -85.031948
0.295405 -46.738202 -85.031948
0.295405 -46.738202 -85.031948
0.295405 -46.738202 -85.031948
0.295405 -46.738202 -85.031948
0.295405 -46.738202 -85.031948
0.295405 -46.738202 -85.031948
0.295405 -46.738202 -85.031948
0.295405 -46.738202 -85.031948
2.090303 -44.823714 -83.164595
2.090303 -44.823714 -83.164595
2.090303 -44.823714 -83.164595
2.090303 -44.823714 -83.164595
2.090303 -44.823714 -83.164595
2.090303 -44.823714 -83.164595
2.090303 -44.823714 -83.164595
2.090303 -44.823714 -83.164595
2.640640 -43.727995 -81.717640
2.640640 -43.727995 -81.717640
2.640640 -43.727995 -81.717640
2.640640 -43.727995 -81.717640
2.640640 -43.727995 -81.717640
2.640640 -43.727995 -81.717640
2.640640 -43.727995 -81.717640
2.640640 -43.727995 -81.717640
2.640640 -43.727995 -81.717640
3.185568 -43.434327 -80.017900
3.185568 -43.434327 -80.017900
3.185568 -43.434327 -80.017900
3.185568 -43.434327 -80.017900
3.185568 -43.434327 -80.017900
3.185568 -43.434327 -80.017900
3.185568 -43.434327 -80.017900
3.185568 -43.434327 -80.017900
3.185568 -43.434327 -80.017900
3.185568 -43.434327 -80.017900
6.196738 -43.714495 -80.483602
6.196738 -43.714495 -80.483602
6.196738 -43.714495 -80.483602
6.196738 -43.714495 -80.483602
6.196738 -43.714495 -80.483602
6.196738 -43.714495 -80.483602
6.196738 -43.714495 -80.483602
6.196738 -43.714495 -80.483602
6.196738 -43.714495 -80.483602
7.852518 -43.136459 -86.438544
7.852518 -43.136459 -86.438544
7.852518 -43.136459 -86.438544
7.852518 -43.136459 -86.438544
7.852518 -43.136459 -86.438544
7.852518 -43.136459 -86.438544
7.852518 -43.136459 -86.438544
7.852518 -43.136459 -86.438544
7.852518 -43.136459 -86.438544
1.467011 -44.037648 -87.863069
1.467011 -44.037648 -87.863069
1.467011 -44.037648 -87.863069
1.467011 -44.037648 -87.863069
1.467011 -44.037648 -87.863069
1.467011 -44.037648 -87.863069
1.467011 -44.037648 -87.863069
1.467011 -44.037648 -87.863069
-2.178919 -44.562128 -82.541655
-2.178919 -44.562128 -82.541655
-2.178919 -44.562128 -82.541655
-2.178919 -44.562128 -82.541655
-2.178919 -44.562128 -82.541655
-2.178919 -44.562128 -82.541655
-2.178919 -44.562128 -82.541655
-2.178919 -44.562128 -82.541655
-2.178919 -44.562128 -82.541655
0.278740 -42.889288 -83.028872
0.278740 -42.889288 -83.028872
0.278740 -42.889288 -83.028872
0.278740 -42.889288 -83.028872
0.278740 -42.889288 -83.028872
0.278740 -42.889288 -83.028872
0.278740 -42.889288 -83.028872
0.278740 -42.889288 -83.028872
0.278740 -42.889288 -83.028872
0.278740 -42.889288 -83.028872
-2.573704 -39.638405 -78.070934
-2.573704 -39.638405 -78.070934
-2.573704 -39.638405 -78.070934
-2.573704 -39.638405 -78.070934
-2.573704 -39.638405 -78.070934
-2.573704 -39.638405 -78.070934
-2.573704 -39.638405 -78.070934
-2.573704 -39.638405 -78.070934
-2.573704 -39.638405 -78.070934
-0.148786 -31.489887 -75.168725
-0.148786 -31.489887 -75.168725
-0.148786 -31.489887 -75.168725
-0.148786 -31.489887 -75.168725
-0.148786 -31.489887 -75.168725
-0.148786 -31.489887 -75.168725
-0.148786 -31.489887 -75.168725
-0.148786 -31.489887 -75.168725
-0.148786 -31.489887 -75.168725
0.614444 -31.620870 -68.721504
0.614444 -31.620870 -68.721504
0.614444 -31.620870 -68.721504
0.614444 -31.620870 -68.721504
0.614444 -31.620870 -68.721504
0.614444 -31.620870 -68.721504
0.614444 -31.620870 -68.721504
0.614444 -31.620870 -68.721504
0.614444 -31.620870 -68.721504
4.898194 -35.770947 -68.207130
4.898194 -35.770947 -68.207130
4.898194 -35.770947 -68.207130
4.898194 -35.770947 -68.207130
4.898194 -35.770947 -68.207130
4.898194 -35.770947 -68.207130
4.898194 -35.770947 -68.207130
14.510447 -31.003772 -73.052985
14.510447 -31.003772 -73.052985
14.510447 -31.003772 -73.052985
14.510447 -31.003772 -73.052985
14.510447 -31.003772 -73.052985
14.510447 -31.003772 -73.052985
14.510447 -31.003772 -73.052985
14.510447 -31.003772 -73.052985
7.941401 -26.795341 -73.446944
7.941401 -26.795341 -73.446944
7.941401 -26.795341 -73.446944
7.941401 -26.795341 -73.446944
7.941401 -26.795341 -73.446944
7.941401 -26.795341 -73.446944
7.941401 -26.795341 -73.446944
7.941401 -26.795341 -73.446944
7.941401 -26.795341 -73.446944
-1.217812 -25.401021 -82.479117
-1.217812 -25.401021 -82.479117
-1.217812 -25.401021 -82.479117
-1.217812 -25.401021 -82.479117
-1.217812 -25.401021 -82.479117
-1.217812 -25.401021 -82.479117
-1.217812 -25.401021 -82.479117
-1.217812 -25.401021 -82.479117
-4.429693 -25.476891 -85.033553
-4.429693 -25.476891 -85.033553
-4.429693 -25.476891 -85.033553
-4.429693 -25.476891 -85.033553
-4.429693 -25.476891 -85.033553
-4.429693 -25.476891 -85.033553
-4.429693 -25.476891 -85.033553
-4.429693 -25.476891 -85.033553
-6.170088 -27.150673 -82.911448
-6.170088 -27.150673 -82.911448
-6.170088 -27.150673 -82.911448
-6.170088 -27.150673 -82.911448
-6.170088 -27.150673 -82.911448
-6.170088 -27.150673 -82.911448
-6.170088 -27.150673 -82.911448
-6.170088 -27.150673 -82.911448
-7.940927 -25.518126 -69.844073
-7.940927 -25.518126 -69.844073
-7.940927 -25.518126 -69.844073
-7.940927 -25.518126 -69.844073
-7.940927 -25.518126 -69.844073
-7.940927 -25.518126 -69.844073
-7.940927 -25.518126 -69.844073
-7.940927 -25.518126 -69.844073
-7.940927 -25.518126 -69.844073
-5.541276 -20.952956 -71.403809
-5.541276 -20.952956 -71.403809
-5.541276 -20.952956 -71.403809
-5.541276 -20.952956 -71.403809
-5.541276 -20.952956 -71.403809
-5.541276 -20.952956 -71.403809
-5.541276 -20.952956 -71.403809
-5.541276 -20.952956 -71.403809
-5.541276 -20.952956 -71.403809
11.878395 -36.040344 -76.007424
11.878395 -36.040344 -76.007424
11.878395 -36.040344 -76.007424
11.878395 -36.040344 -76.007424
11.878395 -36.040344 -76.007424
11.878395 -36.040344 -76.007424
11.878395 -36.040344 -76.007424
11.878395 -36.040344 -76.007424
22.822317 -30.703305 -72.772333
22.822317 -30.703305 -72.772333
22.822317 -30.703305 -72.772333
22.822317 -30.703305 -72.772333
22.822317 -30.703305 -72.772333
22.822317 -30.703305 -72.772333
22.822317 -30.703305 -72.772333
22.822317 -30.703305 -72.772333
23.888315 -26.308188 -60.265689
23.888315 -26.308188 -60.265689
23.888315 -26.308188 -60.265689
23.888315 -26.308188 -60.265689
23.888315 -26.308188 -60.265689
23.888315 -26.308188 -60.265689
23.888315 -26.308188 -60.265689
23.888315 -26.308188 -60.265689
23.888315 -26.308188 -60.265689
16.720308 -19.784116 -39.584631
16.720308 -19.784116 -39.584631
16.720308 -19.784116 -39.584631
16.720308 -19.784116 -39.584631
16.720308 -19.784116 -39.584631
16.720308 -19.784116 -39.584631
16.720308 -19.784116 -39.584631
16.720308 -19.784116 -39.584631
12.822108 -17.764438 -29.644674
12.822108 -17.764438 -29.644674
12.822108 -17.764438 -29.644674
12.822108 -17.764438 -29.644674
12.822108 -17.764438 -29.644674
12.822108 -17.764438 -29.644674
12.822108 -17.764438 -29.644674
12.822108 -17.764438 -29.644674
17.102686 -24.376457 -36.958635
17.102686 -24.376457 -36.958635
17.102686 -24.376457 -36.958635
17.102686 -24.376457 -36.958635
17.102686 -24.376457 -36.958635
17.102686 -24.376457 -36.958635
17.102686 -24.376457 -36.958635
17.102686 -24.376457 -36.958635
17.102686 -24.376457 -36.958635
14.236744 -26.879586 -33.641202
14.236744 -26.879586 -33.641202
14.236744 -26.879586 -33.641202
14.236744 -26.879586 -33.641202
14.236744 -26.879586 -33.641202
14.236744 -26.879586 -33.641202
14.236744 -26.879586 -33.641202
-0.823921 -30.491730 -34.283209
-0.823921 -30.491730 -34.283209
-0.823921 -30.491730 -34.283209
-0.823921 -30.491730 -34.283209
-0.823921 -30.491730 -34.283209
-0.823921 -30.491730 -34.283209
-0.823921 -30.491730 -34.283209
-0.823921 -30.491730 -34.283209
-0.823921 -30.491730 -34.283209
-1.304906 -33.330944 -46.505078
-1.304906 -33.330944 -46.505078
-1.304906 -33.330944 -46.505078
-1.304906 -33.330944 -46.505078
-1.304906 -33.330944 -46.505078
-1.304906 -33.330944 -46.505078
-1.304906 -33.330944 -46.505078
-1.304906 -33.330944 -46.505078
-1.304906 -33.330944 -46.505078
-5.652646 -33.158871 -55.797058
-5.652646 -33.158871 -55.797058
-5.652646 -33.158871 -55.797058
-5.652646 -33.158871 -55.797058
-5.652646 -33.158871 -55.797058
-5.652646 -33.158871 -55.797058
-5.652646 -33.158871 -55.797058
-5.652646 -33.158871 -55.797058
-3.829010 -34.047165 -57.632105
-3.829010 -34.047165 -57.632105
-3.829010 -34.047165 -57.632105
-3.829010 -34.047165 -57.632105
-3.829010 -34.047165 -57.632105
-3.829010 -34.047165 -57.632105
-3.829010 -34.047165 -57.632105
-3.829010 -34.047165 -57.632105
-2.545900 -32.872584 -59.834103
-2.545900 -32.872584 -59.834103
-2.545900 -32.872584 -59.834103
-2.545900 -32.872584 -59.834103
-2.545900 -32.872584 -59.834103
-2.545900 -32.872584 -59.834103
-2.545900 -32.872584 -59.834103
-2.545900 -32.872584 -59.834103
-2.545900 -32.872584 -59.834103
-1.426690 -33.280565 -59.353688
-1.426690 -33.280565 -59.353688
-1.426690 -33.280565 -59.353688
-1.426690 -33.280565 -59.353688
-1.426690 -33.280565 -59.353688
-1.426690 -33.280565 -59.353688
-1.426690 -33.280565 -59.353688
-1.426690 -33.280565 -59.353688
-0.113749 -36.255621 -65.608987
-0.113749 -36.255621 -65.608987
-0.113749 -36.255621 -65.608987
-0.113749 -36.255621 -65.608987
-0.113749 -36.255621 -65.608987
-0.113749 -36.255621 -65.608987
-0.113749 -36.255621 -65.608987
-0.113749 -36.255621 -65.608987
-0.725947 -34.562205 -76.252068
-0.725947 -34.562205 -76.252068
-0.725947 -34.562205 -76.252068
-0.725947 -34.562205 -76.252068
-0.725947 -34.562205 -76.252068
-0.725947 -34.562205 -76.252068
-0.725947 -34.562205 -76.252068
-0.725947 -34.562205 -76.252068
-1.267949 -34.700209 -88.736971
-1.267949 -34.700209 -88.736971
-1.267949 -34.700209 -88.736971
-1.267949 -34.700209 -88.736971
-1.267949 -34.700209 -88.736971
-1.267949 -34.700209 -88.736971
-1.267949 -34.700209 -88.736971
-1.267949 -34.700209 -88.736971
-1.267949 -34.700209 -88.736971
-2.922019 -40.239083 -124.746521
-2.922019 -40.239083 -124.746521
-2.922019 -40.239083 -124.746521
-2.922019 -40.239083 -124.746521
-2.922019 -40.239083 -124.746521
-2.922019 -40.239083 -124.746521
-2.922019 -40.239083 -124.746521
-2.922019 -40.239083 -124.746521
-2.922019 -40.239083 -124.746521
-9.626512 -36.315873 -149.528769
-9.626512 -36.315873 -149.528769
-9.626512 -36.315873 -149.528769
-9.626512 -36.315873 -149.528769
-9.626512 -36.315873 -149.528769
-9.626512 -36.315873 -149.528769
-9.626512 -36.315873 -149.528769
-9.626512 -36.315873 -149.528769
-12.985395 -14.525055 -145.406682
-12.985395 -14.525055 -145.406682
-12.985395 -14.525055 -145.406682
-12.985395 -14.525055 -145.406682
-12.985395 -14.525055 -145.406682
-12.985395 -14.525055 -145.406682
-12.985395 -14.525055 -145.406682
-12.985395 -14.525055 -145.406682
-16.306718 -17.741182 -151.101762
-16.306718 -17.741182 -151.101762
-16.306718 -17.741182 -151.101762
-16.306718 -17.741182 -151.101762
-16.306718 -17.741182 -151.101762
-16.306718 -17.741182 -151.101762
-16.306718 -17.741182 -151.101762
-16.306718 -17.741182 -151.101762
-16.306718 -17.741182 -151.101762
-15.038014 -17.852894 -167.624905
-15.038014 -17.852894 -167.624905
-15.038014 -17.852894 -167.624905
-15.038014 -17.852894 -167.624905
-15.038014 -17.852894 -167.624905
-15.038014 -17.852894 -167.624905
-15.038014 -17.852894 -167.624905
-15.038014 -17.852894 -167.624905
-13.331881 -28.789066 170.464884
-13.331881 -28.789066 170.464884
-13.331881 -28.789066 170.464884
-13.331881 -28.789066 170.464884
-13.331881 -28.789066 170.464884
-13.331881 -28.789066 170.464884
-13.331881 -28.789066 170.464884
-13.331881 -28.789066 170.464884
-12.658125 -32.306067 163.836103
-12.658125 -32.306067 163.836103
-12.658125 -32.306067 163.836103
-12.658125 -32.306067 163.836103
-12.658125 -32.306067 163.836103
-12.658125 -32.306067 163.836103
-12.658125 -32.306067 163.836103
-12.658125 -32.306067 163.836103
-11.988213 -40.233427 160.435434
-11.988213 -40.233427 160.435434
-11.988213 -40.233427 160.435434
-11.988213 -40.233427 160.435434
-11.988213 -40.233427 160.435434
-11.988213 -40.233427 160.435434
-11.988213 -40.233427 160.435434
-11.988213 -40.233427 160.435434
-11.988213 -40.233427 160.435434
-11.008898 -42.962597 160.716236
-11.008898 -42.962597 160.716236
-11.008898 -42.962597 160.716236
-11.008898 -42.962597 160.716236
-11.008898 -42.962597 160.716236
-11.008898 -42.962597 160.716236
-11.008898 -42.962597 160.716236
-11.008898 -42.962597 160.716236
-11.008898 -42.962597 160.716236
-10.049326 -45.854376 159.922842
-10.049326 -45.854376 159.922842
-10.049326 -45.854376 159.922842
-10.049326 -45.854376 159.922842
-10.049326 -45.854376 159.922842
-10.049326 -45.854376 159.922842
-10.049326 -45.854376 159.922842
-10.049326 -45.854376 159.922842
-10.049326 -45.854376 159.922842
-8.737350 -48.269521 153.262711
-8.737350 -48.269521 153.262711
-8.737350 -48.269521 153.262711
-8.737350 -48.269521 153.262711
-8.737350 -48.269521 153.262711
-8.737350 -48.269521 153.262711
-8.737350 -48.269521 153.262711
-8.737350 -48.269521 153.262711
-8.737350 -48.269521 153.262711
-6.628979 -39.731023 150.068272
-6.628979 -39.731023 150.068272
-6.628979 -39.731023 150.068272
-6.628979 -39.731023 150.068272
-6.628979 -39.731023 150.068272
-6.628979 -39.731023 150.068272
-6.628979 -39.731023 150.068272
-6.628979 -39.731023 150.068272
-6.628979 -39.731023 150.068272
-5.814228 -37.210092 148.024707
-5.814228 -37.210092 148.024707
-5.814228 -37.210092 148.024707
-5.814228 -37.210092 148.024707
-5.814228 -37.210092 148.024707
-5.814228 -37.210092 148.024707
-5.814228 -37.210092 148.024707
-5.814228 -37.210092 148.024707
-5.144469 -36.501982 144.790762
-5.144469 -36.501982 144.790762
-5.144469 -36.501982 144.790762
-5.144469 -36.501982 144.790762
-5.144469 -36.501982 144.790762
-5.144469 -36.501982 144.790762
-5.144469 -36.501982 144.790762
-5.144469 -36.501982 144.790762
-5.589502 -37.131504 142.799858
-5.589502 -37.131504 142.799858
-5.589502 -37.131504 142.799858
-5.589502 -37.131504 142.799858
-5.589502 -37.131504 142.799858
-5.589502 -37.131504 142.799858
-5.589502 -37.131504 142.799858
-5.589502 -37.131504 142.799858
-5.589502 -37.131504 142.799858
-5.372207 -37.300022 140.720421
-5.372207 -37.300022 140.720421
-5.372207 -37.300022 140.720421
-5.372207 -37.300022 140.720421
-5.372207 -37.300022 140.720421
-5.372207 -37.300022 140.720421
-5.372207 -37.300022 140.720421
-5.372207 -37.300022 140.720421
-5.372207 -37.300022 140.720421
-5.372207 -37.300022 140.720421
-5.402983 -37.675423 138.954461
-5.402983 -37.675423 138.954461
-5.402983 -37.675423 138.954461
-5.402983 -37.675423 138.954461
-5.402983 -37.675423 138.954461
-5.402983 -37.675423 138.954461
-5.402983 -37.675423 138.954461
-5.402983 -37.675423 138.954461
-5.356267 -42.844513 137.420865
-5.356267 -42.844513 137.420865
-5.356267 -42.844513 137.420865
-5.356267 -42.844513 137.420865
-5.356267 -42.844513 137.420865
-5.356267 -42.844513 137.420865
-5.356267 -42.844513 137.420865
-5.356267 -42.844513 137.420865
-5.356267 -42.844513 137.420865
-4.805906 -44.307307 136.209695
-4.805906 -44.307307 136.209695
-4.805906 -44.307307 136.209695
-4.805906 -44.307307 136.209695
-4.805906 -44.307307 136.209695
-4.805906 -44.307307 136.209695
-4.805906 -44.307307 136.209695
-4.805906 -44.307307 136.209695
-4.402602 -32.257576 135.651874
-4.402602 -32.257576 135.651874
-4.402602 -32.257576 135.651874
-4.402602 -32.257576 135.651874
-4.402602 -32.257576 135.651874
-4.402602 -32.257576 135.651874
-4.402602 -32.257576 135.651874
-4.402602 -32.257576 135.651874
-5.315849 -29.296997 133.167433
-5.315849 -29.296997 133.167433
-5.315849 -29.296997 133.167433
-5.315849 -29.296997 133.167433
-5.315849 -29.296997 133.167433
-5.315849 -29.296997 133.167433
-5.315849 -29.296997 133.167433
-5.315849 -29.296997 133.167433
-5.937416 -28.571067 131.893289
-5.937416 -28.571067 131.893289
-5.937416 -28.571067 131.893289
-5.937416 -28.571067 131.893289
-5.937416 -28.571067 131.893289
-5.937416 -28.571067 131.893289
-5.937416 -28.571067 131.893289
-5.937416 -28.571067 131.893289
-5.937416 -28.571067 131.893289
-7.721816 -25.058134 129.386760
-7.721816 -25.058134 129.386760
-7.721816 -25.058134 129.386760
-7.721816 -25.058134 129.386760
-7.721816 -25.058134 129.386760
-7.721816 -25.058134 129.386760
-7.721816 -25.058134 129.386760
-10.972085 -25.843727 131.976836
-10.972085 -25.843727 131.976836
-10.972085 -25.843727 131.976836
-10.972085 -25.843727 131.976836
-10.972085 -25.843727 131.976836
-10.972085 -25.843727 131.976836
-10.972085 -25.843727 131.976836
-10.972085 -25.843727 131.976836
-9.490583 -9.936692 129.955496
-9.490583 -9.936692 129.955496
-9.490583 -9.936692 129.955496
-9.490583 -9.936692 129.955496
-9.490583 -9.936692 129.955496
-9.490583 -9.936692 129.955496
-9.490583 -9.936692 129.955496
-9.490583 -9.936692 129.955496
-9.490583 -9.936692 129.955496
-3.230897 -4.673575 128.561236
-3.230897 -4.673575 128.561236
-3.230897 -4.673575 128.561236
-3.230897 -4.673575 128.561236
-3.230897 -4.673575 128.561236
-3.230897 -4.673575 128.561236
-3.230897 -4.673575 128.561236
-3.230897 -4.673575 128.561236
-6.551825 5.437757 118.120144
-6.551825 5.437757 118.120144
-6.551825 5.437757 118.120144
-6.551825 5.437757 118.120144
-6.551825 5.437757 118.120144
-6.551825 5.437757 118.120144
-6.551825 5.437757 118.120144
-6.551825 5.437757 118.120144
-0.303954 0.561422 120.626714
-0.303954 0.561422 120.626714
-0.303954 0.561422 120.626714
-0.303954 0.561422 120.626714
-0.303954 0.561422 120.626714
-0.303954 0.561422 120.626714
-0.303954 0.561422 120.626714
-0.303954 0.561422 120.626714
-0.303954 0.561422 120.626714
2.306534 -5.438090 122.067720
2.306534 -5.438090 122.067720
2.306534 -5.438090 122.067720
2.306534 -5.438090 122.067720
2.306534 -5.438090 122.067720
2.306534 -5.438090 122.067720
2.306534 -5.438090 122.067720
-1.669518 -0.621709 119.791655
-1.669518 -0.621709 119.791655
-1.669518 -0.621709 119.791655
-1.669518 -0.621709 119.791655
-1.669518 -0.621709 119.791655
-1.669518 -0.621709 119.791655
-1.669518 -0.621709 119.791655
-1.669518 -0.621709 119.791655
-1.669518 -0.621709 119.791655
-0.578829 -2.179647 119.607063
-0.578829 -2.179647 119.607063
-0.578829 -2.179647 119.607063
-0.578829 -2.179647 119.607063
-0.578829 -2.179647 119.607063
-0.578829 -2.179647 119.607063
-0.578829 -2.179647 119.607063
-0.578829 -2.179647 119.607063
-3.243033 -1.092382 120.522431
-3.243033 -1.092382 120.522431
-3.243033 -1.092382 120.522431
-3.243033 -1.092382 120.522431
-3.243033 -1.092382 120.522431
-3.243033 -1.092382 120.522431
-3.243033 -1.092382 120.522431
-2.096640 2.479515 120.350310
-2.096640 2.479515 120.350310
-2.096640 2.479515 120.350310
-2.096640 2.479515 120.350310
-2.096640 2.479515 120.350310
-2.096640 2.479515 120.350310
-2.096640 2.479515 120.350310
-2.096640 2.479515 120.350310
-3.174838 3.170264 123.254889
-3.174838 3.170264 123.254889
-3.174838 3.170264 123.254889
-3.174838 3.170264 123.254889
-3.174838 3.170264 123.254889
-3.174838 3.170264 123.254889
-3.174838 3.170264 123.254889
-3.174838 3.170264 123.254889
-4.273906 3.494979 125.531883
-4.273906 3.494979 125.531883
-4.273906 3.494979 125.531883
-4.273906 3.494979 125.531883
-4.273906 3.494979 125.531883
-4.273906 3.494979 125.531883
-4.273906 3.494979 125.531883
-4.273906 3.494979 125.531883
-3.713750 2.661704 128.562957
-3.713750 2.661704 128.562957
-3.713750 2.661704 128.562957
-3.713750 2.661704 128.562957
-3.713750 2.661704 128.562957
-3.713750 2.661704 128.562957
-3.713750 2.661704 128.562957
-3.713750 2.661704 128.562957
-3.713750 2.661704 128.562957
-0.649771 1.800719 129.696454
-0.649771 1.800719 129.696454
-0.649771 1.800719 129.696454
-0.649771 1.800719 129.696454
-0.649771 1.800719 129.696454
-0.649771 1.800719 129.696454
-0.649771 1.800719 129.696454
-0.649771 1.800719 129.696454
-2.169737 1.003867 130.913307
-2.169737 1.003867 130.913307
-2.169737 1.003867 130.913307
-2.169737 1.003867 130.913307
-2.169737 1.003867 130.913307
-2.169737 1.003867 130.913307
-2.169737 1.003867 130.913307
-2.169737 1.003867 130.913307
-1.021573 -1.992643 132.093605
-1.021573 -1.992643 132.093605
-1.021573 -1.992643 132.093605
-1.021573 -1.992643 132.093605
-1.021573 -1.992643 132.093605
-1.021573 -1.992643 132.093605
-1.021573 -1.992643 132.093605
-1.021573 -1.992643 132.093605
-2.943254 3.993437 131.977860
-2.943254 3.993437 131.977860
-2.943254 3.993437 131.977860
-2.943254 3.993437 131.977860
-2.943254 3.993437 131.977860
-2.943254 3.993437 131.977860
-2.943254 3.993437 131.977860
-2.943254 3.993437 131.977860
-2.943254 3.993437 131.977860
0.332675 5.305376 130.721611
0.332675 5.305376 130.721611
0.332675 5.305376 130.721611
0.332675 5.305376 130.721611
0.332675 5.305376 130.721611
0.332675 5.305376 130.721611
0.332675 5.305376 130.721611
0.332675 5.305376 130.721611
-0.072387 0.381461 131.826531
-0.072387 0.381461 131.826531
-0.072387 0.381461 131.826531
-0.072387 0.381461 131.826531
-0.072387 0.381461 131.826531
-0.072387 0.381461 131.826531
-0.072387 0.381461 131.826531
-0.072387 0.381461 131.826531
1.978769 2.674414 132.433816
1.978769 2.674414 132.433816
1.978769 2.674414 132.433816
1.978769 2.674414 132.433816
1.978769 2.674414 132.433816
1.978769 2.674414 132.433816
1.978769 2.674414 132.433816
1.978769 2.674414 132.433816
1.279026 2.464231 133.484627
1.279026 2.464231 133.484627
1.279026 2.464231 133.484627
1.279026 2.464231 133.484627
1.279026 2.464231 133.484627
1.279026 2.464231 133.484627
1.279026 2.464231 133.484627
1.279026 2.464231 133.484627
0.256767 7.243989 133.644768
0.256767 7.243989 133.644768
0.256767 7.243989 133.644768
0.256767 7.243989 133.644768
0.256767 7.243989 133.644768
0.256767 7.243989 133.644768
0.256767 7.243989 133.644768
0.256767 7.243989 133.644768
0.853649 2.108983 133.204262
0.853649 2.108983 133.204262
0.853649 2.108983 133.204262
0.853649 2.108983 133.204262
0.853649 2.108983 133.204262
0.853649 2.108983 133.204262
0.853649 2.108983 133.204262
1.901294 -6.045215 132.130310
1.901294 -6.045215 132.130310
1.901294 -6.045215 132.130310
1.901294 -6.045215 132.130310
1.901294 -6.045215 132.130310
1.901294 -6.045215 132.130310
0.889766 3.079531 131.058230
0.889766 3.079531 131.058230
0.889766 3.079531 131.058230
0.889766 3.079531 131.058230
0.889766 3.079531 131.058230
0.889766 3.079531 131.058230
0.889766 3.079531 131.058230
0.889766 3.079531 131.058230
0.020919 11.078426 131.648044
0.020919 11.078426 131.648044
0.020919 11.078426 131.648044
0.020919 11.078426 131.648044
0.020919 11.078426 131.648044
0.020919 11.078426 131.648044
0.020919 11.078426 131.648044
0.020919 11.078426 131.648044
-0.418486 13.279641 132.320900
-0.418486 13.279641 132.320900
-0.418486 13.279641 132.320900
-0.418486 13.279641 132.320900
-0.418486 13.279641 132.320900
-0.418486 13.279641 132.320900
-0.418486 13.279641 132.320900
-0.418486 13.279641 132.320900
-0.418486 13.279641 132.320900
-0.558853 14.085714 133.406121
-0.558853 14.085714 133.406121
-0.558853 14.085714 133.406121
-0.558853 14.085714 133.406121
-0.558853 14.085714 133.406121
-0.558853 14.085714 133.406121
-0.558853 14.085714 133.406121
-0.558853 14.085714 133.406121
-0.558853 14.085714 133.406121
-1.832794 11.483042 134.868246
-1.832794 11.483042 134.868246
-1.832794 11.483042 134.868246
-1.832794 11.483042 134.868246
-1.832794 11.483042 134.868246
-1.832794 11.483042 134.868246
-1.832794 11.483042 134.868246
-1.832794 11.483042 134.868246
0.024748 1.199667 136.706660
0.024748 1.199667 136.706660
0.024748 1.199667 136.706660
0.024748 1.199667 136.706660
0.024748 1.199667 136.706660
0.024748 1.199667 136.706660
0.024748 1.199667 136.706660
0.024748 1.199667 136.706660
0.024748 1.199667 136.706660
-1.193213 1.114497 135.342903
-1.193213 1.114497 135.342903
-1.193213 1.114497 135.342903
-1.193213 1.114497 135.342903
-1.193213 1.114497 135.342903
-1.193213 1.114497 135.342903
-1.193213 1.114497 135.342903
-1.193213 1.114497 135.342903
-1.193213 1.114497 135.342903
-4.883053 7.911804 136.702507
-4.883053 7.911804 136.702507
-4.883053 7.911804 136.702507
-4.883053 7.911804 136.702507
-4.883053 7.911804 136.702507
-4.883053 7.911804 136.702507
-4.883053 7.911804 136.702507
-5.928741 8.246904 139.096980
-5.928741 8.246904 139.096980
-5.928741 8.246904 139.096980
-5.928741 8.246904 139.096980
-5.928741 8.246904 139.096980
-5.928741 8.246904 139.096980
-5.928741 8.246904 139.096980
-5.928741 8.246904 139.096980
-5.928741 8.246904 139.096980
-5.459476 6.036572 144.210975
-5.459476 6.036572 144.210975
-5.459476 6.036572 144.210975
-5.459476 6.036572 144.210975
-5.459476 6.036572 144.210975
-5.459476 6.036572 144.210975
-5.459476 6.036572 144.210975
-5.459476 6.036572 144.210975
-10.999324 -2.806953 145.035679
-10.999324 -2.806953 145.035679
-10.999324 -2.806953 145.035679
-10.999324 -2.806953 145.035679
-10.999324 -2.806953 145.035679
-10.999324 -2.806953 145.035679
-10.999324 -2.806953 145.035679
-10.999324 -2.806953 145.035679
-30.052849 -51.110907 -176.102604
-30.052849 -51.110907 -176.102604
-30.052849 -51.110907 -176.102604
-30.052849 -51.110907 -176.102604
-30.052849 -51.110907 -176.102604
-30.052849 -51.110907 -176.102604
-30.052849 -51.110907 -176.102604
-30.052849 -51.110907 -176.102604
-30.052849 -51.110907 -176.102604
-24.717609 -60.915261 -178.827999
-24.717609 -60.915261 -178.827999
-24.717609 -60.915261 -178.827999
-24.717609 -60.915261 -178.827999
-24.717609 -60.915261 -178.827999
-24.717609 -60.915261 -178.827999
-24.717609 -60.915261 -178.827999
-24.717609 -60.915261 -178.827999
-28.441678 -55.548361 -175.598372
-28.441678 -55.548361 -175.598372
-28.441678 -55.548361 -175.598372
-28.441678 -55.548361 -175.598372
-28.441678 -55.548361 -175.598372
-28.441678 -55.548361 -175.598372
-28.441678 -55.548361 -175.598372
-28.441678 -55.548361 -175.598372
-28.441678 -55.548361 -175.598372
-28.844207 -54.749618 -174.136807
-28.844207 -54.749618 -174.136807
-28.844207 -54.749618 -174.136807
-28.844207 -54.749618 -174.136807
-28.844207 -54.749618 -174.136807
-28.844207 -54.749618 -174.136807
-28.844207 -54.749618 -174.136807
-28.844207 -54.749618 -174.136807
-28.844207 -54.749618 -174.136807
-26.739014 -41.674474 -179.092164
-26.739014 -41.674474 -179.092164
-26.739014 -41.674474 -179.092164
-26.739014 -41.674474 -179.092164
-26.739014 -41.674474 -179.092164
-26.739014 -41.674474 -179.092164
-26.739014 -41.674474 -179.092164
-26.739014 -41.674474 -179.092164
-26.739014 -41.674474 -179.092164
-1.964077 -1.568446 137.357754
-1.964077 -1.568446 137.357754
-1.964077 -1.568446 137.357754
-1.964077 -1.568446 137.357754
-1.964077 -1.568446 137.357754
-1.964077 -1.568446 137.357754
-1.964077 -1.568446 137.357754
-1.964077 -1.568446 137.357754
-1.158933 -1.615372 133.094296
-1.158933 -1.615372 133.094296
-1.158933 -1.615372 133.094296
-1.158933 -1.615372 133.094296
-1.158933 -1.615372 133.094296
-1.158933 -1.615372 133.094296
-1.158933 -1.615372 133.094296
-1.158933 -1.615372 133.094296
-0.782661 -0.882269 133.660109
-0.782661 -0.882269 133.660109
-0.782661 -0.882269 133.660109
-0.782661 -0.882269 133.660109
-0.782661 -0.882269 133.660109
-0.782661 -0.882269 133.660109
-0.782661 -0.882269 133.660109
-0.782661 -0.882269 133.660109
-0.782661 -0.882269 133.660109
0.281615 -0.096684 131.532641
0.281615 -0.096684 131.532641
0.281615 -0.096684 131.532641
0.281615 -0.096684 131.532641
0.281615 -0.096684 131.532641
0.281615 -0.096684 131.532641
0.281615 -0.096684 131.532641
0.281615 -0.096684 131.532641
0.281615 -0.096684 131.532641
0.904261 -0.920405 131.318570
0.904261 -0.920405 131.318570
0.904261 -0.920405 131.318570
0.904261 -0.920405 131.318570
0.904261 -0.920405 131.318570
0.904261 -0.920405 131.318570
0.904261 -0.920405 131.318570
0.904261 -0.920405 131.318570
1.237660 -1.476180 131.721974
1.237660 -1.476180 131.721974
1.237660 -1.476180 131.721974
1.237660 -1.476180 131.721974
1.237660 -1.476180 131.721974
1.237660 -1.476180 131.721974
1.237660 -1.476180 131.721974
1.237660 -1.476180 131.721974
0.111002 -2.004770 132.120338
0.111002 -2.004770 132.120338
0.111002 -2.004770 132.120338
0.111002 -2.004770 132.120338
0.111002 -2.004770 132.120338
0.111002 -2.004770 132.120338
0.111002 -2.004770 132.120338
0.720298 -1.224848 131.952274
0.720298 -1.224848 131.952274
0.720298 -1.224848 131.952274
0.720298 -1.224848 131.952274
0.720298 -1.224848 131.952274
0.720298 -1.224848 131.952274
0.720298 -1.224848 131.952274
0.720298 -1.224848 131.952274
0.720298 -1.224848 131.952274
-0.218538 0.017282 130.743741
-0.218538 0.017282 130.743741
-0.218538 0.017282 130.743741
-0.218538 0.017282 130.743741
-0.218538 0.017282 130.743741
-0.218538 0.017282 130.743741
-0.218538 0.017282 130.743741
-0.218538 0.017282 130.743741
-0.218538 0.017282 130.743741
-0.691005 0.147565 129.201470
-0.691005 0.147565 129.201470
-0.691005 0.147565 129.201470
-0.691005 0.147565 129.201470
-0.691005 0.147565 129.201470
-0.691005 0.147565 129.201470
-0.691005 0.147565 129.201470
-0.691005 0.147565 129.201470
-0.691005 0.147565 129.201470
-0.995063 -0.149737 129.113429
-0.995063 -0.149737 129.113429
-0.995063 -0.149737 129.113429
-0.995063 -0.149737 129.113429
-0.995063 -0.149737 129.113429
-0.995063 -0.149737 129.113429
-0.995063 -0.149737 129.113429
-0.995063 -0.149737 129.113429
-0.825131 -0.557017 129.550165
-0.825131 -0.557017 129.550165
-0.825131 -0.557017 129.550165
-0.825131 -0.557017 129.550165
-0.825131 -0.557017 129.550165
-0.825131 -0.557017 129.550165
-0.825131 -0.557017 129.550165
-0.825131 -0.557017 129.550165
-0.782053 -1.261126 129.717641
-0.782053 -1.261126 129.717641
-0.782053 -1.261126 129.717641
-0.782053 -1.261126 129.717641
-0.782053 -1.261126 129.717641
-0.782053 -1.261126 129.717641
-0.782053 -1.261126 129.717641
-0.782053 -1.261126 129.717641
-0.923545 -0.872038 130.146960
-0.923545 -0.872038 130.146960
-0.923545 -0.872038 130.146960
-0.923545 -0.872038 130.146960
-0.923545 -0.872038 130.146960
-0.923545 -0.872038 130.146960
-0.923545 -0.872038 130.146960
-0.923545 -0.872038 130.146960
-0.777964 -0.408905 130.377110
-0.777964 -0.408905 130.377110
-0.777964 -0.408905 130.377110
-0.777964 -0.408905 130.377110
-0.777964 -0.408905 130.377110
-0.777964 -0.408905 130.377110
-0.777964 -0.408905 130.377110
-0.777964 -0.408905 130.377110
-0.432000 0.853223 130.582699
-0.432000 0.853223 130.582699
-0.432000 0.853223 130.582699
-0.432000 0.853223 130.582699
-0.432000 0.853223 130.582699
-0.432000 0.853223 130.582699
-0.432000 0.853223 130.582699
-0.432000 0.853223 130.582699
-0.432000 0.853223 130.582699
-0.571565 -0.466413 130.609200
-0.571565 -0.466413 130.609200
-0.571565 -0.466413 130.609200
-0.571565 -0.466413 130.609200
-0.571565 -0.466413 130.609200
-0.571565 -0.466413 130.609200
-0.571565 -0.466413 130.609200
-0.571565 -0.466413 130.609200
-1.007871 -2.800159 130.701981
-1.007871 -2.800159 130.701981
-1.007871 -2.800159 130.701981
-1.007871 -2.800159 130.701981
-1.007871 -2.800159 130.701981
-1.007871 -2.800159 130.701981
-1.007871 -2.800159 130.701981
-1.007871 -2.800159 130.701981
-1.483953 -3.739156 131.094717
-1.483953 -3.739156 131.094717
-1.483953 -3.739156 131.094717
-1.483953 -3.739156 131.094717
-1.483953 -3.739156 131.094717
-1.483953 -3.739156 131.094717
-1.483953 -3.739156 131.094717
-1.483953 -3.739156 131.094717
-1.483953 -3.739156 131.094717
-1.765813 -6.089017 130.455507
-1.765813 -6.089017 130.455507
-1.765813 -6.089017 130.455507
-1.765813 -6.089017 130.455507
-1.765813 -6.089017 130.455507
-1.765813 -6.089017 130.455507
-1.765813 -6.089017 130.455507
-1.765813 -6.089017 130.455507
-1.889316 -8.495151 130.656342
-1.889316 -8.495151 130.656342
-1.889316 -8.495151 130.656342
-1.889316 -8.495151 130.656342
-1.889316 -8.495151 130.656342
-1.889316 -8.495151 130.656342
-1.889316 -8.495151 130.656342
-1.889316 -8.495151 130.656342
-1.829609 -12.163413 131.195612
-1.829609 -12.163413 131.195612
-1.829609 -12.163413 131.195612
-1.829609 -12.163413 131.195612
-1.829609 -12.163413 131.195612
-1.829609 -12.163413 131.195612
-1.829609 -12.163413 131.195612
-1.829609 -12.163413 131.195612
-1.829609 -12.163413 131.195612
-2.139125 -13.779640 131.382568
-2.139125 -13.779640 131.382568
-2.139125 -13.779640 131.382568
-2.139125 -13.779640 131.382568
-2.139125 -13.779640 131.382568
-2.139125 -13.779640 131.382568
-2.139125 -13.779640 131.382568
-2.139125 -13.779640 131.382568
-2.881461 -14.189766 131.523393
-2.881461 -14.189766 131.523393
-2.881461 -14.189766 131.523393
-2.881461 -14.189766 131.523393
-2.881461 -14.189766 131.523393
-2.881461 -14.189766 131.523393
-2.881461 -14.189766 131.523393
-2.881461 -14.189766 131.523393
-3.266655 -16.970119 131.984335
-3.266655 -16.970119 131.984335
-3.266655 -16.970119 131.984335
-3.266655 -16.970119 131.984335
-3.266655 -16.970119 131.984335
-3.266655 -16.970119 131.984335
-3.266655 -16.970119 131.984335
-3.266655 -16.970119 131.984335
-3.763341 -20.055870 132.092034
-3.763341 -20.055870 132.092034
-3.763341 -20.055870 132.092034
-3.763341 -20.055870 132.092034
-3.763341 -20.055870 132.092034
-3.763341 -20.055870 132.092034
-3.763341 -20.055870 132.092034
-3.763341 -20.055870 132.092034
-3.763341 -20.055870 132.092034
-3.757976 -22.023967 132.980641
-3.757976 -22.023967 132.980641
-3.757976 -22.023967 132.980641
-3.757976 -22.023967 132.980641
-3.757976 -22.023967 132.980641
-3.757976 -22.023967 132.980641
-3.757976 -22.023967 132.980641
-3.757976 -22.023967 132.980641
-4.054825 -24.355340 133.343024
-4.054825 -24.355340 133.343024
-4.054825 -24.355340 133.343024
-4.054825 -24.355340 133.343024
-4.054825 -24.355340 133.343024
-4.054825 -24.355340 133.343024
-4.054825 -24.355340 133.343024
-4.054825 -24.355340 133.343024
-4.054825 -24.355340 133.343024
-4.426358 -26.332780 134.082542
-4.426358 -26.332780 134.082542
-4.426358 -26.332780 134.082542
-4.426358 -26.332780 134.082542
-4.426358 -26.332780 134.082542
-4.426358 -26.332780 134.082542
-4.426358 -26.332780 134.082542
-4.426358 -26.332780 134.082542
-4.426358 -26.332780 134.082542
-4.602716 -27.943626 134.174545
-4.602716 -27.943626 134.174545
-4.602716 -27.943626 134.174545
-4.602716 -27.943626 134.174545
-4.602716 -27.943626 134.174545
-4.602716 -27.943626 134.174545
-4.602716 -27.943626 134.174545
-4.602716 -27.943626 134.174545
-4.602716 -27.943626 134.174545
-4.833118 -28.640706 134.491411
-4.833118 -28.640706 134.491411
-4.833118 -28.640706 134.491411
-4.833118 -28.640706 134.491411
-4.833118 -28.640706 134.491411
-4.833118 -28.640706 134.491411
-4.833118 -28.640706 134.491411
-4.833118 -28.640706 134.491411
-5.146732 -29.050441 134.744797
-5.146732 -29.050441 134.744797
-5.146732 -29.050441 134.744797
-5.146732 -29.050441 134.744797
-5.146732 -29.050441 134.744797
-5.146732 -29.050441 134.744797
-5.146732 -29.050441 134.744797
-5.146732 -29.050441 134.744797
-5.640904 -29.873523 134.986846
-5.640904 -29.873523 134.986846
-5.640904 -29.873523 134.986846
-5.640904 -29.873523 134.986846
-5.640904 -29.873523 134.986846
-5.640904 -29.873523 134.986846
-5.640904 -29.873523 134.986846
-5.640904 -29.873523 134.986846
-5.640904 -29.873523 134.986846
-5.563077 -29.926180 135.145948
-5.563077 -29.926180 135.145948
-5.563077 -29.926180 135.145948
-5.563077 -29.926180 135.145948
-5.563077 -29.926180 135.145948
-5.563077 -29.926180 135.145948
-5.563077 -29.926180 135.145948
-5.692245 -29.966915 135.125539
-5.692245 -29.966915 135.125539
-5.692245 -29.966915 135.125539
-5.692245 -29.966915 135.125539
-5.692245 -29.966915 135.125539
-5.692245 -29.966915 135.125539
-5.692245 -29.966915 135.125539
-5.692245 -29.966915 135.125539
-5.954913 -30.292692 135.144678
-5.954913 -30.292692 135.144678
-5.954913 -30.292692 135.144678
-5.954913 -30.292692 135.144678
-5.954913 -30.292692 135.144678
-5.954913 -30.292692 135.144678
-5.954913 -30.292692 135.144678
-5.954913 -30.292692 135.144678
-5.954913 -30.292692 135.144678
-5.977724 -30.443266 135.523644
-5.977724 -30.443266 135.523644
-5.977724 -30.443266 135.523644
-5.977724 -30.443266 135.523644
-5.977724 -30.443266 135.523644
-5.977724 -30.443266 135.523644
-5.977724 -30.443266 135.523644
-5.977724 -30.443266 135.523644
-5.821013 -30.211877 135.215042
-5.821013 -30.211877 135.215042
-5.821013 -30.211877 135.215042
-5.821013 -30.211877 135.215042
-5.821013 -30.211877 135.215042
-5.821013 -30.211877 135.215042
-5.821013 -30.211877 135.215042
-5.821013 -30.211877 135.215042
-5.904687 -30.310822 135.491146
-5.904687 -30.310822 135.491146
-5.904687 -30.310822 135.491146
-5.904687 -30.310822 135.491146
-5.904687 -30.310822 135.491146
-5.904687 -30.310822 135.491146
-5.904687 -30.310822 135.491146
-5.904687 -30.310822 135.491146
-5.904687 -30.310822 135.491146
-5.774471 -30.800588 135.522974
-5.774471 -30.800588 135.522974
-5.774471 -30.800588 135.522974
-5.774471 -30.800588 135.522974
-5.774471 -30.800588 135.522974
-5.774471 -30.800588 135.522974
-5.774471 -30.800588 135.522974
-5.774471 -30.800588 135.522974
-5.882709 -30.757185 135.690628
-5.882709 -30.757185 135.690628
-5.882709 -30.757185 135.690628
-5.882709 -30.757185 135.690628
-5.882709 -30.757185 135.690628
-5.882709 -30.757185 135.690628
-5.882709 -30.757185 135.690628
-5.882709 -30.757185 135.690628
-3.142826 -17.586275 135.038659
-3.142826 -17.586275 135.038659
-3.142826 -17.586275 135.038659
-3.142826 -17.586275 135.038659
-3.142826 -17.586275 135.038659
-3.142826 -17.586275 135.038659
-3.142826 -17.586275 135.038659
-3.142826 -17.586275 135.038659
-2.325742 0.445644 136.407566
-2.325742 0.445644 136.407566
-2.325742 0.445644 136.407566
-2.325742 0.445644 136.407566
-2.325742 0.445644 136.407566
-2.325742 0.445644 136.407566
-2.325742 0.445644 136.407566
-2.325742 0.445644 136.407566
-2.325742 0.445644 136.407566
-4.088195 2.972433 120.831005
-4.088195 2.972433 120.831005
-4.088195 2.972433 120.831005
-4.088195 2.972433 120.831005
-4.088195 2.972433 120.831005
-4.088195 2.972433 120.831005
-4.088195 2.972433 120.831005
-3.449075 1.899593 121.403034
-3.449075 1.899593 121.403034
-3.449075 1.899593 121.403034
-3.449075 1.899593 121.403034
-3.449075 1.899593 121.403034
-3.449075 1.899593 121.403034
-3.449075 1.899593 121.403034
-3.294991 2.315961 119.156666
-3.294991 2.315961 119.156666
-3.294991 2.315961 119.156666
-3.294991 2.315961 119.156666
-3.294991 2.315961 119.156666
-3.294991 2.315961 119.156666
-3.294991 2.315961 119.156666
-4.546187 2.635468 118.714398
-4.546187 2.635468 118.714398
-4.546187 2.635468 118.714398
-4.546187 2.635468 118.714398
-4.546187 2.635468 118.714398
-4.546187 2.635468 118.714398
-4.546187 2.635468 118.714398
-6.445499 2.905684 121.067822
-6.445499 2.905684 121.067822
-6.445499 2.905684 121.067822
-6.445499 2.905684 121.067822
-6.445499 2.905684 121.067822
-6.445499 2.905684 121.067822
-6.445499 2.905684 121.067822
-6.445499 2.905684 121.067822
-6.392203 1.953095 122.108251
-6.392203 1.953095 122.108251
-6.392203 1.953095 122.108251
-6.392203 1.953095 122.108251
-6.392203 1.953095 122.108251
-6.392203 1.953095 122.108251
-6.392203 1.953095 122.108251
-6.392203 1.953095 122.108251
-6.133054 2.226875 119.109524
-6.133054 2.226875 119.109524
-6.133054 2.226875 119.109524
-6.133054 2.226875 119.109524
-6.133054 2.226875 119.109524
-6.133054 2.226875 119.109524
-6.133054 2.226875 119.109524
-6.133054 2.226875 119.109524
-6.133054 2.226875 119.109524
-5.362449 3.246400 120.449894
-5.362449 3.246400 120.449894
-5.362449 3.246400 120.449894
-5.362449 3.246400 120.449894
-5.362449 3.246400 120.449894
-5.362449 3.246400 120.449894
-5.362449 3.246400 120.449894
-5.362449 3.246400 120.449894
-5.552858 4.257387 122.970412
-5.552858 4.257387 122.970412
-5.552858 4.257387 122.970412
-5.552858 4.257387 122.970412
-5.552858 4.257387 122.970412
-5.552858 4.257387 122.970412
-5.552858 4.257387 122.970412
-5.552858 4.257387 122.970412
-5.552858 4.257387 122.970412
0.839926 3.048367 121.120660
0.839926 3.048367 121.120660
0.839926 3.048367 121.120660
0.839926 3.048367 121.120660
0.839926 3.048367 121.120660
0.839926 3.048367 121.120660
0.839926 3.048367 121.120660
0.839926 3.048367 121.120660
0.839926 3.048367 121.120660
0.333932 3.820476 120.765353
0.333932 3.820476 120.765353
0.333932 3.820476 120.765353
0.333932 3.820476 120.765353
0.333932 3.820476 120.765353
0.333932 3.820476 120.765353
0.333932 3.820476 120.765353
0.333932 3.820476 120.765353
-0.240411 4.452934 121.555593
-0.240411 4.452934 121.555593
-0.240411 4.452934 121.555593
-0.240411 4.452934 121.555593
-0.240411 4.452934 121.555593
-0.240411 4.452934 121.555593
-0.240411 4.452934 121.555593
-0.240411 4.452934 121.555593
1.494653 3.407767 123.129569
1.494653 3.407767 123.129569
1.494653 3.407767 123.129569
1.494653 3.407767 123.129569
1.494653 3.407767 123.129569
1.494653 3.407767 123.129569
1.494653 3.407767 123.129569
1.494653 3.407767 123.129569
1.494653 3.407767 123.129569
6.405331 1.919719 133.641175
6.405331 1.919719 133.641175
6.405331 1.919719 133.641175
6.405331 1.919719 133.641175
6.405331 1.919719 133.641175
6.405331 1.919719 133.641175
6.405331 1.919719 133.641175
6.405331 1.919719 133.641175
1.318984 1.817210 121.698494
1.318984 1.817210 121.698494
1.318984 1.817210 121.698494
1.318984 1.817210 121.698494
1.318984 1.817210 121.698494
1.318984 1.817210 121.698494
1.318984 1.817210 121.698494
-0.723450 15.963508 102.483218
-0.723450 15.963508 102.483218
-0.723450 15.963508 102.483218
-0.723450 15.963508 102.483218
-0.723450 15.963508 102.483218
-0.723450 15.963508 102.483218
-0.723450 15.963508 102.483218
-0.723450 15.963508 102.483218
6.618548 14.704579 91.621688
6.618548 14.704579 91.621688
6.618548 14.704579 91.621688
6.618548 14.704579 91.621688
6.618548 14.704579 91.621688
6.618548 14.704579 91.621688
6.618548 14.704579 91.621688
6.618548 14.704579 91.621688
8.615748 11.473263 84.218630
8.615748 11.473263 84.218630
8.615748 11.473263 84.218630
8.615748 11.473263 84.218630
8.615748 11.473263 84.218630
8.615748 11.473263 84.218630
8.615748 11.473263 84.218630
8.615748 11.473263 84.218630
8.615748 11.473263 84.218630
7.914143 6.516590 74.006097
7.914143 6.516590 74.006097
7.914143 6.516590 74.006097
7.914143 6.516590 74.006097
7.914143 6.516590 74.006097
7.914143 6.516590 74.006097
7.914143 6.516590 74.006097
7.914143 6.516590 74.006097
7.914143 6.516590 74.006097
4.247287 -4.486583 57.563263
4.247287 -4.486583 57.563263
4.247287 -4.486583 57.563263
4.247287 -4.486583 57.563263
4.247287 -4.486583 57.563263
4.247287 -4.486583 57.563263
4.247287 -4.486583 57.563263
1.771171 -4.208452 41.875897
1.771171 -4.208452 41.87589