0.000449 0.002661
-0.001019 0.004520
-0.001803 0.014304
-0.000154 0.009481
0.000820 0.007801
-0.000737 0.012196
-0.000230 0.011998
-0.001597 0.011107
-0.000437 0.001670
0.003141 -0.001230
0.002427 0.002871
0.003854 0.000437
0.003859 0.005443
0.001528 0.016271
-0.002247 0.038160
0.002057 0.035867
0.001581 0.041856
0.005775 0.026921
0.008050 0.001935
0.013209 -0.015701
0.024571 -0.111495
0.023807 -0.149955
0.023699 -0.142800
0.018319 -0.117940
0.013090 -0.075207
0.008295 -0.069256
0.005108 -0.063014
0.001604 -0.040945
0.000548 -0.022276
0.000905 -0.038040
-0.004725 -0.018594
-0.007712 -0.002632
-0.008372 0.014582
-0.018405 0.074351
-0.021291 0.084909
-0.023885 0.103399
-0.024343 0.112416
-0.024537 0.125913
-0.029044 0.162156
-0.030040 0.179112
-0.034254 0.203374
-0.035900 0.203260
-0.034952 0.207060
-0.033564 0.189043
-0.027999 0.167338
-0.024462 0.135169
-0.021726 0.106273
-0.013809 0.073760
-0.008222 0.030636
-0.003295 0.021433
-0.002280 0.031426
0.001369 0.031696
-0.010400 0.078824
-0.013367 0.115348
-0.019697 0.138393
-0.012300 0.024346
0.000962 -0.174134
-0.003892 -0.137990
-0.032143 0.131671
-0.047584 0.251940
-0.048398 0.256743
-0.049912 0.249382
-0.051789 0.243614
-0.051615 0.244723
-0.049867 0.243314
-0.051465 0.234646
-0.056166 0.282420
-0.062552 0.293529
-0.068855 0.487355
0.008511 -0.117200
-0.001170 -0.226716
0.071618 -0.954617
0.160950 -1.847383
0.198229 -2.175962
0.233657 -2.351687
0.319192 -3.157368
0.371632 -3.634974
0.411943 -4.153066
0.446883 -4.673364
0.472564 -5.201051
0.498868 -5.754718
0.546883 -6.432069
0.574414 -7.036651
0.601543 -7.617287
0.233018 -8.094659
0.291134 -8.670568
0.334841 -9.141939
0.348219 -9.577285
0.425239 -9.952668
0.423426 -10.223893
0.451090 -10.364329
0.451408 -10.407516
0.448327 -10.568317
0.452390 -10.779339
0.465215 -10.958305
0.435654 -11.126681
0.439704 -11.159724
0.429357 -10.895590
0.385483 -10.445997
0.309984 -9.958406
1.093541 -9.227464
0.988345 -8.009488
0.928314 -7.077506
0.885320 -6.354480
0.849901 -5.615615
0.821717 -4.881353
0.789441 -4.172060
0.724956 -3.478834
0.596571 -3.017960
0.430586 -2.377449
0.308744 -1.900618
0.232455 -1.365965
0.160713 0.164845
0.172515 0.411575
0.156763 0.588011
0.103184 0.949975
0.080755 1.417417
0.068673 2.067607
0.071183 2.387520
0.079188 2.565604
0.112159 2.524031
0.122712 2.507328
0.134759 2.481087
0.132615 2.481263
0.132499 2.480249
0.129213 2.486805
0.133293 2.484110
0.133146 2.485250
0.133236 2.485862
0.135353 2.486834
0.136799 2.487262
0.134952 2.487747
0.134479 2.488313
0.133643 2.488338
0.130983 2.490090
0.128585 2.494985
0.127469 2.497793
0.120061 2.507121
0.119235 2.511551
0.118798 2.514293
0.116551 2.515368
0.115637 2.516513
0.117257 2.518760
0.117108 2.517329
0.119422 2.512101
0.118552 2.515607
0.119105 2.512380
0.117929 2.513163
0.118628 2.514695
0.115295 2.516641
0.115486 2.518701
0.114921 2.516069
0.114968 2.515167
0.114446 2.516708
0.115781 2.514943
0.116948 2.517240
0.117032 2.514746
0.119655 2.513164
0.127024 2.485618
0.179887 2.234780
0.138741 2.394681
0.135601 2.568961
0.094237 2.951281
0.104277 3.727769
0.124178 3.607582
0.115594 3.597391
0.177604 3.296901
0.193218 3.119569
0.254762 2.128203
0.455390 0.668649
0.612504 -0.787318
0.715435 -1.597523
0.825123 -2.331505
0.957720 -3.130906
1.072507 -3.990501
1.189409 -4.724504
1.262659 -5.493270
1.256012 -5.507831
1.283094 -5.537959
1.306203 -5.738385
1.308932 -6.053942
1.346059 -6.030678
1.330877 -5.716125
1.225384 -5.309485
1.190390 -5.101944
1.165154 -5.010675
1.145361 -5.119372
1.174601 -5.301255
1.198531 -5.370796
1.217138 -5.391008
1.229508 -5.428166
1.241562 -5.529001
1.242782 -5.635437
1.260993 -5.762900
1.259879 -5.830980
1.246606 -5.795518
1.227811 -5.569279
1.231512 -5.357742
1.234659 -5.175373
1.193104 -5.100190
1.078758 -5.059931
1.062423 -5.129372
1.074020 -4.935469
1.072607 -4.680406
1.079305 -4.279740
1.045646 -3.480318
1.029952 -3.021162
0.976409 -2.268674
0.943524 -1.637342
0.902227 -1.223522
-0.291194 -0.947996
-0.360998 -0.725090
-0.429568 -0.519078
-0.546363 -0.135757
-0.682454 0.582442
-0.846584 1.478352
-0.975732 2.527202
-1.010557 3.379717
-1.013825 4.273235
-1.003605 5.455425
-0.993571 6.878370
-0.978738 6.872150
-0.970194 6.867668
-1.008082 7.037765
-1.000530 7.342003
-0.991854 7.853463
-0.993374 7.856993
-0.998426 7.864566
-0.999499 7.869502
-1.002859 7.870662
-1.003657 7.873842
-0.999856 7.827134
-0.993272 7.782863
-0.991621 7.741814
-1.006047 7.833822
-0.948703 8.507003
-0.944833 8.440575
-0.941406 8.396818
-0.934819 8.351382
-0.934194 8.348195
-0.936962 8.346896
-0.937574 8.349008
-0.938526 8.350788
-0.943171 8.355797
-0.944141 8.357491
-0.943446 8.354920
-0.941104 8.356588
-0.940244 8.350342
-0.940905 8.347552
-0.944347 8.352287
-0.948007 8.355141
-0.950060 8.354663
-0.950743 8.352924
-0.954197 8.353139
-0.952354 8.349251
-0.950853 8.350590
-0.955385 8.358666
-0.954039 8.357622
-0.954302 8.359271
-0.954755 8.360636
-0.953656 8.362293
-0.955168 8.362264
-0.954361 8.365505
-0.956383 8.364888
-0.955500 8.362766
-0.961033 8.363319
-0.957172 8.357970
-0.954806 8.355502
-0.955077 8.354455
-0.957458 8.349263
-0.953603 8.349849
-0.953928 8.350951
-0.952982 8.350454
-0.955431 8.354282
-0.955717 8.358268
-0.960139 8.362289
-0.959370 8.364285
-0.960847 8.364699
-0.960155 8.363089
-0.957244 8.359821
-0.956387 8.358427
-0.955731 8.355780
-0.955254 8.355471
-0.953645 8.351127
-0.949874 8.345898
-0.948177 8.343929
-0.945710 8.342012
-0.943113 8.339235
-0.943944 8.340867
-0.946670 8.344399
-0.946017 8.345167
-0.945821 8.347528
-0.945539 8.349224
-0.945802 8.352625
-0.944360 8.350651
-0.944523 8.351730
-0.946447 8.351306
-0.946858 8.351572
-0.940730 8.348621
-0.938676 8.341774
-0.928488 8.330501
-0.924870 8.325801
-0.921217 8.315370
-0.922702 8.313826
-0.923343 8.316378
-0.921274 8.314088
-0.930086 8.323555
-0.973620 8.455593
-0.988030 8.482055
-0.992419 8.684031
-0.959615 8.894258
-0.929897 8.594663
-0.903310 8.187735
-0.931801 8.275479
-1.029574 9.373750
-1.085748 9.812159
-1.164434 10.819145
-1.196524 11.334377
-1.258437 12.025625
-1.303133 12.312395
-1.359056 12.561627
-1.376755 13.293458
-1.310222 13.512374
-1.279261 13.279336
-1.141209 12.779189
-0.990344 12.617422
-0.822793 12.567331
-0.787196 12.844631
-0.698655 13.001736
-0.626089 12.691140
-0.619211 12.712504
-0.526765 12.504169
-0.347196 12.464283
-0.342736 12.507074
-0.351759 12.532788
-0.378890 12.230366
-0.447938 12.645906
-0.482360 12.993455
-0.437239 13.083246
-0.399606 12.949361
-0.466189 13.465302
-0.471034 13.580694
-0.404530 13.260203
-0.394685 13.040287
-0.387056 13.043151
-0.368603 12.903618
-0.367276 12.798226
-0.377813 12.929887
-0.371673 12.827367
-0.354528 12.687884
-0.336147 12.571771
-0.315952 12.286357
-0.313789 12.253588
-0.293512 12.048756
-0.295347 12.096961
-0.291685 12.088160
-0.277114 12.071327
-0.268090 12.000893
-0.297196 12.320395
-0.299138 12.338972
-0.259775 11.892720
-0.234106 11.221288
-0.167434 10.169464
-0.091310 9.101182
-0.026244 8.211959
0.047600 7.359115
0.177680 6.273731
0.301432 5.458066
0.406320 4.973392
0.384829 4.797348
0.317049 4.667476
0.328292 4.418334
0.334242 4.059912
0.361176 3.601210
0.397451 3.094749
0.440484 2.615670
0.453668 2.292554
0.471188 1.972665
0.511260 1.406361
0.545444 0.643600
0.438089 0.099914
0.509494 -0.334315
0.563726 -0.871870
0.591049 -1.383747
0.615556 -2.009803
0.614564 -2.299984
0.637619 -2.751446
0.675138 -2.844107
0.679106 -2.961841
0.710171 -3.141081
0.678972 -3.248858
0.714114 -3.241579
0.714427 -3.181969
0.726881 -3.105517
0.734054 -3.108813
0.717382 -3.134520
0.705526 -3.119635
0.710068 -3.118308
0.733901 -3.139677
0.738994 -3.170366
0.741367 -3.204792
0.737502 -3.249292
0.730024 -3.300329
0.743489 -3.342062
0.736577 -3.342501
0.736601 -3.337507
0.725387 -3.325085
0.708771 -3.313947
0.712176 -3.329048
0.702995 -3.332486
0.704801 -3.313615
0.714224 -3.290568
0.721585 -3.256851
0.751768 -3.190785
0.761869 -3.149724
0.774366 -3.179283
0.782476 -3.212884
0.781854 -3.217236
0.791853 -3.214058
0.789832 -3.170870
0.789853 -3.177324
0.790004 -3.241642
0.787234 -3.224686
0.787939 -3.158477
0.791737 -3.112164
0.793587 -3.088801
0.792057 -3.022336
0.788738 -2.983613
0.789427 -2.911866
0.761284 -2.814817
0.746384 -2.726830
0.731834 -2.469577
0.714493 -2.053971
0.665458 -1.563166
0.950309 -0.724916
0.902814 0.164770
0.865044 0.902199
0.821962 1.581098
0.850798 2.134603
0.817006 2.797758
0.782073 3.575582
0.679443 4.092726
0.417314 4.783842
0.205111 5.418417
-0.066502 6.163060
-0.313460 6.931028
-0.554453 7.569145
-0.760593 8.276199
-0.846482 8.842518
-0.940976 9.918199
-1.004140 10.540708
-1.100217 11.531374
-1.185567 12.431334
-1.229213 12.933983
-1.249270 13.060661
-1.261871 13.137816
-1.273044 13.220788
-1.276822 13.275058
-1.282868 13.334163
-1.286275 13.364288
-1.286328 13.407417
-1.292046 13.456201
-1.293585 13.479950
-1.293819 13.516175
-1.295688 13.539260
-1.294158 13.540960
-1.295757 13.560972
-1.296018 13.573688
-1.296473 13.594433
-1.298105 13.610406
-1.289046 13.701638
-1.294551 13.794156
-1.292127 13.821571
-1.295205 13.821189
-1.297697 13.852331
-1.302075 13.867068
-1.305319 13.893485
-1.308268 13.927702
-1.312247 13.956585
-1.320241 14.011024
-1.324339 14.040766
-1.323955 14.027476
-1.319562 13.991154
-1.317949 13.973095
-1.317855 13.978322
-1.323890 14.021403
-1.328768 14.069906
-1.331364 14.077653
-1.324636 14.043874
-1.319404 14.024321
-1.324227 14.062141
-1.331358 14.125733
-1.333351 14.162978
-1.333908 14.185713
-1.336566 14.232944
-1.341979 14.270800
-1.350184 14.377902
-1.348106 14.316617
-1.353098 14.330932
-1.356283 14.371876
-1.360434 14.378622
-1.356834 14.331548
-1.356321 14.320901
-1.351941 14.294996
-1.344004 14.260824
-1.339782 14.234245
-1.339756 14.227362
-1.334193 14.213924
-1.327583 14.184216
-1.322575 14.176050
-1.322117 14.170652
-1.321719 14.172830
-1.321854 14.174914
-1.322171 14.181758
-1.320903 14.177561
-1.316833 14.161986
-1.309295 14.124159
-1.318748 14.194984
-1.321506 14.232585
-1.322887 14.240968
-1.322697 14.242053
-1.322069 14.237248
-1.322531 14.233736
-1.318758 14.242805
-1.315174 14.235034
-1.311430 14.264374
-1.303329 14.352581
-1.320438 14.522408
-1.330601 14.518915
-1.338328 14.605580
-1.362575 14.759925
-1.440981 15.656974
-1.446811 15.293374
-1.610872 15.284023
-1.638895 15.460300
-1.645425 15.470639
-1.669090 15.619472
-1.663752 15.399828
-1.779416 16.511776
-1.825999 16.499568
-1.860331 16.096550
-1.951524 16.270429
-1.974800 16.075232
-2.289480 15.867953
-3.002381 16.552415
-3.589182 17.041983
-3.733915 17.235785
-4.186181 17.533109
-6.320870 17.797764
-8.162561 17.502081
-9.604189 17.470304
-10.932049 17.420905
-12.289618 17.381478
-13.695425 17.382200
-15.471752 17.128485
-16.742739 17.102806
-17.316559 17.216627
-17.866490 16.496163
-18.383938 16.036896
-18.321853 15.994689
-18.007555 15.693681
-18.251135 15.759473
-18.373429 15.849665
-18.207461 15.828206
-18.268199 15.970082
-18.307552 15.917787
-18.401536 15.976703
-18.393789 15.868701
-18.496688 15.889863
-18.417096 15.908620
-18.074569 16.018336
-17.715523 16.172225
-17.539384 16.309261
-17.347496 16.364569
-17.291880 16.305441
-17.125261 16.296441
-16.891866 16.415909
-16.594625 16.471561
-15.908918 16.618983
-15.153530 16.870114
-14.172309 17.064205
-12.451143 17.140562
-9.985837 16.657100
-7.837348 16.895792
-5.714833 16.860160
-4.218901 16.821805
-2.706535 16.943385
-1.059025 17.064958
-0.315164 16.880701
0.493868 16.734781
0.955523 16.578746
1.652686 16.654469
2.867357 16.246290
4.180216 15.585980
5.558038 14.915941
7.028333 14.430187
7.811027 14.224197
8.404800 14.532840
9.020153 14.410287
9.108271 14.463524
9.295822 14.428490
9.421299 14.131194
9.596691 14.031006
9.760740 13.165751
9.816630 12.768653
9.788561 13.081270
9.802964 12.835460
9.809713 12.847814
9.814668 12.860246
9.819527 12.848479
9.823782 12.843491
9.829114 12.851730
9.833026 12.858622
9.829345 12.868932
9.831238 12.877375
9.825806 12.849351
9.826354 12.863782
9.825564 12.870643
9.829028 12.830530
9.829359 12.812886
9.823343 12.840653
9.825353 12.861906
9.821328 12.901421
9.819087 12.934279
9.817195 12.957963
9.818249 12.957842
9.815949 12.994499
9.815628 13.016466
9.813630 13.020820
9.813842 13.029060
9.813560 13.019519
9.814107 13.012437
9.813254 13.031293
9.811665 13.056617
9.812133 13.062593
9.811672 13.060256
9.811713 13.041647
9.812225 13.041575
9.811803 13.042761
9.811597 13.046135
9.809421 13.068388
9.804808 13.069436
9.804048 13.083915
9.802637 13.107445
9.804242 13.109618
9.801533 13.133041
9.802596 13.115147
9.801594 13.128194
9.802395 13.123527
9.799301 13.136760
9.800598 13.146040
9.802374 13.141344
9.801508 13.125070
9.803027 13.121094
9.803277 13.124122
9.806900 13.092437
9.808493 13.084451
9.809267 13.091252
9.812547 13.066546
9.815182 13.043621
9.814954 13.032101
9.811755 13.041128
9.811627 13.041227
9.813197 13.044123
9.805892 13.074315
9.803073 13.085719
9.798849 13.113770
9.789001 13.192025
9.779473 13.293583
9.771806 13.383074
9.769723 13.421178
9.771861 13.402784
9.769895 13.426293
9.764312 13.460218
9.768957 13.459324
9.773824 13.442228
9.773016 13.406350
9.777182 13.390835
9.777047 13.403087
9.778715 13.388927
9.783742 13.341541
9.789652 13.298289
9.794772 13.255915
9.799850 13.192713
9.826384 13.230100
9.824782 13.220113
9.833347 13.185941
9.834118 13.161036
9.835550 13.159736
9.832001 13.197409
9.836933 13.185590
9.839345 13.158966
9.837420 13.172192
9.835954 13.167804
9.834392 13.188904
9.831561 13.192670
9.835699 13.168605
9.836054 13.166240
9.836347 13.147495
9.830608 13.186498
9.830432 13.187766
9.829237 13.173311
9.830600 13.164141
9.820742 13.227557
9.825209 13.195912
9.823778 13.182653
9.828727 13.159005
9.825468 13.157179
9.816813 13.206482
9.818028 13.211201
9.818853 13.184789
9.817493 13.179642
9.819288 13.159457
9.810557 13.222737
9.810198 13.225476
9.811443 13.196797
9.807955 13.224535
9.801438 13.256600
9.795046 13.313875
9.797625 13.275843
9.796628 13.279063
9.796196 13.288932
9.795741 13.286878
9.795288 13.289375
9.801974 13.255677
9.800677 13.273669
9.799330 13.300568
9.794066 13.346121
9.795865 13.339200
9.797782 13.335021
9.799966 13.300491
9.802769 13.282113
9.804205 13.273363
9.803035 13.281248
9.804170 13.266563
9.804090 13.258591
9.805154 13.258214
9.805979 13.242415
9.806923 13.241344
9.809014 13.232223
9.810756 13.222843
9.811966 13.208650
9.814646 13.188056
9.816167 13.178593
9.818759 13.164422
9.819394 13.147115
9.818176 13.144900
9.818594 13.154181
9.816946 13.161260
9.814647 13.171895
9.811808 13.190535
9.811316 13.206650
9.811397 13.204959
9.813504 13.189819
9.812010 13.197598
9.812258 13.189574
9.814614 13.165633
9.816687 13.150051
9.818878 13.130121
9.820302 13.133877
9.811120 13.137916
9.814865 13.138232
9.815258 13.153393
9.815113 13.160182
9.815878 13.145933
9.821203 13.142448
9.821613 13.132741
9.822493 13.133674
9.821056 13.140084
9.796904 13.245607
9.735561 13.742977
9.718096 14.069561
9.680722 14.334289
9.622303 14.034638
9.371143 14.684866
8.797109 15.034586
8.312563 14.778091
7.159247 14.723061
5.511253 14.615501
3.858737 14.542387
2.207247 14.353047
1.022652 14.211252
-0.312171 14.092697
-1.671775 13.940450
-2.064175 13.891178
-3.203969 13.596199
-4.089289 13.547510
-5.616781 13.663591
-6.030719 13.542809
-5.902348 13.634345
-5.769470 13.652337
-5.872226 13.589117
-5.968899 13.536373
-6.043356 13.460981
-6.144941 13.494828
-6.070401 13.560518
-5.977474 13.593046
-5.640641 13.618409
-5.659314 13.766890
-5.557374 13.799681
-4.498420 13.836128
-3.086136 14.197204
-1.612911 14.482480
0.030222 14.724689
2.096708 14.668675
3.769672 14.840294
5.760937 14.806573
7.523320 15.030903
9.054060 14.619898
9.973101 14.129562
10.875709 13.616713
11.959015 13.154591
13.404490 12.497834
14.436193 11.925214
15.248830 11.388481
16.043274 11.553404
16.109084 12.720300
16.050393 13.501539
16.097402 13.587328
16.199748 12.613214
16.179223 12.887448
16.172206 13.005851
16.166058 13.058048
16.158675 13.113730
16.162461 13.099027
16.164076 13.089908
16.168755 13.068897
16.172442 13.050738
16.176088 13.025255
16.183910 12.987722
16.186440 12.974401
16.191974 12.962266
16.194757 12.955095
16.195600 12.961225
16.198073 12.964926
16.199338 13.001848
16.198792 13.003015
16.196241 13.025319
16.193838 13.059738
16.197380 13.051890
16.200439 13.048213
16.197829 13.058228
16.203581 13.035273
16.198609 13.065846
16.196536 13.086362
16.197048 13.085860
16.196422 13.096221
16.199612 13.099180
16.194388 13.137539
16.194331 13.145224
16.192534 13.154844
16.191767 13