-0.000005 0.000297
-0.000010 0.000595
-0.000014 0.000893
-0.000024 0.001188
0.000181 0.001074
0.000391 0.000963
0.000596 0.000848
0.000801 0.000733
0.001002 0.000615
0.001212 0.000503
0.001418 0.000389
0.001624 0.000277
0.001618 0.000373
0.001616 0.000480
0.001608 0.000581
0.001598 0.000679
0.001595 0.000777
0.001590 0.000880
0.001580 0.000981
0.001573 0.001080
0.001565 0.001179
0.001369 0.001445
0.001170 0.001714
0.000975 0.001983
0.000783 0.002253
0.000587 0.002519
0.000386 0.002791
0.000192 0.003059
-0.000007 0.003329
-0.000201 0.003599
-0.000102 0.003584
-0.000006 0.003573
0.000094 0.003560
0.000192 0.003546
0.000294 0.003533
0.000392 0.003524
0.000494 0.003513
0.000594 0.003504
0.000796 0.003592
0.000983 0.003675
0.001168 0.003755
0.001357 0.003837
0.001544 0.003919
0.001725 0.003999
0.001912 0.004085
0.002104 0.004171
0.002098 0.004159
0.002095 0.004149
0.002091 0.004138
0.002086 0.004127
0.002081 0.004120
0.002077 0.004115
0.002069 0.004102
0.002066 0.004093
0.002159 0.004172
0.002257 0.004265
0.002362 0.004349
0.002464 0.004442
0.002564 0.004534
0.002662 0.004623
0.002763 0.004715
0.002864 0.004806
0.002959 0.004894
0.004319 0.005801
0.005677 0.006713
0.007034 0.007620
0.008393 0.008526
0.009755 0.009433
0.011114 0.010338
0.012473 0.011247
0.013828 0.012153
0.014243 0.012553
0.014658 0.012954
0.015074 0.013351
0.015487 0.013749
0.015904 0.014146
0.016319 0.014541
0.016737 0.014939
0.016628 0.014826
0.016529 0.014725
0.016429 0.014619
0.016332 0.014519
0.016234 0.014417
0.016134 0.014311
0.016037 0.014207
0.015932 0.014288
0.015822 0.014377
0.015709 0.014470
0.015597 0.014563
0.015489 0.014652
0.015379 0.014745
0.015266 0.014836
0.015467 0.014828
0.015636 0.014817
0.015802 0.014807
0.015968 0.014798
0.016135 0.014789
0.016296 0.014783
0.016463 0.014772
0.016631 0.014762
0.016627 0.014838
0.016623 0.014912
0.016620 0.014986
0.016617 0.015060
0.016611 0.015133
0.016610 0.015206
0.016608 0.015279
0.016606 0.015355
0.016684 0.015347
0.016766 0.015336
0.016849 0.015329
0.016930 0.015319
0.017013 0.015307
0.017095 0.015300
0.017178 0.015290
0.017259 0.015279
0.017461 0.015475
0.017666 0.015667
0.017873 0.015862
0.018078 0.016053
0.018281 0.016250
0.018486 0.016442
0.018694 0.016633
0.018901 0.016831
0.018988 0.016731
0.019080 0.016627
0.019172 0.016525
0.019265 0.016422
0.019355 0.016318
0.019447 0.016214
0.019540 0.016109
0.019629 0.016006
0.019625 0.015996
0.019622 0.015982
0.019620 0.015973
0.019617 0.015961
0.019613 0.015949
0.019609 0.015938
0.019603 0.015927
0.019598 0.015918
0.019785 0.015815
0.019970 0.015709
0.020155 0.015608
0.020341 0.015505
0.020529 0.015401
0.020715 0.015298
0.020901 0.015191
0.021092 0.015090
0.021276 0.014988
0.021461 0.014885
0.021652 0.014783
0.021840 0.014680
0.022025 0.014575
0.022210 0.014476
0.022394 0.014367
0.022583 0.014265
0.022577 0.014441
0.022572 0.014616
0.022566 0.014791
0.022561 0.014964
0.022561 0.015141
0.022554 0.015318
0.022551 0.015494
0.021304 0.013997
0.019930 0.012352
0.018564 0.010707
0.017192 0.009059
0.015823 0.007411
0.014451 0.005765
0.013081 0.004120
0.011711 0.002476
0.011793 0.002553
0.011875 0.002625
0.011955 0.002700
0.012040 0.002775
0.012123 0.002848
0.012206 0.002921
0.012287 0.002994
0.012372 0.003067
0.012454 0.003142
0.012540 0.003223
0.012627 0.003305
0.012718 0.003388
0.012809 0.003470
0.012896 0.003556
0.012982 0.003638
0.013185 0.003525
0.013386 0.003410
0.013590 0.003297
0.013798 0.003181
0.014002 0.003070
0.014206 0.002958
0.014415 0.002843
0.014622 0.002731
0.014618 0.002824
0.014615 0.002916
0.014606 0.003008
0.014597 0.003100
0.014592 0.003190
0.014588 0.003280
0.014587 0.003374
0.014474 0.003465
0.014362 0.003555
0.014250 0.003646
0.014141 0.003737
0.014035 0.003828
0.013923 0.003921
0.013814 0.004014
0.013706 0.004105
0.013703 0.004189
0.013699 0.004271
0.013694 0.004357
0.013687 0.004436
0.013682 0.004519
0.013679 0.004603
0.013675 0.004687
0.013672 0.004769
0.013667 0.004759
0.013662 0.004749
0.013654 0.004740
0.013648 0.004729
0.013641 0.004721
0.013636 0.004710
0.013632 0.004702
0.013631 0.004693
0.013624 0.004684
0.013528 0.004673
0.013429 0.004660
0.013328 0.004651
0.013228 0.004644
0.013130 0.004631
0.013030 0.004624
0.012928 0.004613
0.014639 0.006277
0.016350 0.007936
0.018063 0.009602
0.019769 0.011268
0.021479 0.012928
0.023198 0.014590
0.024916 0.016244
0.026629 0.017902
0.025936 0.017224
0.025248 0.016541
0.024557 0.015859
0.023868 0.015176
0.023173 0.014497
0.022479 0.013816
0.021782 0.013134
0.021487 0.012848
0.021194 0.012557
0.020902 0.012268
0.020613 0.011978
0.020316 0.011687
0.020030 0.011399
0.019739 0.011111
0.019417 0.010791
0.019091 0.010473
0.018768 0.010156
0.018444 0.009839
0.018122 0.009521
0.017802 0.009200
0.017478 0.008886
0.017158 0.008568
0.017324 0.008896
0.017492 0.009223
0.017659 0.009545
0.017826 0.009871
0.017994 0.010194
0.018164 0.010522
0.018332 0.010849
0.018327 0.011007
0.018323 0.011185
0.018323 0.011360
0.018318 0.011537
0.018314 0.011714
0.018307 0.011891
0.018299 0.012068
0.018292 0.012240
0.018286 0.012509
0.018283 0.012828
0.018281 0.013147
0.018274 0.013472
0.018266 0.013797
0.018261 0.014117
0.018253 0.014439
0.018247 0.014760
0.018241 0.015080
0.018233 0.015172
0.018226 0.015263
0.018223 0.015354
0.018217 0.015444
0.018212 0.015534
0.018206 0.015621
0.018200 0.015710
0.018192 0.015801
0.018188 0.015993
0.018180 0.016187
0.018175 0.016381
0.018168 0.016571
0.018167 0.016765
0.018161 0.016955
0.018160 0.017146
0.018150 0.017340
0.018375 0.017328
0.018595 0.017315
0.018816 0.017304
0.019042 0.017290
0.019266 0.017280
0.019488 0.017266
0.019713 0.017254
0.019476 0.017244
0.019241 0.017227
0.019008 0.017214
0.018768 0.017198
0.018537 0.017184
0.018300 0.017171
0.018066 0.017159
0.018062 0.017149
0.018062 0.017142
0.018058 0.017132
0.018055 0.017119
0.018055 0.017109
0.018050 0.017097
0.018046 0.017088
0.018039 0.017076
0.017919 0.016955
0.017793 0.016835
0.017675 0.016709
0.017557 0.016584
0.017433 0.016459
0.017310 0.016334
0.017190 0.016215
0.017070 0.016091
0.017065 0.015998
0.017062 0.015905
0.017057 0.015810
0.017052 0.015718
0.017048 0.015625
0.017043 0.015532
0.017033 0.015439
0.017028 0.015347
0.016935 0.015338
0.016827 0.015325
0.016716 0.015317
0.016611 0.015306
0.016496 0.015297
0.016385 0.015284
0.016272 0.015272
0.016163 0.015262
0.016363 0.015658
0.016567 0.016056
0.016777 0.016455
0.016981 0.016855
0.017184 0.017253
0.017388 0.017651
0.017592 0.018054
0.017798 0.018457
0.017585 0.018545
0.017371 0.018631
0.017154 0.018731
0.016942 0.018819
0.016732 0.018911
0.016518 0.018993
0.016302 0.019088
0.016086 0.019176
-0.005000 0.000769
-0.026090 -0.017643
-0.047181 -0.036050
-0.068266 -0.054465
-0.089352 -0.072854
-0.110439 -0.091266
-0.131526 -0.109662
-0.152612 -0.128076
-0.169462 -0.122630
-0.191906 -0.115374
-0.214354 -0.108106
-0.236801 -0.100848
-0.259250 -0.093583
-0.281702 -0.086324
-0.304148 -0.079062
-0.326593 -0.071798
-0.443837 -0.176675
-0.658649 -0.368843
-0.873457 -0.561004
-1.088260 -0.753164
-1.303056 -0.945326
-1.517882 -1.137482
-1.732702 -1.329658
-1.947589 -1.521874
-1.858610 -1.509091
-1.764112 -1.521347
-1.689774 -1.514026
-1.586482 -1.515064
-1.524505 -1.515105
-1.432990 -1.505786
-1.334815 -1.494250
-1.328312 -1.456581
-1.318076 -1.424527
-1.307762 -1.392216
-1.300062 -1.357595
-1.301670 -1.319923
-1.311035 -1.284608
-1.304011 -1.235279
-1.273853 -1.226778
-1.249546 -1.218922
-1.222116 -1.210883
-1.190960 -1.203776
-1.163900 -1.196869
-1.129873 -1.186913
-1.101158 -1.186882
-1.090913 -1.201494
-1.085914 -1.205744
-1.037003 -1.296923
-1.058088 -1.312521
-1.058324 -1.343429
-1.048815 -1.391042
-1.038324 -1.438464
-1.075604 -1.461251
-1.109249 -1.482057
-1.142888 -1.502864
-1.176521 -1.523662
-1.210165 -1.544456
-1.243801 -1.565251
-1.277442 -1.586042
-1.311079 -1.606838
-1.328960 -1.560480
-1.346853 -1.514107
-1.364748 -1.467748
-1.382648 -1.421411
-1.400520 -1.375057
-1.418411 -1.328705
-1.436287 -1.282354
-1.489365 -1.376348
-1.542284 -1.470036
-1.590351 -1.560652
-1.660839 -1.633873
-1.713748 -1.727556
-1.766662 -1.821231
-1.819568 -1.914918
-1.872482 -2.008600
-1.928670 -2.010832
-1.984850 -2.013051
-2.041035 -2.015268
-2.168970 -2.024606
-2.225161 -2.026828
-2.281349 -2.02