0.368917 -13.954972 -144.881836
0.208438 -14.082738 -143.812693
0.208438 -14.082738 -143.812693
0.208438 -14.082738 -143.812693
0.208438 -14.082738 -143.812693
0.030088 -14.181643 -143.041906
0.030088 -14.181643 -143.041906
0.030088 -14.181643 -143.041906
0.030088 -14.181643 -143.041906
0.030088 -14.181643 -143.041906
-0.123328 -14.252289 -142.427804
-0.123328 -14.252289 -142.427804
-0.123328 -14.252289 -142.427804
-0.123328 -14.252289 -142.427804
-0.260477 -14.297244 -142.025205
-0.260477 -14.297244 -142.025205
-0.260477 -14.297244 -142.025205
-0.260477 -14.297244 -142.025205
-0.260477 -14.297244 -142.025205
-0.379826 -14.325994 -141.779482
-0.379826 -14.325994 -141.779482
-0.379826 -14.325994 -141.779482
-0.379826 -14.325994 -141.779482
-0.454265 -14.345258 -141.550289
-0.454265 -14.345258 -141.550289
-0.454265 -14.345258 -141.550289
-0.454265 -14.345258 -141.550289
-0.454265 -14.345258 -141.550289
-0.517945 -14.352391 -141.388918
-0.517945 -14.352391 -141.388918
-0.517945 -14.352391 -141.388918
-0.517945 -14.352391 -141.388918
-0.586485 -14.359901 -141.341585
-0.586485 -14.359901 -141.341585
-0.586485 -14.359901 -141.341585
-0.586485 -14.359901 -141.341585
-0.586485 -14.359901 -141.341585
-0.630167 -14.362247 -141.281930
-0.630167 -14.362247 -141.281930
-0.630167 -14.362247 -141.281930
-0.630167 -14.362247 -141.281930
-0.630167 -14.362247 -141.281930
-0.659709 -14.358234 -141.253817
-0.659709 -14.358234 -141.253817
-0.659709 -14.358234 -141.253817
-0.659709 -14.358234 -141.253817
-0.659709 -14.358234 -141.253817
-0.685017 -14.366266 -141.252192
-0.685017 -14.366266 -141.252192
-0.685017 -14.366266 -141.252192
-0.685017 -14.366266 -141.252192
-0.685017 -14.366266 -141.252192
-0.705428 -14.363951 -141.255620
-0.705428 -14.363951 -141.255620
-0.705428 -14.363951 -141.255620
-0.705428 -14.363951 -141.255620
-0.705428 -14.363951 -141.255620
-0.718928 -14.362650 -141.234570
-0.718928 -14.362650 -141.234570
-0.718928 -14.362650 -141.234570
-0.718928 -14.362650 -141.234570
-0.711191 -14.364863 -141.220513
-0.711191 -14.364863 -141.220513
-0.711191 -14.364863 -141.220513
-0.711191 -14.364863 -141.220513
-0.711191 -14.364863 -141.220513
-0.694543 -14.381636 -141.173836
-0.694543 -14.381636 -141.173836
-0.694543 -14.381636 -141.173836
-0.694543 -14.381636 -141.173836
-0.694543 -14.381636 -141.173836
-0.672389 -14.387064 -141.072408
-0.672389 -14.387064 -141.072408
-0.672389 -14.387064 -141.072408
-0.672389 -14.387064 -141.072408
-0.672389 -14.387064 -141.072408
-0.646252 -14.393973 -140.915696
-0.646252 -14.393973 -140.915696
-0.646252 -14.393973 -140.915696
-0.646252 -14.393973 -140.915696
-0.646252 -14.393973 -140.915696
-0.632337 -14.387901 -140.763246
-0.632337 -14.387901 -140.763246
-0.632337 -14.387901 -140.763246
-0.632337 -14.387901 -140.763246
-0.641357 -14.383511 -140.672910
-0.641357 -14.383511 -140.672910
-0.641357 -14.383511 -140.672910
-0.641357 -14.383511 -140.672910
-0.673656 -14.381146 -140.641204
-0.673656 -14.381146 -140.641204
-0.673656 -14.381146 -140.641204
-0.673656 -14.381146 -140.641204
-0.673656 -14.381146 -140.641204
-0.697399 -14.379249 -140.639455
-0.697399 -14.379249 -140.639455
-0.697399 -14.379249 -140.639455
-0.697399 -14.379249 -140.639455
-0.690389 -14.383882 -140.623855
-0.690389 -14.383882 -140.623855
-0.690389 -14.383882 -140.623855
-0.690389 -14.383882 -140.623855
-0.690389 -14.383882 -140.623855
-0.690389 -14.383882 -140.623855
-0.711861 -14.376280 -140.620741
-0.711861 -14.376280 -140.620741
-0.711861 -14.376280 -140.620741
-0.711861 -14.376280 -140.620741
-0.725494 -14.363266 -140.630808
-0.725494 -14.363266 -140.630808
-0.725494 -14.363266 -140.630808
-0.725494 -14.363266 -140.630808
-0.725494 -14.363266 -140.630808
-0.743385 -14.368112 -140.642215
-0.743385 -14.368112 -140.642215
-0.743385 -14.368112 -140.642215
-0.743385 -14.368112 -140.642215
-0.743385 -14.368112 -140.642215
-0.738762 -14.371546 -140.645930
-0.738762 -14.371546 -140.645930
-0.738762 -14.371546 -140.645930
-0.738762 -14.371546 -140.645930
-0.738762 -14.371546 -140.645930
-0.735950 -14.367028 -140.618268
-0.735950 -14.367028 -140.618268
-0.735950 -14.367028 -140.618268
-0.735950 -14.367028 -140.618268
-0.735950 -14.367028 -140.618268
-0.735950 -14.367028 -140.618268
-0.735484 -14.367554 -140.620509
-0.735484 -14.367554 -140.620509
-0.735484 -14.367554 -140.620509
-0.735484 -14.367554 -140.620509
-0.744863 -14.362226 -140.671680
-0.744863 -14.362226 -140.671680
-0.744863 -14.362226 -140.671680
-0.744863 -14.362226 -140.671680
-0.744863 -14.362226 -140.671680
-0.731572 -14.363915 -140.624197
-0.731572 -14.363915 -140.624197
-0.731572 -14.363915 -140.624197
-0.731572 -14.363915 -140.624197
-0.731572 -14.363915 -140.624197
-0.724129 -14.358272 -140.604485
-0.724129 -14.358272 -140.604485
-0.724129 -14.358272 -140.604485
-0.724129 -14.358272 -140.604485
-0.724129 -14.358272 -140.604485
-0.733447 -14.362051 -140.607832
-0.733447 -14.362051 -140.607832
-0.733447 -14.362051 -140.607832
-0.733447 -14.362051 -140.607832
-0.733447 -14.362051 -140.607832
-0.731881 -14.356011 -140.537399
-0.731881 -14.356011 -140.537399
-0.731881 -14.356011 -140.537399
-0.731881 -14.356011 -140.537399
-0.731881 -14.356011 -140.537399
13.479684 -3.745883 -144.599066
13.479684 -3.745883 -144.599066
13.479684 -3.745883 -144.599066
13.479684 -3.745883 -144.599066
44.681503 -43.839815 -176.618051
44.681503 -43.839815 -176.618051
44.681503 -43.839815 -176.618051
44.681503 -43.839815 -176.618051
44.681503 -43.839815 -176.618051
8.850631 -40.169907 -173.819176
8.850631 -40.169907 -173.819176
8.850631 -40.169907 -173.819176
8.850631 -40.169907 -173.819176
8.850631 -40.169907 -173.819176
-14.466643 -32.020682 -175.356952
-14.466643 -32.020682 -175.356952
-14.466643 -32.020682 -175.356952
-14.466643 -32.020682 -175.356952
-14.466643 -32.020682 -175.356952
-18.773530 -28.205058 169.986975
-18.773530 -28.205058 169.986975
-18.773530 -28.205058 169.986975
-18.773530 -28.205058 169.986975
-49.542740 -13.298788 162.936690
-49.542740 -13.298788 162.936690
-49.542740 -13.298788 162.936690
-49.542740 -13.298788 162.936690
-49.542740 -13.298788 162.936690
-44.169734 -13.275517 158.250511
-44.169734 -13.275517 158.250511
-44.169734 -13.275517 158.250511
-44.169734 -13.275517 158.250511
-44.169734 -13.275517 158.250511
-46.136138 -9.223994 144.500466
-46.136138 -9.223994 144.500466
-46.136138 -9.223994 144.500466
-46.136138 -9.223994 144.500466
-46.136138 -9.223994 144.500466
-46.731103 -9.821526 135.646546
-46.731103 -9.821526 135.646546
-46.731103 -9.821526 135.646546
-46.731103 -9.821526 135.646546
-49.095000 -16.271213 122.630692
-49.095000 -16.271213 122.630692
-49.095000 -16.271213 122.630692
-49.095000 -16.271213 122.630692
-49.095000 -16.271213 122.630692
-34.636552 -12.166012 144.614885
-34.636552 -12.166012 144.614885
-34.636552 -12.166012 144.614885
-34.636552 -12.166012 144.614885
-31.242323 -14.317866 151.016029
-31.242323 -14.317866 151.016029
-31.242323 -14.317866 151.016029
-31.242323 -14.317866 151.016029
-31.242323 -14.317866 151.016029
-20.626978 -9.395993 153.639491
-20.626978 -9.395993 153.639491
-20.626978 -9.395993 153.639491
-20.626978 -9.395993 153.639491
-20.626978 -9.395993 153.639491
-12.124932 -10.648451 143.947903
-12.124932 -10.648451 143.947903
-12.124932 -10.648451 143.947903
-12.124932 -10.648451 143.947903
-12.124932 -10.648451 143.947903
-9.292168 -12.291957 141.088062
-9.292168 -12.291957 141.088062
-9.292168 -12.291957 141.088062
-9.292168 -12.291957 141.088062
-9.292168 -12.291957 141.088062
-5.270677 -4.123394 144.123357
-5.270677 -4.123394 144.123357
-5.270677 -4.123394 144.123357
-5.270677 -4.123394 144.123357
-5.270677 -4.123394 144.123357
-2.264831 -1.036352 138.859016
-2.264831 -1.036352 138.859016
-2.264831 -1.036352 138.859016
-2.264831 -1.036352 138.859016
-0.040419 -3.692217 135.991252
-0.040419 -3.692217 135.991252
-0.040419 -3.692217 135.991252
-0.040419 -3.692217 135.991252
-0.040419 -3.692217 135.991252
-2.576096 -5.347537 135.016584
-2.576096 -5.347537 135.016584
-2.576096 -5.347537 135.016584
-2.576096 -5.347537 135.016584
-4.032326 -7.089806 134.539195
-4.032326 -7.089806 134.539195
-4.032326 -7.089806 134.539195
-4.032326 -7.089806 134.539195
-4.032326 -7.089806 134.539195
-4.529881 -10.073036 134.615434
-4.529881 -10.073036 134.615434
-4.529881 -10.073036 134.615434
-4.529881 -10.073036 134.615434
-4.529881 -10.073036 134.615434
-4.116380 -19.329925 134.550861
-4.116380 -19.329925 134.550861
-4.116380 -19.329925 134.550861
-4.116380 -19.329925 134.550861
-4.116380 -19.329925 134.550861
-3.278185 -23.526843 134.312610
-3.278185 -23.526843 134.312610
-3.278185 -23.526843 134.312610
-3.278185 -23.526843 134.312610
-3.509855 -27.979754 133.851777
-3.509855 -27.979754 133.851777
-3.509855 -27.979754 133.851777
-3.509855 -27.979754 133.851777
-3.509855 -27.979754 133.851777
-2.883358 -31.799660 133.266321
-2.883358 -31.799660 133.266321
-2.883358 -31.799660 133.266321
-2.883358 -31.799660 133.266321
-2.883358 -31.799660 133.266321
-2.674343 -34.573345 133.527822
-2.674343 -34.573345 133.527822
-2.674343 -34.573345 133.527822
-2.674343 -34.573345 133.527822
-2.674343 -34.573345 133.527822
-1.685965 -39.630711 133.387748
-1.685965 -39.630711 133.387748
-1.685965 -39.630711 133.387748
-1.685965 -39.630711 133.387748
-1.451059 -41.614126 133.343625
-1.451059 -41.614126 133.343625
-1.451059 -41.614126 133.343625
-1.451059 -41.614126 133.343625
-1.451059 -41.614126 133.343625
-0.878105 -44.249049 133.168772
-0.878105 -44.249049 133.168772
-0.878105 -44.249049 133.168772
-0.878105 -44.249049 133.168772
-0.878105 -44.249049 133.168772
0.625275 -49.231949 132.816416
0.625275 -49.231949 132.816416
0.625275 -49.231949 132.816416
0.625275 -49.231949 132.816416
0.625275 -49.231949 132.816416
0.844884 -52.339029 133.386682
0.844884 -52.339029 133.386682
0.844884 -52.339029 133.386682
0.844884 -52.339029 133.386682
0.844884 -52.339029 133.386682
0.725589 -52.990752 133.602544
0.725589 -52.990752 133.602544
0.725589 -52.990752 133.602544
0.725589 -52.990752 133.602544
0.725589 -52.990752 133.602544
0.579520 -52.918141 134.040414
0.579520 -52.918141 134.040414
0.579520 -52.918141 134.040414
0.579520 -52.918141 134.040414
0.579520 -52.918141 134.040414
0.716117 -52.716660 134.257696
0.716117 -52.716660 134.257696
0.716117 -52.716660 134.257696
0.716117 -52.716660 134.257696
0.716117 -52.716660 134.257696
0.582784 -49.766148 134.726356
0.582784 -49.766148 134.726356
0.582784 -49.766148 134.726356
0.582784 -49.766148 134.726356
0.582784 -49.766148 134.726356
0.065315 -47.040688 134.998279
0.065315 -47.040688 134.998279
0.065315 -47.040688 134.998279
0.065315 -47.040688 134.998279
-1.030856 -40.870011 135.601686
-1.030856 -40.870011 135.601686
-1.030856 -40.870011 135.601686
-1.030856 -40.870011 135.601686
-2.078063 -35.199540 135.495107
-2.078063 -35.199540 135.495107
-2.078063 -35.199540 135.495107
-2.078063 -35.199540 135.495107
-2.078063 -35.199540 135.495107
-2.160217 -32.625345 135.163433
-2.160217 -32.625345 135.163433
-2.160217 -32.625345 135.163433
-2.160217 -32.625345 135.163433
-2.160217 -32.625345 135.163433
-1.789206 -32.294456 134.463011
-1.789206 -32.294456 134.463011
-1.789206 -32.294456 134.463011
-1.789206 -32.294456 134.463011
-1.789206 -32.294456 134.463011
-2.285708 -32.729041 134.253215
-2.285708 -32.729041 134.253215
-2.285708 -32.729041 134.253215
-2.285708 -32.729041 134.253215
-4.124131 -32.358991 135.481952
-4.124131 -32.358991 135.481952
-4.124131 -32.358991 135.481952
-4.124131 -32.358991 135.481952
-4.124131 -32.358991 135.481952
-4.124131 -32.358991 135.481952
-3.132216 -32.513169 137.050123
-3.132216 -32.513169 137.050123
-3.132216 -32.513169 137.050123
-3.132216 -32.513169 137.050123
-3.132216 -32.513169 137.050123
-3.417968 -32.404258 136.304731
-3.417968 -32.404258 136.304731
-3.417968 -32.404258 136.304731
-3.417968 -32.404258 136.304731
-3.417968 -32.404258 136.304731
-3.451283 -31.589686 135.980297
-3.451283 -31.589686 135.980297
-3.451283 -31.589686 135.980297
-3.451283 -31.589686 135.980297
-2.890232 -30.750424 133.959312
-2.890232 -30.750424 133.959312
-2.890232 -30.750424 133.959312
-2.890232 -30.750424 133.959312
-2.890232 -30.750424 133.959312
-2.646303 -31.054241 133.894234
-2.646303 -31.054241 133.894234
-2.646303 -31.054241 133.894234
-2.646303 -31.054241 133.894234
-2.646303 -31.054241 133.894234
-2.692968 -30.633306 133.407870
-2.692968 -30.633306 133.407870
-2.692968 -30.633306 133.407870
-2.692968 -30.633306 133.407870
4.167906 -11.355634 127.992964
4.167906 -11.355634 127.992964
4.167906 -11.355634 127.992964
4.167906 -11.355634 127.992964
4.167906 -11.355634 127.992964
-5.717443 -6.996694 115.231247
-5.717443 -6.996694 115.231247
-5.717443 -6.996694 115.231247
-5.717443 -6.996694 115.231247
-5.717443 -6.996694 115.231247
-14.580801 -10.341473 102.361340
-14.580801 -10.341473 102.361340
-14.580801 -10.341473 102.361340
-14.580801 -10.341473 102.361340
-23.839076 -11.271955 64.958022
-23.839076 -11.271955 64.958022
-23.839076 -11.271955 64.958022
-23.839076 -11.271955 64.958022
-23.839076 -11.271955 64.958022
-33.430033 -2.144971 34.873979
-33.430033 -2.144971 34.873979
-33.430033 -2.144971 34.873979
-33.430033 -2.144971 34.873979
-33.430033 -2.144971 34.873979
-35.359452 -6.157537 33.730336
-35.359452 -6.157537 33.730336
-35.359452 -6.157537 33.730336
-35.359452 -6.157537 33.730336
-35.359452 -6.157537 33.730336
-25.531676 -0.167232 34.358638
-25.531676 -0.167232 34.358638
-25.531676 -0.167232 34.358638
-25.531676 -0.167232 34.358638
-25.531676 -0.167232 34.358638
-11.261539 4.486766 27.137016
-11.261539 4.486766 27.137016
-11.261539 4.486766 27.137016
-11.261539 4.486766 27.137016
-12.743000 15.904287 22.142199
-12.743000 15.904287 22.142199
-12.743000 15.904287 22.142199
-12.743000 15.904287 22.142199
-12.743000 15.904287 22.142199
-26.804847 17.692347 33.431942
-26.804847 17.692347 33.431942
-26.804847 17.692347 33.431942
-26.804847 17.692347 33.431942
-26.804847 17.692347 33.431942
-28.312237 18.208277 43.503490
-28.312237 18.208277 43.503490
-28.312237 18.208277 43.503490
-28.312237 18.208277 43.503490
-28.312237 18.208277 43.503490
-13.375729 9.792483 40.644239
-13.375729 9.792483 40.644239
-13.375729 9.792483 40.644239
-13.375729 9.792483 40.644239
-13.375729 9.792483 40.644239
-6.764154 6.769966 43.359912
-6.764154 6.769966 43.359912
-6.764154 6.769966 43.359912
-6.764154 6.769966 43.359912
-6.764154 6.769966 43.359912
-15.097194 -1.679734 32.094335
-15.097194 -1.679734 32.094335
-15.097194 -1.679734 32.094335
-15.097194 -1.679734 32.094335
-15.097194 -1.679734 32.094335
-8.605330 -3.120469 12.842546
-8.605330 -3.120469 12.842546
-8.605330 -3.120469 12.842546
-8.605330 -3.120469 12.842546
-8.605330 -3.120469 12.842546
-6.831220 -0.786657 6.915938
-6.831220 -0.786657 6.915938
-6.831220 -0.786657 6.915938
-6.831220 -0.786657 6.915938
-6.831220 -0.786657 6.915938
2.689553 -3.102103 6.363776
2.689553 -3.102103 6.363776
2.689553 -3.102103 6.363776
2.689553 -3.102103 6.363776
2.689553 -3.102103 6.363776
-0.711406 -5.065402 5.654971
-0.711406 -5.065402 5.654971
-0.711406 -5.065402 5.654971
-0.711406 -5.065402 5.654971
2.875713 4.204111 12.294233
2.875713 4.204111 12.294233
2.875713 4.204111 12.294233
2.875713 4.204111 12.294233
2.875713 4.204111 12.294233
8.073090 -0.198121 12.320095
8.073090 -0.198121 12.320095
8.073090 -0.198121 12.320095
8.073090 -0.198121 12.320095
8.073090 -0.198121 12.320095
4.569592 -0.156674 15.820209
4.569592 -0.156674 15.820209
4.569592 -0.156674 15.820209
4.569592 -0.156674 15.820209
3.354837 1.932212 19.354070
3.354837 1.932212 19.354070
3.354837 1.932212 19.354070
3.354837 1.932212 19.354070
3.354837 1.932212 19.354070
4.492790 0.972328 21.695590
4.492790 0.972328 21.695590
4.492790 0.972328 21.695590
4.492790 0.972328 21.695590
4.492790 0.972328 21.695590
2.120220 1.149720 22.187977
2.120220 1.149720 22.187977
2.120220 1.149720 22.187977
2.120220 1.149720 22.187977
2.120220 1.149720 22.187977
2.244465 2.642507 23.079108
2.244465 2.642507 23.079108
2.244465 2.642507 23.079108
2.244465 2.642507 23.079108
2.244465 2.642507 23.079108
1.506028 1.599412 24.660994
1.506028 1.599412 24.660994
1.506028 1.599412 24.660994
1.506028 1.599412 24.660994
1.366257 2.511787 25.446824
1.366257 2.511787 25.446824
1.366257 2.511787 25.446824
1.366257 2.511787 25.446824
1.366257 2.511787 25.446824
1.459536 2.971867 23.835665
1.459536 2.971867 23.835665
1.459536 2.971867 23.835665
1.459536 2.971867 23.835665
1.459536 2.971867 23.835665
0.968153 3.208771 23.588938
0.968153 3.208771 23.588938
0.968153 3.208771 23.588938
0.968153 3.208771 23.588938
0.968153 3.208771 23.588938
0.968153 3.208771 23.588938
0.814106 2.609293 22.172406
0.814106 2.609293 22.172406
0.814106 2.609293 22.172406
0.814106 2.609293 22.172406
0.814106 2.609293 22.172406
0.506018 1.790435 17.126018
0.506018 1.790435 17.126018
0.506018 1.790435 17.126018
0.506018 1.790435 17.126018
0.506018 1.790435 17.126018
1.426630 -4.391969 9.333565
1.426630 -4.391969 9.333565
1.426630 -4.391969 9.333565
1.426630 -4.391969 9.333565
1.426630 -4.391969 9.333565
1.057544 -2.765430 3.249719
1.057544 -2.765430 3.249719
1.057544 -2.765430 3.249719
1.057544 -2.765430 3.249719
1.057544 -2.765430 3.249719
0.848326 -1.169813 8.452460
0.848326 -1.169813 8.452460
0.848326 -1.169813 8.452460
0.848326 -1.169813 8.452460
0.848326 -1.169813 8.452460
2.175957 -1.262078 11.566365
2.175957 -1.262078 11.566365
2.175957 -1.262078 11.566365
2.175957 -1.262078 11.566365
0.171250 0.687163 13.622330
0.171250 0.687163 13.622330
0.171250 0.687163 13.622330
0.171250 0.687163 13.622330
0.171250 0.687163 13.622330
0.575881 -0.924657 12.375310
0.575881 -0.924657 12.375310
0.575881 -0.924657 12.375310
0.575881 -0.924657 12.375310
0.698739 0.501967 15.409079
0.698739 0.501967 15.409079
0.698739 0.501967 15.409079
0.698739 0.501967 15.409079
0.698739 0.501967 15.409079
0.198142 0.761986 16.020969
0.198142 0.761986 16.020969
0.198142 0.761986 16.020969
0.198142 0.761986 16.020969
0.198142 0.761986 16.020969
-0.137454 -0.506062 9.154115
-0.137454 -0.506062 9.154115
-0.137454 -0.506062 9.154115
-0.137454 -0.506062 9.154115
-0.137454 -0.506062 9.154115
0.171507 -0.289109 9.146081
0.171507 -0.289109 9.146081
0.171507 -0.289109 9.146081
0.171507 -0.289109 9.146081
0.171507 -0.289109 9.146081
0.214760 -0.438070 9.790549
0.214760 -0.438070 9.790549
0.214760 -0.438070 9.790549
0.214760 -0.438070 9.790549
0.337654 -0.268751 12.650428
0.337654 -0.268751 12.650428
0.337654 -0.268751 12.650428
0.337654 -0.268751 12.650428
0.337654 -0.268751 12.650428
0.677958 1.663290 13.487414
0.677958 1.663290 13.487414
0.677958 1.663290 13.487414
0.677958 1.663290 13.487414
0.677958 1.663290 13.487414
0.858369 2.650429 14.653220
0.858369 2.650429 14.653220
0.858369 2.650429 14.653220
0.858369 2.650429 14.653220
0.858369 2.650429 14.653220
0.574493 2.904983 15.195325
0.574493 2.904983 15.195325
0.574493 2.904983 15.195325
0.574493 2.904983 15.195325
0.574493 2.904983 15.195325
0.617101 3.107672 14.987612
0.617101 3.107672 14.987612
0.617101 3.107672 14.987612
0.617101 3.107672 14.987612
0.387369 3.608791 14.712666
0.387369 3.608791 14.712666
0.387369 3.608791 14.712666
0.387369 3.608791 14.712666
0.387369 3.608791 14.712666
0.387369 3.608791 14.712666
0.511171 2.918389 14.469090
0.511171 2.918389 14.469090
0.511171 2.918389 14.469090
0.511171 2.918389 14.469090
0.511171 2.918389 14.469090
0.497245 -0.063526 14.840609
0.497245 -0.063526 14.840609
0.497245 -0.063526 14.840609
0.497245 -0.063526 14.840609
0.441212 -6.026488 14.101070
0.441212 -6.026488 14.101070
0.441212 -6.026488 14.101070
0.441212 -6.026488 14.101070
0.441212 -6.026488 14.101070
-0.318208 -9.194785 13.683334
-0.318208 -9.194785 13.683334
-0.318208 -9.194785 13.683334
-0.318208 -9.194785 13.683334
-0.355554 -13.030480 14.302093
-0.355554 -13.030480 14.302093
-0.355554 -13.030480 14.302093
-0.355554 -13.030480 14.302093
-0.355554 -13.030480 14.302093
-0.617130 -16.744461 14.492108
-0.617130 -16.744461 14.492108
-0.617130 -16.744461 14.492108
-0.617130 -16.744461 14.492108
-0.617130 -16.744461 14.492108
0.030576 -20.154362 14.483925
0.030576 -20.154362 14.483925
0.030576 -20.154362 14.483925
0.030576 -20.154362 14.483925
0.204126 -20.643955 13.953447
0.204126 -20.643955 13.953447
0.204126 -20.643955 13.953447
0.204126 -20.643955 13.953447
0.204126 -20.643955 13.953447
0.021565 -22.515994 13.555528
0.021565 -22.515994 13.555528
0.021565 -22.515994 13.555528
0.021565 -22.515994 13.555528
-0.212532 -23.206007 12.876676
-0.212532 -23.206007 12.876676
-0.212532 -23.206007 12.876676
-0.212532 -23.206007 12.876676
-0.212532 -23.206007 12.876676
-0.628546 -24.048907 12.220772
-0.628546 -24.048907 12.220772
-0.628546 -24.048907 12.220772
-0.628546 -24.048907 12.220772
-0.628546 -24.048907 12.220772
0.355473 -26.748646 11.092798
0.355473 -26.748646 11.092798
0.355473 -26.748646 11.092798
0.355473 -26.748646 11.092798
-0.808326 -29.631611 11.584285
-0.808326 -29.631611 11.584285
-0.808326 -29.631611 11.584285
-0.808326 -29.631611 11.584285
-0.808326 -29.631611 11.584285
-0.808326 -29.631611 11.584285
-1.770496 -31.416743 11.775064
-1.770496 -31.416743 11.775064
-1.770496 -31.416743 11.775064
-1.770496 -31.416743 11.775064
-1.770496 -31.416743 11.775064
-1.792931 -31.372391 11.592418
-1.792931 -31.372391 11.592418
-1.792931 -31.372391 11.592418
-1.792931 -31.372391 11.592418
-1.792931 -31.372391 11.592418
-1.692879 -31.087835 11.218493
-1.692879 -31.087835 11.218493
-1.692879 -31.087835 11.218493
-1.692879 -31.087835 11.218493
-1.692879 -31.087835 11.218493
-1.507399 -31.579950 10.824466
-1.507399 -31.579950 10.824466
-1.507399 -31.579950 10.824466
-1.507399 -31.579950 10.824466
-1.426783 -32.508869 10.651035
-1.426783 -32.508869 10.651035
-1.426783 -32.508869 10.651035
-1.426783 -32.508869 10.651035
-1.426783 -32.508869 10.651035
-1.629033 -33.114372 10.658041
-1.629033 -33.114372 10.658041
-1.629033 -33.114372 10.658041
-1.629033 -33.114372 10.658041
-1.730457 -32.411215 10.610202
-1.730457 -32.411215 10.610202
-1.730457 -32.411215 10.610202
-1.730457 -32.411215 10.610202
-1.730457 -32.411215 10.610202
-1.745066 -32.756491 10.401219
-1.745066 -32.756491 10.401219
-1.745066 -32.756491 10.401219
-1.745066 -32.756491 10.401219
-1.745066 -32.756491 10.401219
-1.807829 -33.503061 10.126296
-1.807829 -33.503061 10.126296
-1.807829 -33.503061 10.126296
-1.807829 -33.503061 10.126296
-1.807829 -33.503061 10.126296
-1.825658 -33.278044 9.936122
-1.825658 -33.278044 9.936122
-1.825658 -33.278044 9.936122
-1.825658 -33.278044 9.936122
-1.588584 -33.066742 9.952427
-1.588584 -33.066742 9.952427
-1.588584 -33.066742 9.952427
-1.588584 -33.066742 9.952427
-1.588584 -33.066742 9.952427
-1.410280 -32.954505 9.905244
-1.410280 -32.954505 9.905244
-1.410280 -32.954505 9.905244
-1.410280 -32.954505 9.905244
-1.410280 -32.954505 9.905244
-1.317501 -32.761043 9.767117
-1.317501 -32.761043 9.767117
-1.317501 -32.761043 9.767117
-1.317501 -32.761043 9.767117
-1.393965 -33.324288 9.646800
-1.393965 -33.324288 9.646800
-1.393965 -33.324288 9.646800
-1.393965 -33.324288 9.646800
-1.393965 -33.324288 9.646800
-1.492764 -33.262079 9.499673
-1.492764 -33.262079 9.499673
-1.492764 -33.262079 9.499673
-1.492764 -33.262079 9.499673
-1.492764 -33.262079 9.499673
-1.245276 -32.963060 9.464803
-1.245276 -32.963060 9.464803
-1.245276 -32.963060 9.464803
-1.245276 -32.963060 9.464803
-1.284781 -32.831770 9.644190
-1.284781 -32.831770 9.644190
-1.284781 -32.831770 9.644190
-1.284781 -32.831770 9.644190
-1.284781 -32.831770 9.644190
-1.038909 -32.879919 9.644626
-1.038909 -32.879919 9.644626
-1.038909 -32.879919 9.644626
-1.038909 -32.879919 9.644626
-1.038909 -32.879919 9.644626
-1.134737 -32.580470 9.810408
-1.134737 -32.580470 9.810408
-1.134737 -32.580470 9.810408
-1.134737 -32.580470 9.810408
-1.134737 -32.580470 9.810408
-0.924779 -32.623500 9.726071
-0.924779 -32.623500 9.726071
-0.924779 -32.623500 9.726071
-0.924779 -32.623500 9.726071
-0.924779 -32.623500 9.726071
-0.948515 -32.629921 9.781671
-0.948515 -32.629921 9.781671
-0.948515 -32.629921 9.781671
-0.948515 -32.629921 9.781671
-0.948515 -32.629921 9.781671
-0.944583 -32.629248 9.741961
-0.944583 -32.629248 9.741961
-0.944583 -32.629248 9.741961
-0.944583 -32.629248 9.741961
-0.944583 -32.629248 9.741961
-0.703424 -33.333782 9.869522
-0.703424 -33.333782 9.869522
-0.703424 -33.333782 9.869522
-0.703424 -33.333782 9.869522
-0.703424 -33.333782 9.869522
-0.721224 -32.984247 9.911212
-0.721224 -32.984247 9.911212
-0.721224 -32.984247 9.911212
-0.721224 -32.984247 9.911212
-0.190583 -33.179703 9.769340
-0.190583 -33.179703 9.769340
-0.190583 -33.179703 9.769340
-0.190583 -33.179703 9.769340
-0.190583 -33.179703 9.769340
-0.190583 -33.179703 9.769340
-0.042358 -32.639084 9.944058
-0.042358 -32.639084 9.944058
-0.042358 -32.639084 9.944058
-0.042358 -32.639084 9.944058
-0.042358 -32.639084 9.944058
0.326699 -33.376245 9.950259
0.326699 -33.376245 9.950259
0.326699 -33.376245 9.950259
0.326699 -33.376245 9.950259
0.095210 -33.830627 9.856585
0.095210 -33.830627 9.856585
0.095210 -33.830627 9.856585
0.095210 -33.830627 9.856585
0.095210 -33.830627 9.856585
-0.216758 -33.670657 9.972573
-0.216758 -33.670657 9.972573
-0.216758 -33.670657 9.972573
-0.216758 -33.670657 9.972573
-0.148590 -33.509776 9.958464
-0.148590 -33.509776 9.958464
-0.148590 -33.509776 9.958464
-0.148590 -33.509776 9.958464
-0.148590 -33.509776 9.958464
-0.191151 -33.245201 10.130730
-0.191151 -33.245201 10.130730
-0.191151 -33.245201 10.130730
-0.191151 -33.245201 10.130730
-0.191151 -33.245201 10.130730
-0.139850 -32.991982 10.193083
-0.139850 -32.991982 10.193083
-0.139850 -32.991982 10.193083
-0.139850 -32.991982 10.193083
-0.139850 -32.991982 10.193083
-0.391176 -33.121257 9.855003
-0.391176 -33.121257 9.855003
-0.391176 -33.121257 9.855003
-0.391176 -33.121257 9.855003
-0.391176 -33.121257 9.855003
-0.313597 -33.237121 10.035937
-0.313597 -33.237121 10.035937
-0.313597 -33.237121 10.035937
-0.313597 -33.237121 10.035937
-0.623192 -33.050022 9.910563
-0.623192 -33.050022 9.910563
-0.623192 -33.050022 9.910563
-0.623192 -33.050022 9.910563
-0.623192 -33.050022 9.910563
-0.573441 -33.458634 9.928173
-0.573441 -33.458634 9.928173
-0.573441 -33.458634 9.928173
-0.573441 -33.458634 9.928173
-0.573441 -33.458634 9.928173
-0.675072 -32.632711 10.210503
-0.675072 -32.632711 10.210503
-0.675072 -32.632711 10.210503
-0.675072 -32.632711 10.210503
-0.675072 -32.632711 10.210503
-0.867739 -32.150766 10.528848
-0.867739 -32.150766 10.528848
-0.867739 -32.150766 10.528848
-0.867739 -32.150766 10.528848
-0.867739 -32.150766 10.528848
-0.722466 -32.211254 10.512568
-0.722466 -32.211254 10.512568
-0.722466 -32.211254 10.512568
-0.722466 -32.211254 10.512568
-0.722466 -32.211254 10.512568
-0.346387 -31.973577 10.449656
-0.346387 -31.973577 10.449656
-0.346387 -31.973577 10.449656
-0.346387 -31.973577 10.449656
-0.346387 -31.973577 10.449656
-0.562306 -31.530236 10.369084
-0.562306 -31.530236 10.369084
-0.562306 -31.530236 10.369084
-0.562306 -31.530236 10.369084
-0.562306 -31.530236 10.369084
-0.562306 -31.530236 10.369084
-0.308119 -30.876956 10.600562
-0.308119 -30.876956 10.600562
-0.308119 -30.876956 10.600562
-0.308119 -30.876956 10.600562
-0.308119 -30.876956 10.600562
-1.397490 -29.433997 10.543719
-1.397490 -29.433997 10.543719
-1.397490 -29.433997 10.543719
-1.397490 -29.433997 10.543719
-1.543369 -29.585992 10.268548
-1.543369 -29.585992 10.268548
-1.543369 -29.585992 10.268548
-1.543369 -29.585992 10.268548
-1.543369 -29.585992 10.268548
-1.060678 -29.417567 9.615528
-1.060678 -29.417567 9.615528
-1.060678 -29.417567 9.615528
-1.060678 -29.417567 9.615528
-0.538586 -28.889801 10.163390
-0.538586 -28.889801 10.163390
-0.538586 -28.889801 10.163390
-0.538586 -28.889801 10.163390
-0.538586 -28.889801 10.163390
0.553195 -28.060273 11.293334
0.553195 -28.060273 11.293334
0.553195 -28.060273 11.293334
0.553195 -28.060273 11.293334
0.553195 -28.060273 11.293334
0.984310 -27.195054 11.101251
0.984310 -27.195054 11.101251
0.984310 -27.195054 11.101251
0.984310 -27.195054 11.101251
0.825063 -28.011600 11.102324
0.825063 -28.011600 11.102324
0.825063 -28.011600 11.102324
0.825063 -28.011600 11.102324
0.825063 -28.011600 11.102324
-0.813904 -29.415904 11.158466
-0.813904 -29.415904 11.158466
-0.813904 -29.415904 11.158466
-0.813904 -29.415904 11.158466
-0.813904 -29.415904 11.158466
-2.100550 -33.352025 11.752662
-2.100550 -33.352025 11.752662
-2.100550 -33.352025 11.752662
-2.100550 -33.352025 11.752662
-1.854089 -34.886742 11.243356
-1.854089 -34.886742 11.243356
-1.854089 -34.886742 11.243356
-1.854089 -34.886742 11.243356
-1.854089 -34.886742 11.243356
-1.434781 -34.442021 11.165444
-1.434781 -34.442021 11.165444
-1.434781 -34.442021 11.165444
-1.434781 -34.442021 11.165444
-1.434781 -34.442021 11.165444
-1.426518 -33.177845 11.459736
-1.426518 -33.177845 11.459736
-1.426518 -33.177845 11.459736
-1.426518 -33.177845 11.459736
-1.426518 -33.177845 11.459736
-0.923950 -32.599188 11.557635
-0.923950 -32.599188 11.557635
-0.923950 -32.599188 11.557635
-0.923950 -32.599188 11.557635
-0.923950 -32.599188 11.557635
-1.096630 -31.949532 11.584259
-1.096630 -31.949532 11.584259
-1.096630 -31.949532 11.584259
-1.096630 -31.949532 11.584259
-1.096630 -31.949532 11.584259
-0.816939 -32.162791 11.645154
-0.816939 -32.162791 11.645154
-0.816939 -32.162791 11.645154
-0.816939 -32.162791 11.645154
-0.816939 -32.162791 11.645154
-0.793872 -32.125651 11.563413
-0.793872 -32.125651 11.563413
-0.793872 -32.125651 11.563413
-0.793872 -32.125651 11.563413
-0.620926 -32.003637 11.629627
-0.620926 -32.003637 11.629627
-0.620926 -32.003637 11.629627
-0.620926 -32.003637 11.629627
-0.620926 -32.003637 11.629627
-0.537987 -31.789343 11.725003
-0.537987 -31.789343 11.725003
-0.537987 -31.789343 11.725003
-0.537987 -31.789343 11.725003
-0.537987 -31.789343 11.725003
-0.329084 -31.291494 11.699079
-0.329084 -31.291494 11.699079
-0.329084 -31.291494 11.699079
-0.329084 -31.291494 11.699079
-0.329084 -31.291494 11.699079
0.006051 -30.452211 11.459487
0.006051 -30.452211 11.459487
0.006051 -30.452211 11.459487
0.006051 -30.452211 11.459487
0.006051 -30.452211 11.459487
0.236837 -30.216948 10.020318
0.236837 -30.216948 10.020318
0.236837 -30.216948 10.020318
0.236837 -30.216948 10.020318
-0.170677 -29.794761 10.619150
-0.170677 -29.794761 10.619150
-0.170677 -29.794761 10.619150
-0.170677 -29.794761 10.619150
-0.170677 -29.794761 10.619150
-0.301118 -29.773751 11.082957
-0.301118 -29.773751 11.082957
-0.301118 -29.773751 11.082957
-0.301118 -29.773751 11.082957
-0.301118 -29.773751 11.082957
-1.012063 -29.291386 11.861680
-1.012063 -29.291386 11.861680
-1.012063 -29.291386 11.861680
-1.012063 -29.291386 11.861680
-1.012063 -29.291386 11.861680
-0.932268 -29.518493 11.786359
-0.932268 -29.518493 11.786359
-0.932268 -29.518493 11.786359
-0.932268 -29.518493 11.786359
-0.680526 -28.456928 11.668455
-0.680526 -28.456928 11.668455
-0.680526 -28.456928 11.668455
-0.680526 -28.456928 11.668455
-0.680526 -28.456928 11.668455
-0.557944 -28.183119 11.830326
-0.557944 -28.183119 11.830326
-0.557944 -28.183119 11.830326
-0.557944 -28.183119 11.830326
-0.523262 -27.835427 12.046293
-0.523262 -27.835427 12.046293
-0.523262 -27.835427 12.046293
-0.523262 -27.835427 12.046293
-0.523262 -27.835427 12.046293
0.262713 -27.874719 11.824652
0.262713 -27.874719 11.824652
0.262713 -27.874719 11.824652
0.262713 -27.874719 11.824652
0.262713 -27.874719 11.824652
0.065139 -27.421558 12.174095
0.065139 -27.421558 12.174095
0.065139 -27.421558 12.174095
0.065139 -27.421558 12.174095
0.220202 -27.470573 12.324708
0.220202 -27.470573 12.324708
0.220202 -27.470573 12.324708
0.220202 -27.470573 12.324708
0.220202 -27.470573 12.324708
-0.114345 -26.952541 12.552702
-0.114345 -26.952541 12.552702
-0.114345 -26.952541 12.552702
-0.114345 -26.952541 12.552702
-0.114345 -26.952541 12.552702
-0.183493 -26.423145 12.742608
-0.183493 -26.423145 12.742608
-0.183493 -26.423145 12.742608
-0.183493 -26.423145 12.742608
-0.183493 -26.423145 12.742608
-0.644792 -26.142134 12.836551
-0.644792 -26.142134 12.836551
-0.644792 -26.142134 12.836551
-0.644792 -26.142134 12.836551
-0.644792 -26.142134 12.836551
-0.561265 -26.561846 13.016280
-0.561265 -26.561846 13.016280
-0.561265 -26.561846 13.016280
-0.561265 -26.561846 13.016280
-0.377352 -26.697980 13.016586
-0.377352 -26.697980 13.016586
-0.377352 -26.697980 13.016586
-0.377352 -26.697980 13.016586
-0.377352 -26.697980 13.016586
-0.343760 -26.527551 13.184590
-0.343760 -26.527551 13.184590
-0.343760 -26.527551 13.184590
-0.343760 -26.527551 13.184590
-0.343760 -26.527551 13.184590
-0.170102 -26.706851 13.194897
-0.170102 -26.706851 13.194897
-0.170102 -26.706851 13.194897
-0.170102 -26.706851 13.194897
-1.278629 -25.974269 14.198444
-1.278629 -25.974269 14.198444
-1.278629 -25.974269 14.198444
-1.278629 -25.974269 14.198444
-1.278629 -25.974269 14.198444
-2.535546 -25.191915 12.470716
-2.535546 -25.191915 12.470716
-2.535546 -25.191915 12.470716
-2.535546 -25.191915 12.470716
-2.535546 -25.191915 12.470716
-1.946891 -24.433574 11.971039
-1.946891 -24.433574 11.971039
-1.946891 -24.433574 11.971039
-1.946891 -24.433574 11.971039
-1.946891 -24.433574 11.971039
-1.167146 -25.406963 11.259148
-1.167146 -25.406963 11.259148
-1.167146 -25.406963 11.259148
-1.167146 -25.406963 11.259148
-1.167146 -25.406963 11.259148
-0.337495 -25.233862 10.476592
-0.337495 -25.233862 10.476592
-0.337495 -25.233862 10.476592
-0.337495 -25.233862 10.476592
-0.337495 -25.233862 10.476592
-1.469419 -25.074226 11.211059
-1.469419 -25.074226 11.211059
-1.469419 -25.074226 11.211059
-1.469419 -25.074226 11.211059
-1.469419 -25.074226 11.211059
-2.384535 -24.983879 12.535076
-2.384535 -24.983879 12.535076
-2.384535 -24.983879 12.535076
-2.384535 -24.983879 12.535076
-2.384535 -24.983879 12.535076
-2.462335 -24.972556 12.409857
-2.462335 -24.972556 12.409857
-2.462335 -24.972556 12.409857
-2.462335 -24.972556 12.409857
-2.462335 -24.972556 12.409857
-2.657829 -24.615766 12.322315
-2.657829 -24.615766 12.322315
-2.657829 -24.615766 12.322315
-2.657829 -24.615766 12.322315
-2.657829 -24.615766 12.322315
-2.337606 -24.947406 12.987576
-2.337606 -24.947406 12.987576
-2.337606 -24.947406 12.987576
-2.337606 -24.947406 12.987576
-1.765312 -25.301398 13.267518
-1.765312 -25.301398 13.267518
-1.765312 -25.301398 13.267518
-1.765312 -25.301398 13.267518
-1.765312 -25.301398 13.267518
-2.607024 -24.201075 13.225698
-2.607024 -24.201075 13.225698
-2.607024 -24.201075 13.225698
-2.607024 -24.201075 13.225698
-2.607024 -24.201075 13.225698
-2.635584 -24.069189 13.747737
-2.635584 -24.069189 13.747737
-2.635584 -24.069189 13.747737
-2.635584 -24.069189 13.747737
-1.960107 -23.596690 13.794598
-1.960107 -23.596690 13.794598
-1.960107 -23.596690 13.794598
-1.960107 -23.596690 13.794598
-1.960107 -23.596690 13.794598
-1.903849 -23.360343 13.936306
-1.903849 -23.360343 13.936306
-1.903849 -23.360343 13.936306
-1.903849 -23.360343 13.936306
-1.903849 -23.360343 13.936306
-2.029816 -23.084626 14.128934
-2.029816 -23.084626 14.128934
-2.029816 -23.084626 14.128934
-2.029816 -23.084626 14.128934
-1.739514 -23.289350 13.986479
-1.739514 -23.289350 13.986479
-1.739514 -23.289350 13.986479
-1.739514 -23.289350 13.986479
-1.739514 -23.289350 13.986479
-1.847853 -23.299017 14.015572
-1.847853 -23.299017 14.015572
-1.847853 -23.299017 14.015572
-1.847853 -23.299017 14.015572
-1.847853 -23.299017 14.015572
-1.884690 -23.413581 14.162155
-1.884690 -23.413581 14.162155
-1.884690 -23.413581 14.162155
-1.884690 -23.413581 14.162155
-1.884690 -23.413581 14.162155
-1.741669 -22.681424 14.275270
-1.741669 -22.681424 14.275270
-1.741669 -22.681424 14.275270
-1.741669 -22.681424 14.275270
-1.741669 -22.681424 14.275270
-1.039917 -22.893935 14.369804
-1.039917 -22.893935 14.369804
-1.039917 -22.893935 14.369804
-1.039917 -22.893935 14.369804
-1.039917 -22.893935 14.369804
-0.892912 -22.821890 14.396692
-0.892912 -22.821890 14.396692
-0.892912 -22.821890 14.396692
-0.892912 -22.821890 14.396692
-1.029244 -22.451727 14.804536
-1.029244 -22.451727 14.804536
-1.029244 -22.451727 14.804536
-1.029244 -22.451727 14.804536
-1.029244 -22.451727 14.804536
-0.921220 -22.539732 14.657675
-0.921220 -22.539732 14.657675
-0.921220 -22.539732 14.657675
-0.921220 -22.539732 14.657675
-0.921220 -22.539732 14.657675
-1.265467 -22.107975 14.780816
-1.265467 -22.107975 14.780816
-1.265467 -22.107975 14.780816
-1.265467 -22.107975 14.780816
-1.265467 -22.107975 14.780816
-1.043074 -22.003721 14.693004
-1.043074 -22.003721 14.693004
-1.043074 -22.003721 14.693004
-1.043074 -22.003721 14.693004
-1.043074 -22.003721 14.693004
-1.392996 -21.379822 15.059379
-1.392996 -21.379822 15.059379
-1.392996 -21.379822 15.059379
-1.392996 -21.379822 15.059379
-1.392996 -21.379822 15.059379
-1.079765 -21.622760 14.868750
-1.079765 -21.622760 14.868750
-1.079765 -21.622760 14.868750
-1.079765 -21.622760 14.868750
-1.079765 -21.622760 14.868750
-1.041535 -21.644113 14.877224
-1.041535 -21.644113 14.877224
-1.041535 -21.644113 14.877224
-1.041535 -21.644113 14.877224
-1.041535 -21.644113 14.877224
-0.993502 -21.415406 15.099521
-0.993502 -21.415406 15.099521
-0.993502 -21.415406 15.099521
-0.993502 -21.415406 15.099521
-0.993502 -21.415406 15.099521
-0.824089 -21.400992 15.124931
-0.824089 -21.400992 15.124931
-0.824089 -21.400992 15.124931
-0.824089 -21.400992 15.124931
-0.824089 -21.400992 15.124931
-0.980018 -22.066779 14.778955
-0.980018 -22.066779 14.778955
-0.980018 -22.066779 14.778955
-0.980018 -22.066779 14.778955
-0.980018 -22.066779 14.778955
-2.690954 -20.657651 12.189382
-2.690954 -20.657651 12.189382
-2.690954 -20.657651 12.189382
-2.690954 -20.657651 12.189382
-0.682088 -17.858532 11.344995
-0.682088 -17.858532 11.344995
-0.682088 -17.858532 11.344995
-0.682088 -17.858532 11.344995
-0.682088 -17.858532 11.344995
7.054094 -0.713455 10.658997
7.054094 -0.713455 10.658997
7.054094 -0.713455 10.658997
7.054094 -0.713455 10.658997
7.054094 -0.713455 10.658997
2.821771 2.736444 -12.531327
2.821771 2.736444 -12.531327
2.821771 2.736444 -12.531327
2.821771 2.736444 -12.531327
2.821771 2.736444 -12.531327
-4.153605 5.557309 -15.039086
-4.153605 5.557309 -15.039086
-4.153605 5.557309 -15.039086
-4.153605 5.557309 -15.039086
-4.153605 5.557309 -15.039086
-1.786020 4.776656 -20.110625
-1.786020 4.776656 -20.110625
-1.786020 4.776656 -20.110625
-1.786020 4.776656 -20.110625
-1.786020 4.776656 -20.110625
-0.710495 2.023641 -30.350099
-0.710495 2.023641 -30.350099
-0.710495 2.023641 -30.350099
-0.710495 2.023641 -30.350099
-0.494746 1.951368 -33.074621
-0.494746 1.951368 -33.074621
-0.494746 1.951368 -33.074621
-0.494746 1.951368 -33.074621
-0.494746 1.951368 -33.074621
-0.417195 1.862968 -35.049386
-0.417195 1.862968 -35.049386
-0.417195 1.862968 -35.049386
-0.417195 1.862968 -35.049386
-0.417195 1.862968 -35.049386
-0.383983 1.699174 -36.573074
-0.383983 1.699174 -36.573074
-0.383983 1.699174 -36.573074
-0.383983 1.699174 -36.573074
-0.383983 1.699174 -36.573074
-0.382812 1.578532 -37.587357
-0.382812 1.578532 -37.587357
-0.382812 1.578532 -37.587357
-0.382812 1.578532 -37.587357
-0.382812 1.578532 -37.587357
-0.387513 1.525360 -38.380974
-0.387513 1.525360 -38.380974
-0.387513 1.525360 -38.380974
-0.387513 1.525360 -38.380974
-0.387513 1.525360 -38.380974
-0.401687 1.481474 -38.925159
-0.401687 1.481474 -38.925159
-0.401687 1.481474 -38.925159
-0.401687 1.481474 -38.925159
-0.401687 1.481474 -38.925159
-0.411653 1.442979 -39.303856
-0.411653 1.442979 -39.303856
-0.411653 1.442979 -39.303856
-0.411653 1.442979 -39.303856
-0.415807 1.418366 -39.645785
-0.415807 1.418366 -39.645785
-0.415807 1.418366 -39.645785
-0.415807 1.418366 -39.645785
-0.415807 1.418366 -39.645785
-0.419193 1.381953 -39.856698
-0.419193 1.381953 -39.856698
-0.419193 1.381953 -39.856698
-0.419193 1.381953 -39.856698
-0.419193 1.381953 -39.856698
-0.419193 1.381953 -39.856698
-0.424544 1.300254 -40.028228
-0.424544 1.300254 -40.028228
-0.424544 1.300254 -40.028228
-0.424544 1.300254 -40.028228
-0.424544 1.300254 -40.028228
-0.426880 1.293970 -40.162503
-0.426880 1.293970 -40.162503
-0.426880 1.293970 -40.162503
-0.426880 1.293970 -40.162503
-0.432923 1.277422 -40.255912
-0.432923 1.277422 -40.255912
-0.432923 1.277422 -40.255912
-0.432923 1.277422 -40.255912
-0.432923 1.277422 -40.255912
-0.437840 1.246515 -40.321619
-0.437840 1.246515 -40.321619
-0.437840 1.246515 -40.321619
-0.437840 1.246515 -40.321619
-0.437840 1.246515 -40.321619
-0.433806 1.238478 -40.365455
-0.433806 1.238478 -40.365455
-0.433806 1.238478 -40.365455
-0.433806 1.238478 -40.365455
-0.433806 1.238478 -40.365455
-1.331750 6.795989 -35.956950
-1.331750 6.795989 -35.956950
-1.331750 6.795989 -35.956950
-1.331750 6.795989 -35.956950
-1.331750 6.795989 -35.956950
9.674283 -1.845991 -15.131133
9.674283 -1.845991 -15.131133
9.674283 -1.845991 -15.131133
9.674283 -1.845991 -15.131133
9.674283 -1.845991 -15.131133
3.530557 -3.554381 1.263845
3.530557 -3.554381 1.263845
3.530557 -3.554381 1.263845
3.530557 -3.554381 1.263845
3.530557 -3.554381 1.263845
5.434116 -21.220324 6.754612
5.434116 -21.220324 6.754612
5.434116 -21.220324 6.754612
5.434116 -21.220324 6.754612
5.434116 -21.220324 6.754612
-3.881647 -15.644883 5.480963
-3.881647 -15.644883 5.480963
-3.881647 -15.644883 5.480963
-3.881647 -15.644883 5.480963
-3.881647 -15.644883 5.480963
-5.496963 4.747053 13.580112
-5.496963 4.747053 13.580112
-5.496963 4.747053 13.580112
-5.496963 4.747053 13.580112
-0.950783 4.042448 16.233596
-0.950783 4.042448 16.233596
-0.950783 4.042448 16.233596
-0.950783 4.042448 16.233596
-0.950783 4.042448 16.233596
-6.248887 -5.489394 20.599483
-6.248887 -5.489394 20.599483
-6.248887 -5.489394 20.599483
-6.248887 -5.489394 20.599483
-6.278422 -5.543153 13.804407
-6.278422 -5.543153 13.804407
-6.278422 -5.543153 13.804407
-6.278422 -5.543153 13.804407
-6.278422 -5.543153 13.804407
0.859128 -1.356101 12.271085
0.859128 -1.356101 12.271085
0.859128 -1.356101 12.271085
0.859128 -1.356101 12.271085
0.859128 -1.356101 12.271085
1.341226 1.041398 12.521816
1.341226 1.041398 12.521816
1.341226 1.041398 12.521816
1.341226 1.041398 12.521816
1.341226 1.041398 12.521816
-0.619468 -6.068011 14.020108
-0.619468 -6.068011 14.020108
-0.619468 -6.068011 14.020108
-0.619468 -6.068011 14.020108
-0.619468 -6.068011 14.020108
-4.771625 -8.782956 16.165557
-4.771625 -8.782956 16.165557
-4.771625 -8.782956 16.165557
-4.771625 -8.782956 16.165557
-4.771625 -8.782956 16.165557
7.961029 -2.278010 21.603047
7.961029 -2.278010 21.603047
7.961029 -2.278010 21.603047
7.961029 -2.278010 21.603047
7.961029 -2.278010 21.603047
6.749940 0.220460 23.734426
6.749940 0.220460 23.734426
6.749940 0.220460 23.734426
6.749940 0.220460 23.734426
5.553474 10.339101 19.346366
5.553474 10.339101 19.346366
5.553474 10.339101 19.346366
5.553474 10.339101 19.346366
5.553474 10.339101 19.346366
-1.567788 12.014398 24.768636
-1.567788 12.014398 24.768636
-1.567788 12.014398 24.768636
-1.567788 12.014398 24.768636
-1.567788 12.014398 24.768636
-1.880563 6.489951 22.665447
-1.880563 6.489951 22.665447
-1.880563 6.489951 22.665447
-1.880563 6.489951 22.665447
-1.880563 6.489951 22.665447
-2.160714 -10.961435 22.203193
-2.160714 -10.961435 22.203193
-2.160714 -10.961435 22.203193
-2.160714 -10.961435 22.203193
-2.160714 -10.961435 22.203193
-2.574536 -20.506221 21.175345
-2.574536 -20.506221 21.175345
-2.574536 -20.506221 21.175345
-2.574536 -20.506221 21.175345
-2.574536 -20.506221 21.175345
-4.367503 -25.333739 23.736419
-4.367503 -25.333739 23.736419
-4.367503 -25.333739 23.736419
-4.367503 -25.333739 23.736419
-4.593835 -29.408442 23.991646
-4.593835 -29.408442 23.991646
-4.593835 -29.408442 23.991646
-4.593835 -29.408442 23.991646
-4.593835 -29.408442 23.991646
-7.620699 -34.498305 24.927221
-7.620699 -34.498305 24.927221
-7.620699 -34.498305 24.927221
-7.620699 -34.498305 24.927221
-7.620699 -34.498305 24.927221
-9.584743 -33.695673 23.268774
-9.584743 -33.695673 23.268774
-9.584743 -33.695673 23.268774
-9.584743 -33.695673 23.268774
-9.584743 -33.695673 23.268774
-10.788437 -32.754381 20.477179
-10.788437 -32.754381 20.477179
-10.788437 -32.754381 20.477179
-10.788437 -32.754381 20.477179
-10.788437 -32.754381 20.477179
-10.839935 -32.942207 20.813729
-10.839935 -32.942207 20.813729
-10.839935 -32.942207 20.813729
-10.839935 -32.942207 20.813729
-10.839935 -32.942207 20.813729
-11.132308 -33.273793 21.541056
-11.132308 -33.273793 21.541056
-11.132308 -33.273793 21.541056
-11.132308 -33.273793 21.541056
-11.132308 -33.273793 21.541056
-13.197558 -34.388428 22.575346
-13.197558 -34.388428 22.575346
-13.197558 -34.388428 22.575346
-13.197558 -34.388428 22.575346
-13.197558 -34.388428 22.575346
-11.280149 -32.905099 22.111978
-11.280149 -32.905099 22.111978
-11.280149 -32.905099 22.111978
-11.280149 -32.905099 22.111978
-4.592236 -34.028969 21.693104
-4.592236 -34.028969 21.693104
-4.592236 -34.028969 21.693104
-4.592236 -34.028969 21.693104
-4.592236 -34.028969 21.693104
-3.627801 -36.257523 21.591657
-3.627801 -36.257523 21.591657
-3.627801 -36.257523 21.591657
-3.627801 -36.257523 21.591657
-3.627801 -36.257523 21.591657
-3.608029 -35.898498 21.762564
-3.608029 -35.898498 21.762564
-3.608029 -35.898498 21.762564
-3.608029 -35.898498 21.762564
-3.608029 -35.898498 21.762564
-3.990782 -36.206713 20.857082
-3.990782 -36.206713 20.857082
-3.990782 -36.206713 20.857082
-3.990782 -36.206713 20.857082
-3.990782 -36.206713 20.857082
-4.506929 -35.906660 19.554599
-4.506929 -35.906660 19.554599
-4.506929 -35.906660 19.554599
-4.506929 -35.906660 19.554599
-4.506929 -35.906660 19.554599
-5.492470 -36.466452 16.945423
-5.492470 -36.466452 16.945423
-5.492470 -36.466452 16.945423
-5.492470 -36.466452 16.945423
-5.492470 -36.466452 16.945423
-5.267297 -36.888776 15.238343
-5.267297 -36.888776 15.238343
-5.267297 -36.888776 15.238343
-5.267297 -36.888776 15.238343
-5.267297 -36.888776 15.238343
-4.835918 -36.840002 15.680752
-4.835918 -36.840002 15.680752
-4.835918 -36.840002 15.680752
-4.835918 -36.840002 15.680752
-4.672185 -36.947673 16.254786
-4.672185 -36.947673 16.254786
-4.672185 -36.947673 16.254786
-4.672185 -36.947673 16.254786
-4.672185 -36.947673 16.254786
-4.653437 -37.045095 16.594126
-4.653437 -37.045095 16.594126
-4.653437 -37.045095 16.594126
-4.653437 -37.045095 16.594126
-4.653437 -37.045095 16.594126
-4.665234 -37.313955 16.887171
-4.665234 -37.313955 16.887171
-4.665234 -37.313955 16.887171
-4.665234 -37.313955 16.887171
-4.665234 -37.313955 16.887171
-4.791029 -37.348263 16.608471
-4.791029 -37.348263 16.608471
-4.791029 -37.348263 16.608471
-4.791029 -37.348263 16.608471
-4.791029 -37.348263 16.608471
-4.550606 -36.961661 16.161995
-4.550606 -36.961661 16.161995
-4.550606 -36.961661 16.161995
-4.550606 -36.961661 16.161995
-4.550606 -36.961661 16.161995
-3.128163 -34.386464 16.814976
-3.128163 -34.386464 16.814976
-3.128163 -34.386464 16.814976
-3.128163 -34.386464 16.814976
-3.128163 -34.386464 16.814976
-3.583209 -34.647036 17.090627
-3.583209 -34.647036 17.090627
-3.583209 -34.647036 17.090627
-3.583209 -34.647036 17.090627
-3.583209 -34.647036 17.090627
-3.461612 -33.732945 16.958689
-3.461612 -33.732945 16.958689
-3.461612 -33.732945 16.958689
-3.461612 -33.732945 16.958689
-3.461612 -33.732945 16.958689
-4.271079 -31.894234 17.089856
-4.271079 -31.894234 17.089856
-4.271079 -31.894234 17.089856
-4.271079 -31.894234 17.089856
-4.271079 -31.894234 17.089856
-4.132747 -30.398785 17.140401
-4.132747 -30.398785 17.140401
-4.132747 -30.398785 17.140401
-4.132747 -30.398785 17.140401
-4.132747 -30.398785 17.140401
-4.271935 -29.906058 15.049781
-4.271935 -29.906058 15.049781
-4.271935 -29.906058 15.049781
-4.271935 -29.906058 15.049781
-4.271935 -29.906058 15.049781
-5.441250 -33.126534 15.181048
-5.441250 -33.126534 15.181048
-5.441250 -33.126534 15.181048
-5.441250 -33.126534 15.181048
-5.441250 -33.126534 15.181048
-5.656507 -33.061370 15.667773
-5.656507 -33.061370 15.667773
-5.656507 -33.061370 15.667773
-5.656507 -33.061370 15.667773
-5.512476 -33.690581 16.177412
-5.512476 -33.690581 16.177412
-5.512476 -33.690581 16.177412
-5.512476 -33.690581 16.177412
-5.512476 -33.690581 16.177412
-5.144309 -32.944926 16.312421
-5.144309 -32.944926 16.312421
-5.144309 -32.944926 16.312421
-5.144309 -32.944926 16.312421
-4.830717 -32.373529 16.168103
-4.830717 -32.373529 16.168103
-4.830717 -32.373529 16.168103
-4.830717 -32.373529 16.168103
-4.830717 -32.373529 16.168103
-4.908956 -32.056622 15.857169
-4.908956 -32.056622 15.857169
-4.908956 -32.056622 15.857169
-4.908956 -32.056622 15.857169
-4.908956 -32.056622 15.857169
-4.823254 -31.845532 16.386587
-4.823254 -31.845532 16.386587
-4.823254 -31.845532 16.386587
-4.823254 -31.845532 16.386587
-4.823254 -31.845532 16.386587
-5.000258 -32.367181 16.977132
-5.000258 -32.367181 16.977132
-5.000258 -32.367181 16.977132
-5.000258 -32.367181 16.977132
-5.000258 -32.367181 16.977132
-5.153718 -32.346038 17.012217
-5.153718 -32.346038 17.012217
-5.153718 -32.346038 17.012217
-5.153718 -32.346038 17.012217
-5.153718 -32.346038 17.012217
-5.144569 -32.265288 17.081270
-5.144569 -32.265288 17.081270
-5.144569 -32.265288 17.081270
-5.144569 -32.265288 17.081270
-5.144569 -32.265288 17.081270
-5.347428 -32.564932 17.310949
-5.347428 -32.564932 17.310949
-5.347428 -32.564932 17.310949
-5.347428 -32.564932 17.310949
-5.347428 -32.564932 17.310949
-5.494433 -33.065830 17.628667
-5.494433 -33.065830 17.628667
-5.494433 -33.065830 17.628667
-5.494433 -33.065830 17.628667
-5.692446 -33.857152 17.880575
-5.692446 -33.857152 17.880575
-5.692446 -33.857152 17.880575
-5.692446 -33.857152 17.880575
-5.692446 -33.857152 17.880575
-5.737620 -33.996556 18.355993
-5.737620 -33.996556 18.355993
-5.737620 -33.996556 18.355993
-5.737620 -33.996556 18.355993
-5.737620 -33.996556 18.355993
-5.694488 -33.600832 19.420644
-5.694488 -33.600832 19.420644
-5.694488 -33.600832 19.420644
-5.694488 -33.600832 19.420644
-5.694488 -33.600832 19.420644
-5.964422 -35.412957 19.640083
-5.964422 -35.412957 19.640083
-5.964422 -35.412957 19.640083
-5.964422 -35.412957 19.640083
-5.964422 -35.412957 19.640083
-6.730082 -37.009780 17.615188
-6.730082 -37.009780 17.615188
-6.730082 -37.009780 17.615188
-6.730082 -37.009780 17.615188
-6.730082 -37.009780 17.615188
-4.925380 -35.673634 18.004237
-4.925380 -35.673634 18.004237
-4.925380 -35.673634 18.004237
-4.925380 -35.673634 18.004237
-4.925380 -35.673634 18.004237
-6.636379 -36.667078 18.854464
-6.636379 -36.667078 18.854464
-6.636379 -36.667078 18.854464
-6.636379 -36.667078 18.854464
-6.636379 -36.667078 18.854464
-7.395468 -36.400530 17.382413
-7.395468 -36.400530 17.382413
-7.395468 -36.400530 17.382413
-7.395468 -36.400530 17.382413
-7.281245 -36.787064 17.349357
-7.281245 -36.787064 17.349357
-7.281245 -36.787064 17.349357
-7.281245 -36.787064 17.349357
-7.281245 -36.787064 17.349357
-7.690619 -38.426248 17.750864
-7.690619 -38.426248 17.750864
-7.690619 -38.426248 17.750864
-7.690619 -38.426248 17.750864
-7.690619 -38.426248 17.750864
-4.366290 -39.986581 16.716511
-4.366290 -39.986581 16.716511
-4.366290 -39.986581 16.716511
-4.366290 -39.986581 16.716511
-4.366290 -39.986581 16.716511
-6.198917 -39.255259 16.805136
-6.198917 -39.255259 16.805136
-6.198917 -39.255259 16.805136
-6.198917 -39.255259 16.805136
-6.198917 -39.255259 16.805136
-7.027783 -37.558176 18.635941
-7.027783 -37.558176 18.635941
-7.027783 -37.558176 18.635941
-7.027783 -37.558176 18.635941
-7.027783 -37.558176 18.635941
-6.589231 -37.484590 20.118245
-6.589231 -37.484590 20.118245
-6.589231 -37.484590 20.118245
-6.589231 -37.484590 20.118245
-6.589231 -37.484590 20.118245
-6.239262 -36.935641 19.980460
-6.239262 -36.935641 19.980460
-6.239262 -36.935641 19.980460
-6.239262 -36.935641 19.980460
-6.239262 -36.935641 19.980460
-5.281483 -35.142051 20.623370
-5.281483 -35.142051 20.623370
-5.281483 -35.142051 20.623370
-5.281483 -35.142051 20.623370
-5.281483 -35.142051 20.623370
-4.231727 -33.974293 20.434500
-4.231727 -33.974293 20.434500
-4.231727 -33.974293 20.434500
-4.231727 -33.974293 20.434500
-4.231727 -33.974293 20.434500
-4.681872 -34.565702 19.635530
-4.681872 -34.565702 19.635530
-4.681872 -34.565702 19.635530
-4.681872 -34.565702 19.635530
-4.681872 -34.565702 19.635530
-1.847604 -28.598465 17.833889
-1.847604 -28.598465 17.833889
-1.847604 -28.598465 17.833889
-1.847604 -28.598465 17.833889
-2.207959 -27.855907 19.212472
-2.207959 -27.855907 19.212472
-2.207959 -27.855907 19.212472
-2.207959 -27.855907 19.212472
-2.207959 -27.855907 19.212472
-2.872102 -28.733469 20.827106
-2.872102 -28.733469 20.827106
-2.872102 -28.733469 20.827106
-2.872102 -28.733469 20.827106
-2.872102 -28.733469 20.827106
-3.896367 -30.470434 21.141309
-3.896367 -30.470434 21.141309
-3.896367 -30.470434 21.141309
-3.896367 -30.470434 21.141309
-3.896367 -30.470434 21.141309
-4.567456 -31.046574 20.791437
-4.567456 -31.046574 20.791437
-4.567456 -31.046574 20.791437
-4.567456 -31.046574 20.791437
-4.567456 -31.046574 20.791437
-6.271403 -36.771546 21.157213
-6.271403 -36.771546 21.157213
-6.271403 -36.771546 21.157213
-6.271403 -36.771546 21.157213
-6.271403 -36.771546 21.157213
-7.410074 -36.680281 20.837719
-7.410074 -36.680281 20.837719
-7.410074 -36.680281 20.837719
-7.410074 -36.680281 20.837719
-7.410074 -36.680281 20.837719
-7.564613 -35.600633 19.993530
-7.564613 -35.600633 19.993530
-7.564613 -35.600633 19.993530
-7.564613 -35.600633 19.993530
-7.564613 -35.600633 19.993530
-6.505257 -34.755558 19.858737
-6.505257 -34.755558 19.858737
-6.505257 -34.755558 19.858737
-6.505257 -34.755558 19.858737
-6.505257 -34.755558 19.858737
-7.120170 -34.826762 19.405215
-7.120170 -34.826762 19.405215
-7.120170 -34.826762 19.405215
-7.120170 -34.826762 19.405215
-7.120170 -34.826762 19.405215
-5.507938 -34.051102 17.271475
-5.507938 -34.051102 17.271475
-5.507938 -34.051102 17.271475
-5.507938 -34.051102 17.271475
-5.507938 -34.051102 17.271475
-4.927795 -28.304567 11.464842
-4.927795 -28.304567 11.464842
-4.927795 -28.304567 11.464842
-4.927795 -28.304567 11.464842
-4.927795 -28.304567 11.464842
-20.020410 -59.877646 42.559155
-20.020410 -59.877646 42.559155
-20.020410 -59.877646 42.559155
-20.020410 -59.877646 42.559155
-20.020410 -59.877646 42.559155
-32.255070 -82.794672 72.592528
-32.255070 -82.794672 72.592528
-32.255070 -82.794672 72.592528
-32.255070 -82.794672 72.592528
-32.255070 -82.794672 72.592528
-42.253647 -76.505318 96.809360
-42.253647 -76.505318 96.809360
-42.253647 -76.505318 96.809360
-42.253647 -76.505318 96.809360
-40.805019 -37.069708 52.486391
-40.805019 -37.069708 52.486391
-40.805019 -37.069708 52.486391
-40.805019 -37.069708 52.486391
-40.805019 -37.069708 52.486391
-26.846397 -16.340534 32.526915
-26.846397 -16.340534 32.526915
-26.846397 -16.340534 32.526915
-26.846397 -16.340534 32.526915
-26.846397 -16.340534 32.526915
-10.201529 0.414846 23.039227
-10.201529 0.414846 23.039227
-10.201529 0.414846 23.039227
-10.201529 0.414846 23.039227
-10.201529 0.414846 23.039227
-1.110361 8.254659 22.306530
-1.110361 8.254659 22.306530
-1.110361 8.254659 22.306530
-1.110361 8.254659 22.306530
-1.110361 8.254659 22.306530
-4.935943 8.540849 19.710364
-4.935943 8.540849 19.710364
-4.935943 8.540849 19.710364
-4.935943 8.540849 19.710364
-4.935943 8.540849 19.710364
-4.620515 0.676415 20.702145
-4.620515 0.676415 20.702145
-4.620515 0.676415 20.702145
-4.620515 0.676415 20.702145
-4.620515 0.676415 20.702145
-3.277276 1.267499 23.729419
-3.277276 1.267499 23.729419
-3.277276 1.267499 23.729419
-3.277276 1.267499 23.729419
-3.277276 1.267499 23.729419
-0.263366 2.009479 25.386758
-0.263366 2.009479 25.386758
-0.263366 2.009479 25.386758
-0.263366 2.009479 25.386758
0.953832 2.905344 23.920854
0.953832 2.905344 23.920854
0.953832 2.905344 23.920854
0.953832 2.905344 23.920854
0.953832 2.905344 23.920854
2.230969 2.918165 24.303174
2.230969 2.918165 24.303174
2.230969 2.918165 24.303174
2.230969 2.918165 24.303174
2.230969 2.918165 24.303174
4.432324 3.864915 23.235971
4.432324 3.864915 23.235971
4.432324 3.864915 23.235971
4.432324 3.864915 23.235971
6.367538 3.132176 23.247068
6.367538 3.132176 23.247068
6.367538 3.132176 23.247068
6.367538 3.132176 23.247068
6.367538 3.132176 23.247068
10.998844 1.982910 24.535462
10.998844 1.982910 24.535462
10.998844 1.982910 24.535462
10.998844 1.982910 24.535462
10.998844 1.982910 24.535462
13.821030 0.469233 24.593288
13.821030 0.469233 24.593288
13.821030 0.469233 24.593288
13.821030 0.469233 24.593288
13.821030 0.469233 24.593288
13.821030 0.469233 24.593288
12.727021 1.092863 22.663736
12.727021 1.092863 22.663736
12.727021 1.092863 22.663736
12.727021 1.092863 22.663736
13.842283 1.157878 20.961854
13.842283 1.157878 20.961854
13.842283 1.157878 20.961854
13.842283 1.157878 20.961854
13.842283 1.157878 20.961854
-6.116409 -0.729058 22.913651
-6.116409 -0.729058 22.913651
-6.116409 -0.729058 22.913651
-6.116409 -0.729058 22.913651
-6.116409 -0.729058 22.913651
-7.480241 6.073691 22.427524
-7.480241 6.073691 22.427524
-7.480241 6.073691 22.427524
-7.480241 6.073691 22.427524
-16.816962 -1.598705 27.639071
-16.816962 -1.598705 27.639071
-16.816962 -1.598705 27.639071
-16.816962 -1.598705 27.639071
-16.816962 -1.598705 27.639071
-10.874483 2.963720 27.062202
-10.874483 2.963720 27.062202
-10.874483 2.963720 27.062202
-10.874483 2.963720 27.062202
-10.874483 2.963720 27.062202
-8.615152 1.635235 25.773837
-8.615152 1.635235 25.773837
-8.615152 1.635235 25.773837
-8.615152 1.635235 25.773837
-8.615152 1.635235 25.773837
-6.975028 2.133663 25.392985
-6.975028 2.133663 25.392985
-6.975028 2.133663 25.392985
-6.975028 2.133663 25.392985
-6.975028 2.133663 25.392985
-6.506131 1.301691 26.097670
-6.506131 1.301691 26.097670
-6.506131 1.301691 26.097670
-6.506131 1.301691 26.097670
-6.506131 1.301691 26.097670
-6.654425 0.203916 25.845260
-6.654425 0.203916 25.845260
-6.654425 0.203916 25.845260
-6.654425 0.203916 25.845260
-6.654425 0.203916 25.845260
-5.027814 -2.136091 26.543623
-5.027814 -2.136091 26.543623
-5.027814 -2.136091 26.543623
-5.027814 -2.136091 26.543623
-4.929654 -0.772544 26.281883
-4.929654 -0.772544 26.281883
-4.929654 -0.772544 26.281883
-4.929654 -0.772544 26.281883
-4.191075 0.868214 28.572773
-4.191075 0.868214 28.572773
-4.191075 0.868214 28.572773
-4.191075 0.868214 28.572773
-4.191075 0.868214 28.572773
-4.191075 0.868214 28.572773
-5.383630 -0.841826 25.448848
-5.383630 -0.841826 25.448848
-5.383630 -0.841826 25.448848
-5.383630 -0.841826 25.448848
-5.383630 -0.841826 25.448848
-4.836214 -1.360268 23.113792
-4.836214 -1.360268 23.113792
-4.836214 -1.360268 23.113792
-4.836214 -1.360268 23.113792
-5.144689 -0.266480 23.848189
-5.144689 -0.266480 23.848189
-5.144689 -0.266480 23.848189
-5.144689 -0.266480 23.848189
-5.144689 -0.266480 23.848189
-4.413153 1.099625 24.370518
-4.413153 1.099625 24.370518
-4.413153 1.099625 24.370518
-4.413153 1.099625 24.370518
-4.413153 1.099625 24.370518
-5.514161 -1.830965 24.860424
-5.514161 -1.830965 24.860424
-5.514161 -1.830965 24.860424
-5.514161 -1.830965 24.860424
-5.514161 -1.830965 24.860424
-8.023129 -5.333290 24.808497
-8.023129 -5.333290 24.808497
-8.023129 -5.333290 24.808497
-8.023129 -5.333290 24.808497
-36.522859 -80.094808 76.710183
-36.522859 -80.094808 76.710183
-36.522859 -80.094808 76.710183
-36.522859 -80.094808 76.710183
-36.522859 -80.094808 76.710183
-25.708286 -95.390921 123.761607
-25.708286 -95.390921 123.761607
-25.708286 -95.390921 123.761607
-25.708286 -95.390921 123.761607
-25.708286 -95.390921 123.761607
-25.276881 -93.311565 142.101826
-25.276881 -93.311565 142.101826
-25.276881 -93.311565 142.101826
-25.276881 -93.311565 142.101826
-28.077750 -95.264323 166.936408
-28.077750 -95.264323 166.936408
-28.077750 -95.264323 166.936408
-28.077750 -95.264323 166.936408
-28.077750 -95.264323 166.936408
-35.403739 -94.824425 172.525838
-35.403739 -94.824425 172.525838
-35.403739 -94.824425 172.525838
-35.403739 -94.824425 172.525838
-36.398806 -91.124218 177.607021
-36.398806 -91.124218 177.607021
-36.398806 -91.124218 177.607021
-36.398806 -91.124218 177.607021
-40.980005 -87.523642 167.604400
-40.980005 -87.523642 167.604400
-40.980005 -87.523642 167.604400
-40.980005 -87.523642 167.604400
-40.980005 -87.523642 167.604400
-40.980005 -87.523642 167.604400
-41.206190 -85.337285 163.838808
-41.206190 -85.337285 163.838808
-41.206190 -85.337285 163.838808
-41.206190 -85.337285 163.838808
-41.206190 -85.337285 163.838808
-44.316211 -85.338030 162.547397
-44.316211 -85.338030 162.547397
-44.316211 -85.338030 162.547397
-44.316211 -85.338030 162.547397
-56.528186 -64.983499 143.417963
-56.528186 -64.983499 143.417963
-56.528186 -64.983499 143.417963
-56.528186 -64.983499 143.417963
-56.528186 -64.983499 143.417963
-45.383014 5.690230 71.612129
-45.383014 5.690230 71.612129
-45.383014 5.690230 71.612129
-45.383014 5.690230 71.612129
-28.378546 18.745068 49.718672
-28.378546 18.745068 49.718672
-28.378546 18.745068 49.718672
-28.378546 18.745068 49.718672
-28.378546 18.745068 49.718672
-20.840939 22.354736 29.710438
-20.840939 22.354736 29.710438
-20.840939 22.354736 29.710438
-20.840939 22.354736 29.710438
-20.840939 22.354736 29.710438
-2.502195 7.685520 22.981864
-2.502195 7.685520 22.981864
-2.502195 7.685520 22.981864
-2.502195 7.685520 22.981864
-0.006696 1.526514 22.564580
-0.006696 1.526514 22.564580
-0.006696 1.526514 22.564580
-0.006696 1.526514 22.564580
-0.006696 1.526514 22.564580
6.225095 -1.543473 22.563067
6.225095 -1.543473 22.563067
6.225095 -1.543473 22.563067
6.225095 -1.543473 22.563067
6.225095 -1.543473 22.563067
4.280378 -3.278857 18.620021
4.280378 -3.278857 18.620021
4.280378 -3.278857 18.620021
4.280378 -3.278857 18.620021
4.280378 -3.278857 18.620021
4.534830 0.441016 20.957571
4.534830 0.441016 20.957571
4.534830 0.441016 20.957571
4.534830 0.441016 20.957571
2.353994 -0.645565 23.352594
2.353994 -0.645565 23.352594
2.353994 -0.645565 23.352594
2.353994 -0.645565 23.352594
3.800278 -1.135945 16.210901
3.800278 -1.135945 16.210901
3.800278 -1.135945 16.210901
3.800278 -1.135945 16.210901
3.800278 -1.135945 16.210901
0.575126 -0.084236 13.580434
0.575126 -0.084236 13.580434
0.575126 -0.084236 13.580434
0.575126 -0.084236 13.580434
0.575126 -0.084236 13.580434
1.844079 4.041206 20.272077
1.844079 4.041206 20.272077
1.844079 4.041206 20.272077
1.844079 4.041206 20.272077
0.534690 -2.224036 23.871467
0.534690 -2.224036 23.871467
0.534690 -2.224036 23.871467
0.534690 -2.224036 23.871467
0.534690 -2.224036 23.871467
2.067298 -0.479673 24.777713
2.067298 -0.479673 24.777713
2.067298 -0.479673 24.777713
2.067298 -0.479673 24.777713
2.067298 -0.479673 24.777713
2.671168 -4.185233 25.484288
2.671168 -4.185233 25.484288
2.671168 -4.185233 25.484288
2.671168 -4.185233 25.484288
2.671168 -4.185233 25.484288
0.001127 -6.761164 22.956635
0.001127 -6.761164 22.956635
0.001127 -6.761164 22.956635
-4.263379 -0.527653 21.457929
-4.263379 -0.527653 21.457929
-4.263379 -0.527653 21.457929
-4.263379 -0.527653 21.457929
-4.263379 -0.527653 21.457929
0.409157 1.849921 20.016320
0.409157 1.849921 20.016320
0.409157 1.849921 20.016320
0.409157 1.849921 20.016320
0.409157 1.849921 20.016320
-3.194897 2.578977 21.085079
-3.194897 2.578977 21.085079
-3.194897 2.578977 21.085079
-3.194897 2.578977 21.085079
-3.194897 2.578977 21.085079
-2.617425 2.606249 21.907991
-2.617425 2.606249 21.907991
-2.617425 2.606249 21.907991
-2.617425 2.606249 21.907991
-2.617425 2.606249 21.907991
-2.946642 1.956095 24.446243
-2.946642 1.956095 24.446243
-2.946642 1.956095 24.446243
-2.946642 1.956095 24.446243
-2.946642 1.956095 24.446243
-2.946642 1.956095 24.446243
-1.309021 -0.397638 24.401478
-1.309021 -0.397638 24.401478
-1.309021 -0.397638 24.401478
-1.309021 -0.397638 24.401478
-1.823471 -0.560481 20.650269
-1.823471 -0.560481 20.650269
-1.823471 -0.560481 20.650269
-1.823471 -0.560481 20.650269
-1.823471 -0.560481 20.650269
-2.059431 0.021524 18.364185
-2.059431 0.021524 18.364185
-2.059431 0.021524 18.364185
-2.059431 0.021524 18.364185
-2.059431 0.021524 18.364185
-1.299268 2.204174 19.165192
-1.299268 2.204174 19.165192
-1.299268 2.204174 19.165192
-1.299268 2.204174 19.165192
-1.299268 2.204174 19.165192
-0.181877 13.085347 20.657397
-0.181877 13.085347 20.657397
-0.181877 13.085347 20.657397
-0.181877 13.085347 20.657397
-0.181877 13.085347 20.657397
-0.891477 14.708247 20.834811
-0.891477 14.708247 20.834811
-0.891477 14.708247 20.834811
-0.891477 14.708247 20.834811
-0.891477 14.708247 20.834811
0.341020 15.420197 21.145962
0.341020 15.420197 21.145962
0.341020 15.420197 21.145962
0.341020 15.420197 21.145962
0.773267 10.352077 19.260751
0.773267 10.352077 19.260751
0.773267 10.352077 19.260751
0.773267 10.352077 19.260751
0.773267 10.352077 19.260751
0.773267 10.352077 19.260751
0.812070 8.154036 18.607659
0.812070 8.154036 18.607659
0.812070 8.154036 18.607659
0.812070 8.154036 18.607659
0.812070 8.154036 18.607659
0.437409 8.551673 19.385827
0.437409 8.551673 19.385827
0.437409 8.551673 19.385827
0.437409 8.551673 19.385827
0.426778 12.001374 21.219035
0.426778 12.001374 21.219035
0.426778 12.001374 21.219035
0.426778 12.001374 21.219035
0.426778 12.001374 21.219035
-1.113480 13.665513 21.537087
-1.113480 13.665513 21.537087
-1.113480 13.665513 21.537087
-1.113480 13.665513 21.537087
-1.113480 13.665513 21.537087
-0.652402 14.285222 21.426215
-0.652402 14.285222 21.426215
-0.652402 14.285222 21.426215
-0.652402 14.285222 21.426215
-0.652402 14.285222 21.426215
-0.766786 14.052516 20.654156
-0.766786 14.052516 20.654156
-0.766786 14.052516 20.654156
-0.766786 14.052516 20.654156
-0.766786 14.052516 20.654156
2.317286 12.791747 19.412236
2.317286 12.791747 19.412236
2.317286 12.791747 19.412236
2.317286 12.791747 19.412236
2.317286 12.791747 19.412236
2.939958 12.469318 19.401707
2.939958 12.469318 19.401707
2.939958 12.469318 19.401707
2.939958 12.469318 19.401707
3.479325 12.562746 19.293382
3.479325 12.562746 19.293382
3.479325 12.562746 19.293382
3.479325 12.562746 19.293382
3.479325 12.562746 19.293382
3.308179 12.430502 19.694471
3.308179 12.430502 19.694471
3.308179 12.430502 19.694471
3.308179 12.430502 19.694471
3.308179 12.430502 19.694471
3.982138 11.838086 19.993422
3.982138 11.838086 19.993422
3.982138 11.838086 19.993422
3.982138 11.838086 19.993422
2.925220 10.926717 20.050416
2.925220 10.926717 20.050416
2.925220 10.926717 20.050416
2.925220 10.926717 20.050416
2.925220 10.926717 20.050416
3.130123 10.612074 19.989064
3.130123 10.612074 19.989064
3.130123 10.612074 19.989064
3.130123 10.612074 19.989064
2.048724 9.053753 18.943576
2.048724 9.053753 18.943576
2.048724 9.053753 18.943576
2.048724 9.053753 18.943576
2.048724 9.053753 18.943576
1.526848 6.883104 19.824576
1.526848 6.883104 19.824576
1.526848 6.883104 19.824576
1.526848 6.883104 19.824576
2.623832 5.360566 19.355125
2.623832 5.360566 19.355125
2.623832 5.360566 19.355125
2.623832 5.360566 19.355125
2.623832 5.360566 19.355125
1.831447 5.777928 20.471633
1.831447 5.777928 20.471633
1.831447 5.777928 20.471633
1.831447 5.777928 20.471633
0.914737 5.690334 19.951602
0.914737 5.690334 19.951602
0.914737 5.690334 19.951602
0.914737 5.690334 19.951602
0.914737 5.690334 19.951602
1.511361 5.361817 19.815784
1.511361 5.361817 19.815784
1.511361 5.361817 19.815784
1.511361 5.361817 19.815784
1.511361 5.361817 19.815784
2.037417 6.113427 21.692307
2.037417 6.113427 21.692307
2.037417 6.113427 21.692307
2.037417 6.113427 21.692307
2.654248 5.360057 20.142178
2.654248 5.360057 20.142178
2.654248 5.360057 20.142178
2.654248 5.360057 20.142178
2.654248 5.360057 20.142178
2.217228 6.347793 18.644320
2.217228 6.347793 18.644320
2.217228 6.347793 18.644320
2.217228 6.347793 18.644320
2.217228 6.347793 18.644320
-1.161577 6.635522 17.333485
-1.161577 6.635522 17.333485
-1.161577 6.635522 17.333485
-1.161577 6.635522 17.333485
-0.434944 6.675805 15.832454
-0.434944 6.675805 15.832454
-0.434944 6.675805 15.832454
-0.434944 6.675805 15.832454
-0.434944 6.675805 15.832454
-0.394749 7.182869 15.979048
-0.394749 7.182869 15.979048
-0.394749 7.182869 15.979048
-0.394749 7.182869 15.979048
0.393212 6.241752 17.476875
0.393212 6.241752 17.476875
0.393212 6.241752 17.476875
0.393212 6.241752 17.476875
0.393212 6.241752 17.476875
0.745775 6.404029 19.328223
0.745775 6.404029 19.328223
0.745775 6.404029 19.328223
0.745775 6.404029 19.328223
0.745775 6.404029 19.328223
0.801560 6.182437 20.376353
0.801560 6.182437 20.376353
0.801560 6.182437 20.376353
0.801560 6.182437 20.376353
1.439127 6.380565 19.948283
1.439127 6.380565 19.948283
1.439127 6.380565 19.948283
1.439127 6.380565 19.948283
1.439127 6.380565 19.948283
1.832733 5.938414 19.402940
1.832733 5.938414 19.402940
1.832733 5.938414 19.402940
1.667874 5.920416 19.346793
1.667874 5.920416 19.346793
1.667874 5.920416 19.346793
1.667874 5.920416 19.346793
1.667874 5.920416 19.346793
2.068018 5.522673 19.068331
2.068018 5.522673 19.068331
2.068018 5.522673 19.068331
2.068018 5.522673 19.068331
2.068018 5.522673 19.068331
1.432066 6.168172 18.748335
1.432066 6.168172 18.748335
1.432066 6.168172 18.748335
1.432066 6.168172 18.748335
1.432066 6.168172 18.748335
1.389255 5.536020 19.254699
1.389255 5.536020 19.254699
1.389255 5.536020 19.254699
1.389255 5.536020 19.254699
0.597739 4.653595 20.914516
0.597739 4.653595 20.914516
0.597739 4.653595 20.914516
0.597739 4.653595 20.914516
0.597739 4.653595 20.914516
0.111509 0.651175 20.904052
0.111509 0.651175 20.904052
0.111509 0.651175 20.904052
0.111509 0.651175 20.904052
0.111509 0.651175 20.904052
-0.466041 -3.637568 20.149355
-0.466041 -3.637568 20.149355
-0.466041 -3.637568 20.149355
-0.466041 -3.637568 20.149355
-0.466041 -3.637568 20.149355
-1.849762 -7.666874 20.068687
-1.849762 -7.666874 20.068687
-1.849762 -7.666874 20.068687
-1.849762 -7.666874 20.068687
-1.849762 -7.666874 20.068687
-2.318984 -9.803804 20.218094
-2.318984 -9.803804 20.218094
-2.318984 -9.803804 20.218094
-2.318984 -9.803804 20.218094
-2.318984 -9.803804 20.218094
-3.016260 -11.596393 20.499040
-3.016260 -11.596393 20.499040
-3.016260 -11.596393 20.499040
-3.016260 -11.596393 20.499040
-3.016260 -11.596393 20.499040
-2.760391 -10.989843 20.505754
-2.760391 -10.989843 20.505754
-2.760391 -10.989843 20.505754
-2.760391 -10.989843 20.505754
-2.760391 -10.989843 20.505754
-2.459795 -10.454524 20.124367
-2.459795 -10.454524 20.124367
-2.459795 -10.454524 20.124367
-2.459795 -10.454524 20.124367
-1.782800 -9.655424 20.057955
-1.782800 -9.655424 20.057955
-1.782800 -9.655424 20.057955
-1.782800 -9.655424 20.057955
-1.782800 -9.655424 20.057955
-1.316633 -10.081701 19.943072
-1.316633 -10.081701 19.943072
-1.316633 -10.081701 19.943072
-1.316633 -10.081701 19.943072
-1.316633 -10.081701 19.943072
-1.385405 -11.362546 19.648151
-1.385405 -11.362546 19.648151
-1.385405 -11.362546 19.648151
-1.385405 -11.362546 19.648151
-1.478718 -12.453099 19.559971
-1.478718 -12.453099 19.559971
-1.478718 -12.453099 19.559971
-1.478718 -12.453099 19.559971
-1.478718 -12.453099 19.559971
-1.751149 -13.832895 19.602334
-1.751149 -13.832895 19.602334
-1.751149 -13.832895 19.602334
-1.751149 -13.832895 19.602334
-1.751149 -13.832895 19.602334
-1.970253 -14.114517 18.864619
-1.970253 -14.114517 18.864619
-1.970253 -14.114517 18.864619
-1.970253 -14.114517 18.864619
-1.970253 -14.114517 18.864619
-1.838662 -13.755355 19.140473
-1.838662 -13.755355 19.140473
-1.838662 -13.755355 19.140473
-1.838662 -13.755355 19.140473
-1.721279 -13.516141 19.301744
-1.721279 -13.516141 19.301744
-1.721279 -13.516141 19.301744
-1.721279 -13.516141 19.301744
-1.721279 -13.516141 19.301744
-1.552761 -13.636702 19.284769
-1.552761 -13.636702 19.284769
-1.552761 -13.636702 19.284769
-1.552761 -13.636702 19.284769
-1.501022 -13.408132 19.676675
-1.501022 -13.408132 19.676675
-1.501022 -13.408132 19.676675
-1.501022 -13.408132 19.676675
-1.501022 -13.408132 19.676675
-2.035424 -12.916098 19.994592
-2.035424 -12.916098 19.994592
-2.035424 -12.916098 19.994592
-2.035424 -12.916098 19.994592
-2.035424 -12.916098 19.994592
-2.331045 -12.539105 20.079067
-2.331045 -12.539105 20.079067
-2.331045 -12.539105 20.079067
-2.331045 -12.539105 20.079067
-2.331045 -12.539105 20.079067
-2.222840 -12.368285 19.979236
-2.222840 -12.368285 19.979236
-2.222840 -12.368285 19.979236
-2.222840 -12.368285 19.979236
-2.222840 -12.368285 19.979236
-2.087003 -12.828555 19.765010
-2.087003 -12.828555 19.765010
-2.087003 -12.828555 19.765010
-2.087003 -12.828555 19.765010
-2.087003 -12.828555 19.765010
-2.004578 -12.853426 19.731660
-2.004578 -12.853426 19.731660
-2.004578 -12.853426 19.731660
-2.004578 -12.853426 19.731660
-2.004578 -12.853426 19.731660
-1.764478 -13.015186 19.705975
-1.764478 -13.015186 19.705975
-1.764478 -13.015186 19.705975
-1.764478 -13.015186 19.705975
-1.764478 -13.015186 19.705975
-1.791694 -12.839950 19.713193
-1.791694 -12.839950 19.713193
-1.791694 -12.839950 19.713193
-1.791694 -12.839950 19.713193
-1.449053 -12.793574 19.596475
-1.449053 -12.793574 19.596475
-1.449053 -12.793574 19.596475
-1.449053 -12.793574 19.596475
-1.449053 -12.793574 19.596475
-1.260404 -12.928092 19.510357
-1.260404 -12.928092 19.510357
-1.260404 -12.928092 19.510357
-1.260404 -12.928092 19.510357
-1.260404 -12.928092 19.510357
-0.879845 -13.311126 19.759942
-0.879845 -13.311126 19.759942
-0.879845 -13.311126 19.759942
-0.879845 -13.311126 19.759942
-1.410074 -16.843933 19.226011
-1.410074 -16.843933 19.226011
-1.410074 -16.843933 19.226011
-1.410074 -16.843933 19.226011
-1.410074 -16.843933 19.226011
-2.203867 -18.432773 18.696767
-2.203867 -18.432773 18.696767
-2.203867 -18.432773 18.696767
-2.203867 -18.432773 18.696767
-2.203867 -18.432773 18.696767
-2.572435 -16.986508 20.062158
-2.572435 -16.986508 20.062158
-2.572435 -16.986508 20.062158
-2.572435 -16.986508 20.062158
-2.756784 -12.770787 21.020455
-2.756784 -12.770787 21.020455
-2.756784 -12.770787 21.020455
-2.756784 -12.770787 21.020455
-2.756784 -12.770787 21.020455
-2.579521 -12.478145 20.643905
-2.579521 -12.478145 20.643905
-2.579521 -12.478145 20.643905
-2.579521 -12.478145 20.643905
-1.925035 -13.036253 20.338840
-1.925035 -13.036253 20.338840
-1.925035 -13.036253 20.338840
-1.925035 -13.036253 20.338840
-1.925035 -13.036253 20.338840
-2.059974 -13.011430 20.132401
-2.059974 -13.011430 20.132401
-2.059974 -13.011430 20.132401
-2.059974 -13.011430 20.132401
-2.059974 -13.011430 20.132401
-4.088823 -9.720807 18.139529
-4.088823 -9.720807 18.139529
-4.088823 -9.720807 18.139529
-4.088823 -9.720807 18.139529
-4.088823 -9.720807 18.139529
-2.834330 -10.566598 12.146825
-2.834330 -10.566598 12.146825
-2.834330 -10.566598 12.146825
-2.834330 -10.566598 12.146825
-3.896827 0.110792 18.151190
-3.896827 0.110792 18.151190
-3.896827 0.110792 18.151190
-3.896827 0.110792 18.151190
-3.896827 0.110792 18.151190
-3.904878 6.268925 16.876250
-3.904878 6.268925 16.876250
-3.904878 6.268925 16.876250
-3.904878 6.268925 16.876250
-3.904878 6.268925 16.876250
-0.741574 3.337631 18.790170
-0.741574 3.337631 18.790170
-0.741574 3.337631 18.790170
-0.741574 3.337631 18.790170
-1.155545 10.466633 21.673891
-1.155545 10.466633 21.673891
-1.155545 10.466633 21.673891
-1.155545 10.466633 21.673891
-2.955926 6.304981 16.661471
-2.955926 6.304981 16.661471
-2.955926 6.304981 16.661471
-2.955926 6.304981 16.661471
-2.955926 6.304981 16.661471
-8.237452 4.664965 13.643299
-8.237452 4.664965 13.643299
-8.237452 4.664965 13.643299
-8.237452 4.664965 13.643299
-8.237452 4.664965 13.643299
-10.012293 -23.975031 27.083245
-10.012293 -23.975031 27.083245
-10.012293 -23.975031 27.083245
-10.012293 -23.975031 27.083245
-7.686348 -41.841626 26.761827
-7.686348 -41.841626 26.761827
-7.686348 -41.841626 26.761827
-7.686348 -41.841626 26.761827
-7.686348 -41.841626 26.761827
-5.935817 -45.491027 27.840380
-5.935817 -45.491027 27.840380
-5.935817 -45.491027 27.840380
-5.935817 -45.491027 27.840380
-5.935817 -45.491027 27.840380
-3.387411 -46.594386 21.767664
-3.387411 -46.594386 21.767664
-3.387411 -46.594386 21.767664
-3.387411 -46.594386 21.767664
4.601942 -43.033173 14.782490
4.601942 -43.033173 14.782490
4.601942 -43.033173 14.782490
4.601942 -43.033173 14.782490
4.601942 -43.033173 14.782490
10.202105 -42.366089 11.690163
10.202105 -42.366089 11.690163
10.202105 -42.366089 11.690163
10.202105 -42.366089 11.690163
10.202105 -42.366089 11.690163
6.652468 -48.833527 14.151750
6.652468 -48.833527 14.151750
6.652468 -48.833527 14.151750
6.652468 -48.833527 14.151750
6.652468 -48.833527 14.151750
4.092120 -52.895396 15.275792
4.092120 -52.895396 15.275792
4.092120 -52.895396 15.275792
4.092120 -52.895396 15.275792
2.236000 -55.025172 16.414618
2.236000 -55.025172 16.414618
2.236000 -55.025172 16.414618
2.236000 -55.025172 16.414618
2.236000 -55.025172 16.414618
2.560267 -55.543559 14.796691
2.560267 -55.543559 14.796691
2.560267 -55.543559 14.796691
2.560267 -55.543559 14.796691
2.560267 -55.543559 14.796691
1.430015 -49.930114 16.906784
1.430015 -49.930114 16.906784
1.430015 -49.930114 16.906784
1.430015 -49.930114 16.906784
1.430015 -49.930114 16.906784
2.310217 -29.407940 23.112566
2.310217 -29.407940 23.112566
2.310217 -29.407940 23.112566
2.310217 -29.407940 23.112566
2.310217 -29.407940 23.112566
-4.960569 -13.392699 11.361107
-4.960569 -13.392699 11.361107
-4.960569 -13.392699 11.361107
-4.960569 -13.392699 11.361107
-4.117356 -6.970071 10.830873
-4.117356 -6.970071 10.830873
-4.117356 -6.970071 10.830873
-4.117356 -6.970071 10.830873
-4.117356 -6.970071 10.830873
-1.372673 -0.474866 20.210502
-1.372673 -0.474866 20.210502
-1.372673 -0.474866 20.210502
-1.372673 -0.474866 20.210502
-1.372673 -0.474866 20.210502
-5.455482 -23.308007 25.022746
-5.455482 -23.308007 25.022746
-5.455482 -23.308007 25.022746
-5.455482 -23.308007 25.022746
-5.455482 -23.308007 25.022746
-2.010851 -33.855404 20.799787
-2.010851 -33.855404 20.799787
-2.010851 -33.855404 20.799787
-2.010851 -33.855404 20.799787
-2.010851 -33.855404 20.799787
-1.566189 -39.703132 18.438973
-1.566189 -39.703132 18.438973
-1.566189 -39.703132 18.438973
-1.566189 -39.703132 18.438973
-1.566189 -39.703132 18.438973
-1.038268 -42.582654 16.952091
-1.038268 -42.582654 16.952091
-1.038268 -42.582654 16.952091
-1.038268 -42.582654 16.952091
-1.038268 -42.582654 16.952091
-0.520627 -39.108963 16.485871
-0.520627 -39.108963 16.485871
-0.520627 -39.108963 16.485871
-0.520627 -39.108963 16.485871
-0.520627 -39.108963 16.485871
-0.177627 -38.135026 16.168665
-0.177627 -38.135026 16.168665
-0.177627 -38.135026 16.168665
-0.177627 -38.135026 16.168665
-0.177627 -38.135026 16.168665
-1.466203 -29.788282 16.832981
-1.466203 -29.788282 16.832981
-1.466203 -29.788282 16.832981
-1.466203 -29.788282 16.832981
-1.466203 -29.788282 16.832981
1.067772 -5.924591 18.897214
1.067772 -5.924591 18.897214
1.067772 -5.924591 18.897214
1.067772 -5.924591 18.897214
1.067772 -5.924591 18.897214
1.282377 -5.700960 20.021684
1.282377 -5.700960 20.021684
1.282377 -5.700960 20.021684
1.282377 -5.700960 20.021684
1.701018 -11.046146 22.014140
1.701018 -11.046146 22.014140
1.701018 -11.046146 22.014140
1.701018 -11.046146 22.014140
1.701018 -11.046146 22.014140
3.925352 -17.794707 21.706258
3.925352 -17.794707 21.706258
3.925352 -17.794707 21.706258
3.925352 -17.794707 21.706258
3.097445 -21.685811 20.077420
3.097445 -21.685811 20.077420
3.097445 -21.685811 20.077420
3.097445 -21.685811 20.077420
6.156080 -10.513008 17.472025
6.156080 -10.513008 17.472025
6.156080 -10.513008 17.472025
6.156080 -10.513008 17.472025
6.156080 -10.513008 17.472025
3.997173 -5.494499 19.647415
3.997173 -5.494499 19.647415
3.997173 -5.494499 19.647415
3.997173 -5.494499 19.647415
3.997173 -5.494499 19.647415
4.107921 -4.888511 18.620846
4.107921 -4.888511 18.620846
4.107921 -4.888511 18.620846
4.107921 -4.888511 18.620846
4.107921 -4.888511 18.620846
6.475394 -8.749610 17.324112
6.475394 -8.749610 17.324112
6.475394 -8.749610 17.324112
6.475394 -8.749610 17.324112
4.303552 -12.522757 18.373511
4.303552 -12.522757 18.373511
4.303552 -12.522757 18.373511
4.303552 -12.522757 18.373511
4.303552 -12.522757 18.373511
3.847811 -17.900399 19.243284
3.847811 -17.900399 19.243284
3.847811 -17.900399 19.243284
3.847811 -17.900399 19.243284
3.847811 -17.900399 19.243284
6.146142 -13.296427 18.030231
6.146142 -13.296427 18.030231
6.146142 -13.296427 18.030231
6.146142 -13.296427 18.030231
6.146142 -13.296427 18.030231
3.432298 -11.543476 19.317834
3.432298 -11.543476 19.317834
3.432298 -11.543476 19.317834
3.432298 -11.543476 19.317834
3.432298 -11.543476 19.317834
3.651866 -10.438068 18.739985
3.651866 -10.438068 18.739985
3.651866 -10.438068 18.739985
3.651866 -10.438068 18.739985
3.651866 -10.438068 18.739985
-3.060387 -9.789138 23.452249
-3.060387 -9.789138 23.452249
-3.060387 -9.789138 23.452249
-3.060387 -9.789138 23.452249
-5.961862 -15.470191 27.467952
-5.961862 -15.470191 27.467952
-5.961862 -15.470191 27.467952
-5.961862 -15.470191 27.467952
-5.961862 -15.470191 27.467952
-6.034737 -18.266837 26.391378
-6.034737 -18.266837 26.391378
-6.034737 -18.266837 26.391378
-6.034737 -18.266837 26.391378
-6.034737 -18.266837 26.391378
-4.844744 -18.131888 25.350573
-4.844744 -18.131888 25.350573
-4.844744 -18.131888 25.350573
-4.844744 -18.131888 25.350573
-4.844744 -18.131888 25.350573
-3.768684 -16.598517 23.536934
-3.768684 -16.598517 23.536934
-3.768684 -16.598517 23.536934
-3.768684 -16.598517 23.536934
-3.768684 -16.598517 23.536934
-3.435722 -15.258795 23.058548
-3.435722 -15.258795 23.058548
-3.435722 -15.258795 23.058548
-3.435722 -15.258795 23.058548
-3.435722 -15.258795 23.058548
-3.398455 -15.179501 23.090973
-3.398455 -15.179501 23.090973
-3.398455 -15.179501 23.090973
-3.398455 -15.179501 23.090973
-3.698322 -14.993426 23.579311
-3.698322 -14.993426 23.579311
-3.698322 -14.993426 23.579311
-3.698322 -14.993426 23.579311
-3.698322 -14.993426 23.579311
-3.698322 -14.993426 23.579311
-3.283940 -15.927532 23.281093
-3.283940 -15.927532 23.281093
-3.283940 -15.927532 23.281093
-3.283940 -15.927532 23.281093
-3.200914 -25.721907 22.179246
-3.200914 -25.721907 22.179246
-3.200914 -25.721907 22.179246
-3.200914 -25.721907 22.179246
-0.240404 -40.577119 32.287418
-0.240404 -40.577119 32.287418
-0.240404 -40.577119 32.287418
-0.240404 -40.577119 32.287418
-0.240404 -40.577119 32.287418
-24.310701 -59.792869 54.328158
-24.310701 -59.792869 54.328158
-24.310701 -59.792869 54.328158
-24.310701 -59.792869 54.328158
-24.310701 -59.792869 54.328158
-39.598787 -72.892380 70.495441
-39.598787 -72.892380 70.495441
-39.598787 -72.892380 70.495441
-39.598787 -72.892380 70.495441
-39.598787 -72.892380 70.495441
-55.500826 -71.752298 78.435324
-55.500826 -71.752298 78.435324
-55.500826 -71.752298 78.435324
-55.500826 -71.752298 78.435324
-55.500826 -71.752298 78.435324
-57.786365 -86.698706 112.105322
-57.786365 -86.698706 112.105322
-57.786365 -86.698706 112.105322
-57.786365 -86.698706 112.105322
-67.822399 -101.497895 158.662221
-67.822399 -101.497895 158.662221
-67.822399 -101.497895 158.662221
-67.822399 -101.497895 158.662221
-67.822399 -101.497895 158.662221
-69.091489 -110.205922 165.899544
-69.091489 -110.205922 165.899544
-69.091489 -110.205922 165.899544
-69.091489 -110.205922 165.899544
-69.091489 -110.205922 165.899544
-64.056601 -99.993731 131.732001
-64.056601 -99.993731 131.732001
-64.056601 -99.993731 131.732001
-64.056601 -99.993731 131.732001
-62.276572 -99.353735 134.292625
-62.276572 -99.353735 134.292625
-62.276572 -99.353735 134.292625
-62.276572 -99.353735 134.292625
-62.276572 -99.353735 134.292625
-67.932249 -98.867972 140.410221
-67.932249 -98.867972 140.410221
-67.932249 -98.867972 140.410221
-67.932249 -98.867972 140.410221
-67.932249 -98.867972 140.410221
-38.639295 -26.966560 71.590040
-38.639295 -26.966560 71.590040
-38.639295 -26.966560 71.590040
-38.639295 -26.966560 71.590040
-20.440869 -21.084307 77.800260
-20.440869 -21.084307 77.800260
-20.440869 -21.084307 77.800260
-20.440869 -21.084307 77.800260
-20.440869 -21.084307 77.800260
-3.642341 -10.067060 65.816809
-3.642341 -10.067060 65.816809
-3.642341 -10.067060 65.816809
-3.642341 -10.067060 65.816809
-3.642341 -10.067060 65.816809
-3.228732 -9.222420 62.122223
-3.228732 -9.222420 62.122223
-3.228732 -9.222420 62.122223
-3.228732 -9.222420 62.122223
-3.228732 -9.222420 62.122223
-2.822550 -8.790241 59.382949
-2.822550 -8.790241 59.382949
-2.822550 -8.790241 59.382949
-2.822550 -8.790241 59.382949
-2.822550 -8.790241 59.382949
-2.462098 -8.574546 57.320819
-2.462098 -8.574546 57.320819
-2.462098 -8.574546 57.320819
-2.462098 -8.574546 57.320819
-2.462098 -8.574546 57.320819
-2.168538 -8.472731 55.763085
-2.168538 -8.472731 55.763085
-2.168538 -8.472731 55.763085
-2.168538 -8.472731 55.763085
-1.929351 -8.433603 54.546523
-1.929351 -8.433603 54.546523
-1.929351 -8.433603 54.546523
-1.929351 -8.433603 54.546523
-1.929351 -8.433603 54.546523
-1.748782 -8.428868 53.647202
-1.748782 -8.428868 53.647202
-1.748782 -8.428868 53.647202
-1.748782 -8.428868 53.647202
-1.748782 -8.428868 53.647202
-1.595287 -8.415719 52.947316
-1.595287 -8.415719 52.947316
-1.595287 -8.415719 52.947316
-1.595287 -8.415719 52.947316
-1.470639 -8.412236 52.426131
-1.470639 -8.412236 52.426131
-1.470639 -8.412236 52.426131
-1.470639 -8.412236 52.426131
-1.470639 -8.412236 52.426131
-1.359381 -8.418208 52.020968
-1.359381 -8.418208 52.020968
-1.359381 -8.418208 52.020968
-1.359381 -8.418208 52.020968
-1.359381 -8.418208 52.020968
-1.290304 -8.411300 51.688898
-1.290304 -8.411300 51.688898
-1.290304 -8.411300 51.688898
-1.290304 -8.411300 51.688898
-1.241949 -8.413202 51.458550
-1.241949 -8.413202 51.458550
-1.241949 -8.413202 51.458550
-1.241949 -8.413202 51.458550
-1.241949 -8.413202 51.458550
-1.204130 -8.426938 51.255041
-1.204130 -8.426938 51.255041
-1.204130 -8.426938 51.255041
-1.204130 -8.426938 51.255041
-1.168244 -8.429160 51.090116
-1.168244 -8.429160 51.090116
-1.168244 -8.429160 51.090116
-1.168244 -8.429160 51.090116
-1.168244 -8.429160 51.090116
-1.130730 -8.434011 50.972281
-1.130730 -8.434011 50.972281
-1.130730 -8.434011 50.972281
-1.130730 -8.434011 50.972281
-1.130730 -8.434011 50.972281
-1.118453 -8.436417 50.881399
-1.118453 -8.436417 50.881399
-1.118453 -8.436417 50.881399
-1.118453 -8.436417 50.881399
-1.118453 -8.436417 50.881399
-1.089149 -8.449846 50.824961
-1.089149 -8.449846 50.824961
-1.089149 -8.449846 50.824961
-1.089149 -8.449846 50.824961
-1.080145 -8.452164 50.754094
-1.080145 -8.452164 50.754094
-1.080145 -8.452164 50.754094
-1.080145 -8.452164 50.754094
-1.080145 -8.452164 50.754094
-1.071848 -8.454772 50.683169
-1.071848 -8.454772 50.683169
-1.071848 -8.454772 50.683169
-1.071848 -8.454772 50.683169
-1.071848 -8.454772 50.683169
-1.071481 -8.455790 50.547235
-1.071481 -8.455790 50.547235
-1.071481 -8.455790 50.547235
-1.071481 -8.455790 50.547235
-1.071481 -8.455790 50.547235
-1.057575 -8.451438 50.488055
-1.057575 -8.451438 50.488055
-1.057575 -8.451438 50.488055
-1.048052 -8.451624 50.462828
-1.048052 -8.451624 50.462828
-1.048052 -8.451624 50.462828
-1.048052 -8.451624 50.462828
-1.048052 -8.451624 50.462828
-1.072168 -8.458794 50.360645
-1.072168 -8.458794 50.360645
-1.072168 -8.458794 50.360645
-1.072168 -8.458794 50.360645
-1.072168 -8.458794 50.360645
-1.062442 -8.458907 50.323014
-1.062442 -8.458907 50.323014
-1.062442 -8.458907 50.323014
-1.062442 -8.458907 50.323014
-1.062442 -8.458907 50.323014
-1.020274 -8.469702 50.316945
-1.020274 -8.469702 50.316945
-1.020274 -8.469702 50.316945
-1.020274 -8.469702 50.316945
-1.011287 -8.469680 50.296485
-1.011287 -8.469680 50.296485
-1.011287 -8.469680 50.296485
-1.011287 -8.469680 50.296485
-1.011287 -8.469680 50.296485
-1.003796 -8.478585 50.342022
-1.003796 -8.478585 50.342022
-1.003796 -8.478585 50.342022
-1.003796 -8.478585 50.342022
-1.003796 -8.478585 50.342022
-0.998642 -8.479991 50.340506
-0.998642 -8.479991 50.340506
-0.998642 -8.479991 50.340506
-0.998642 -8.479991 50.340506
-0.998642 -8.479991 50.340506
-1.003489 -8.479974 50.292472
-1.003489 -8.479974 50.292472
-1.003489 -8.479974 50.292472
-1.003489 -8.479974 50.292472
-0.995963 -8.476530 50.230352
-0.995963 -8.476530 50.230352
-0.995963 -8.476530 50.230352
-0.995963 -8.476530 50.230352
-0.995963 -8.476530 50.230352
-1.004562 -8.481987 50.186751
-1.004562 -8.481987 50.186751
-1.004562 -8.481987 50.186751
-1.004562 -8.481987 50.186751
-1.004562 -8.481987 50.186751
-0.999486 -8.492650 50.153512
-0.999486 -8.492650 50.153512
-0.999486 -8.492650 50.153512
-0.999486 -8.492650 50.153512
-0.999486 -8.492650 50.153512
-0.998034 -8.494013 50.119597
-0.998034 -8.494013 50.119597
-0.998034 -8.494013 50.119597
-0.998034 -8.494013 50.119597
-0.998034 -8.494013 50.119597
-1.201619 -8.814424 50.125358
-1.201619 -8.814424 50.125358
-1.201619 -8.814424 50.125358
-1.201619 -8.814424 50.125358
-1.201619 -8.814424 50.125358
-1.171747 -8.835848 50.332531
-1.171747 -8.835848 50.332531
-1.171747 -8.835848 50.332531
-1.171747 -8.835848 50.332531
-1.161701 -8.860738 50.466895
-1.161701 -8.860738 50.466895
-1.161701 -8.860738 50.466895
-1.161701 -8.860738 50.466895
-1.161701 -8.860738 50.466895
-1.155364 -8.874729 50.609062
-1.155364 -8.874729 50.609062
-1.155364 -8.874729 50.609062
-1.155364 -8.874729 50.609062
-1.155364 -8.874729 50.609062
-1.153354 -8.885862 50.684775
-1.153354 -8.885862 50.684775
-1.153354 -8.885862 50.684775
-1.153354 -8.885862 50.684775
-1.153354 -8.885862 50.684775
-1.160694 -8.888199 50.710907
-1.160694 -8.888199 50.710907
-1.160694 -8.888199 50.710907
-1.160694 -8.888199 50.710907
-1.172369 -8.898964 50.793651
-1.172369 -8.898964 50.793651
-1.172369 -8.898964 50.793651
-1.172369 -8.898964 50.793651
-1.172369 -8.898964 50.793651
-1.183004 -8.895268 50.776227
-1.183004 -8.895268 50.776227
-1.183004 -8.895268 50.776227
-1.183004 -8.895268 50.776227
-1.183004 -8.895268 50.776227
-1.185649 -8.900686 50.799604
-1.185649 -8.900686 50.799604
-1.185649 -8.900686 50.799604
-1.185649 -8.900686 50.799604
-1.185649 -8.900686 50.799604
-1.191309 -8.902216 50.791578
-1.191309 -8.902216 50.791578
-1.191309 -8.902216 50.791578
-1.191309 -8.902216 50.791578
-1.208940 -8.902361 50.758749
-1.208940 -8.902361 50.758749
-1.208940 -8.902361 50.758749
-1.208940 -8.902361 50.758749
-1.208940 -8.902361 50.758749
-1.205089 -8.907100 50.782549
-1.205089 -8.907100 50.782549
-1.205089 -8.907100 50.782549
-1.205089 -8.907100 50.782549
-1.205089 -8.907100 50.782549
-1.212173 -8.908792 50.756778
-1.212173 -8.908792 50.756778
-1.212173 -8.908792 50.756778
-1.212173 -8.908792 50.756778
-1.212173 -8.908792 50.756778
-1.215255 -8.925039 50.723573
-1.215255 -8.925039 50.723573
-1.215255 -8.925039 50.723573
-1.215255 -8.925039 50.723573
-1.215255 -8.925039 50.723573
-1.205046 -8.931011 50.770432
-1.205046 -8.931011 50.770432
-1.205046 -8.931011 50.770432
-1.205046 -8.931011 50.770432
-1.209980 -8.931636 50.749743
-1.209980 -8.931636 50.749743
-1.209980 -8.931636 50.749743
-1.209980 -8.931636 50.749743
-1.209980 -8.931636 50.749743
-1.218086 -8.933265 50.743535
-1.218086 -8.933265 50.743535
-1.218086 -8.933265 50.743535
-1.218086 -8.933265 50.743535
-1.218086 -8.933265 50.743535
-1.213382 -8.946645 50.770804
-1.213382 -8.946645 50.770804
-1.213382 -8.946645 50.770804
-1.213382 -8.946645 50.770804
-1.213382 -8.946645 50.770804
-1.208396 -8.956451 50.793532
-1.208396 -8.956451 50.793532
-1.208396 -8.956451 50.793532
-1.208396 -8.956451 50.793532
-1.208396 -8.956451 50.793532
-1.215983 -8.953132 50.804129
-1.215983 -8.953132 50.804129
-1.215983 -8.953132 50.804129
-1.215983 -8.953132 50.804129
-1.215983 -8.953132 50.804129
-1.189154 -8.951691 50.827816
-1.189154 -8.951691 50.827816
-1.189154 -8.951691 50.827816
-1.189154 -8.951691 50.827816
-1.189154 -8.951691 50.827816
-1.191578 -8.971664 50.893847
-1.191578 -8.971664 50.893847
-1.191578 -8.971664 50.893847
-1.191578 -8.971664 50.893847
-1.191578 -8.971664 50.893847
-1.191620 -8.974056 50.950110
-1.191620 -8.974056 50.950110
-1.191620 -8.974056 50.950110
-1.191620 -8.974056 50.950110
-1.191620 -8.974056 50.950110
-1.191398 -8.966321 51.010844
-1.191398 -8.966321 51.010844
-1.191398 -8.966321 51.010844
-1.191398 -8.966321 51.010844
-1.191398 -8.966321 51.010844
-1.190833 -8.977502 51.043602
-1.190833 -8.977502 51.043602
-1.190833 -8.977502 51.043602
-1.190833 -8.977502 51.043602
-1.187589 -8.980003 51.059185
-1.187589 -8.980003 51.059185
-1.187589 -8.980003 51.059185
-1.187589 -8.980003 51.059185
-1.187589 -8.980003 51.059185
-1.190484 -8.972438 51.091929
-1.190484 -8.972438 51.091929
-1.190484 -8.972438 51.091929
-1.190484 -8.972438 51.091929
-1.198911 -8.981391 51.124567
-1.198911 -8.981391 51.124567
-1.198911 -8.981391 51.124567
-1.198911 -8.981391 51.124567
-1.198911 -8.981391 51.124567
-1.190690 -8.993413 51.155740
-1.190690 -8.993413 51.155740
-1.190690 -8.993413 51.155740
-1.190690 -8.993413 51.155740
-1.190690 -8.993413 51.155740
-1.194923 -8.997728 51.154528
-1.194923 -8.997728 51.154528
-1.194923 -8.997728 51.154528
-1.194923 -8.997728 51.154528
-1.200687 -9.005476 51.155262
-1.200687 -9.005476 51.155262
-1.200687 -9.005476 51.155262
-1.200687 -9.005476 51.155262
-1.200687 -9.005476 51.155262
-1.207506 -9.006505 51.141185
-1.207506 -9.006505 51.141185
-1.207506 -9.006505 51.141185
-1.207506 -9.006505 51.141185
-1.207506 -9.006505 51.141185
-1.208533 -9.006778 51.123088
-1.208533 -9.006778 51.123088
-1.208533 -9.006778 51.123088
-1.208533 -9.006778 51.123088
-1.217105 -9.002402 51.058649
-1.217105 -9.002402 51.058649
-1.217105 -9.002402 51.058649
-1.217105 -9.002402 51.058649
-1.217105 -9.002402 51.058649
-1.208268 -9.001930 51.088036
-1.208268 -9.001930 51.088036
-1.208268 -9.001930 51.088036
-1.208268 -9.001930 51.088036
-1.208268 -9.001930 51.088036
-1.206614 -9.010464 51.053929
-1.206614 -9.010464 51.053929
-1.206614 -9.010464 51.053929
-1.206614 -9.010464 51.053929
-1.206614 -9.010464 51.053929
-1.208161 -9.027248 51.004472
-1.208161 -9.027248 51.004472
-1.208161 -9.027248 51.004472
-1.208161 -9.027248 51.004472
-1.208161 -9.027248 51.004472
-1.208624 -9.032998 51.041167
-1.208624 -9.032998 51.041167
-1.208624 -9.032998 51.041167
-1.208624 -9.032998 51.041167
-1.208624 -9.032998 51.041167
-1.220309 -9.034521 51.006688
-1.220309 -9.034521 51.006688
-1.220309 -9.034521 51.006688
-1.220309 -9.034521 51.006688
-1.220309 -9.034521 51.006688
-1.219915 -9.024601 50.980013
-1.219915 -9.024601 50.980013
-1.219915 -9.024601 50.980013
-1.219915 -9.024601 50.980013
-1.219915 -9.024601 50.980013
-1.201443 -9.022059 50.980501
-1.201443 -9.022059 50.980501
-1.201443 -9.022059 50.980501
-1.201443 -9.022059 50.980501
-1.202315 -9.029848 51.002734
-1.202315 -9.029848 51.002734
-1.202315 -9.029848 51.002734
-1.202315 -9.029848 51.002734
-1.202315 -9.029848 51.002734
-1.200512 -9.033840 51.011838
-1.200512 -9.033840 51.011838
-1.200512 -9.033840 51.011838
-1.200512 -9.033840 51.011838
-1.200512 -9.033840 51.011838
-1.208221 -9.033686 51.027162
-1.208221 -9.033686 51.027162
-1.208221 -9.033686 51.027162
-1.208221 -9.033686 51.027162
-1.208221 -9.033686 51.027162
-1.210721 -9.027633 51.037564
-1.210721 -9.027633 51.037564
-1.210721 -9.027633 51.037564
-1.210721 -9.027633 51.037564
-1.208646 -9.029427 51.035170
-1.208646 -9.029427 51.035170
-1.208646 -9.029427 51.035170
-1.208646 -9.029427 51.035170
-1.208646 -9.029427 51.035170
-1.212957 -9.033481 51.033364
-1.212957 -9.033481 51.033364
-1.212957 -9.033481 51.033364
-1.212957 -9.033481 51.033364
-1.212957 -9.033481 51.033364
-1.215252 -9.031326 51.049541
-1.215252 -9.031326 51.049541
-1.215252 -9.031326 51.049541
-1.215252 -9.031326 51.049541
-1.215252 -9.031326 51.049541
-1.217696 -9.038566 51.056211
-1.217696 -9.038566 51.056211
-1.217696 -9.038566 51.056211
-1.217696 -9.038566 51.056211
-1.217696 -9.038566 51.056211
-1.222162 -9.041568 51.081779
-1.222162 -9.041568 51.081779
-1.222162 -9.041568 51.081779
-1.222162 -9.041568 51.081779
-1.214110 -9.036330 51.088985
-1.214110 -9.036330 51.088985
-1.214110 -9.036330 51.088985
-1.214110 -9.036330 51.088985
-1.214110 -9.036330 51.088985
-1.214184 -9.048180 51.110084
-1.214184 -9.048180 51.110084
-1.214184 -9.048180 51.110084
-1.214184 -9.048180 51.110084
-1.214184 -9.048180 51.110084
-1.213208 -9.041195 51.088777
-1.213208 -9.041195 51.088777
-1.213208 -9.041195 51.088777
-1.213208 -9.041195 51.088777
-1.213208 -9.041195 51.088777
-1.225635 -9.050211 51.102113
-1.225635 -9.050211 51.102113
-1.225635 -9.050211 51.102113
-1.225635 -9.050211 51.102113
-1.222315 -9.050446 51.049790
-1.222315 -9.050446 51.049790
-1.222315 -9.050446 51.049790
-1.222315 -9.050446 51.049790
-1.222315 -9.050446 51.049790
-1.242126 -9.057212 50.972066
-1.242126 -9.057212 50.972066
-1.242126 -9.057212 50.972066
-1.242126 -9.057212 50.972066
-1.242126 -9.057212 50.972066
-1.239607 -9.041764 50.864832
-1.239607 -9.041764 50.864832
-1.239607 -9.041764 50.864832
-1.239607 -9.041764 50.864832
-1.264024 -9.037524 50.751270
-1.264024 -9.037524 50.751270
-1.264024 -9.037524 50.751270
-1.264024 -9.037524 50.751270
-1.264024 -9.037524 50.751270
-1.267538 -9.035024 50.714725
-1.267538 -9.035024 50.714725
-1.267538 -9.035024 50.714725
-1.267538 -9.035024 50.714725
-1.268348 -9.041489 50.606569
-1.268348 -9.041489 50.606569
-1.268348 -9.041489 50.606569
-1.268348 -9.041489 50.606569
-1.268348 -9.041489 50.606569
-1.263974 -9.046316 50.560212
-1.263974 -9.046316 50.560212
-1.263974 -9.046316 50.560212
-1.263974 -9.046316 50.560212
-1.263974 -9.046316 50.560212
-1.267142 -9.051879 50.494185
-1.267142 -9.051879 50.494185
-1.267142 -9.051879 50.494185
-1.267142 -9.051879 50.494185
-1.266073 -9.061725 50.464358
-1.266073 -9.061725 50.464358
-1.266073 -9.061725 50.464358
-1.266073 -9.061725 50.464358
-1.266073 -9.061725 50.464358
-1.266213 -9.057827 50.426716
-1.266213 -9.057827 50.426716
-1.266213 -9.057827 50.426716
-1.266213 -9.057827 50.426716
-1.266213 -9.057827 50.426716
-1.269658 -9.061748 50.382675
-1.269658 -9.061748 50.382675
-1.269658 -9.061748 50.382675
-1.269658 -9.061748 50.382675
-1.269658 -9.061748 50.382675
-1.269658 -9.061748 50.382675
-1.255222 -9.074536 50.353220
-1.255222 -9.074536 50.353220
-1.255222 -9.074536 50.353220
-1.255222 -9.074536 50.353220
-1.255222 -9.074536 50.353220
-1.243997 -9.071891 50.338156
-1.243997 -9.071891 50.338156
-1.243997 -9