-0.723428 -13.217181 -10.828848
-0.723428 -13.217181 -10.828848
-0.723428 -13.217181 -10.828848
-0.726284 -13.755076 -10.288065
-0.726284 -13.755076 -10.288065
-0.726284 -13.755076 -10.288065
-0.726284 -13.755076 -10.288065
-0.726284 -13.755076 -10.288065
-0.726284 -13.755076 -10.288065
-0.726284 -13.755076 -10.288065
-0.726284 -13.755076 -10.288065
-0.743609 -14.084524 -9.837086
-0.743609 -14.084524 -9.837086
-0.743609 -14.084524 -9.837086
-0.743609 -14.084524 -9.837086
-0.743609 -14.084524 -9.837086
-0.743609 -14.084524 -9.837086
-0.743609 -14.084524 -9.837086
-0.743609 -14.084524 -9.837086
-0.775228 -14.282343 -9.484061
-0.775228 -14.282343 -9.484061
-0.775228 -14.282343 -9.484061
-0.775228 -14.282343 -9.484061
-0.775228 -14.282343 -9.484061
-0.775228 -14.282343 -9.484061
-0.775228 -14.282343 -9.484061
-0.811635 -14.388999 -9.193100
-0.811635 -14.388999 -9.193100
-0.811635 -14.388999 -9.193100
-0.811635 -14.388999 -9.193100
-0.811635 -14.388999 -9.193100
-0.811635 -14.388999 -9.193100
-0.811635 -14.388999 -9.193100
-0.847077 -14.472785 -8.982495
-0.847077 -14.472785 -8.982495
-0.847077 -14.472785 -8.982495
-0.847077 -14.472785 -8.982495
-0.847077 -14.472785 -8.982495
-0.847077 -14.472785 -8.982495
-0.847077 -14.472785 -8.982495
-0.885761 -14.533929 -8.799835
-0.885761 -14.533929 -8.799835
-0.885761 -14.533929 -8.799835
-0.885761 -14.533929 -8.799835
-0.885761 -14.533929 -8.799835
-0.885761 -14.533929 -8.799835
-0.885761 -14.533929 -8.799835
-0.885761 -14.533929 -8.799835
-0.915211 -14.570230 -8.673807
-0.915211 -14.570230 -8.673807
-0.915211 -14.570230 -8.673807
-0.915211 -14.570230 -8.673807
-0.915211 -14.570230 -8.673807
-0.915211 -14.570230 -8.673807
-0.915211 -14.570230 -8.673807
-0.915211 -14.570230 -8.673807
-0.915211 -14.570230 -8.673807
-0.949873 -14.590887 -8.573315
-0.949873 -14.590887 -8.573315
-0.949873 -14.590887 -8.573315
-0.949873 -14.590887 -8.573315
-0.949873 -14.590887 -8.573315
-0.973309 -14.602352 -8.494597
-0.973309 -14.602352 -8.494597
-0.973309 -14.602352 -8.494597
-0.973309 -14.602352 -8.494597
-0.973309 -14.602352 -8.494597
-0.973309 -14.602352 -8.494597
-0.973309 -14.602352 -8.494597
-0.973309 -14.602352 -8.494597
-0.973309 -14.602352 -8.494597
-0.988601 -14.599521 -8.444946
-0.988601 -14.599521 -8.444946
-0.988601 -14.599521 -8.444946
-0.988601 -14.599521 -8.444946
-0.988601 -14.599521 -8.444946
-0.988601 -14.599521 -8.444946
-0.988601 -14.599521 -8.444946
-1.009267 -14.607420 -8.419898
-1.009267 -14.607420 -8.419898
-1.009267 -14.607420 -8.419898
-1.009267 -14.607420 -8.419898
-1.009267 -14.607420 -8.419898
-1.009267 -14.607420 -8.419898
-1.009267 -14.607420 -8.419898
-1.009267 -14.607420 -8.419898
-1.027051 -14.627557 -8.378690
-1.027051 -14.627557 -8.378690
-1.027051 -14.627557 -8.378690
-1.027051 -14.627557 -8.378690
-1.027051 -14.627557 -8.378690
-1.027051 -14.627557 -8.378690
-1.027051 -14.627557 -8.378690
-1.027051 -14.627557 -8.378690
-1.044625 -14.634249 -8.364340
-1.044625 -14.634249 -8.364340
-1.044625 -14.634249 -8.364340
-1.044625 -14.634249 -8.364340
-1.044625 -14.634249 -8.364340
-1.044625 -14.634249 -8.364340
-1.029608 -14.626920 -8.334020
-1.029608 -14.626920 -8.334020
-1.029608 -14.626920 -8.334020
-1.029608 -14.626920 -8.334020
-1.029608 -14.626920 -8.334020
-1.029608 -14.626920 -8.334020
-1.029608 -14.626920 -8.334020
-1.029608 -14.626920 -8.334020
-1.049267 -14.646098 -8.295418
-1.049267 -14.646098 -8.295418
-1.049267 -14.646098 -8.295418
-1.049267 -14.646098 -8.295418
-1.049267 -14.646098 -8.295418
-1.049267 -14.646098 -8.295418
-1.049267 -14.646098 -8.295418
-1.049267 -14.646098 -8.295418
-1.049267 -14.646098 -8.295418
-1.262488 -17.413263 -2.061930
-1.262488 -17.413263 -2.061930
-1.262488 -17.413263 -2.061930
-1.262488 -17.413263 -2.061930
-1.262488 -17.413263 -2.061930
-1.262488 -17.413263 -2.061930
-1.262488 -17.413263 -2.061930
1.074782 -6.767139 -4.373175
1.074782 -6.767139 -4.373175
1.074782 -6.767139 -4.373175
1.074782 -6.767139 -4.373175
1.074782 -6.767139 -4.373175
1.074782 -6.767139 -4.373175
1.074782 -6.767139 -4.373175
-6.471027 1.851085 -10.003315
-6.471027 1.851085 -10.003315
-6.471027 1.851085 -10.003315
-6.471027 1.851085 -10.003315
-6.471027 1.851085 -10.003315
-6.471027 1.851085 -10.003315
-6.471027 1.851085 -10.003315
1.916092 18.124037 -13.937576
1.916092 18.124037 -13.937576
1.916092 18.124037 -13.937576
1.916092 18.124037 -13.937576
1.916092 18.124037 -13.937576
1.916092 18.124037 -13.937576
1.916092 18.124037 -13.937576
1.916092 18.124037 -13.937576
1.916092 18.124037 -13.937576
6.301600 26.081895 -26.493971
6.301600 26.081895 -26.493971
6.301600 26.081895 -26.493971
6.301600 26.081895 -26.493971
6.301600 26.081895 -26.493971
6.301600 26.081895 -26.493971
6.301600 26.081895 -26.493971
10.103361 28.355413 -33.307595
10.103361 28.355413 -33.307595
10.103361 28.355413 -33.307595
10.103361 28.355413 -33.307595
10.103361 28.355413 -33.307595
10.103361 28.355413 -33.307595
10.103361 28.355413 -33.307595
10.103361 28.355413 -33.307595
10.952815 25.401315 -36.791972
10.952815 25.401315 -36.791972
10.952815 25.401315 -36.791972
10.952815 25.401315 -36.791972
10.952815 25.401315 -36.791972
10.952815 25.401315 -36.791972
10.952815 25.401315 -36.791972
10.952815 25.401315 -36.791972
10.611612 24.403923 -41.503023
10.611612 24.403923 -41.503023
10.611612 24.403923 -41.503023
10.611612 24.403923 -41.503023
10.611612 24.403923 -41.503023
10.611612 24.403923 -41.503023
10.611612 24.403923 -41.503023
9.182336 23.734803 -45.927094
9.182336 23.734803 -45.927094
9.182336 23.734803 -45.927094
9.182336 23.734803 -45.927094
9.182336 23.734803 -45.927094
9.182336 23.734803 -45.927094
9.182336 23.734803 -45.927094
9.182336 23.734803 -45.927094
7.408925 22.594355 -48.085724
7.408925 22.594355 -48.085724
7.408925 22.594355 -48.085724
7.408925 22.594355 -48.085724
7.408925 22.594355 -48.085724
7.408925 22.594355 -48.085724
7.408925 22.594355 -48.085724
7.408925 22.594355 -48.085724
5.100491 24.300758 -50.741182
5.100491 24.300758 -50.741182
5.100491 24.300758 -50.741182
5.100491 24.300758 -50.741182
5.100491 24.300758 -50.741182
5.100491 24.300758 -50.741182
5.100491 24.300758 -50.741182
4.208344 24.924928 -53.414128
4.208344 24.924928 -53.414128
4.208344 24.924928 -53.414128
4.208344 24.924928 -53.414128
4.208344 24.924928 -53.414128
4.208344 24.924928 -53.414128
4.208344 24.924928 -53.414128
4.208344 24.924928 -53.414128
4.208344 24.924928 -53.414128
3.502998 25.915479 -56.233371
3.502998 25.915479 -56.233371
3.502998 25.915479 -56.233371
3.502998 25.915479 -56.233371
3.502998 25.915479 -56.233371
3.502998 25.915479 -56.233371
3.502998 25.915479 -56.233371
3.502998 25.915479 -56.233371
2.544511 26.236956 -57.537063
2.544511 26.236956 -57.537063
2.544511 26.236956 -57.537063
2.544511 26.236956 -57.537063
2.544511 26.236956 -57.537063
2.544511 26.236956 -57.537063
2.544511 26.236956 -57.537063
2.544511 26.236956 -57.537063
2.439076 27.671099 -58.701938
2.439076 27.671099 -58.701938
2.439076 27.671099 -58.701938
2.439076 27.671099 -58.701938
2.439076 27.671099 -58.701938
2.439076 27.671099 -58.701938
2.439076 27.671099 -58.701938
2.439076 27.671099 -58.701938
2.089195 28.209417 -60.024782
2.089195 28.209417 -60.024782
2.089195 28.209417 -60.024782
2.089195 28.209417 -60.024782
2.089195 28.209417 -60.024782
2.089195 28.209417 -60.024782
2.089195 28.209417 -60.024782
2.089195 28.209417 -60.024782
1.820820 29.153867 -60.962444
1.820820 29.153867 -60.962444
1.820820 29.153867 -60.962444
1.820820 29.153867 -60.962444
1.820820 29.153867 -60.962444
1.820820 29.153867 -60.962444
1.820820 29.153867 -60.962444
1.820820 29.153867 -60.962444
1.820820 29.153867 -60.962444
1.820820 29.153867 -60.962444
1.820820 29.153867 -60.962444
1.820820 29.153867 -60.962444
1.820820 29.153867 -60.962444
1.820820 29.153867 -60.962444
1.820820 29.153867 -60.962444
1.462488 30.311177 -62.471697
1.462488 30.311177 -62.471697
1.462488 30.311177 -62.471697
1.462488 30.311177 -62.471697
1.462488 30.311177 -62.471697
1.462488 30.311177 -62.471697
1.462488 30.311177 -62.471697
1.462488 30.311177 -62.471697
1.429681 31.366541 -62.969522
1.429681 31.366541 -62.969522
1.429681 31.366541 -62.969522
1.429681 31.366541 -62.969522
1.429681 31.366541 -62.969522
1.429681 31.366541 -62.969522
1.429681 31.366541 -62.969522
1.429681 31.366541 -62.969522
1.299655 31.150888 -63.551031
1.299655 31.150888 -63.551031
1.299655 31.150888 -63.551031
1.299655 31.150888 -63.551031
1.299655 31.150888 -63.551031
1.299655 31.150888 -63.551031
1.299655 31.150888 -63.551031
1.299655 31.150888 -63.551031
1.122619 31.274101 -63.621238
1.122619 31.274101 -63.621238
1.122619 31.274101 -63.621238
1.122619 31.274101 -63.621238
1.122619 31.274101 -63.621238
1.122619 31.274101 -63.621238
1.122619 31.274101 -63.621238
1.122619 31.274101 -63.621238
1.122619 31.274101 -63.621238
1.006758 31.147049 -63.923119
1.006758 31.147049 -63.923119
1.006758 31.147049 -63.923119
1.006758 31.147049 -63.923119
1.006758 31.147049 -63.923119
1.006758 31.147049 -63.923119
1.006758 31.147049 -63.923119
1.006758 31.147049 -63.923119
0.977408 31.277799 -64.207146
0.977408 31.277799 -64.207146
0.977408 31.277799 -64.207146
0.977408 31.277799 -64.207146
0.977408 31.277799 -64.207146
0.977408 31.277799 -64.207146
0.977408 31.277799 -64.207146
0.977408 31.277799 -64.207146
0.852350 31.396228 -64.300617
0.852350 31.396228 -64.300617
0.852350 31.396228 -64.300617
0.852350 31.396228 -64.300617
0.852350 31.396228 -64.300617
0.852350 31.396228 -64.300617
0.852350 31.396228 -64.300617
0.852350 31.396228 -64.300617
0.757227 32.276762 -64.241413
0.757227 32.276762 -64.241413
0.757227 32.276762 -64.241413
0.757227 32.276762 -64.241413
0.757227 32.276762 -64.241413
0.757227 32.276762 -64.241413
0.757227 32.276762 -64.241413
0.893534 32.821876 -64.571912
0.893534 32.821876 -64.571912
0.893534 32.821876 -64.571912
0.893534 32.821876 -64.571912
0.893534 32.821876 -64.571912
0.893534 32.821876 -64.571912
0.893534 32.821876 -64.571912
0.893534 32.821876 -64.571912
0.756725 33.396285 -64.525159
0.756725 33.396285 -64.525159
0.756725 33.396285 -64.525159
0.756725 33.396285 -64.525159
0.756725 33.396285 -64.525159
0.756725 33.396285 -64.525159
0.756725 33.396285 -64.525159
0.756725 33.396285 -64.525159
0.756725 33.396285 -64.525159
0.787618 33.528504 -64.711330
0.787618 33.528504 -64.711330
0.787618 33.528504 -64.711330
0.787618 33.528504 -64.711330
0.787618 33.528504 -64.711330
0.787618 33.528504 -64.711330
0.787618 33.528504 -64.711330
0.820866 33.777864 -64.858944
0.820866 33.777864 -64.858944
0.820866 33.777864 -64.858944
0.820866 33.777864 -64.858944
0.820866 33.777864 -64.858944
0.820866 33.777864 -64.858944
0.820866 33.777864 -64.858944
0.792794 33.641018 -64.949676
0.792794 33.641018 -64.949676
0.792794 33.641018 -64.949676
0.792794 33.641018 -64.949676
0.792794 33.641018 -64.949676
0.792794 33.641018 -64.949676
0.792794 33.641018 -64.949676
0.792794 33.641018 -64.949676
0.731044 33.542605 -64.860747
0.731044 33.542605 -64.860747
0.731044 33.542605 -64.860747
0.731044 33.542605 -64.860747
0.731044 33.542605 -64.860747
0.731044 33.542605 -64.860747
0.731044 33.542605 -64.860747
0.721060 33.748009 -64.910416
0.721060 33.748009 -64.910416
0.721060 33.748009 -64.910416
0.721060 33.748009 -64.910416
0.721060 33.748009 -64.910416
0.721060 33.748009 -64.910416
0.721060 33.748009 -64.910416
0.721060 33.748009 -64.910416
0.720719 34.227881 -64.826603
0.720719 34.227881 -64.826603
0.720719 34.227881 -64.826603
0.720719 34.227881 -64.826603
0.720719 34.227881 -64.826603
0.720719 34.227881 -64.826603
0.720719 34.227881 -64.826603
0.734197 33.907556 -64.999564
0.734197 33.907556 -64.999564
0.734197 33.907556 -64.999564
0.734197 33.907556 -64.999564
0.734197 33.907556 -64.999564
0.734197 33.907556 -64.999564
0.734197 33.907556 -64.999564
0.734197 33.907556 -64.999564
1.670023 34.659276 -66.052410
1.670023 34.659276 -66.052410
1.670023 34.659276 -66.052410
1.670023 34.659276 -66.052410
1.670023 34.659276 -66.052410
1.670023 34.659276 -66.052410
1.670023 34.659276 -66.052410
1.670023 34.659276 -66.052410
0.184439 33.607751 -63.766749
0.184439 33.607751 -63.766749
0.184439 33.607751 -63.766749
0.184439 33.607751 -63.766749
0.184439 33.607751 -63.766749
0.184439 33.607751 -63.766749
0.184439 33.607751 -63.766749
0.184439 33.607751 -63.766749
0.939044 33.260795 -64.406362
0.939044 33.260795 -64.406362
0.939044 33.260795 -64.406362
0.939044 33.260795 -64.406362
0.939044 33.260795 -64.406362
0.939044 33.260795 -64.406362
0.939044 33.260795 -64.406362
1.329658 32.899399 -64.667814
1.329658 32.899399 -64.667814
1.329658 32.899399 -64.667814
1.329658 32.899399 -64.667814
1.329658 32.899399 -64.667814
1.329658 32.899399 -64.667814
1.329658 32.899399 -64.667814
1.329658 32.899399 -64.667814
1.172736 32.844430 -64.720236
1.172736 32.844430 -64.720236
1.172736 32.844430 -64.720236
1.172736 32.844430 -64.720236
1.172736 32.844430 -64.720236
1.172736 32.844430 -64.720236
1.172736 32.844430 -64.720236
1.172736 32.844430 -64.720236
2.175196 31.742444 -64.973807
2.175196 31.742444 -64.973807
2.175196 31.742444 -64.973807
2.175196 31.742444 -64.973807
2.175196 31.742444 -64.973807
2.175196 31.742444 -64.973807
2.175196 31.742444 -64.973807
2.175196 31.742444 -64.973807
2.175196 31.742444 -64.973807
2.137724 32.905645 -64.553279
2.137724 32.905645 -64.553279
2.137724 32.905645 -64.553279
2.137724 32.905645 -64.553279
2.137724 32.905645 -64.553279
2.137724 32.905645 -64.553279
2.137724 32.905645 -64.553279
2.286945 33.145460 -64.590046
2.286945 33.145460 -64.590046
2.286945 33.145460 -64.590046
2.286945 33.145460 -64.590046
2.286945 33.145460 -64.590046
2.286945 33.145460 -64.590046
2.286945 33.145460 -64.590046
2.286945 33.145460 -64.590046
2.286945 33.145460 -64.590046
2.297350 32.918312 -64.623439
2.297350 32.918312 -64.623439
2.297350 32.918312 -64.623439
2.297350 32.918312 -64.623439
2.297350 32.918312 -64.623439
2.297350 32.918312 -64.623439
2.297350 32.918312 -64.623439
1.844495 29.332357 -64.658027
1.844495 29.332357 -64.658027
1.844495 29.332357 -64.658027
1.844495 29.332357 -64.658027
1.844495 29.332357 -64.658027
1.844495 29.332357 -64.658027
1.844495 29.332357 -64.658027
6.208899 15.664950 -65.995781
6.208899 15.664950 -65.995781
6.208899 15.664950 -65.995781
6.208899 15.664950 -65.995781
6.208899 15.664950 -65.995781
6.208899 15.664950 -65.995781
6.208899 15.664950 -65.995781
6.208899 15.664950 -65.995781
6.208899 15.664950 -65.995781
26.078608 8.397506 -63.548688
26.078608 8.397506 -63.548688
26.078608 8.397506 -63.548688
26.078608 8.397506 -63.548688
26.078608 8.397506 -63.548688
26.078608 8.397506 -63.548688
26.078608 8.397506 -63.548688
26.078608 8.397506 -63.548688
32.172121 5.388866 -63.492441
32.172121 5.388866 -63.492441
32.172121 5.388866 -63.492441
32.172121 5.388866 -63.492441
32.172121 5.388866 -63.492441
32.172121 5.388866 -63.492441
32.172121 5.388866 -63.492441
30.843543 4.281951 -65.022274
30.843543 4.281951 -65.022274
30.843543 4.281951 -65.022274
30.843543 4.281951 -65.022274
30.843543 4.281951 -65.022274
30.843543 4.281951 -65.022274
30.843543 4.281951 -65.022274
30.843543 4.281951 -65.022274
28.910886 3.644502 -66.541315
28.910886 3.644502 -66.541315
28.910886 3.644502 -66.541315
28.910886 3.644502 -66.541315
28.910886 3.644502 -66.541315
28.910886 3.644502 -66.541315
28.910886 3.644502 -66.541315
28.910886 3.644502 -66.541315
28.910886 3.644502 -66.541315
25.816419 3.756551 -67.255650
25.816419 3.756551 -67.255650
25.816419 3.756551 -67.255650
25.816419 3.756551 -67.255650
25.816419 3.756551 -67.255650
25.816419 3.756551 -67.255650
25.816419 3.756551 -67.255650
25.816419 3.756551 -67.255650
10.204905 6.768511 -68.405922
10.204905 6.768511 -68.405922
10.204905 6.768511 -68.405922
10.204905 6.768511 -68.405922
10.204905 6.768511 -68.405922
10.204905 6.768511 -68.405922
10.204905 6.768511 -68.405922
4.747677 9.048497 -68.680557
4.747677 9.048497 -68.680557
4.747677 9.048497 -68.680557
4.747677 9.048497 -68.680557
4.747677 9.048497 -68.680557
4.747677 9.048497 -68.680557
4.747677 9.048497 -68.680557
7.611697 13.024348 -67.144748
7.611697 13.024348 -67.144748
7.611697 13.024348 -67.144748
7.611697 13.024348 -67.144748
7.611697 13.024348 -67.144748
7.611697 13.024348 -67.144748
7.611697 13.024348 -67.144748
7.611697 13.024348 -67.144748
7.339416 10.060909 -67.788357
7.339416 10.060909 -67.788357
7.339416 10.060909 -67.788357
7.339416 10.060909 -67.788357
7.339416 10.060909 -67.788357
7.339416 10.060909 -67.788357
7.339416 10.060909 -67.788357
7.339416 10.060909 -67.788357
4.624682 -4.644019 -58.214447
4.624682 -4.644019 -58.214447
4.624682 -4.644019 -58.214447
4.624682 -4.644019 -58.214447
4.624682 -4.644019 -58.214447
4.624682 -4.644019 -58.214447
4.624682 -4.644019 -58.214447
4.624682 -4.644019 -58.214447
6.522930 -8.350524 -46.894972
6.522930 -8.350524 -46.894972
6.522930 -8.350524 -46.894972
6.522930 -8.350524 -46.894972
6.522930 -8.350524 -46.894972
6.522930 -8.350524 -46.894972
6.522930 -8.350524 -46.894972
7.337787 -7.512456 -35.943416
7.337787 -7.512456 -35.943416
7.337787 -7.512456 -35.943416
7.337787 -7.512456 -35.943416
7.337787 -7.512456 -35.943416
7.337787 -7.512456 -35.943416
7.337787 -7.512456 -35.943416
7.415617 -7.182372 -27.658643
7.415617 -7.182372 -27.658643
7.415617 -7.182372 -27.658643
7.415617 -7.182372 -27.658643
7.415617 -7.182372 -27.658643
7.415617 -7.182372 -27.658643
7.415617 -7.182372 -27.658643
7.415617 -7.182372 -27.658643
7.213740 -7.279528 -21.333491
7.213740 -7.279528 -21.333491
7.213740 -7.279528 -21.333491
7.213740 -7.279528 -21.333491
7.213740 -7.279528 -21.333491
7.213740 -7.279528 -21.333491
7.213740 -7.279528 -21.333491
7.213740 -7.279528 -21.333491
6.942501 -7.543409 -16.489625
6.942501 -7.543409 -16.489625
6.942501 -7.543409 -16.489625
6.942501 -7.543409 -16.489625
6.942501 -7.543409 -16.489625
6.942501 -7.543409 -16.489625
6.942501 -7.543409 -16.489625
6.942501 -7.543409 -16.489625
6.645832 -7.872203 -12.777065
6.645832 -7.872203 -12.777065
6.645832 -7.872203 -12.777065
6.645832 -7.872203 -12.777065
6.645832 -7.872203 -12.777065
6.645832 -7.872203 -12.777065
6.645832 -7.872203 -12.777065
6.645832 -7.872203 -12.777065
6.645832 -7.872203 -12.777065
6.369542 -8.162013 -9.915891
6.369542 -8.162013 -9.915891
6.369542 -8.162013 -9.915891
6.369542 -8.162013 -9.915891
6.369542 -8.162013 -9.915891
6.369542 -8.162013 -9.915891
6.369542 -8.162013 -9.915891
6.369542 -8.162013 -9.915891
6.140425 -8.444422 -7.688531
6.140425 -8.444422 -7.688531
6.140425 -8.444422 -7.688531
6.140425 -8.444422 -7.688531
6.140425 -8.444422 -7.688531
6.140425 -8.444422 -7.688531
6.140425 -8.444422 -7.688531
5.917479 -8.680823 -6.004390
5.917479 -8.680823 -6.004390
5.917479 -8.680823 -6.004390
5.917479 -8.680823 -6.004390
5.917479 -8.680823 -6.004390
5.917479 -8.680823 -6.004390
5.917479 -8.680823 -6.004390
5.748750 -8.856232 -4.734559
5.748750 -8.856232 -4.734559
5.748750 -8.856232 -4.734559
5.748750 -8.856232 -4.734559
5.748750 -8.856232 -4.734559
5.748750 -8.856232 -4.734559
5.748750 -8.856232 -4.734559
5.591130 -8.993584 -3.761458
5.591130 -8.993584 -3.761458
5.591130 -8.993584 -3.761458
5.591130 -8.993584 -3.761458
5.591130 -8.993584 -3.761458
5.591130 -8.993584 -3.761458
5.591130 -8.993584 -3.761458
5.591130 -8.993584 -3.761458
5.457796 -9.111769 -3.013174
5.457796 -9.111769 -3.013174
5.457796 -9.111769 -3.013174
5.457796 -9.111769 -3.013174
5.457796 -9.111769 -3.013174
5.457796 -9.111769 -3.013174
5.457796 -9.111769 -3.013174
5.457796 -9.111769 -3.013174
5.344357 -9.212999 -2.422284
5.344357 -9.212999 -2.422284
5.344357 -9.212999 -2.422284
5.344357 -9.212999 -2.422284
5.344357 -9.212999 -2.422284
5.344357 -9.212999 -2.422284
5.344357 -9.212999 -2.422284
5.259852 -9.297539 -1.966265
5.259852 -9.297539 -1.966265
5.259852 -9.297539 -1.966265
5.259852 -9.297539 -1.966265
5.259852 -9.297539 -1.966265
5.259852 -9.297539 -1.966265
5.259852 -9.297539 -1.966265
5.259852 -9.297539 -1.966265
5.259852 -9.297539 -1.966265
5.192191 -9.363408 -1.634125
5.192191 -9.363408 -1.634125
5.192191 -9.363408 -1.634125
5.192191 -9.363408 -1.634125
5.192191 -9.363408 -1.634125
5.192191 -9.363408 -1.634125
5.192191 -9.363408 -1.634125
5.192191 -9.363408 -1.634125
5.128219 -9.399123 -1.378012
5.128219 -9.399123 -1.378012
5.128219 -9.399123 -1.378012
5.128219 -9.399123 -1.378012
5.128219 -9.399123 -1.378012
5.128219 -9.399123 -1.378012
5.128219 -9.399123 -1.378012
5.128219 -9.399123 -1.378012
5.089707 -9.443475 -1.188322
5.089707 -9.443475 -1.188322
5.089707 -9.443475 -1.188322
5.089707 -9.443475 -1.188322
5.089707 -9.443475 -1.188322
5.089707 -9.443475 -1.188322
5.089707 -9.443475 -1.188322
5.089707 -9.443475 -1.188322
5.060655 -9.461001 -1.042355
5.060655 -9.461001 -1.042355
5.060655 -9.461001 -1.042355
5.060655 -9.461001 -1.042355
5.060655 -9.461001 -1.042355
5.060655 -9.461001 -1.042355
5.060655 -9.461001 -1.042355
5.060655 -9.461001 -1.042355
5.031113 -9.476840 -0.939671
5.031113 -9.476840 -0.939671
5.031113 -9.476840 -0.939671
5.031113 -9.476840 -0.939671
5.031113 -9.476840 -0.939671
5.031113 -9.476840 -0.939671
5.031113 -9.476840 -0.939671
5.018209 -9.483673 -0.849565
5.018209 -9.483673 -0.849565
5.018209 -9.483673 -0.849565
5.018209 -9.483673 -0.849565
5.018209 -9.483673 -0.849565
5.018209 -9.483673 -0.849565
5.018209 -9.483673 -0.849565
5.002829 -9.491277 -0.789070
5.002829 -9.491277 -0.789070
5.002829 -9.491277 -0.789070
5.002829 -9.491277 -0.789070
5.002829 -9.491277 -0.789070
5.002829 -9.491277 -0.789070
5.002829 -9.491277 -0.789070
4.992377 -9.508474 -0.720635
4.992377 -9.508474 -0.720635
4.992377 -9.508474 -0.720635
4.992377 -9.508474 -0.720635
4.992377 -9.508474 -0.720635
4.992377 -9.508474 -0.720635
4.992377 -9.508474 -0.720635
4.994073 -9.516224 -0.657499
4.994073 -9.516224 -0.657499
4.994073 -9.516224 -0.657499
4.994073 -9.516224 -0.657499
4.994073 -9.516224 -0.657499
4.994073 -9.516224 -0.657499
4.994073 -9.516224 -0.657499
4.979829 -9.517957 -0.618736
4.979829 -9.517957 -0.618736
4.979829 -9.517957 -0.618736
4.979829 -9.517957 -0.618736
4.979829 -9.517957 -0.618736
4.979829 -9.517957 -0.618736
4.979829 -9.517957 -0.618736
4.979829 -9.517957 -0.618736
4.978294 -9.518599 -0.581790
4.978294 -9.518599 -0.581790
4.978294 -9.518599 -0.581790
4.978294 -9.518599 -0.581790
4.978294 -9.518599 -0.581790
4.978294 -9.518599 -0.581790
4.978294 -9.518599 -0.581790
4.978294 -9.518599 -0.581790
4.970306 -9.518330 -0.571465
4.970306 -9.518330 -0.571465
4.970306 -9.518330 -0.571465
4.970306 -9.518330 -0.571465
4.970306 -9.518330 -0.571465
4.970306 -9.518330 -0.571465
4.970306 -9.518330 -0.571465
4.970306 -9.518330 -0.571465
4.970881 -9.510780 -0.562026
4.970881 -9.510780 -0.562026
4.970881 -9.510780 -0.562026
4.970881 -9.510780 -0.562026
4.970881 -9.510780 -0.562026
4.970881 -9.510780 -0.562026
4.970881 -9.510780 -0.562026
4.964409 -9.517611 -0.541887
4.964409 -9.517611 -0.541887
4.964409 -9.517611 -0.541887
4.964409 -9.517611 -0.541887
4.964409 -9.517611 -0.541887
4.964409 -9.517611 -0.541887
4.964409 -9.517611 -0.541887
4.964409 -9.517611 -0.541887
4.956884 -9.522797 -0.543183
4.956884 -9.522797 -0.543183
4.956884 -9.522797 -0.543183
4.956884 -9.522797 -0.543183
4.956884 -9.522797 -0.543183
4.956884 -9.522797 -0.543183
4.956884 -9.522797 -0.543183
4.959764 -9.519933 -0.531878
4.959764 -9.519933 -0.531878
4.959764 -9.519933 -0.531878
4.959764 -9.519933 -0.531878
4.959764 -9.519933 -0.531878
4.959764 -9.519933 -0.531878
4.959764 -9.519933 -0.531878
4.956442 -9.524366 -0.523744
4.956442 -9.524366 -0.523744
4.956442 -9.524366 -0.523744
4.956442 -9.524366 -0.523744
4.956442 -9.524366 -0.523744
4.956442 -9.524366 -0.523744
4.956442 -9.524366 -0.523744
4.956442 -9.524366 -0.523744
4.954294 -9.525839 -0.514483
4.954294 -9.525839 -0.514483
4.954294 -9.525839 -0.514483
4.954294 -9.525839 -0.514483
4.954294 -9.525839 -0.514483
4.954294 -9.525839 -0.514483
4.954294 -9.525839 -0.514483
4.962067 -9.521900 -0.510996
4.962067 -9.521900 -0.510996
4.962067 -9.521900 -0.510996
4.962067 -9.521900 -0.510996
4.962067 -9.521900 -0.510996
4.962067 -9.521900 -0.510996
4.962067 -9.521900 -0.510996
4.962067 -9.521900 -0.510996
4.961639 -9.520942 -0.517035
4.961639 -9.520942 -0.517035
4.961639 -9.520942 -0.517035
4.961639 -9.520942 -0.517035
4.961639 -9.520942 -0.517035
4.961639 -9.520942 -0.517035
4.961639 -9.520942 -0.517035
4.961639 -9.520942 -0.517035
4.964193 -9.525405 -0.522407
4.964193 -9.525405 -0.522407
4.964193 -9.525405 -0.522407
4.964193 -9.525405 -0.522407
4.964193 -9.525405 -0.522407
4.964193 -9.525405 -0.522407
4.964193 -9.525405 -0.522407
4.964193 -9.525405 -0.522407
4.966624 -9.516923 -0.523579
4.966624 -9.516923 -0.523579
4.966624 -9.516923 -0.523579
4.966624 -9.516923 -0.523579
4.966624 -9.516923 -0.523579
4.966624 -9.516923 -0.523579
4.966624 -9.516923 -0.523579
4.966511 -9.511140 -0.518998
4.966511 -9.511140 -0.518998
4.966511 -9.511140 -0.518998
4.966511 -9.511140 -0.518998
4.966511 -9.511140 -0.518998
4.966511 -9.511140 -0.518998
4.966511 -9.511140 -0.518998
4.961049 -9.515459 -0.527905
4.961049 -9.515459 -0.527905
4.961049 -9.515459 -0.527905
4.961049 -9.515459 -0.527905
4.961049 -9.515459 -0.527905
4.961049 -9.515459 -0.527905
4.961049 -9.515459 -0.527905
4.961049 -9.515459 -0.527905
4.959697 -9.513617 -0.530849
4.959697 -9.513617 -0.530849
4.959697 -9.513617 -0.530849
4.959697 -9.513617 -0.530849
4.959697 -9.513617 -0.530849
4.959697 -9.513617 -0.530849
4.955939 -9.523661 -0.531710
4.955939 -9.523661 -0.531710
4.955939 -9.523661 -0.531710
4.955939 -9.523661 -0.531710
4.955939 -9.523661 -0.531710
4.955939 -9.523661 -0.531710
4.955939 -9.523661 -0.531710
4.955939 -9.523661 -0.531710
4.970735 -9.524820 -0.534489
4.970735 -9.524820 -0.534489
4.970735 -9.524820 -0.534489
4.970735 -9.524820 -0.534489
4.970735 -9.524820 -0.534489
4.970735 -9.524820 -0.534489
4.970735 -9.524820 -0.534489
4.970735 -9.524820 -0.534489
4.965086 -9.534813 -0.563843
4.965086 -9.534813 -0.563843
4.965086 -9.534813 -0.563843
4.965086 -9.534813 -0.563843
4.965086 -9.534813 -0.563843
4.965086 -9.534813 -0.563843
4.965086 -9.534813 -0.563843
4.965086 -9.534813 -0.563843
4.965086 -9.534813 -0.563843
4.971286 -9.527855 -0.571026
4.971286 -9.527855 -0.571026
4.971286 -9.527855 -0.571026
4.971286 -9.527855 -0.571026
4.971286 -9.527855 -0.571026
4.971286 -9.527855 -0.571026
4.971286 -9.527855 -0.571026
4.971286 -9.527855 -0.571026
4.977667 -9.498016 -0.544070
4.977667 -9.498016 -0.544070
4.977667 -9.498016 -0.544070
4.977667 -9.498016 -0.544070
4.977667 -9.498016 -0.544070
4.977667 -9.498016 -0.544070
4.977667 -9.498016 -0.544070
4.964306 -9.518188 -0.558456
4.964306 -9.518188 -0.558456
4.964306 -9.518188 -0.558456
4.964306 -9.518188 -0.558456
4.964306 -9.518188 -0.558456
4.964306 -9.518188 -0.558456
4.964306 -9.518188 -0.558456
4.964306 -9.518188 -0.558456
4.970156 -9.511674 -0.571822
4.970156 -9.511674 -0.571822
4.970156 -9.511674 -0.571822
4.970156 -9.511674 -0.571822
4.970156 -9.511674 -0.571822
4.970156 -9.511674 -0.571822
4.970156 -9.511674 -0.571822
4.975112 -9.523301 -0.574913
4.975112 -9.523301 -0.574913
4.975112 -9.523301 -0.574913
4.975112 -9.523301 -0.574913
4.975112 -9.523301 -0.574913
4.975112 -9.523301 -0.574913
4.975112 -9.523301 -0.574913
4.975112 -9.523301 -0.574913
4.974089 -9.526254 -0.588142
4.974089 -9.526254 -0.588142
4.974089 -9.526254 -0.588142
4.974089 -9.526254 -0.588142
4.974089 -9.526254 -0.588142
4.974089 -9.526254 -0.588142
4.974089 -9.526254 -0.588142
4.974089 -9.526254 -0.588142
4.974089 -9.526254 -0.588142
4.969368 -9.522979 -0.593880
4.969368 -9.522979 -0.593880
4.969368 -9.522979 -0.593880
4.969368 -9.522979 -0.593880
4.969368 -9.522979 -0.593880
4.969368 -9.522979 -0.593880
4.969368 -9.522979 -0.593880
4.970514 -9.524757 -0.597950
4.970514 -9.524757 -0.597950
4.970514 -9.524757 -0.597950
4.970514 -9.524757 -0.597950
4.970514 -9.524757 -0.597950
4.970514 -9.524757 -0.597950
4.970514 -9.524757 -0.597950
4.970514 -9.524757 -0.597950
4.973910 -9.530515 -0.597342
4.973910 -9.530515 -0.597342
4.973910 -9.530515 -0.597342
4.973910 -9.530515 -0.597342
4.973910 -9.530515 -0.597342
4.973910 -9.530515 -0.597342
4.973910 -9.530515 -0.597342
4.973910 -9.530515 -0.597342
4.973910 -9.530515 -0.597342
4.963072 -9.541109 -0.618623
4.963072 -9.541109 -0.618623
4.963072 -9.541109 -0.618623
4.963072 -9.541109 -0.618623
4.963072 -9.541109 -0.618623
4.963072 -9.541109 -0.618623
4.963072 -9.541109 -0.618623
4.968277 -9.537893 -0.625955
4.968277 -9.537893 -0.625955
4.968277 -9.537893 -0.625955
4.968277 -9.537893 -0.625955
4.968277 -9.537893 -0.625955
4.968277 -9.537893 -0.625955
4.968277 -9.537893 -0.625955
4.968277 -9.537893 -0.625955
4.980512 -9.521092 -0.624482
4.980512 -9.521092 -0.624482
4.980512 -9.521092 -0.624482
4.980512 -9.521092 -0.624482
4.980512 -9.521092 -0.624482
4.980512 -9.521092 -0.624482
4.980512 -9.521092 -0.624482
4.980512 -9.521092 -0.624482
4.978974 -9.528443 -0.617977
4.978974 -9.528443 -0.617977
4.978974 -9.528443 -0.617977
4.978974 -9.528443 -0.617977
4.978974 -9.528443 -0.617977
4.978974 -9.528443 -0.617977
4.978974 -9.528443 -0.617977
4.976940 -9.530514 -0.620269
4.976940 -9.530514 -0.620269
4.976940 -9.530514 -0.620269
4.976940 -9.530514 -0.620269
4.976940 -9.530514 -0.620269
4.976940 -9.530514 -0.620269
4.976940 -9.530514 -0.620269
4.971774 -9.527782 -0.608449
4.971774 -9.527782 -0.608449
4.971774 -9.527782 -0.608449
4.971774 -9.527782 -0.608449
4.971774 -9.527782 -0.608449
4.971774 -9.527782 -0.608449
4.971774 -9.527782 -0.608449
4.971774 -9.527782 -0.608449
4.967603 -9.519261 -0.615008
4.967603 -9.519261 -0.615008
4.967603 -9.519261 -0.615008
4.967603 -9.519261 -0.615008
4.967603 -9.519261 -0.615008
4.967603 -9.519261 -0.615008
4.967603 -9.519261 -0.615008
4.982037 -9.517501 -0.609610
4.982037 -9.517501 -0.609610
4.982037 -9.517501 -0.609610
4.982037 -9.517501 -0.609610
4.982037 -9.517501 -0.609610
4.982037 -9.517501 -0.609610
4.982037 -9.517501 -0.609610
4.975002 -9.519673 -0.608749
4.975002 -9.519673 -0.608749
4.975002 -9.519673 -0.608749
4.975002 -9.519673 -0.608749
4.975002 -9.519673 -0.608749
4.975002 -9.519673 -0.608749
4.975002 -9.519673 -0.608749
4.978658 -9.530153 -0.617903
4.978658 -9.530153 -0.617903
4.978658 -9.530153 -0.617903
4.978658 -9.530153 -0.617903
4.978658 -9.530153 -0.617903
4.978658 -9.530153 -0.617903
4.978658 -9.530153 -0.617903
4.990171 -9.527192 -0.619592
4.990171 -9.527192 -0.619592
4.990171 -9.527192 -0.619592
4.990171 -9.527192 -0.619592
4.990171 -9.527192 -0.619592
4.990171 -9.527192 -0.619592
4.992669 -9.527416 -0.626591
4.992669 -9.527416 -0.626591
4.992669 -9.527416 -0.626591
4.992669 -9.527416 -0.626591
4.992669 -9.527416 -0.626591
4.992669 -9.527416 -0.626591
4.992669 -9.527416 -0.626591
4.990621 -9.522025 -0.634152
4.990621 -9.522025 -0.634152
4.990621 -9.522025 -0.634152
4.990621 -9.522025 -0.634152
4.990621 -9.522025 -0.634152
4.990621 -9.522025 -0.634152
4.994481 -9.521380 -0.607809
4.994481 -9.521380 -0.607809
4.994481 -9.521380 -0.607809
4.994481 -9.521380 -0.607809
4.994481 -9.521380 -0.607809
4.994481 -9.521380 -0.607809
4.994481 -9.521380 -0.607809
4.994677 -9.518519 -0.633118
4.994677 -9.518519 -0.633118
4.994677 -9.518519 -0.633118
4.994677 -9.518519 -0.633118
4.994677 -9.518519 -0.633118
4.994677 -9.518519 -0.633118
4.994677 -9.518519 -0.633118
4.993530 -9.509337 -0.635394
4.993530 -9.509337 -0.635394
4.993530 -9.509337 -0.635394
4.993530 -9.509337 -0.635394
4.993530 -9.509337 -0.635394
4.993530 -9.509337 -0.635394
4.993530 -9.509337 -0.635394
4.993129 -9.509979 -0.624722
4.993129 -9.509979 -0.624722
4.993129 -9.509979 -0.624722
4.993129 -9.509979 -0.624722
4.993129 -9.509979 -0.624722
4.993129 -9.509979 -0.624722
4.993129 -9.509979 -0.624722
4.989872 -9.515026 -0.631316
4.989872 -9.515026 -0.631316
4.989872 -9.515026 -0.631316
4.989872 -9.515026 -0.631316
4.989872 -9.515026 -0.631316
4.989872 -9.515026 -0.631316
4.989872 -9.515026 -0.631316
4.989872 -9.515026 -0.631316
4.994435 -9.522004 -0.646968
4.994435 -9.522004 -0.646968
4.994435 -9.522004 -0.646968
4.994435 -9.522004 -0.646968
4.994435 -9.522004 -0.646968
4.994435 -9.522004 -0.646968
4.994435 -9.522004 -0.646968
4.999286 -9.516068 -0.630878
4.999286 -9.516068 -0.630878
4.999286 -9.516068 -0.630878
4.999286 -9.516068 -0.630878
4.999286 -9.516068 -0.630878
4.999286 -9.516068 -0.630878
4.999286 -9.516068 -0.630878
5.001367 -9.518826 -0.654251
5.001367 -9.518826 -0.654251
5.001367 -9.518826 -0.654251
5.001367 -9.518826 -0.654251
5.001367 -9.518826 -0.654251
5.001367 -9.518826 -0.654251
5.001367 -9.518826 -0.654251
5.001367 -9.518826 -0.654251
5.002702 -9.514522 -0.656065
5.002702 -9.514522 -0.656065
5.002702 -9.514522 -0.656065
5.002702 -9.514522 -0.656065
5.002702 -9.514522 -0.656065
5.002702 -9.514522 -0.656065
5.002702 -9.514522 -0.656065
5.007754 -9.513071 -0.656697
5.007754 -9.513071 -0.656697
5.007754 -9.513071 -0.656697
5.007754 -9.513071 -0.656697
5.007754 -9.513071 -0.656697
5.007754 -9.513071 -0.656697
5.018170 -9.519849 -0.669698
5.018170 -9.519849 -0.669698
5.018170 -9.519849 -0.669698
5.018170 -9.519849 -0.669698
5.018170 -9.519849 -0.669698
5.018170 -9.519849 -0.669698
5.018170 -9.519849 -0.669698
5.015923 -9.529484 -0.653885
5.015923 -9.529484 -0.653885
5.015923 -9.529484 -0.653885
5.015923 -9.529484 -0.653885
5.015923 -9.529484 -0.653885
5.015923 -9.529484 -0.653885
5.015923 -9.529484 -0.653885
5.014789 -9.521862 -0.669199
5.014789 -9.521862 -0.669199
5.014789 -9.521862 -0.669199
5.014789 -9.521862 -0.669199
5.014789 -9.521862 -0.669199
5.014789 -9.521862 -0.669199
5.014789 -9.521862 -0.669199
5.003277 -9.511927 -0.686751
5.003277 -9.511927 -0.686751
5.003277 -9.511927 -0.686751
5.003277 -9.511927 -0.686751
5.003277 -9.511927 -0.686751
5.003277 -9.511927 -0.686751
5.003277 -9.511927 -0.686751
4.993574 -9.518430 -0.698025
4.993574 -9.518430 -0.698025
4.993574 -9.518430 -0.698025
4.993574 -9.518430 -0.698025
4.993574 -9.518430 -0.698025
4.993574 -9.518430 -0.698025
4.993574 -9.518430 -0.698025
4.998378 -9.516881 -0.692504
4.998378 -9.516881 -0.692504
4.998378 -9.516881 -0.692504
4.998378 -9.516881 -0.692504
4.998378 -9.516881 -0.692504
4.998378 -9.516881 -0.692504
4.998378 -9.516881 -0.692504
4.998378 -9.516881 -0.692504
4.987428 -9.516063 -0.693699
4.987428 -9.516063 -0.693699
4.987428 -9.516063 -0.693699
4.987428 -9.516063 -0.693699
4.987428 -9.516063 -0.693699
4.987428 -9.516063 -0.693699
4.987428 -9.516063 -0.693699
4.987428 -9.516063 -0.693699
4.987428 -9.516063 -0.693699
4.994304 -9.520263 -0.684278
4.994304 -9.520263 -0.684278
4.994304 -9.520263 -0.684278
4.994304 -9.520263 -0.684278
4.994304 -9.520263 -0.684278
4.994304 -9.520263 -0.684278
4.994304 -9.520263 -0.684278
4.994304 -9.520263 -0.684278
5.002335 -9.517348 -0.684065
5.002335 -9.517348 -0.684065
5.002335 -9.517348 -0.684065
5.002335 -9.517348 -0.684065
5.002335 -9.517348 -0.684065
5.002335 -9.517348 -0.684065
5.002335 -9.517348 -0.684065
5.002335 -9.517348 -0.684065
5.013703 -9.515845 -0.688063
5.013703 -9.515845 -0.688063
5.013703 -9.515845 -0.688063
5.013703 -9.515845 -0.688063
5.013703 -9.515845 -0.688063
5.013703 -9.515845 -0.688063
5.013703 -9.515845 -0.688063
5.008542 -9.525347 -0.694494
5.008542 -9.525347 -0.694494
5.008542 -9.525347 -0.694494
5.008542 -9.525347 -0.694494
5.008542 -9.525347 -0.694494
5.008542 -9.525347 -0.694494
5.008542 -9.525347 -0.694494
5.008542 -9.525347 -0.694494
5.017591 -9.518013 -0.685128
5.017591 -9.518013 -0.685128
5.017591 -9.518013 -0.685128
5.017591 -9.518013 -0.685128
5.017591 -9.518013 -0.685128
5.017591 -9.518013 -0.685128
5.014114 -9.507591 -0.690808
5.014114 -9.507591 -0.690808
5.014114 -9.507591 -0.690808
5.014114 -9.507591 -0.690808
5.014114 -9.507591 -0.690808
5.014114 -9.507591 -0.690808
5.014114 -9.507591 -0.690808
5.014114 -9.507591 -0.690808
5.015224 -9.507785 -0.659477
5.015224 -9.507785 -0.659477
5.015224 -9.507785 -0.659477
5.015224 -9.507785 -0.659477
5.015224 -9.507785 -0.659477
5.015224 -9.507785 -0.659477
5.014196 -9.507778 -0.647840
5.014196 -9.507778 -0.647840
5.014196 -9.507778 -0.647840
5.014196 -9.507778 -0.647840
5.014196 -9.507778 -0.647840
5.014196 -9.507778 -0.647840
5.014196 -9.507778 -0.647840
5.014196 -9.507778 -0.647840
5.014248 -9.517949 -0.649880
5.014248 -9.517949 -0.649880
5.014248 -9.517949 -0.649880
5.014248 -9.517949 -0.649880
5.014248 -9.517949 -0.649880
5.014248 -9.517949 -0.649880
5.014248 -9.517949 -0.649880
5.018638 -9.521121 -0.640183
5.018638 -9.521121 -0.640183
5.018638 -9.521121 -0.640183
5.018638 -9.521121 -0.640183
5.018638 -9.521121 -0.640183
5.018638 -9.521121 -0.640183
5.018638 -9.521121 -0.640183
5.020680 -9.521538 -0.642654
5.020680 -9.521538 -0.642654
5.020680 -9.521538 -0.642654
5.020680 -9.521538 -0.642654
5.020680 -9.521538 -0.642654
5.020680 -9.521538 -0.642654
5.020680 -9.521538 -0.642654
5.020680 -9.521538 -0.642654
5.020680 -9.521538 -0.642654
5.017129 -9.519437 -0.638783
5.017129 -9.519437 -0.638783
5.017129 -9.519437 -0.638783
5.017129 -9.519437 -0.638783
5.017129 -9.519437 -0.638783
5.017129 -9.519437 -0.638783
5.017129 -9.519437 -0.638783
5.017129 -9.519437 -0.638783
5.024835 -9.514050 -0.616740
5.024835 -9.514050 -0.616740
5.024835 -9.514050 -0.616740
5.024835 -9.514050 -0.616740
5.024835 -9.514050 -0.616740
5.024835 -9.514050 -0.616740
5.024835 -9.514050 -0.616740
5.024835 -9.514050 -0.616740
5.016936 -9.503413 -0.632463
5.016936 -9.503413 -0.632463
5.016936 -9.503413 -0.632463
5.016936 -9.503413 -0.632463
5.016936 -9.503413 -0.632463
5.016936 -9.503413 -0.632463
5.016936 -9.503413 -0.632463
5.016936 -9.503413 -0.632463
5.023801 -9.514595 -0.632265
5.023801 -9.514595 -0.632265
5.023801 -9.514595 -0.632265
5.023801 -9.514595 -0.632265
5.023801 -9.514595 -0.632265
5.023801 -9.514595 -0.632265
5.022560 -9.514406 -0.636518
5.022560 -9.514406 -0.636518
5.022560 -9.514406 -0.636518
5.022560 -9.514406 -0.636518
5.022560 -9.514406 -0.636518
5.022560 -9.514406 -0.636518
5.022560 -9.514406 -0.636518
5.022560 -9.514406 -0.636518
5.026594 -9.524460 -0.640661
5.026594 -9.524460 -0.640661
5.026594 -9.524460 -0.640661
5.026594 -9.524460 -0.640661
5.026594 -9.524460 -0.640661
5.026594 -9.524460 -0.640661
5.026594 -9.524460 -0.640661
5.021546 -9.516003 -0.642172
5.021546 -9.516003 -0.642172
5.021546 -9.516003 -0.642172
5.021546 -9.516003 -0.642172
5.021546 -9.516003 -0.642172
5.021546 -9.516003 -0.642172
5.021546 -9.516003 -0.642172
5.021546 -9.516003 -0.642172
5.026091 -9.516933 -0.641805
5.026091 -9.516933 -0.641805
5.026091 -9.516933 -0.641805
5.026091 -9.516933 -0.641805
5.026091 -9.516933 -0.641805
5.026091 -9.516933 -0.641805
5.026091 -9.516933 -0.641805
5.031913 -9.517719 -0.643537
5.031913 -9.517719 -0.643537
5.031913 -9.517719 -0.643537
5.031913 -9.517719 -0.643537
5.031913 -9.517719 -0.643537
5.031913 -9.517719 -0.643537
5.031913 -9.517719 -0.643537
5.031913 -9.517719 -0.643537
5.031913 -9.517719 -0.643537
5.029575 -9.513213 -0.642563
5.029575 -9.513213 -0.642563
5.029575 -9.513213 -0.642563
5.029575 -9.513213 -0.642563
5.029575 -9.513213 -0.642563
5.029575 -9.513213 -0.642563
5.029575 -9.513213 -0.642563
5.029575 -9.513213 -0.642563
5.032906 -9.515189 -0.637085
5.032906 -9.515189 -0.637085
5.032906 -9.515189 -0.637085
5.032906 -9.515189 -0.637085
5.032906 -9.515189 -0.637085
5.032906 -9.515189 -0.637085
5.032906 -9.515189 -0.637085
5.032906 -9.515189 -0.637085
5.036471 -9.530118 -0.726264
5.036471 -9.530118 -0.726264
5.036471 -9.530118 -0.726264
5.036471 -9.530118 -0.726264
5.036471 -9.530118 -0.726264
5.036471 -9.530118 -0.726264
5.036471 -9.530118 -0.726264
5.036471 -9.530118 -0.726264
5.026333 -9.522335 -0.813125
5.026333 -9.522335 -0.813125
5.026333 -9.522335 -0.813125
5.026333 -9.522335 -0.813125
5.026333 -9.522335 -0.813125
5.026333 -9.522335 -0.813125
5.026333 -9.522335 -0.813125
5.029455 -9.510678 -0.799744
5.029455 -9.510678 -0.799744
5.029455 -9.510678 -0.799744
5.029455 -9.510678 -0.799744
5.029455 -9.510678 -0.799744
5.029455 -9.510678 -0.799744
5.029455 -9.510678 -0.799744
5.025001 -9.517020 -0.809124
5.025001 -9.517020 -0.809124
5.025001 -9.517020 -0.809124
5.025001 -9.517020 -0.809124
5.025001 -9.517020 -0.809124
5.025001 -9.517020 -0.809124
5.025001 -9.517020 -0.809124
5.025001 -9.517020 -0.809124
5.025453 -9.515277 -0.806512
5.025453 -9.515277 -0.806512
5.025453 -9.515277 -0.806512
5.025453 -9.515277 -0.806512
5.025453 -9.515277 -0.806512
5.025453 -9.515277 -0.806512
5.025453 -9.515277 -0.806512
5.026403 -9.518085 -0.808697
5.026403 -9.518085 -0.808697
5.026403 -9.518085 -0.808697
5.026403 -9.518085 -0.808697
5.026403 -9.518085 -0.808697
5.026403 -9.518085 -0.808697
5.026403 -9.518085 -0.808697
5.023275 -9.521844 -0.801597
5.023275 -9.521844 -0.801597
5.023275 -9.521844 -0.801597
5.023275 -9.521844 -0.801597
5.023275 -9.521844 -0.801597
5.023275 -9.521844 -0.801597
5.023275 -9.521844 -0.801597
5.023275 -9.521844 -0.801597
5.023275 -9.521844 -0.801597
5.028921 -9.534119 -0.828170
5.028921 -9.534119 -0.828170
5.028921 -9.534119 -0.828170
5.028921 -9.534119 -0.828170
5.028921 -9.534119 -0.828170
5.028921 -9.534119 -0.828170
5.028921 -9.534119 -0.828170
5.051883 -9.562977 -0.786380
5.051883 -9.562977 -0.786380
5.051883 -9.562977 -0.786380
5.051883 -9.562977 -0.786380
5.051883 -9.562977 -0.786380
5.051883 -9.562977 -0.786380
5.051883 -9.562977 -0.786380
5.051883 -9.562977 -0.786380
5.045534 -9.564999 -0.796995
5.045534 -9.564999 -0.796995
5.045534 -9.564999 -0.796995
5.045534 -9.564999 -0.796995
5.045534 -9.564999 -0.796995
5.045534 -9.564999 -0.796995
5.045534 -9.564999 -0.796995
5.045534 -9.564999 -0.796995
5.045921 -9.560626 -0.808077
5.045921 -9.560626 -0.808077
5.045921 -9.560626 -0.808077
5.045921 -9.560626 -0.808077
5.045921 -9.560626 -0.808077
5.045921 -9.560626 -0.808077
5.045921 -9.560626 -0.808077
5.045921 -9.560626 -0.808077
5.049618 -9.548552 -0.799802
5.049618 -9.548552 -0.799802
5.049618 -9.548552 -0.799802
5.049618 -9.548552 -0.799802
5.049618 -9.548552 -0.799802
5.049618 -9.548552 -0.799802
5.049618 -9.548552 -0.799802
5.051111 -9.542836 -0.792218
5.051111 -9.542836 -0.792218
5.051111 -9.542836 -0.792218
5.051111 -9.542836 -0.792218
5.051111 -9.542836 -0.792218
5.051111 -9.542836 -0.792218
5.051111 -9.542836 -0.792218
5.051111 -9.542836 -0.792218
5.051202 -9.533863 -0.822190
5.051202 -9.533863 -0.822190
5.051202 -9.533863 -0.822190
5.051202 -9.533863 -0.822190
5.051202 -9.533863 -0.822190
5.051202 -9.533863 -0.822190
5.051202 -9.533863 -0.822190
5.045664 -9.529821 -0.807543
5.045664 -9.529821 -0.807543
5.045664 -9.529821 -0.807543
5.045664 -9.529821 -0.807543
5.045664 -9.529821 -0.807543
5.045664 -9.529821 -0.807543
5.045664 -9.529821 -0.807543
5.045664 -9.529821 -0.807543
5.053515 -9.521787 -0.817407
5.053515 -9.521787 -0.817407
5.053515 -9.521787 -0.817407
5.053515 -9.521787 -0.817407
5.053515 -9.521787 -0.817407
5.053515 -9.521787 -0.817407
5.053515 -9.521787 -0.817407
5.062544 -9.512103 -0.804606
5.062544 -9.512103 -0.804606
5.062544 -9.512103 -0.804606
5.062544 -9.512103 -0.804606
5.062544 -9.512103 -0.804606
5.062544 -9.512103 -0.804606
5.062544 -9.512103 -0.804606
5.058160 -9.523350 -0.811592
5.058160 -9.523350 -0.811592
5.058160 -9.523350 -0.811592
5.058160 -9.523350 -0.811592
5.058160 -9.523350 -0.811592
5.058160 -9.523350 -0.811592
5.058160 -9.523350 -0.811592
5.056015 -9.526553 -0.785513
5.056015 -9.526553 -0.785513
5.056015 -9.526553 -0.785513
5.056015 -9.526553 -0.785513
5.056015 -9.526553 -0.785513
5.056015 -9.526553 -0.785513
5.056015 -9.526553 -0.785513
5.056015 -9.526553 -0.785513
5.058268 -9.526975 -0.770011
5.058268 -9.526975 -0.770011
5.058268 -9.526975 -0.770011
5.058268 -9.526975 -0.770011
5.058268 -9.526975 -0.770011
5.058268 -9.526975 -0.770011
5.058268 -9.526975 -0.770011
5.059845 -9.532866 -0.759434
5.059845 -9.532866 -0.759434
5.059845 -9.532866 -0.759434
5.059845 -9.532866 -0.759434
5.059845 -9.532866 -0.759434
5.059845 -9.532866 -0.759434
5.059845 -9.532866 -0.759434
5.059845 -9.532866 -0.759434
5.059845 -9.532866 -0.759434
5.063292 -9.529394 -0.749833
5.063292 -9.529394 -0.749833
5.063292 -9.529394 -0.749833
5.063292 -9.529394 -0.749833
5.063292 -9.529394 -0.749833
5.063292 -9.529394 -0.749833
5.066864 -9.527846 -0.748358
5.066864 -9.527846 -0.748358
5.066864 -9.527846 -0.748358
5.066864 -9.527846 -0.748358
5.066864 -9.527846 -0.748358
5.066864 -9.527846 -0.748358
5.066864 -9.527846 -0.748358
5.066864 -9.527846 -0.748358
5.071539 -9.533928 -0.740070
5.071539 -9.533928 -0.740070
5.071539 -9.533928 -0.740070
5.071539 -9.533928 -0.740070
5.071539 -9.533928 -0.740070
5.071539 -9.533928 -0.740070
5.071539 -9.533928 -0.740070
5.071539 -9.533928 -0.740070
5.075275 -9.512592 -0.739716
5.075275 -9.512592 -0.739716
5.075275 -9.512592 -0.739716
5.075275 -9.512592 -0.739716
5.075275 -9.512592 -0.739716
5.075275 -9.512592 -0.739716
5.075275 -9.512592 -0.739716
5.075275 -9.512592 -0.739716
5.073122 -9.509330 -0.743572
5.073122 -9.509330 -0.743572
5.073122 -9.509330 -0.743572
5.073122 -9.509330 -0.743572
5.073122 -9.509330 -0.743572
5.073122 -9.509330 -0.743572
5.073122 -9.509330 -0.743572
5.073122 -9.509330 -0.743572
5.069972 -9.506015 -0.735453
5.069972 -9.506015 -0.735453
5.069972 -9.506015 -0.735453
5.069972 -9.506015 -0.735453
5.069972 -9.506015 -0.735453
5.069972 -9.506015 -0.735453
5.069972 -9.506015 -0.735453
5.069972 -9.506015 -0.735453
5.076441 -9.511213 -0.740583
5.076441 -9.511213 -0.740583
5.076441 -9.511213 -0.740583
5.076441 -9.511213 -0.740583
5.076441 -9.511213 -0.740583
5.076441 -9.511213 -0.740583
5.076441 -9.511213 -0.740583
5.076441 -9.511213 -0.740583
5.076441 -9.511213 -0.740583
5.075777 -9.520933 -0.734468
5.075777 -9.520933 -0.734468
5.075777 -9.520933 -0.734468
5.075777 -9.520933 -0.734468
5.075777 -9.520933 -0.734468
5.075777 -9.520933 -0.734468
5.075777 -9.520933 -0.734468
5.067696 -9.518450 -0.733192
5.067696 -9.518450 -0.733192
5.067696 -9.518450 -0.733192
5.067696 -9.518450 -0.733192
5.067696 -9.518450 -0.733192
5.067696 -9.518450 -0.733192
5.067696 -9.518450 -0.733192
5.067696 -9.518450 -0.733192
5.081335 -9.519763 -0.753348
5.081335 -9.519763 -0.753348
5.081335 -9.519763 -0.753348
5.081335 -9.519763 -0.753348
5.081335 -9.519763 -0.753348
5.081335 -9.519763 -0.753348
5.081335 -9.519763 -0.753348
5.081335 -9.519763 -0.753348
5.084462 -9.517893 -0.749696
5.084462 -9.517893 -0.749696
5.084462 -9.517893 -0.749696
5.084462 -9.517893 -0.749696
5.084462 -9.517893 -0.749696
5.084462 -9.517893 -0.749696
5.084462 -9.517893 -0.749696
5.084462 -9.517893 -0.749696
5.058286 -9.545259 -0.946861
5.058286 -9.545259 -0.946861
5.058286 -9.545259 -0.946861
5.058286 -9.545259 -0.946861
5.058286 -9.545259 -0.946861
5.058286 -9.545259 -0.946861
5.058286 -9.545259 -0.946861
5.058286 -9.545259 -0.946861
5.046575 -9.534216 -1.134765
5.046575 -9.534216 -1.134765
5.046575 -9.534216 -1.134765
5.046575 -9.534216 -1.134765
5.046575 -9.534216 -1.134765
5.046575 -9.534216 -1.134765
5.046575 -9.534216 -1.134765
5.046624 -9.530101 -0.991053
5.046624 -9.530101 -0.991053
5.046624 -9.530101 -0.991053
5.046624 -9.530101 -0.991053
5.046624 -9.530101 -0.991053
5.046624 -9.530101 -0.991053
5.046624 -9.530101 -0.991053
5.046624 -9.530101 -0.991053
5.043186 -9.530843 -0.866593
5.043186 -9.530843 -0.866593
5.043186 -9.530843 -0.866593
5.043186 -9.530843 -0.866593
5.043186 -9.530843 -0.866593
5.043186 -9.530843 -0.866593
5.043186 -9.530843 -0.866593
5.043186 -9.530843 -0.866593
5.049490 -9.529558 -0.792711
5.049490 -9.529558 -0.792711
5.049490 -9.529558 -0.792711
5.049490 -9.529558 -0.792711
5.049490 -9.529558 -0.792711
5.049490 -9.529558 -0.792711
5.049490 -9.529558 -0.792711
5.049490 -9.529558 -0.792711
5.059343 -9.535461 -0.737828
5.059343 -9.535461 -0.737828
5.059343 -9.535461 -0.737828
5.059343 -9.535461 -0.737828
5.059343 -9.535461 -0.737828
5.059343 -9.535461 -0.737828
5.034229 -9.546764 -0.746201
5.034229 -9.546764 -0.746201
5.034229 -9.546764 -0.746201
5.034229 -9.546764 -0.746201
5.034229 -9.546764 -0.746201
5.034229 -9.546764 -0.746201
5.034229 -9.546764 -0.746201
5.034229 -9.546764 -0.746201
5.021959 -9.561903 -0.804666
5.021959 -9.561903 -0.804666
5.021959 -9.561903 -0.804666
5.021959 -9.561903 -0.804666
5.021959 -9.561903 -0.804666
5.021959 -9.561903 -0.804666
5.021959 -9.561903 -0.804666
5.017199 -9.558667 -0.752739
5.017199 -9.558667 -0.752739
5.017199 -9.558667 -0.752739
5.017199 -9.558667 -0.752739
5.017199 -9.558667 -0.752739
5.017199 -9.558667 -0.752739
5.017199 -9.558667 -0.752739
5.017199 -9.558667 -0.752739
5.017199 -9.558667 -0.752739
5.018142 -9.561441 -0.725468
5.018142 -9.561441 -0.725468
5.018142 -9.561441 -0.725468
5.018142 -9.561441 -0.725468
5.018142 -9.561441 -0.725468
5.018142 -9.561441 -0.725468
5.018142 -9.561441 -0.725468
5.016836 -9.553018 -0.686310
5.016836 -9.553018 -0.686310
5.016836 -9.553018 -0.686310
5.016836 -9.553018 -0.686310
5.016836 -9.553018 -0.686310
5.016836 -9.553018 -0.686310
5.016836 -9.553018 -0.686310
5.016836 -9.553018 -0.686310
5.021319 -9.546870 -0.683050
5.021319 -9.546870 -0.683050
5.021319 -9.546870 -0.683050
5.021319 -9.546870 -0.683050
5.021319 -9.546870 -0.683050
5.021319 -9.546870 -0.683050
5.021319 -9.546870 -0.683050
5.011815 -9.550354 -0.666619
5.011815 -9.550354 -0.666619
5.011815 -9.550354 -0.666619
5.011815 -9.550354 -0.666619
5.011815 -9.550354 -0.666619
5.011815 -9.550354 -0.666619
5.011815 -9.550354 -0.666619
5.011815 -9.550354 -0.666619
5.011139 -9.553865 -0.665433
5.011139 -9.553865 -0.665433
5.011139 -9.553865 -0.665433
5.011139 -9.553865 -0.665433
5.011139 -9.553865 -0.665433
5.011139 -9.553865 -0.665433
5.011139 -9.553865 -0.665433
5.008515 -9.565484 -0.639760
5.008515 -9.565484 -0.639760
5.008515 -9.565484 -0.639760
5.008515 -9.565484 -0.639760
5.008515 -9.565484 -0.639760
5.008515 -9.565484 -0.639760
5.008515 -9.565484 -0.639760
5.008515 -9.565484 -0.639760
5.008515 -9.565484 -0.639760
4.703934 -9.528966 4.516002
4.703934 -9.528966 4.516002
4.703934 -9.528966 4.516002
4.703934 -9.528966 4.516002
4.703934 -9.528966 4.516002
4.703934 -9.528966 4.516002
4.703934 -9.528966 4.516002
4.703934 -9.528966 4.516002
-0.367891 -14.065600 5.819095
-0.367891 -14.065600 5.819095
-0.367891 -14.065600 5.819095
-0.367891 -14.065600 5.819095
-0.367891 -14.065600 5.819095
-0.367891 -14.065600 5.819095
-0.367891 -14.065600 5.819095
-3.145198 -13.527118 -1.625675
-3.145198 -13.527118 -1.625675
-3.145198 -13.527118 -1.625675
-3.145198 -13.527118 -1.625675
-3.145198 -13.527118 -1.625675
-3.145198 -13.527118 -1.625675
-3.145198 -13.527118 -1.625675
-3.145198 -13.527118 -1.625675
-3.145198 -13.527118 -1.625675
-3.229177 -0.970760 -9.941741
-3.229177 -0.970760 -9.941741
-3.229177 -0.970760 -9.941741
-3.229177 -0.970760 -9.941741
-3.229177 -0.970760 -9.941741
-3.229177 -0.970760 -9.941741
-3.229177 -0.970760 -9.941741
-4.926542 2.535184 -21.876906
-4.926542 2.535184 -21.876906
-4.926542 2.535184 -21.876906
-4.926542 2.535184 -21.876906
-4.926542 2.535184 -21.876906
-4.926542 2.535184 -21.876906
-4.926542 2.535184 -21.876906
-4.926542 2.535184 -21.876906
-3.836632 3.794354 -32.519159
-3.836632 3.794354 -32.519159
-3.836632 3.794354 -32.519159
-3.836632 3.794354 -32.519159
-3.836632 3.794354 -32.519159
-3.836632 3.794354 -32.519159
-3.836632 3.794354 -32.519159
-3.344714 4.233545 -41.321401
-3.344714 4.233545 -41.321401
-3.344714 4.233545 -41.321401
-3.344714 4.233545 -41.321401
-3.344714 4.233545 -41.321401
-3.344714 4.233545 -41.321401
8.538518 8.772522 -45.314733
8.538518 8.772522 -45.314733
8.538518 8.772522 -45.314733
8.538518 8.772522 -45.314733
8.538518 8.772522 -45.314733
8.538518 8.772522 -45.314733
8.538518 8.772522 -45.314733
34.165600 6.572844 -47.696546
34.165600 6.572844 -47.696546
34.165600 6.572844 -47.696546
34.165600 6.572844 -47.696546
34.165600 6.572844 -47.696546
34.165600 6.572844 -47.696546
34.165600 6.572844 -47.696546
34.165600 6.572844 -47.696546
46.688622 3.545204 -51.276761
46.688622 3.545204 -51.276761
46.688622 3.545204 -51.276761
46.688622 3.545204 -51.276761
46.688622 3.545204 -51.276761
46.688622 3.545204 -51.276761
46.688622 3.545204 -51.276761
46.688622 3.545204 -51.276761
58.833153 3.872710 -52.481647
58.833153 3.872710 -52.481647
58.833153 3.872710 -52.481647
58.833153 3.872710 -52.481647
58.833153 3.872710 -52.481647
58.833153 3.872710 -52.481647
58.833153 3.872710 -52.481647
58.833153 3.872710 -52.481647
59.533411 4.230325 -53.400311
59.533411 4.230325 -53.400311
59.533411 4.230325 -53.400311
59.533411 4.230325 -53.400311
59.533411 4.230325 -53.400311
59.533411 4.230325 -53.400311
59.533411 4.230325 -53.400311
59.533411 4.230325 -53.400311
59.533411 4.230325 -53.400311
56.107805 4.336742 -54.269838
56.107805 4.336742 -54.269838
56.107805 4.336742 -54.269838
56.107805 4.336742 -54.269838
56.107805 4.336742 -54.269838
56.107805 4.336742 -54.269838
56.107805 4.336742 -54.269838
56.107805 4.336742 -54.269838
46.557882 5.064929 -55.255889
46.557882 5.064929 -55.255889
46.557882 5.064929 -55.255889
46.557882 5.064929 -55.255889
46.557882 5.064929 -55.255889
46.557882 5.064929 -55.255889
46.557882 5.064929 -55.255889
34.111768 6.041182 -56.870860
34.111768 6.041182 -56.870860
34.111768 6.041182 -56.870860
34.111768 6.041182 -56.870860
34.111768 6.041182 -56.870860
34.111768 6.041182 -56.870860
34.111768 6.041182 -56.870860
34.111768 6.041182 -56.870860
26.778353 7.656965 -58.531661
26.778353 7.656965 -58.531661
26.778353 7.656965 -58.531661
26.778353 7.656965 -58.531661
26.778353 7.656965 -58.531661
26.778353 7.656965 -58.531661
26.778353 7.656965 -58.531661
26.778353 7.656965 -58.531661
19.400425 8.797381 -60.122283
19.400425 8.797381 -60.122283
19.400425 8.797381 -60.122283
19.400425 8.797381 -60.122283
19.400425 8.797381 -60.122283
19.400425 8.797381 -60.122283
19.400425 8.797381 -60.122283
13.077762 9.112599 -61.524261
13.077762 9.112599 -61.524261
13.077762 9.112599 -61.524261
13.077762 9.112599 -61.524261
13.077762 9.112599 -61.524261
13.077762 9.112599 -61.524261
13.077762 9.112599 -61.524261
13.077762 9.112599 -61.524261
11.504746 10.118451 -62.322758
11.504746 10.118451 -62.322758
11.504746 10.118451 -62.322758
11.504746 10.118451 -62.322758
11.504746 10.118451 -62.322758
11.504746 10.118451 -62.322758
11.504746 10.118451 -62.322758
10.542902 10.428304 -62.854153
10.542902 10.428304 -62.854153
10.542902 10.428304 -62.854153
10.542902 10.428304 -62.854153
10.542902 10.428304 -62.854153
10.542902 10.428304 -62.854153
10.542902 10.428304 -62.854153
10.542902 10.428304 -62.854153
-0.123595 11.377362 -65.325787
-0.123595 11.377362 -65.325787
-0.123595 11.377362 -65.325787
-0.123595 11.377362 -65.325787
-0.123595 11.377362 -65.325787
-0.123595 11.377362 -65.325787
-11.174458 10.632889 -66.900890
-11.174458 10.632889 -66.900890
-11.174458 10.632889 -66.900890
-11.174458 10.632889 -66.900890
-11.174458 10.632889 -66.900890
-11.174458 10.632889 -66.900890
-11.174458 10.632889 -66.900890
-11.174458 10.632889 -66.900890
-15.209288 11.306558 -67.445796
-15.209288 11.306558 -67.445796
-15.209288 11.306558 -67.445796
-15.209288 11.306558 -67.445796
-15.209288 11.306558 -67.445796
-15.209288 11.306558 -67.445796
-15.209288 11.306558 -67.445796
-19.288403 11.712434 -67.711333
-19.288403 11.712434 -67.711333
-19.288403 11.712434 -67.711333
-19.288403 11.712434 -67.711333
-19.288403 11.712434 -67.711333
-19.288403 11.712434 -67.711333
-19.288403 11.712434 -67.711333
-22.243713 10.753817 -67.736420
-22.243713 10.753817 -67.736420
-22.243713 10.753817 -67.736420
-22.243713 10.753817 -67.736420
-22.243713 10.753817 -67.736420
-22.243713 10.753817 -67.736420
-22.243713 10.753817 -67.736420
-22.398354 10.436976 -67.408537
-22.398354 10.436976 -67.408537
-22.398354 10.436976 -67.408537
-22.398354 10.436976 -67.408537
-22.398354 10.436976 -67.408537
-22.398354 10.436976 -67.408537
-22.398354 10.436976 -67.408537
-16.419800 11.018179 -66.345849
-16.419800 11.018179 -66.345849
-16.419800 11.018179 -66.345849
-16.419800 11.018179 -66.345849
-16.419800 11.018179 -66.345849
-16.419800 11.018179 -66.345849
-16.419800 11.018179 -66.345849
-16.419800 11.018179 -66.345849
-0.664797 10.288143 -63.233263
-0.664797 10.288143 -63.233263
-0.664797 10.288143 -63.233263
-0.664797 10.288143 -63.233263
-0.664797 10.288143 -63.233263
-0.664797 10.288143 -63.233263
-0.664797 10.288143 -63.233263
-0.664797 10.288143 -63.233263
13.797556 9.765116 -61.759254
13.797556 9.765116 -61.759254
13.797556 9.765116 -61.759254
13.797556 9.765116 -61.759254
13.797556 9.765116 -61.759254
13.797556 9.765116 -61.759254
13.797556 9.765116 -61.759254
24.024205 9.629218 -61.305797
24.024205 9.629218 -61.305797
24.024205 9.629218 -61.305797
24.024205 9.629218 -61.305797
24.024205 9.629218 -61.305797
24.024205 9.629218 -61.305797
24.024205 9.629218 -61.305797
24.024205 9.629218 -61.305797
28.805964 9.528952 -61.739979
28.805964 9.528952 -61.739979
28.805964 9.528952 -61.739979
28.805964 9.528952 -61.739979
28.805964 9.528952 -61.739979
28.805964 9.528952 -61.739979
28.805964 9.528952 -61.739979
26.737062 9.658624 -62.734632
26.737062 9.658624 -62.734632
26.737062 9.658624 -62.734632
26.737062 9.658624 -62.734632
26.737062 9.658624 -62.734632
26.737062 9.658624 -62.734632
26.737062 9.658624 -62.734632
26.737062 9.658624 -62.734632
19.608199 9.211889 -64.087788
19.608199 9.211889 -64.087788
19.608199 9.211889 -64.087788
19.608199 9.211889 -64.087788
19.608199 9.211889 -64.087788
19.608199 9.211889 -64.087788
19.608199 9.211889 -64.087788
5.561072 9.045582 -65.300816
5.561072 9.045582 -65.300816
5.561072 9.045582 -65.300816
5.561072 9.045582 -65.300816
5.561072 9.045582 -65.300816
5.561072 9.045582 -65.300816
5.561072 9.045582 -65.300816
-4.023827 10.703565 -65.955899
-4.023827 10.703565 -65.955899
-4.023827 10.703565 -65.955899
-4.023827 10.703565 -65.955899
-4.023827 10.703565 -65.955899
-4.023827 10.703565 -65.955899
-4.023827 10.703565 -65.955899
-9.413717 10.652321 -66.125541
-9.413717 10.652321 -66.125541
-9.413717 10.652321 -66.125541
-9.413717 10.652321 -66.125541
-9.413717 10.652321 -66.125541
-9.413717 10.652321 -66.125541
-9.413717 10.652321 -66.125541
-9.413717 10.652321 -66.125541
-14.975017 10.211535 -66.406221
-14.975017 10.211535 -66.406221
-14.975017 10.211535 -66.406221
-14.975017 10.211535 -66.406221
-14.975017 10.211535 -66.406221
-14.975017 10.211535 -66.406221
-14.975017 10.211535 -66.406221
-14.975017 10.211535 -66.406221
-17.427719 9.807017 -66.125315
-17.427719 9.807017 -66.125315
-17.427719 9.807017 -66.125315
-17.427719 9.807017 -66.125315
-17.427719 9.807017 -66.125315
-17.427719 9.807017 -66.125315
-17.427719 9.807017 -66.125315
-18.968549 10.107741 -66.031585
-18.968549 10.107741 -66.031585
-18.968549 10.107741 -66.031585
-18.968549 10.107741 -66.031585
-18.968549 10.107741 -66.031585
-18.968549 10.107741 -66.031585
-18.968549 10.107741 -66.031585
-18.968549 10.107741 -66.031585
-19.483390 10.494194 -65.836153
-19.483390 10.494194 -65.836153
-19.483390 10.494194 -65.836153
-19.483390 10.494194 -65.836153
-19.483390 10.494194 -65.836153
-19.483390 10.494194 -65.836153
-19.483390 10.494194 -65.836153
-19.483390 10.494194 -65.836153
-19.197877 10.845441 -65.509266
-19.197877 10.845441 -65.509266
-19.197877 10.845441 -65.509266
-19.197877 10.845441 -65.509266
-19.197877 10.845441 -65.509266
-19.197877 10.845441 -65.509266
-19.197877 10.845441 -65.509266
-17.973928 10.290873 -65.514423
-17.973928 10.290873 -65.514423
-17.973928 10.290873 -65.514423
-17.973928 10.290873 -65.514423
-17.973928 10.290873 -65.514423
-17.973928 10.290873 -65.514423
-17.973928 10.290873 -65.514423
-17.973928 10.290873 -65.514423
-17.163031 9.925613 -65.416683
-17.163031 9.925613 -65.416683
-17.163031 9.925613 -65.416683
-17.163031 9.925613 -65.416683
-17.163031 9.925613 -65.416683
-17.163031 9.925613 -65.416683
-17.163031 9.925613 -65.416683
-17.163031 9.925613 -65.416683
-16.859564 9.597418 -65.046091
-16.859564 9.597418 -65.046091
-16.859564 9.597418 -65.046091
-16.859564 9.597418 -65.046091
-16.859564 9.597418 -65.046091
-16.859564 9.597418 -65.046091
-16.859564 9.597418 -65.046091
-16.678630 10.039551 -65.121059
-16.678630 10.039551 -65.121059
-16.678630 10.039551 -65.121059
-16.678630 10.039551 -65.121059
-16.678630 10.039551 -65.121059
-16.678630 10.039551 -65.121059
-16.678630 10.039551 -65.121059
-16.678630 10.039551 -65.121059
-16.062383 9.664009 -64.803223
-16.062383 9.664009 -64.803223
-16.062383 9.664009 -64.803223
-16.062383 9.664009 -64.803223
-16.062383 9.664009 -64.803223
-16.062383 9.664009 -64.803223
-16.062383 9.664009 -64.803223
-12.331703 10.096745 -64.295316
-12.331703 10.096745 -64.295316
-12.331703 10.096745 -64.295316
-12.331703 10.096745 -64.295316
-12.331703 10.096745 -64.295316
-12.331703 10.096745 -64.295316
-12.331703 10.096745 -64.295316
-7.827958 9.996056 -63.768845
-7.827958 9.996056 -63.768845
-7.827958 9.996056 -63.768845
-7.827958 9.996056 -63.768845
-7.827958 9.996056 -63.768845
-7.827958 9.996056 -63.768845
-7.827958 9.996056 -63.768845
-0.958851 10.150757 -63.299721
-0.958851 10.150757 -63.299721
-0.958851 10.150757 -63.299721
-0.958851 10.150757 -63.299721
-0.958851 10.150757 -63.299721
-0.958851 10.150757 -63.299721
-0.958851 10.150757 -63.299721
-0.958851 10.150757 -63.299721
5.988924 10.243314 -62.793194
5.988924 10.243314 -62.793194
5.988924 10.243314 -62.793194
5.988924 10.243314 -62.793194
5.988924 10.243314 -62.793194
5.988924 10.243314 -62.793194
5.988924 10.243314 -62.793194
5.988924 10.243314 -62.793194
12.811383 10.749528 -62.447470
12.811383 10.749528 -62.447470
12.811383 10.749528 -62.447470
12.811383 10.749528 -62.447470
12.811383 10.749528 -62.447470
12.811383 10.749528 -62.447470
12.811383 10.749528 -62.447470
17.250353 11.090537 -62.455154
17.250353 11.090537 -62.455154
17.250353 11.090537 -62.455154
17.250353 11.090537 -62.455154
17.250353 11.090537 -62.455154
17.250353 11.090537 -62.455154
17.250353 11.090537 -62.455154
17.250353 11.090537 -62.455154
20.410798 11.434932 -62.659172
20.410798 11.434932 -62.659172
20.410798 11.434932 -62.659172
20.410798 11.434932 -62.659172
20.410798 11.434932 -62.659172
20.410798 11.434932 -62.659172
20.410798 11.434932 -62.659172
20.410798 11.434932 -62.659172
20.357690 11.027632 -63.229452
20.357690 11.027632 -63.229452
20.357690 11.027632 -63.229452
20.357690 11.027632 -63.229452
20.357690 11.027632 -63.229452
20.357690 11.027632 -63.229452
20.357690 11.027632 -63.229452
20.357690 11.027632 -63.229452
14.395822 11.497908 -64.134664
14.395822 11.497908 -64.134664
14.395822 11.497908 -64.134664
14.395822 11.497908 -64.134664
14.395822 11.497908 -64.134664
14.395822 11.497908 -64.134664
2.780595 9.164742 -65.226804
2.780595 9.164742 -65.226804
2.780595 9.164742 -65.226804
2.780595 9.164742 -65.226804
2.780595 9.164742 -65.226804
2.780595 9.164742 -65.226804
2.780595 9.164742 -65.226804
1.060405 8.745361 -64.883245
1.060405 8.745361 -64.883245
1.060405 8.745361 -64.883245
1.060405 8.745361 -64.883245
1.060405 8.745361 -64.883245
1.060405 8.745361 -64.883245
1.060405 8.745361 -64.883245
1.060405 8.745361 -64.883245
1.060405 8.745361 -64.883245
0.600463 8.512402 -64.569972
0.600463 8.512402 -64.569972
0.600463 8.512402 -64.569972
0.600463 8.512402 -64.569972
0.600463 8.512402 -64.569972
0.600463 8.512402 -64.569972
0.600463 8.512402 -64.569972
0.262187 8.292126 -64.349330
0.262187 8.292126 -64.349330
0.262187 8.292126 -64.349330
0.262187 8.292126 -64.349330
0.262187 8.292126 -64.349330
0.262187 8.292126 -64.349330
0.262187 8.292126 -64.349330
0.289356 8.280381 -63.936957
0.289356 8.280381 -63.936957
0.289356 8.280381 -63.936957
0.289356 8.280381 -63.936957
0.289356 8.280381 -63.936957
0.289356 8.280381 -63.936957
0.289356 8.280381 -63.936957
0.326185 8.055338 -63.574431
0.326185 8.055338 -63.574431
0.326185 8.055338 -63.574431
0.326185 8.055338 -63.574431
0.326185 8.055338 -63.574431
0.326185 8.055338 -63.574431
0.326185 8.055338 -63.574431
0.326185 8.055338 -63.574431
0.326185 8.055338 -63.574431
0.018775 8.391798 -63.386949
0.018775 8.391798 -63.386949
0.018775 8.391798 -63.386949
0.018775 8.391798 -63.386949
0.018775 8.391798 -63.386949
0.018775 8.391798 -63.386949
-0.167650 8.395686 -63.486786
-0.167650 8.395686 -63.486786
-0.167650 8.395686 -63.486786
-0.167650 8.395686 -63.486786
-0.167650 8.395686 -63.486786
-0.167650 8.395686 -63.486786
-0.167650 8.395686 -63.486786
-0.167650 8.395686 -63.486786
0.117145 8.474669 -63.450142
0.117145 8.474669 -63.450142
0.117145 8.474669 -63.450142
0.117145 8.474669 -63.450142
0.117145 8.474669 -63.450142
0.117145 8.474669 -63.450142
0.117145 8.474669 -63.450142
0.117145 8.474669 -63.450142
0.177593 8.346572 -63.398000
0.177593 8.346572 -63.398000
0.177593 8.346572 -63.398000
0.177593 8.346572 -63.398000
0.177593 8.346572 -63.398000
0.177593 8.346572 -63.398000
0.177593 8.346572 -63.398000
0.143117 8.168387 -63.345749
0.143117 8.168387 -63.345749
0.143117 8.168387 -63.345749
0.143117 8.168387 -63.345749
0.143117 8.168387 -63.345749
0.143117 8.168387 -63.345749
0.143117 8.168387 -63.345749
0.225347 8.112450 -63.328490
0.225347 8.112450 -63.328490
0.225347 8.112450 -63.328490
0.225347 8.112450 -63.328490
0.225347 8.112450 -63.328490
0.225347 8.112450 -63.328490
0.225347 8.112450 -63.328490
0.225347 8.112450 -63.328490
0.140584 8.332418 -63.311155
0.140584 8.332418 -63.311155
0.140584 8.332418 -63.311155
0.140584 8.332418 -63.311155
0.140584 8.332418 -63.311155
0.140584 8.332418 -63.311155
0.112395 8.681365 -63.366131
0.112395 8.681365 -63.366131
0.112395 8.681365 -63.366131
0.112395 8.681365 -63.366131
0.112395 8.681365 -63.366131
0.112395 8.681365 -63.366131
0.112395 8.681365 -63.366131
0.112395 8.681365 -63.366131
0.195103 8.626240 -63.388827
0.195103 8.626240 -63.388827
0.195103 8.626240 -63.388827
0.195103 8.626240 -63.388827
0.195103 8.626240 -63.388827
0.195103 8.626240 -63.388827
0.195103 8.626240 -63.388827
0.109729 8.018149 -63.434214
0.109729 8.018149 -63.434214
0.109729 8.018149 -63.434214
0.109729 8.018149 -63.434214
0.109729 8.018149 -63.434214
0.109729 8.018149 -63.434214
0.146399 6.991414 -63.175623
0.146399 6.991414 -63.175623
0.146399 6.991414 -63.175623
0.146399 6.991414 -63.175623
0.146399 6.991414 -63.175623
0.146399 6.991414 -63.175623
0.146399 6.991414 -63.175623
0.146399 6.991414 -63.175623
0.096278 6.640388 -63.075192
0.096278 6.640388 -63.075192
0.096278 6.640388 -63.075192
0.096278 6.640388 -63.075192
0.096278 6.640388 -63.075192
0.096278 6.640388 -63.075192
0.096278 6.640388 -63.075192
0.096278 6.640388 -63.075192
-0.224081 7.092557 -63.148009
-0.224081 7.092557 -63.148009
-0.224081 7.092557 -63.148009
-0.224081 7.092557 -63.148009
-0.224081 7.092557 -63.148009
-0.224081 7.092557 -63.148009
-0.224081 7.092557 -63.148009
-0.769067 7.065300 -63.228058
-0.769067 7.065300 -63.228058
-0.769067 7.065300 -63.228058
-0.769067 7.065300 -63.228058
-0.769067 7.065300 -63.228058
-0.769067 7.065300 -63.228058
-0.769067 7.065300 -63.228058
-0.620570 6.487296 -63.012853
-0.620570 6.487296 -63.012853
-0.620570 6.487296 -63.012853
-0.620570 6.487296 -63.012853
-0.620570 6.487296 -63.012853
-0.620570 6.487296 -63.012853
-0.620570 6.487296 -63.012853
-0.620570 6.487296 -63.012853
-0.620570 6.487296 -63.012853
-0.647798 6.775415 -62.892204
-0.647798 6.775415 -62.892204
-0.647798 6.775415 -62.892204
-0.647798 6.775415 -62.892204
-0.647798 6.775415 -62.892204
-0.647798 6.775415 -62.892204
-0.647798 6.775415 -62.892204
-0.647798 6.775415 -62.892204
-0.454536 6.757474 -62.817933
-0.454536 6.757474 -62.817933
-0.454536 6.757474 -62.817933
-0.454536 6.757474 -62.817933
-0.454536 6.757474 -62.817933
-0.454536 6.757474 -62.817933
-0.654525 7.180746 -62.849809
-0.654525 7.180746 -62.849809
-0.654525 7.180746 -62.849809
-0.654525 7.180746 -62.849809
-0.654525 7.180746 -62.849809
-0.654525 7.180746 -62.849809
-0.654525 7.180746 -62.849809
-0.654525 7.180746 -62.849809
-0.777390 7.517507 -63.008522
-0.777390 7.517507 -63.008522
-0.777390 7.517507 -63.008522
-0.777390 7.517507 -63.008522
-0.777390 7.517507 -63.008522
-0.777390 7.517507 -63.008522
-0.777390 7.517507 -63.008522
-0.777390 7.517507 -63.008522
-0.631870 7.175602 -62.927428
-0.631870 7.175602 -62.927428
-0.631870 7.175602 -62.927428
-0.631870 7.175602 -62.927428
-0.631870 7.175602 -62.927428
-0.631870 7.175602 -62.927428
-0.631870 7.175602 -62.927428
-0.454444 6.995621 -62.873927
-0.454444 6.995621 -62.873927
-0.454444 6.995621 -62.873927
-0.454444 6.995621 -62.873927
-0.454444 6.995621 -62.873927
-0.454444 6.995621 -62.873927
-0.454444 6.995621 -62.873927
-0.454444 6.995621 -62.873927
-2.502604 5.471651 -62.871215
-2.502604 5.471651 -62.871215
-2.502604 5.471651 -62.871215
-2.502604 5.471651 -62.871215
-2.502604 5.471651 -62.871215
-2.502604 5.471651 -62.871215
-2.502604 5.471651 -62.871215
-5.015448 0.227538 -63.190137
-5.015448 0.227538 -63.190137
-5.015448 0.227538 -63.190137
-5.015448 0.227538 -63.190137
-5.015448 0.227538 -63.190137
-5.015448 0.227538 -63.190137
-5.015448 0.227538 -63.190137
-5.015448 0.227538 -63.190137
-3.790680 2.870019 -59.921072
-3.790680 2.870019 -59.921072
-3.790680 2.870019 -59.921072
-3.790680 2.870019 -59.921072
-3.790680 2.870019 -59.921072
-3.790680 2.870019 -59.921072
-3.790680 2.870019 -59.921072
-3.419193 1.559613 -59.264063
-3.419193 1.559613 -59.264063
-3.419193 1.559613 -59.264063
-3.419193 1.559613 -59.264063
-3.419193 1.559613 -59.264063
-3.419193 1.559613 -59.264063
-3.419193 1.559613 -59.264063
-3.419193 1.559613 -59.264063
-3.419193 1.559613 -59.264063
-2.801605 -1.552472 -59.155626
-2.801605 -1.552472 -59.155626
-2.801605 -1.552472 -59.155626
-2.801605 -1.552472 -59.155626
-2.801605 -1.552472 -59.155626
-2.801605 -1.552472 -59.155626
-3.032286 -0.472841 -58.944533
-3.032286 -0.472841 -58.944533
-3.032286 -0.472841 -58.944533
-3.032286 -0.472841 -58.944533
-3.032286 -0.472841 -58.944533
-3.032286 -0.472841 -58.944533
-3.032286 -0.472841 -58.944533
-0.960836 1.027645 -60.253702
-0.960836 1.027645 -60.253702
-0.960836 1.027645 -60.253702
-0.960836 1.027645 -60.253702
-0.960836 1.027645 -60.253702
-0.960836 1.027645 -60.253702
-1.235730 3.771363 -60.410325
-1.235730 3.771363 -60.410325
-1.235730 3.771363 -60.410325
-1.235730 3.771363 -60.410325
-1.235730 3.771363 -60.410325
-1.235730 3.771363 -60.410325
-0.891313 3.231593 -60.559094
-0.891313 3.231593 -60.559094
-0.891313 3.231593 -60.559094
-0.891313 3.231593 -60.559094
-0.891313 3.231593 -60.559094
-0.891313 3.231593 -60.559094
-0.891313 3.231593 -60.559094
-0.602870 3.199615 -60.497649
-0.602870 3.199615 -60.497649
-0.602870 3.199615 -60.497649
-0.602870 3.199615 -60.497649
-0.602870 3.199615 -60.497649
-0.602870 3.199615 -60.497649
-0.859195 2.958908 -60.413638
-0.859195 2.958908 -60.413638
-0.859195 2.958908 -60.413638
-0.859195 2.958908 -60.413638
-0.859195 2.958908 -60.413638
-0.859195 2.958908 -60.413638
-0.859195 2.958908 -60.413638
-1.124376 2.705116 -60.350104
-1.124376 2.705116 -60.350104
-1.124376 2.705116 -60.350104
-1.124376 2.705116 -60.350104
-1.124376 2.705116 -60.350104
-1.124376 2.705116 -60.350104
-1.124376 2.705116 -60.350104
-1.124376 2.705116 -60.350104
-1.660588 1.912443 -60.564776
-1.660588 1.912443 -60.564776
-1.660588 1.912443 -60.564776
-1.660588 1.912443 -60.564776
-1.660588 1.912443 -60.564776
-1.660588 1.912443 -60.564776
-1.660588 1.912443 -60.564776
-1.660588 1.912443 -60.564776
-1.182156 1.918199 -59.918504
-1.182156 1.918199 -59.918504
-1.182156 1.918199 -59.918504
-1.182156 1.918199 -59.918504
-1.182156 1.918199 -59.918504
-1.182156 1.918199 -59.918504
-1.182156 1.918199 -59.918504
-1.112326 2.078752 -59.868391
-1.112326 2.078752 -59.868391
-1.112326 2.078752 -59.868391
-1.112326 2.078752 -59.868391
-1.112326 2.078752 -59.868391
-1.112326 2.078752 -59.868391
-1.112326 2.078752 -59.868391
-0.800459 1.377850 -59.752230
-0.800459 1.377850 -59.752230
-0.800459 1.377850 -59.752230
-0.800459 1.377850 -59.752230
-0.800459 1.377850 -59.752230
-0.800459 1.377850 -59.752230
-0.800459 1.377850 -59.752230
-0.406253 0.901285 -59.665473
-0.406253 0.901285 -59.665473
-0.406253 0.901285 -59.665473
-0.406253 0.901285 -59.665473
-0.406253 0.901285 -59.665473
-0.406253 0.901285 -59.665473
-0.406253 0.901285 -59.665473
-3.139604 2.260120 -58.839197
-3.139604 2.260120 -58.839197
-3.139604 2.260120 -58.839197
-3.139604 2.260120 -58.839197
-3.139604 2.260120 -58.839197
-3.139604 2.260120 -58.839197
-3.139604 2.260120 -58.839197
-3.139604 2.260120 -58.839197
-1.233812 -2.735866 -58.028181
-1.233812 -2.735866 -58.028181
-1.233812 -2.735866 -58.028181
-1.233812 -2.735866 -58.028181
-1.233812 -2.735866 -58.028181
-1.233812 -2.735866 -58.028181
-1.233812 -2.735866 -58.028181
-0.726099 -1.681659 -57.835392
-0.726099 -1.681659 -57.835392
-0.726099 -1.681659 -57.835392
-0.726099 -1.681659 -57.835392
-0.726099 -1.681659 -57.835392
-0.726099 -1.681659 -57.835392
-0.726099 -1.681659 -57.835392
-1.075174 -0.527551 -57.277966
-1.075174 -0.527551 -57.277966
-1.075174 -0.527551 -57.277966
-1.075174 -0.527551 -57.277966
-1.075174 -0.527551 -57.277966
-1.075174 -0.527551 -57.277966
-1.075174 -0.527551 -57.277966
-1.075174 -0.527551 -57.277966
-0.896299 -0.701866 -56.946006
-0.896299 -0.701866 -56.946006
-0.896299 -0.701866 -56.946006
-0.896299 -0.701866 -56.946006
-0.896299 -0.701866 -56.946006
-0.896299 -0.701866 -56.946006
-0.896299 -0.701866 -56.946006
-0.896299 -0.701866 -56.946006
-1.174722 -0.453596 -56.721385
-1.174722 -0.453596 -56.721385
-1.174722 -0.453596 -56.721385
-1.174722 -0.453596 -56.721385
-1.174722 -0.453596 -56.721385
-1.174722 -0.453596 -56.721385
-1.174722 -0.453596 -56.721385
-1.174722 -0.453596 -56.721385
-1.174722 -0.453596 -56.721385
-0.254695 0.314972 -56.583227
-0.254695 0.314972 -56.583227
-0.254695 0.314972 -56.583227
-0.254695 0.314972 -56.583227
-0.254695 0.314972 -56.583227
-0.254695 0.314972 -56.583227
-0.254695 0.314972 -56.583227
-0.254695 0.314972 -56.583227
-0.516153 1.274924 -56.243015
-0.516153 1.274924 -56.243015
-0.516153 1.274924 -56.243015
-0.516153 1.274924 -56.243015
-0.516153 1.274924 -56.243015
-0.516153 1.274924 -56.243015
-0.516153 1.274924 -56.243015
-0.508142 2.650537 -55.998211
-0.508142 2.650537 -55.998211
-0.508142 2.650537 -55.998211
-0.508142 2.650537 -55.998211
-0.508142 2.650537 -55.998211
-0.508142 2.650537 -55.998211
-0.508142 2.650537 -55.998211
-0.508142 2.650537 -55.998211
-0.782537 2.934790 -55.715393
-0.782537 2.934790 -55.715393
-0.782537 2.934790 -55.715393
-0.782537 2.934790 -55.715393
-0.782537 2.934790 -55.715393
-0.782537 2.934790 -55.715393
-0.782537 2.934790 -55.715393
0.067273 0.772610 -55.376783
0.067273 0.772610 -55.376783
0.067273 0.772610 -55.376783
0.067273 0.772610 -55.376783
0.067273 0.772610 -55.376783
0.067273 0.772610 -55.376783
0.067273 0.772610 -55.376783
0.067273 0.772610 -55.376783
-0.230722 0.640333 -55.475442
-0.230722 0.640333 -55.475442
-0.230722 0.640333 -55.475442
-0.230722 0.640333 -55.475442
-0.230722 0.640333 -55.475442
-0.230722 0.640333 -55.475442
-0.230722 0.640333 -55.475442
-0.230722 0.640333 -55.475442
-0.347534 0.924386 -54.842174
-0.347534 0.924386 -54.842174
-0.347534 0.924386 -54.842174
-0.347534 0.924386 -54.842174
-0.347534 0.924386 -54.842174
-0.347534 0.924386 -54.842174
-0.347534 0.924386 -54.842174
-0.347534 0.924386 -54.842174
0.457418 0.877064 -55.636371
0.457418 0.877064 -55.636371
0.457418 0.877064 -55.636371
0.457418 0.877064 -55.636371
0.457418 0.877064 -55.636371
0.457418 0.877064 -55.636371
0.457418 0.877064 -55.636371
0.457418 0.877064 -55.636371
0.439719 1.821350 -54.423449
0.439719 1.821350 -54.423449
0.439719 1.821350 -54.423449
0.439719 1.821350 -54.423449
0.439719 1.821350 -54.423449
0.439719 1.821350 -54.423449
0.439719 1.821350 -54.423449
0.053374 2.757058 -49.920275
0.053374 2.757058 -49.920275
0.053374 2.757058 -49.920275
0.053374 2.757058 -49.920275
0.053374 2.757058 -49.920275
0.053374 2.757058 -49.920275
0.053374 2.757058 -49.920275
0.053374 2.757058 -49.920275
0.392185 2.504743 -44.313390
0.392185 2.504743 -44.313390
0.392185 2.504743 -44.313390
0.392185 2.504743 -44.313390
0.392185 2.504743 -44.313390
0.392185 2.504743 -44.313390
0.392185 2.504743 -44.313390
0.392185 2.504743 -44.313390
0.871007 1.778950 -39.900411
0.871007 1.778950 -39.900411
0.871007 1.778950 -39.900411
0.871007 1.778950 -39.900411
0.871007 1.778950 -39.900411
0.871007 1.778950 -39.900411
0.871007 1.778950 -39.900411
0.871007 1.778950 -39.900411
0.909506 3.659512 -34.500853
0.909506 3.659512 -34.500853
0.909506 3.659512 -34.500853
0.909506 3.659512 -34.500853
0.909506 3.659512 -34.500853
0.909506 3.659512 -34.500853
0.909506 3.659512 -34.500853
2.249764 2.992863 -30.240413
2.249764 2.992863 -30.240413
2.249764 2.992863 -30.240413
2.249764 2.992863 -30.240413
2.249764 2.992863 -30.240413
2.249764 2.992863 -30.240413
2.249764 2.992863 -30.240413
2.249764 2.992863 -30.240413
2.709497 3.245437 -27.634418
2.709497 3.245437 -27.634418
2.709497 3.245437 -27.634418
2.709497 3.245437 -27.634418
2.709497 3.245437 -27.634418
2.709497 3.245437 -27.634418
2.709497 3.245437 -27.634418
2.709497 3.245437 -27.634418
1.624616 4.563452 -25.312703
1.624616 4.563452 -25.312703
1.624616 4.563452 -25.312703
1.624616 4.563452 -25.312703
1.624616 4.563452 -25.312703
1.624616 4.563452 -25.312703
1.624616 4.563452 -25.312703
-0.637427 4.002308 -28.653426
-0.637427 4.002308 -28.653426
-0.637427 4.002308 -28.653426
-0.637427 4.002308 -28.653426
-0.637427 4.002308 -28.653426
-0.637427 4.002308 -28.653426
-0.637427 4.002308 -28.653426
-0.637427 4.002308 -28.653426
-0.040477 3.470202 -31.940925
-0.040477 3.470202 -31.940925
-0.040477 3.470202 -31.940925
-0.040477 3.470202 -31.940925
-0.040477 3.470202 -31.940925
-0.040477 3.470202 -31.940925
-0.040477 3.470202 -31.940925
-0.040477 3.470202 -31.940925
0.888651 4.222098 -35.591836
0.888651 4.222098 -35.591836
0.888651 4.222098 -35.591836
0.888651 4.222098 -35.591836
0.888651 4.222098 -35.591836
0.888651 4.222098 -35.591836
0.888651 4.222098 -35.591836
0.888651 4.222098 -35.591836
0.353812 6.149517 -39.848512
0.353812 6.149517 -39.848512
0.353812 6.149517 -39.848512
0.353812 6.149517 -39.848512
0.353812 6.149517 -39.848512
0.353812 6.149517 -39.848512
0.353812 6.149517 -39.848512
0.490284 6.488658 -43.858205
0.490284 6.488658 -43.858205
0.490284 6.488658 -43.858205
0.490284 6.488658 -43.858205
0.490284 6.488658 -43.858205
0.490284 6.488658 -43.858205
0.490284 6.488658 -43.858205
0.490284 6.488658 -43.858205
0.733795 4.490016 -46.889696
0.733795 4.490016 -46.889696
0.733795 4.490016 -46.889696
0.733795 4.490016 -46.889696
0.733795 4.490016 -46.889696
0.733795 4.490016 -46.889696
0.733795 4.490016 -46.889696
0.733795 4.490016 -46.889696
-0.441551 9.878792 -51.882520
-0.441551 9.878792 -51.882520
-0.441551 9.878792 -51.882520
-0.441551 9.878792 -51.882520
-0.441551 9.878792 -51.882520
-0.441551 9.878792 -51.882520
-0.441551 9.878792 -51.882520
8.013132 2.037110 -54.001330
8.013132 2.037110 -54.001330
8.013132 2.037110 -54.001330
8.013132 2.037110 -54.001330
8.013132 2.037110 -54.001330
8.013132 2.037110 -54.001330
8.013132 2.037110 -54.001330
5.446020 -4.115402 -52.115481
5.446020 -4.115402 -52.115481
5.446020 -4.115402 -52.115481
5.446020 -4.115402 -52.115481
5.446020 -4.115402 -52.115481
5.446020 -4.115402 -52.115481
5.446020 -4.115402 -52.115481
5.446020 -4.115402 -52.115481
3.481215 -6.472332 -54.065045
3.481215 -6.472332 -54.065045
3.481215 -6.472332 -54.065045
3.481215 -6.472332 -54.065045
3.481215 -6.472332 -54.065045
3.481215 -6.472332 -54.065045
3.481215 -6.472332 -54.065045
3.481215 -6.472332 -54.065045
4.569628 -9.201529 -53.314660
4.569628 -9.201529 -53.314660
4.569628 -9.201529 -53.314660
4.569628 -9.201529 -53.314660
4.569628 -9.201529 -53.314660
4.569628 -9.201529 -53.314660
4.569628 -9.201529 -53.314660
4.569628 -9.201529 -53.314660
2.913672 -8.004393 -54.184587
2.913672 -8.004393 -54.184587
2.913672 -8.004393 -54.184587
2.913672 -8.004393 -54.184587
2.913672 -8.004393 -54.184587
2.913672 -8.004393 -54.184587
2.913672 -8.004393 -54.184587
2.913672 -8.004393 -54.184587
1.511691 -3.424896 -58.990227
1.511691 -3.424896 -58.990227
1.511691 -3.424896 -58.990227
1.511691 -3.424896 -58.990227
1.511691 -3.424896 -58.990227
1.511691 -3.424896 -58.990227
1.511691 -3.424896 -58.990227
1.511691 -3.424896 -58.990227
-1.824267 -0.474449 -56.426447
-1.824267 -0.474449 -56.426447
-1.824267 -0.474449 -56.426447
-1.824267 -0.474449 -56.426447
-1.824267 -0.474449 -56.426447
-1.824267 -0.474449 -56.426447
-1.824267 -0.474449 -56.426447
-7.218112 10.754537 -62.959741
-7.218112 10.754537 -62.959741
-7.218112 10.754537 -62.959741
-7.218112 10.754537 -62.959741
-7.218112 10.754537 -62.959741
-7.218112 10.754537 -62.959741
-7.218112 10.754537 -62.959741
-7.218112 10.754537 -62.959741
-8.068812 10.816553 -61.990613
-8.068812 10.816553 -61.990613
-8.068812 10.816553 -61.990613
-8.068812 10.816553 -61.990613
-8.068812 10.816553 -61.990613
-8.068812 10.816553 -61.990613
-8.811175 11.434207 -60.558943
-8.811175 11.434207 -60.558943
-8.811175 11.434207 -60.558943
-8.811175 11.434207 -60.558943
-8.811175 11.434207 -60.558943
-8.811175 11.434207 -60.558943
-8.811175 11.434207 -60.558943
-8.811175 11.434207 -60.558943
-6.577537 8.333012 -60.260423
-6.577537 8.333012 -60.260423
-6.577537 8.333012 -60.260423
-6.577537 8.333012 -60.260423
-6.577537 8.333012 -60.260423
-6.577537 8.333012 -60.260423
-6.577537 8.333012 -60.260423
-5.870802 8.565547 -59.777187
-5.870802 8.565547 -59.777187
-5.870802 8.565547 -59.777187
-5.870802 8.565547 -59.777187
-5.870802 8.565547 -59.777187
-5.870802 8.565547 -59.777187
-5.870802 8.565547 -59.777187
-5.870802 8.565547 -59.777187
-6.783373 9.220749 -59.534593
-6.783373 9.220749 -59.534593
-6.783373 9.220749 -59.534593
-6.783373 9.220749 -59.534593
-6.783373 9.220749 -59.534593
-6.783373 9.220749 -59.534593
-6.783373 9.220749 -59.534593
-6.783373 9.220749 -59.534593
-8.680756 12.219691 -58.282742
-8.680756 12.219691 -58.282742
-8.680756 12.219691 -58.282742
-8.680756 12.219691 -58.282742
-8.680756 12.219691 -58.282742
-8.680756 12.219691 -58.282742
-8.680756 12.219691 -58.282742
-8.680756 12.219691 -58.282742
-8.680756 12.219691 -58.282742
-10.272245 20.922314 -61.765421
-10.272245 20.922314 -61.765421
-10.272245 20.922314 -61.765421
-10.272245 20.922314 -61.765421
-