-5.029116 2.759666 -89.554148
-5.138361 2.836996 -89.685548
-5.138361 2.836996 -89.685548
-5.138361 2.836996 -89.685548
-5.138361 2.836996 -89.685548
-5.138361 2.836996 -89.685548
-5.138361 2.836996 -89.685548
-5.138361 2.836996 -89.685548
-5.138361 2.836996 -89.685548
-5.200729 2.873931 -89.764744
-5.200729 2.873931 -89.764744
-5.200729 2.873931 -89.764744
-5.200729 2.873931 -89.764744
-5.200729 2.873931 -89.764744
-5.200729 2.873931 -89.764744
-5.200729 2.873931 -89.764744
-5.200729 2.873931 -89.764744
-5.243497 2.902808 -89.843441
-5.243497 2.902808 -89.843441
-5.243497 2.902808 -89.843441
-5.243497 2.902808 -89.843441
-5.243497 2.902808 -89.843441
-5.243497 2.902808 -89.843441
-5.243497 2.902808 -89.843441
-5.243497 2.902808 -89.843441
-5.280477 2.916598 -89.915718
-5.280477 2.916598 -89.915718
-5.280477 2.916598 -89.915718
-5.280477 2.916598 -89.915718
-5.280477 2.916598 -89.915718
-5.280477 2.916598 -89.915718
-5.280477 2.916598 -89.915718
-5.314442 2.936812 -89.979888
-5.314442 2.936812 -89.979888
-5.314442 2.936812 -89.979888
-5.314442 2.936812 -89.979888
-5.314442 2.936812 -89.979888
-5.314442 2.936812 -89.979888
-5.314442 2.936812 -89.979888
-5.341669 2.924340 -89.990509
-5.341669 2.924340 -89.990509
-5.341669 2.924340 -89.990509
-5.341669 2.924340 -89.990509
-5.341669 2.924340 -89.990509
-5.341669 2.924340 -89.990509
-5.341669 2.924340 -89.990509
-6.044816 2.511914 -89.719576
-6.044816 2.511914 -89.719576
-6.044816 2.511914 -89.719576
-6.044816 2.511914 -89.719576
-6.044816 2.511914 -89.719576
-6.044816 2.511914 -89.719576
-6.044816 2.511914 -89.719576
-0.806952 -8.785341 -90.557264
-0.806952 -8.785341 -90.557264
-0.806952 -8.785341 -90.557264
-0.806952 -8.785341 -90.557264
-0.806952 -8.785341 -90.557264
-0.806952 -8.785341 -90.557264
-0.806952 -8.785341 -90.557264
-0.806952 -8.785341 -90.557264
5.453808 -15.379465 -89.105562
5.453808 -15.379465 -89.105562
5.453808 -15.379465 -89.105562
5.453808 -15.379465 -89.105562
5.453808 -15.379465 -89.105562
5.453808 -15.379465 -89.105562
5.453808 -15.379465 -89.105562
15.438166 -19.759954 -88.291322
15.438166 -19.759954 -88.291322
15.438166 -19.759954 -88.291322
15.438166 -19.759954 -88.291322
15.438166 -19.759954 -88.291322
15.438166 -19.759954 -88.291322
15.438166 -19.759954 -88.291322
15.438166 -19.759954 -88.291322
15.438166 -19.759954 -88.291322
22.257440 -28.294195 -87.668340
22.257440 -28.294195 -87.668340
22.257440 -28.294195 -87.668340
22.257440 -28.294195 -87.668340
22.257440 -28.294195 -87.668340
22.257440 -28.294195 -87.668340
22.257440 -28.294195 -87.668340
25.131097 -37.620368 -92.007395
25.131097 -37.620368 -92.007395
25.131097 -37.620368 -92.007395
25.131097 -37.620368 -92.007395
25.131097 -37.620368 -92.007395
25.131097 -37.620368 -92.007395
25.131097 -37.620368 -92.007395
25.131097 -37.620368 -92.007395
23.177243 -35.851861 -91.879821
23.177243 -35.851861 -91.879821
23.177243 -35.851861 -91.879821
23.177243 -35.851861 -91.879821
23.177243 -35.851861 -91.879821
23.177243 -35.851861 -91.879821
23.177243 -35.851861 -91.879821
23.177243 -35.851861 -91.879821
23.836518 -35.865214 -93.243086
23.836518 -35.865214 -93.243086
23.836518 -35.865214 -93.243086
23.836518 -35.865214 -93.243086
23.836518 -35.865214 -93.243086
23.836518 -35.865214 -93.243086
23.836518 -35.865214 -93.243086
23.836518 -35.865214 -93.243086
24.004365 -35.422840 -94.117070
24.004365 -35.422840 -94.117070
24.004365 -35.422840 -94.117070
24.004365 -35.422840 -94.117070
24.004365 -35.422840 -94.117070
24.004365 -35.422840 -94.117070
24.004365 -35.422840 -94.117070
24.004365 -35.422840 -94.117070
24.128149 -34.526886 -94.817239
24.128149 -34.526886 -94.817239
24.128149 -34.526886 -94.817239
24.128149 -34.526886 -94.817239
24.128149 -34.526886 -94.817239
24.128149 -34.526886 -94.817239
24.128149 -34.526886 -94.817239
24.162225 -33.078398 -94.587014
24.162225 -33.078398 -94.587014
24.162225 -33.078398 -94.587014
24.162225 -33.078398 -94.587014
24.162225 -33.078398 -94.587014
24.162225 -33.078398 -94.587014
24.162225 -33.078398 -94.587014
24.162225 -33.078398 -94.587014
24.975085 -32.497804 -94.937355
24.975085 -32.497804 -94.937355
24.975085 -32.497804 -94.937355
24.975085 -32.497804 -94.937355
24.975085 -32.497804 -94.937355
24.975085 -32.497804 -94.937355
24.975085 -32.497804 -94.937355
24.975085 -32.497804 -94.937355
25.680710 -32.612313 -95.850736
25.680710 -32.612313 -95.850736
25.680710 -32.612313 -95.850736
25.680710 -32.612313 -95.850736
25.680710 -32.612313 -95.850736
25.680710 -32.612313 -95.850736
25.680710 -32.612313 -95.850736
25.680710 -32.612313 -95.850736
26.094225 -32.326117 -96.513093
26.094225 -32.326117 -96.513093
26.094225 -32.326117 -96.513093
26.094225 -32.326117 -96.513093
26.094225 -32.326117 -96.513093
26.094225 -32.326117 -96.513093
26.094225 -32.326117 -96.513093
26.094225 -32.326117 -96.513093
26.271032 -32.132345 -96.805972
26.271032 -32.132345 -96.805972
26.271032 -32.132345 -96.805972
26.271032 -32.132345 -96.805972
26.271032 -32.132345 -96.805972
26.271032 -32.132345 -96.805972
26.271032 -32.132345 -96.805972
26.271032 -32.132345 -96.805972
25.197077 -30.390179 -99.278104
25.197077 -30.390179 -99.278104
25.197077 -30.390179 -99.278104
25.197077 -30.390179 -99.278104
25.197077 -30.390179 -99.278104
25.197077 -30.390179 -99.278104
25.197077 -30.390179 -99.278104
25.197077 -30.390179 -99.278104
25.197077 -30.390179 -99.278104
20.945373 -18.041477 -100.974716
20.945373 -18.041477 -100.974716
20.945373 -18.041477 -100.974716
20.945373 -18.041477 -100.974716
20.945373 -18.041477 -100.974716
20.945373 -18.041477 -100.974716
20.945373 -18.041477 -100.974716
17.838144 -4.033615 -92.581404
17.838144 -4.033615 -92.581404
17.838144 -4.033615 -92.581404
17.838144 -4.033615 -92.581404
17.838144 -4.033615 -92.581404
17.838144 -4.033615 -92.581404
17.838144 -4.033615 -92.581404
16.710200 -0.861109 -89.062013
16.710200 -0.861109 -89.062013
16.710200 -0.861109 -89.062013
16.710200 -0.861109 -89.062013
16.710200 -0.861109 -89.062013
16.710200 -0.861109 -89.062013
16.710200 -0.861109 -89.062013
16.710200 -0.861109 -89.062013
15.674396 -4.249704 -94.631759
15.674396 -4.249704 -94.631759
15.674396 -4.249704 -94.631759
15.674396 -4.249704 -94.631759
15.674396 -4.249704 -94.631759
15.674396 -4.249704 -94.631759
15.674396 -4.249704 -94.631759
16.486904 -4.760769 -93.649291
16.486904 -4.760769 -93.649291
16.486904 -4.760769 -93.649291
16.486904 -4.760769 -93.649291
16.486904 -4.760769 -93.649291
16.486904 -4.760769 -93.649291
16.486904 -4.760769 -93.649291
16.486904 -4.760769 -93.649291
17.089777 -4.997455 -93.153180
17.089777 -4.997455 -93.153180
17.089777 -4.997455 -93.153180
17.089777 -4.997455 -93.153180
17.089777 -4.997455 -93.153180
17.089777 -4.997455 -93.153180
17.089777 -4.997455 -93.153180
17.226644 -5.037108 -92.601041
17.226644 -5.037108 -92.601041
17.226644 -5.037108 -92.601041
17.226644 -5.037108 -92.601041
17.226644 -5.037108 -92.601041
17.226644 -5.037108 -92.601041
17.226644 -5.037108 -92.601041
17.226644 -5.037108 -92.601041
17.454103 -5.398246 -92.285698
17.454103 -5.398246 -92.285698
17.454103 -5.398246 -92.285698
17.454103 -5.398246 -92.285698
17.454103 -5.398246 -92.285698
17.454103 -5.398246 -92.285698
17.651709 -5.600120 -92.164934
17.651709 -5.600120 -92.164934
17.651709 -5.600120 -92.164934
17.651709 -5.600120 -92.164934
17.651709 -5.600120 -92.164934
17.651709 -5.600120 -92.164934
17.651709 -5.600120 -92.164934
17.533200 -5.625813 -92.122395
17.533200 -5.625813 -92.122395
17.533200 -5.625813 -92.122395
17.533200 -5.625813 -92.122395
17.533200 -5.625813 -92.122395
17.533200 -5.625813 -92.122395
17.533200 -5.625813 -92.122395
17.533200 -5.625813 -92.122395
15.410683 -2.666707 -90.752157
15.410683 -2.666707 -90.752157
15.410683 -2.666707 -90.752157
15.410683 -2.666707 -90.752157
15.410683 -2.666707 -90.752157
15.410683 -2.666707 -90.752157
15.410683 -2.666707 -90.752157
15.410683 -2.666707 -90.752157
8.517359 22.982583 -88.142341
8.517359 22.982583 -88.142341
8.517359 22.982583 -88.142341
8.517359 22.982583 -88.142341
8.517359 22.982583 -88.142341
8.517359 22.982583 -88.142341
8.517359 22.982583 -88.142341
8.511489 28.925011 -88.608741
8.511489 28.925011 -88.608741
8.511489 28.925011 -88.608741
8.511489 28.925011 -88.608741
8.511489 28.925011 -88.608741
8.511489 28.925011 -88.608741
8.511489 28.925011 -88.608741
8.511489 28.925011 -88.608741
8.511489 28.925011 -88.608741
12.796135 19.573430 -85.400717
12.796135 19.573430 -85.400717
12.796135 19.573430 -85.400717
12.796135 19.573430 -85.400717
12.796135 19.573430 -85.400717
12.796135 19.573430 -85.400717
12.796135 19.573430 -85.400717
12.796135 19.573430 -85.400717
16.069625 -5.688413 -84.048217
16.069625 -5.688413 -84.048217
16.069625 -5.688413 -84.048217
16.069625 -5.688413 -84.048217
16.069625 -5.688413 -84.048217
16.069625 -5.688413 -84.048217
16.069625 -5.688413 -84.048217
16.069625 -5.688413 -84.048217
15.874902 -19.952019 -84.967212
15.874902 -19.952019 -84.967212
15.874902 -19.952019 -84.967212
15.874902 -19.952019 -84.967212
15.874902 -19.952019 -84.967212
15.874902 -19.952019 -84.967212
15.874902 -19.952019 -84.967212
8.018166 -4.545331 -85.411734
8.018166 -4.545331 -85.411734
8.018166 -4.545331 -85.411734
8.018166 -4.545331 -85.411734
8.018166 -4.545331 -85.411734
8.018166 -4.545331 -85.411734
8.018166 -4.545331 -85.411734
5.502260 -2.188522 -83.352248
5.502260 -2.188522 -83.352248
5.502260 -2.188522 -83.352248
5.502260 -2.188522 -83.352248
5.502260 -2.188522 -83.352248
5.502260 -2.188522 -83.352248
5.502260 -2.188522 -83.352248
3.158395 -5.829124 -85.502849
3.158395 -5.829124 -85.502849
3.158395 -5.829124 -85.502849
3.158395 -5.829124 -85.502849
3.158395 -5.829124 -85.502849
3.158395 -5.829124 -85.502849
3.158395 -5.829124 -85.502849
4.263788 -5.292630 -86.945638
4.263788 -5.292630 -86.945638
4.263788 -5.292630 -86.945638
4.263788 -5.292630 -86.945638
4.263788 -5.292630 -86.945638
4.263788 -5.292630 -86.945638
4.263788 -5.292630 -86.945638
-2.211916 -8.376734 -84.315086
-2.211916 -8.376734 -84.315086
-2.211916 -8.376734 -84.315086
-2.211916 -8.376734 -84.315086
-2.211916 -8.376734 -84.315086
-2.211916 -8.376734 -84.315086
-2.211916 -8.376734 -84.315086
-6.731377 -13.407457 -77.427202
-6.731377 -13.407457 -77.427202
-6.731377 -13.407457 -77.427202
-6.731377 -13.407457 -77.427202
-6.731377 -13.407457 -77.427202
-6.731377 -13.407457 -77.427202
-6.731377 -13.407457 -77.427202
-6.843883 -13.628353 -76.837333
-6.843883 -13.628353 -76.837333
-6.843883 -13.628353 -76.837333
-6.843883 -13.628353 -76.837333
-6.843883 -13.628353 -76.837333
-6.843883 -13.628353 -76.837333
-6.843883 -13.628353 -76.837333
-6.890343 -13.679117 -76.537816
-6.890343 -13.679117 -76.537816
-6.890343 -13.679117 -76.537816
-6.890343 -13.679117 -76.537816
-6.890343 -13.679117 -76.537816
-6.890343 -13.679117 -76.537816
-6.912166 -13.708792 -76.270475
-6.912166 -13.708792 -76.270475
-6.912166 -13.708792 -76.270475
-6.912166 -13.708792 -76.270475
-6.912166 -13.708792 -76.270475
-6.912166 -13.708792 -76.270475
-6.948740 -13.714612 -76.126775
-6.948740 -13.714612 -76.126775
-6.948740 -13.714612 -76.126775
-6.948740 -13.714612 -76.126775
-6.948740 -13.714612 -76.126775
-6.948740 -13.714612 -76.126775
-6.948740 -13.714612 -76.126775
-6.977884 -13.704254 -75.998572
-6.977884 -13.704254 -75.998572
-6.977884 -13.704254 -75.998572
-6.977884 -13.704254 -75.998572
-6.977884 -13.704254 -75.998572
-6.977884 -13.704254 -75.998572
-7.007648 -13.707832 -75.923044
-7.007648 -13.707832 -75.923044
-7.007648 -13.707832 -75.923044
-7.007648 -13.707832 -75.923044
-7.007648 -13.707832 -75.923044
-7.007648 -13.707832 -75.923044
-7.007648 -13.707832 -75.923044
-7.007648 -13.707832 -75.923044
-7.021002 -13.713568 -75.789746
-7.021002 -13.713568 -75.789746
-7.021002 -13.713568 -75.789746
-7.021002 -13.713568 -75.789746
-7.021002 -13.713568 -75.789746
-7.021002 -13.713568 -75.789746
-7.021002 -13.713568 -75.789746
-7.021002 -13.713568 -75.789746
-7.036876 -13.725393 -75.681891
-7.036876 -13.725393 -75.681891
-7.036876 -13.725393 -75.681891
-7.036876 -13.725393 -75.681891
-7.036876 -13.725393 -75.681891
-7.036876 -13.725393 -75.681891
-7.036876 -13.725393 -75.681891
-7.041113 -13.721589 -75.648689
-7.041113 -13.721589 -75.648689
-7.041113 -13.721589 -75.648689
-7.041113 -13.721589 -75.648689
-7.041113 -13.721589 -75.648689
-7.041113 -13.721589 -75.648689
-7.041113 -13.721589 -75.648689
-7.054269 -13.705747 -75.609600
-7.054269 -13.705747 -75.609600
-7.054269 -13.705747 -75.609600
-7.054269 -13.705747 -75.609600
-7.054269 -13.705747 -75.609600
-7.054269 -13.705747 -75.609600
-7.054269 -13.705747 -75.609600
-7.054269 -13.705747 -75.609600
-7.058010 -13.706779 -75.543941
-7.058010 -13.706779 -75.543941
-7.058010 -13.706779 -75.543941
-7.058010 -13.706779 -75.543941
-7.058010 -13.706779 -75.543941
-7.058010 -13.706779 -75.543941
-7.058010 -13.706779 -75.543941
-7.074239 -13.698954 -75.549406
-7.074239 -13.698954 -75.549406
-7.074239 -13.698954 -75.549406
-7.074239 -13.698954 -75.549406
-7.074239 -13.698954 -75.549406
-7.074239 -13.698954 -75.549406
-7.074239 -13.698954 -75.549406
-7.082072 -13.702965 -75.521675
-7.082072 -13.702965 -75.521675
-7.082072 -13.702965 -75.521675
-7.082072 -13.702965 -75.521675
-7.082072 -13.702965 -75.521675
-7.082072 -13.702965 -75.521675
-7.082072 -13.702965 -75.521675
-7.081165 -13.690772 -75.528888
-7.081165 -13.690772 -75.528888
-7.081165 -13.690772 -75.528888
-7.081165 -13.690772 -75.528888
-7.081165 -13.690772 -75.528888
-7.081165 -13.690772 -75.528888
-7.081165 -13.690772 -75.528888
-7.090381 -13.690205 -75.562260
-7.090381 -13.690205 -75.562260
-7.090381 -13.690205 -75.562260
-7.090381 -13.690205 -75.562260
-7.090381 -13.690205 -75.562260
-7.090381 -13.690205 -75.562260
-7.090381 -13.690205 -75.562260
-7.085448 -13.684084 -75.610433
-7.085448 -13.684084 -75.610433
-7.085448 -13.684084 -75.610433
-7.085448 -13.684084 -75.610433
-7.085448 -13.684084 -75.610433
-7.085448 -13.684084 -75.610433
-7.085448 -13.684084 -75.610433
-7.085448 -13.684084 -75.610433
-7.089271 -13.684901 -75.649236
-7.089271 -13.684901 -75.649236
-7.089271 -13.684901 -75.649236
-7.089271 -13.684901 -75.649236
-7.089271 -13.684901 -75.649236
-7.089271 -13.684901 -75.649236
-7.089271 -13.684901 -75.649236
-7.087899 -13.699585 -75.652173
-7.087899 -13.699585 -75.652173
-7.087899 -13.699585 -75.652173
-7.087899 -13.699585 -75.652173
-7.087899 -13.699585 -75.652173
-7.087899 -13.699585 -75.652173
-7.087899 -13.699585 -75.652173
-7.087899 -13.699585 -75.652173
-7.089495 -13.694649 -75.691139
-7.089495 -13.694649 -75.691139
-7.089495 -13.694649 -75.691139
-7.089495 -13.694649 -75.691139
-7.089495 -13.694649 -75.691139
-7.089495 -13.694649 -75.691139
-7.089495 -13.694649 -75.691139
-7.083669 -13.687467 -75.697539
-7.083669 -13.687467 -75.697539
-7.083669 -13.687467 -75.697539
-7.083669 -13.687467 -75.697539
-7.083669 -13.687467 -75.697539
-7.083669 -13.687467 -75.697539
-7.083669 -13.687467 -75.697539
-7.083669 -13.687467 -75.697539
-7.079787 -13.687124 -75.693174
-7.079787 -13.687124 -75.693174
-7.079787 -13.687124 -75.693174
-7.079787 -13.687124 -75.693174
-7.079787 -13.687124 -75.693174
-7.079787 -13.687124 -75.693174
-7.079787 -13.687124 -75.693174
-7.079787 -13.687124 -75.693174
-7.061080 -13.694963 -75.628001
-7.061080 -13.694963 -75.628001
-7.061080 -13.694963 -75.628001
-7.061080 -13.694963 -75.628001
-7.061080 -13.694963 -75.628001
-7.061080 -13.694963 -75.628001
-7.061080 -13.694963 -75.628001
-7.061080 -13.694963 -75.628001
-7.056024 -13.701301 -75.568530
-7.056024 -13.701301 -75.568530
-7.056024 -13.701301 -75.568530
-7.056024 -13.701301 -75.568530
-7.056024 -13.701301 -75.568530
-7.056024 -13.701301 -75.568530
-7.056024 -13.701301 -75.568530
-7.056024 -13.701301 -75.568530
-7.063280 -13.695317 -75.587149
-7.063280 -13.695317 -75.587149
-7.063280 -13.695317 -75.587149
-7.063280 -13.695317 -75.587149
-7.063280 -13.695317 -75.587149
-7.063280 -13.695317 -75.587149
-7.063280 -13.695317 -75.587149
-7.063280 -13.695317 -75.587149
-7.043335 -13.703105 -75.533587
-7.043335 -13.703105 -75.533587
-7.043335 -13.703105 -75.533587
-7.043335 -13.703105 -75.533587
-7.043335 -13.703105 -75.533587
-7.043335 -13.703105 -75.533587
-7.043335 -13.703105 -75.533587
-7.043335 -13.703105 -75.533587
-7.059185 -13.700202 -75.551618
-7.059185 -13.700202 -75.551618
-7.059185 -13.700202 -75.551618
-7.059185 -13.700202 -75.551618
-7.059185 -13.700202 -75.551618
-7.059185 -13.700202 -75.551618
-7.059185 -13.700202 -75.551618
-7.067189 -13.694278 -75.558162
-7.067189 -13.694278 -75.558162
-7.067189 -13.694278 -75.558162
-7.067189 -13.694278 -75.558162
-7.067189 -13.694278 -75.558162
-7.067189 -13.694278 -75.558162
-7.067189 -13.694278 -75.558162
-7.067189 -13.694278 -75.558162
-7.069354 -13.693964 -75.558053
-7.069354 -13.693964 -75.558053
-7.069354 -13.693964 -75.558053
-7.069354 -13.693964 -75.558053
-7.069354 -13.693964 -75.558053
-7.069354 -13.693964 -75.558053
-7.069354 -13.693964 -75.558053
-7.069354 -13.693964 -75.558053
-7.075183 -13.693364 -75.574575
-7.075183 -13.693364 -75.574575
-7.075183 -13.693364 -75.574575
-7.075183 -13.693364 -75.574575
-7.075183 -13.693364 -75.574575
-7.075183 -13.693364 -75.574575
-7.075183 -13.693364 -75.574575
-7.070022 -13.702228 -75.575087
-7.070022 -13.702228 -75.575087
-7.070022 -13.702228 -75.575087
-7.070022 -13.702228 -75.575087
-7.070022 -13.702228 -75.575087
-7.070022 -13.702228 -75.575087
-7.070022 -13.702228 -75.575087
-7.070022 -13.702228 -75.575087
-7.036256 -13.710894 -75.488262
-7.036256 -13.710894 -75.488262
-7.036256 -13.710894 -75.488262
-7.036256 -13.710894 -75.488262
-7.036256 -13.710894 -75.488262
-7.036256 -13.710894 -75.488262
-7.036256 -13.710894 -75.488262
-7.036256 -13.710894 -75.488262
-9.830419 -21.055924 -72.768228
-9.830419 -21.055924 -72.768228
-9.830419 -21.055924 -72.768228
-9.830419 -21.055924 -72.768228
-9.830419 -21.055924 -72.768228
-9.830419 -21.055924 -72.768228
-9.830419 -21.055924 -72.768228
-14.135140 -46.074691 -64.214160
-14.135140 -46.074691 -64.214160
-14.135140 -46.074691 -64.214160
-14.135140 -46.074691 -64.214160
-14.135140 -46.074691 -64.214160
-14.135140 -46.074691 -64.214160
-14.135140 -46.074691 -64.214160
-12.487655 -51.245571 -61.577113
-12.487655 -51.245571 -61.577113
-12.487655 -51.245571 -61.577113
-12.487655 -51.245571 -61.577113
-12.487655 -51.245571 -61.577113
-12.487655 -51.245571 -61.577113
-12.487655 -51.245571 -61.577113
-12.487655 -51.245571 -61.577113
-12.487655 -51.245571 -61.577113
-11.488938 -50.606388 -60.350575
-11.488938 -50.606388 -60.350575
-11.488938 -50.606388 -60.350575
-11.488938 -50.606388 -60.350575
-11.488938 -50.606388 -60.350575
-11.488938 -50.606388 -60.350575
-11.488938 -50.606388 -60.350575
-11.488938 -50.606388 -60.350575
-10.950186 -50.052641 -59.593476
-10.950186 -50.052641 -59.593476
-10.950186 -50.052641 -59.593476
-10.950186 -50.052641 -59.593476
-10.950186 -50.052641 -59.593476
-10.950186 -50.052641 -59.593476
-10.950186 -50.052641 -59.593476
-10.950186 -50.052641 -59.593476
-10.659593 -48.344168 -58.889877
-10.659593 -48.344168 -58.889877
-10.659593 -48.344168 -58.889877
-10.659593 -48.344168 -58.889877
-10.659593 -48.344168 -58.889877
-10.659593 -48.344168 -58.889877
-10.659593 -48.344168 -58.889877
-10.659593 -48.344168 -58.889877
-7.243955 -21.918717 -58.415944
-7.243955 -21.918717 -58.415944
-7.243955 -21.918717 -58.415944
-7.243955 -21.918717 -58.415944
-7.243955 -21.918717 -58.415944
-7.243955 -21.918717 -58.415944
-7.243955 -21.918717 -58.415944
-7.243955 -21.918717 -58.415944
-6.106319 -12.888196 -59.249282
-6.106319 -12.888196 -59.249282
-6.106319 -12.888196 -59.249282
-6.106319 -12.888196 -59.249282
-6.106319 -12.888196 -59.249282
-6.106319 -12.888196 -59.249282
-6.106319 -12.888196 -59.249282
-6.691822 -12.520254 -60.929263
-6.691822 -12.520254 -60.929263
-6.691822 -12.520254 -60.929263
-6.691822 -12.520254 -60.929263
-6.691822 -12.520254 -60.929263
-6.691822 -12.520254 -60.929263
-6.691822 -12.520254 -60.929263
-6.962028 -12.343002 -62.138589
-6.962028 -12.343002 -62.138589
-6.962028 -12.343002 -62.138589
-6.962028 -12.343002 -62.138589
-6.962028 -12.343002 -62.138589
-6.962028 -12.343002 -62.138589
-6.962028 -12.343002 -62.138589
-7.077976 -12.279732 -63.044026
-7.077976 -12.279732 -63.044026
-7.077976 -12.279732 -63.044026
-7.077976 -12.279732 -63.044026
-7.077976 -12.279732 -63.044026
-7.077976 -12.279732 -63.044026
-7.077976 -12.279732 -63.044026
-7.077976 -12.279732 -63.044026
-7.077976 -12.279732 -63.044026
-7.077976 -12.279732 -63.044026
-7.077976 -12.279732 -63.044026
-7.077976 -12.279732 -63.044026
-7.077976 -12.279732 -63.044026
-7.077976 -12.279732 -63.044026
-7.077976 -12.279732 -63.044026
-7.065607 -12.277752 -64.131406
-7.065607 -12.277752 -64.131406
-7.065607 -12.277752 -64.131406
-7.065607 -12.277752 -64.131406
-7.065607 -12.277752 -64.131406
-7.065607 -12.277752 -64.131406
-7.065607 -12.277752 -64.131406
-7.065607 -12.277752 -64.131406
-7.010891 -12.301547 -64.413014
-7.010891 -12.301547 -64.413014
-7.010891 -12.301547 -64.413014
-7.010891 -12.301547 -64.413014
-7.010891 -12.301547 -64.413014
-7.010891 -12.301547 -64.413014
-7.010891 -12.301547 -64.413014
-7.010891 -12.301547 -64.413014
-6.960556 -12.334020 -64.614915
-6.960556 -12.334020 -64.614915
-6.960556 -12.334020 -64.614915
-6.960556 -12.334020 -64.614915
-6.960556 -12.334020 -64.614915
-6.960556 -12.334020 -64.614915
-6.960556 -12.334020 -64.614915
-6.960556 -12.334020 -64.614915
-6.927139 -12.350830 -64.786714
-6.927139 -12.350830 -64.786714
-6.927139 -12.350830 -64.786714
-6.927139 -12.350830 -64.786714
-6.927139 -12.350830 -64.786714
-6.927139 -12.350830 -64.786714
-6.927139 -12.350830 -64.786714
-6.927139 -12.350830 -64.786714
-6.883129 -12.365298 -64.842087
-6.883129 -12.365298 -64.842087
-6.883129 -12.365298 -64.842087
-6.883129 -12.365298 -64.842087
-6.883129 -12.365298 -64.842087
-6.883129 -12.365298 -64.842087
-6.883129 -12.365298 -64.842087
-6.883129 -12.365298 -64.842087
-6.863975 -12.381056 -64.932505
-6.863975 -12.381056 -64.932505
-6.863975 -12.381056 -64.932505
-6.863975 -12.381056 -64.932505
-6.863975 -12.381056 -64.932505
-6.863975 -12.381056 -64.932505
-6.863975 -12.381056 -64.932505
-6.827941 -12.399356 -64.903955
-6.827941 -12.399356 -64.903955
-6.827941 -12.399356 -64.903955
-6.827941 -12.399356 -64.903955
-6.827941 -12.399356 -64.903955
-6.827941 -12.399356 -64.903955
-6.827941 -12.399356 -64.903955
-6.827941 -12.399356 -64.903955
-6.815475 -12.400341 -64.923093
-6.815475 -12.400341 -64.923093
-6.815475 -12.400341 -64.923093
-6.815475 -12.400341 -64.923093
-6.815475 -12.400341 -64.923093
-6.815475 -12.400341 -64.923093
-6.815475 -12.400341 -64.923093
-6.815475 -12.400341 -64.923093
-6.824299 -12.392840 -65.022896
-6.824299 -12.392840 -65.022896
-6.824299 -12.392840 -65.022896
-6.824299 -12.392840 -65.022896
-6.824299 -12.392840 -65.022896
-6.824299 -12.392840 -65.022896
-6.824299 -12.392840 -65.022896
-6.824299 -12.392840 -65.022896
-6.801938 -12.403709 -64.976443
-6.801938 -12.403709 -64.976443
-6.801938 -12.403709 -64.976443
-6.801938 -12.403709 -64.976443
-6.801938 -12.403709 -64.976443
-6.801938 -12.403709 -64.976443
-6.801938 -12.403709 -64.976443
-6.798584 -12.414024 -65.004065
-6.798584 -12.414024 -65.004065
-6.798584 -12.414024 -65.004065
-6.798584 -12.414024 -65.004065
-6.798584 -12.414024 -65.004065
-6.798584 -12.414024 -65.004065
-6.798584 -12.414024 -65.004065
-6.798584 -12.414024 -65.004065
-6.811373 -12.412289 -65.104325
-6.811373 -12.412289 -65.104325
-6.811373 -12.412289 -65.104325
-6.811373 -12.412289 -65.104325
-6.811373 -12.412289 -65.104325
-6.811373 -12.412289 -65.104325
-6.811373 -12.412289 -65.104325
-6.789646 -12.419292 -65.081785
-6.789646 -12.419292 -65.081785
-6.789646 -12.419292 -65.081785
-6.789646 -12.419292 -65.081785
-6.789646 -12.419292 -65.081785
-6.789646 -12.419292 -65.081785
-6.789646 -12.419292 -65.081785
-6.789646 -12.419292 -65.081785
-6.794258 -12.422821 -65.104209
-6.794258 -12.422821 -65.104209
-6.794258 -12.422821 -65.104209
-6.794258 -12.422821 -65.104209
-6.794258 -12.422821 -65.104209
-6.794258 -12.422821 -65.104209
-6.794258 -12.422821 -65.104209
-6.794258 -12.422821 -65.104209
-6.810939 -12.425407 -65.209114
-6.810939 -12.425407 -65.209114
-6.810939 -12.425407 -65.209114
-6.810939 -12.425407 -65.209114
-6.810939 -12.425407 -65.209114
-6.810939 -12.425407 -65.209114
-6.810939 -12.425407 -65.209114
-6.812363 -12.427568 -65.264998
-6.812363 -12.427568 -65.264998
-6.812363 -12.427568 -65.264998
-6.812363 -12.427568 -65.264998
-6.812363 -12.427568 -65.264998
-6.812363 -12.427568 -65.264998
-6.812363 -12.427568 -65.264998
-6.812363 -12.427568 -65.264998
-6.808153 -12.422172 -65.329189
-6.808153 -12.422172 -65.329189
-6.808153 -12.422172 -65.329189
-6.808153 -12.422172 -65.329189
-6.808153 -12.422172 -65.329189
-6.808153 -12.422172 -65.329189
-6.808153 -12.422172 -65.329189
-6.808153 -12.422172 -65.329189
-6.806218 -12.413362 -65.376078
-6.806218 -12.413362 -65.376078
-6.806218 -12.413362 -65.376078
-6.806218 -12.413362 -65.376078
-6.806218 -12.413362 -65.376078
-6.806218 -12.413362 -65.376078
-6.806218 -12.413362 -65.376078
-6.806218 -12.413362 -65.376078
-6.793918 -12.429951 -65.350212
-6.793918 -12.429951 -65.350212
-6.793918 -12.429951 -65.350212
-6.793918 -12.429951 -65.350212
-6.793918 -12.429951 -65.350212
-6.793918 -12.429951 -65.350212
-6.793918 -12.429951 -65.350212
-14.771780 -47.138441 -55.523185
-14.771780 -47.138441 -55.523185
-14.771780 -47.138441 -55.523185
-14.771780 -47.138441 -55.523185
-14.771780 -47.138441 -55.523185
-14.771780 -47.138441 -55.523185
-14.771780 -47.138441 -55.523185
-14.771780 -47.138441 -55.523185
-13.360784 -54.215730 -48.784210
-13.360784 -54.215730 -48.784210
-13.360784 -54.215730 -48.784210
-13.360784 -54.215730 -48.784210
-13.360784 -54.215730 -48.784210
-13.360784 -54.215730 -48.784210
-13.360784 -54.215730 -48.784210
-13.360784 -54.215730 -48.784210
-11.715463 -52.112742 -47.476724
-11.715463 -52.112742 -47.476724
-11.715463 -52.112742 -47.476724
-11.715463 -52.112742 -47.476724
-11.715463 -52.112742 -47.476724
-11.715463 -52.112742 -47.476724
-11.715463 -52.112742 -47.476724
-11.715463 -52.112742 -47.476724
-10.719666 -51.105951 -46.001638
-10.719666 -51.105951 -46.001638
-10.719666 -51.105951 -46.001638
-10.719666 -51.105951 -46.001638
-10.719666 -51.105951 -46.001638
-10.719666 -51.105951 -46.001638
-10.719666 -51.105951 -46.001638
-10.719666 -51.105951 -46.001638
-9.569018 -47.395174 -45.093923
-9.569018 -47.395174 -45.093923
-9.569018 -47.395174 -45.093923
-9.569018 -47.395174 -45.093923
-9.569018 -47.395174 -45.093923
-9.569018 -47.395174 -45.093923
-9.569018 -47.395174 -45.093923
-9.569018 -47.395174 -45.093923
-6.799703 -14.550956 -45.008406
-6.799703 -14.550956 -45.008406
-6.799703 -14.550956 -45.008406
-6.799703 -14.550956 -45.008406
-6.799703 -14.550956 -45.008406
-6.799703 -14.550956 -45.008406
-6.799703 -14.550956 -45.008406
-6.329135 -13.534348 -46.150232
-6.329135 -13.534348 -46.150232
-6.329135 -13.534348 -46.150232
-6.329135 -13.534348 -46.150232
-6.329135 -13.534348 -46.150232
-6.329135 -13.534348 -46.150232
-6.329135 -13.534348 -46.150232
-6.329135 -13.534348 -46.150232
-7.400320 -13.383354 -46.828023
-7.400320 -13.383354 -46.828023
-7.400320 -13.383354 -46.828023
-7.400320 -13.383354 -46.828023
-7.400320 -13.383354 -46.828023
-7.400320 -13.383354 -46.828023
-7.400320 -13.383354 -46.828023
-7.766171 -13.188465 -47.368451
-7.766171 -13.188465 -47.368451
-7.766171 -13.188465 -47.368451
-7.766171 -13.188465 -47.368451
-7.766171 -13.188465 -47.368451
-7.766171 -13.188465 -47.368451
-7.766171 -13.188465 -47.368451
-7.766171 -13.188465 -47.368451
-7.981651 -13.091836 -47.773458
-7.981651 -13.091836 -47.773458
-7.981651 -13.091836 -47.773458
-7.981651 -13.091836 -47.773458
-7.981651 -13.091836 -47.773458
-7.981651 -13.091836 -47.773458
-7.981651 -13.091836 -47.773458
-8.070756 -13.030867 -48.095614
-8.070756 -13.030867 -48.095614
-8.070756 -13.030867 -48.095614
-8.070756 -13.030867 -48.095614
-8.070756 -13.030867 -48.095614
-8.070756 -13.030867 -48.095614
-8.070756 -13.030867 -48.095614
-8.070756 -13.030867 -48.095614
-8.102038 -13.023428 -48.208951
-8.102038 -13.023428 -48.208951
-8.102038 -13.023428 -48.208951
-8.102038 -13.023428 -48.208951
-8.102038 -13.023428 -48.208951
-8.102038 -13.023428 -48.208951
-8.102038 -13.023428 -48.208951
-8.102038 -13.023428 -48.208951
-8.117229 -13.010137 -48.330770
-8.117229 -13.010137 -48.330770
-8.117229 -13.010137 -48.330770
-8.117229 -13.010137 -48.330770
-8.117229 -13.010137 -48.330770
-8.117229 -13.010137 -48.330770
-8.117229 -13.010137 -48.330770
-8.117229 -13.010137 -48.330770
-8.141053 -13.008627 -48.447307
-8.141053 -13.008627 -48.447307
-8.141053 -13.008627 -48.447307
-8.141053 -13.008627 -48.447307
-8.141053 -13.008627 -48.447307
-8.141053 -13.008627 -48.447307
-8.141053 -13.008627 -48.447307
-8.117911 -13.015432 -48.463443
-8.117911 -13.015432 -48.463443
-8.117911 -13.015432 -48.463443
-8.117911 -13.015432 -48.463443
-8.117911 -13.015432 -48.463443
-8.117911 -13.015432 -48.463443
-8.117911 -13.015432 -48.463443
-8.117911 -13.015432 -48.463443
-8.117911 -13.015432 -48.463443
-8.121366 -13.007884 -48.563673
-8.121366 -13.007884 -48.563673
-8.121366 -13.007884 -48.563673
-8.121366 -13.007884 -48.563673
-8.121366 -13.007884 -48.563673
-8.121366 -13.007884 -48.563673
-8.121366 -13.007884 -48.563673
-8.126184 -13.010530 -48.658350
-8.126184 -13.010530 -48.658350
-8.126184 -13.010530 -48.658350
-8.126184 -13.010530 -48.658350
-8.126184 -13.010530 -48.658350
-8.126184 -13.010530 -48.658350
-8.126184 -13.010530 -48.658350
-8.101993 -13.023735 -48.630110
-8.101993 -13.023735 -48.630110
-8.101993 -13.023735 -48.630110
-8.101993 -13.023735 -48.630110
-8.101993 -13.023735 -48.630110
-8.101993 -13.023735 -48.630110
-8.101993 -13.023735 -48.630110
-8.101993 -13.023735 -48.630110
-8.101993 -13.023735 -48.630110
-8.111666 -13.026139 -48.712937
-8.111666 -13.026139 -48.712937
-8.111666 -13.026139 -48.712937
-8.111666 -13.026139 -48.712937
-8.111666 -13.026139 -48.712937
-8.111666 -13.026139 -48.712937
-8.111666 -13.026139 -48.712937
-8.121907 -13.014633 -48.786682
-8.121907 -13.014633 -48.786682
-8.121907 -13.014633 -48.786682
-8.121907 -13.014633 -48.786682
-8.121907 -13.014633 -48.786682
-8.121907 -13.014633 -48.786682
-8.121907 -13.014633 -48.786682
-8.121907 -13.014633 -48.786682
-8.115604 -13.014266 -48.853027
-8.115604 -13.014266 -48.853027
-8.115604 -13.014266 -48.853027
-8.115604 -13.014266 -48.853027
-8.115604 -13.014266 -48.853027
-8.115604 -13.014266 -48.853027
-8.115604 -13.014266 -48.853027
-8.115604 -13.014266 -48.853027
-8.118105 -13.021435 -48.895620
-8.118105 -13.021435 -48.895620
-8.118105 -13.021435 -48.895620
-8.118105 -13.021435 -48.895620
-8.118105 -13.021435 -48.895620
-8.118105 -13.021435 -48.895620
-8.118105 -13.021435 -48.895620
-8.118105 -13.021435 -48.895620
-8.113374 -13.022290 -48.954923
-8.113374 -13.022290 -48.954923
-8.113374 -13.022290 -48.954923
-8.113374 -13.022290 -48.954923
-8.113374 -13.022290 -48.954923
-8.113374 -13.022290 -48.954923
-8.113374 -13.022290 -48.954923
-8.113374 -13.022290 -48.954923
-8.093320 -13.028946 -48.967901
-8.093320 -13.028946 -48.967901
-8.093320 -13.028946 -48.967901
-8.093320 -13.028946 -48.967901
-8.093320 -13.028946 -48.967901
-8.093320 -13.028946 -48.967901
-8.093320 -13.028946 -48.967901
-8.736854 -12.952988 -49.001085
-8.736854 -12.952988 -49.001085
-8.736854 -12.952988 -49.001085
-8.736854 -12.952988 -49.001085
-8.736854 -12.952988 -49.001085
-8.736854 -12.952988 -49.001085
-8.736854 -12.952988 -49.001085
-8.736854 -12.952988 -49.001085
4.535180 7.339562 -49.539912
4.535180 7.339562 -49.539912
4.535180 7.339562 -49.539912
4.535180 7.339562 -49.539912
4.535180 7.339562 -49.539912
4.535180 7.339562 -49.539912
4.535180 7.339562 -49.539912
4.535180 7.339562 -49.539912
14.425290 22.432971 -41.361198
14.425290 22.432971 -41.361198
14.425290 22.432971 -41.361198
14.425290 22.432971 -41.361198
14.425290 22.432971 -41.361198
14.425290 22.432971 -41.361198
14.425290 22.432971 -41.361198
14.425290 22.432971 -41.361198
17.360452 31.562048 -9.867161
17.360452 31.562048 -9.867161
17.360452 31.562048 -9.867161
17.360452 31.562048 -9.867161
17.360452 31.562048 -9.867161
17.360452 31.562048 -9.867161
17.360452 31.562048 -9.867161
17.360452 31.562048 -9.867161
16.272263 17.413103 1.033454
16.272263 17.413103 1.033454
16.272263 17.413103 1.033454
16.272263 17.413103 1.033454
16.272263 17.413103 1.033454
16.272263 17.413103 1.033454
16.272263 17.413103 1.033454
16.272263 17.413103 1.033454
16.272263 17.413103 1.033454
8.677708 10.345378 -18.269458
8.677708 10.345378 -18.269458
8.677708 10.345378 -18.269458
8.677708 10.345378 -18.269458
8.677708 10.345378 -18.269458
8.677708 10.345378 -18.269458
8.677708 10.345378 -18.269458
8.677708 10.345378 -18.269458
-0.400028 -1.308125 -36.061435
-0.400028 -1.308125 -36.061435
-0.400028 -1.308125 -36.061435
-0.400028 -1.308125 -36.061435
-0.400028 -1.308125 -36.061435
-0.400028 -1.308125 -36.061435
-0.400028 -1.308125 -36.061435
-0.400028 -1.308125 -36.061435
1.325236 1.510236 -45.297938
1.325236 1.510236 -45.297938
1.325236 1.510236 -45.297938
1.325236 1.510236 -45.297938
1.325236 1.510236 -45.297938
1.325236 1.510236 -45.297938
1.325236 1.510236 -45.297938
1.334794 3.887219 -48.337683
1.334794 3.887219 -48.337683
1.334794 3.887219 -48.337683
1.334794 3.887219 -48.337683
1.334794 3.887219 -48.337683
1.334794 3.887219 -48.337683
1.334794 3.887219 -48.337683
1.386014 3.660125 -51.319777
1.386014 3.660125 -51.319777
1.386014 3.660125 -51.319777
1.386014 3.660125 -51.319777
1.386014 3.660125 -51.319777
1.386014 3.660125 -51.319777
1.386014 3.660125 -51.319777
1.386014 3.660125 -51.319777
1.372070 3.630321 -53.235512
1.372070 3.630321 -53.235512
1.372070 3.630321 -53.235512
1.372070 3.630321 -53.235512
1.372070 3.630321 -53.235512
1.372070 3.630321 -53.235512
1.372070 3.630321 -53.235512
1.347337 3.491587 -54.707736
1.347337 3.491587 -54.707736
1.347337 3.491587 -54.707736
1.347337 3.491587 -54.707736
1.347337 3.491587 -54.707736
1.347337 3.491587 -54.707736
1.347337 3.491587 -54.707736
1.347337 3.491587 -54.707736
1.317647 3.265614 -55.702460
1.317647 3.265614 -55.702460
1.317647 3.265614 -55.702460
1.317647 3.265614 -55.702460
1.317647 3.265614 -55.702460
1.317647 3.265614 -55.702460
1.317647 3.265614 -55.702460
1.236611 3.559377 -56.534043
1.236611 3.559377 -56.534043
1.236611 3.559377 -56.534043
1.236611 3.559377 -56.534043
1.236611 3.559377 -56.534043
1.236611 3.559377 -56.534043
1.236611 3.559377 -56.534043
1.236611 3.559377 -56.534043
1.198995 3.607672 -57.061661
1.198995 3.607672 -57.061661
1.198995 3.607672 -57.061661
1.198995 3.607672 -57.061661
1.198995 3.607672 -57.061661
1.198995 3.607672 -57.061661
1.198995 3.607672 -57.061661
1.158984 3.577753 -57.513758
1.158984 3.577753 -57.513758
1.158984 3.577753 -57.513758
1.158984 3.577753 -57.513758
1.158984 3.577753 -57.513758
1.158984 3.577753 -57.513758
1.158984 3.577753 -57.513758
1.158984 3.577753 -57.513758
1.158984 3.577753 -57.513758
1.112180 3.595158 -57.824737
1.112180 3.595158 -57.824737
1.112180 3.595158 -57.824737
1.112180 3.595158 -57.824737
1.112180 3.595158 -57.824737
1.112180 3.595158 -57.824737
1.077949 3.600725 -57.969113
1.077949 3.600725 -57.969113
1.077949 3.600725 -57.969113
1.077949 3.600725 -57.969113
1.077949 3.600725 -57.969113
1.077949 3.600725 -57.969113
1.077949 3.600725 -57.969113
1.099578 3.242379 -58.083751
1.099578 3.242379 -58.083751
1.099578 3.242379 -58.083751
1.099578 3.242379 -58.083751
1.099578 3.242379 -58.083751
1.099578 3.242379 -58.083751
1.099578 3.242379 -58.083751
1.099578 3.242379 -58.083751
1.129128 2.677507 -57.972187
1.129128 2.677507 -57.972187
1.129128 2.677507 -57.972187
1.129128 2.677507 -57.972187
1.129128 2.677507 -57.972187
1.129128 2.677507 -57.972187
1.129128 2.677507 -57.972187
1.129128 2.677507 -57.972187
1.116293 2.600586 -58.043754
1.116293 2.600586 -58.043754
1.116293 2.600586 -58.043754
1.116293 2.600586 -58.043754
1.116293 2.600586 -58.043754
1.116293 2.600586 -58.043754
1.116293 2.600586 -58.043754
1.119924 2.595495 -58.264847
1.119924 2.595495 -58.264847
1.119924 2.595495 -58.264847
1.119924 2.595495 -58.264847
1.119924 2.595495 -58.264847
1.119924 2.595495 -58.264847
1.119924 2.595495 -58.264847
1.121711 2.279493 -58.333852
1.121711 2.279493 -58.333852
1.121711 2.279493 -58.333852
1.121711 2.279493 -58.333852
1.121711 2.279493 -58.333852
1.121711 2.279493 -58.333852
1.121711 2.279493 -58.333852
1.102808 2.372178 -58.399033
1.102808 2.372178 -58.399033
1.102808 2.372178 -58.399033
1.102808 2.372178 -58.399033
1.102808 2.372178 -58.399033
1.102808 2.372178 -58.399033
1.102808 2.372178 -58.399033
1.102808 2.372178 -58.399033
1.099564 2.318155 -58.443402
1.099564 2.318155 -58.443402
1.099564 2.318155 -58.443402
1.099564 2.318155 -58.443402
1.099564 2.318155 -58.443402
1.099564 2.318155 -58.443402
1.099564 2.318155 -58.443402
1.077028 2.362003 -58.478126
1.077028 2.362003 -58.478126
1.077028 2.362003 -58.478126
1.077028 2.362003 -58.478126
1.077028 2.362003 -58.478126
1.077028 2.362003 -58.478126
1.077028 2.362003 -58.478126
1.076759 2.405816 -58.487866
1.076759 2.405816 -58.487866
1.076759 2.405816 -58.487866
1.076759 2.405816 -58.487866
1.076759 2.405816 -58.487866
1.076759 2.405816 -58.487866
1.069042 2.420770 -58.494485
1.069042 2.420770 -58.494485
1.069042 2.420770 -58.494485
1.069042 2.420770 -58.494485
1.069042 2.420770 -58.494485
1.069042 2.420770 -58.494485
1.069042 2.420770 -58.494485
1.059977 2.444987 -58.490810
1.059977 2.444987 -58.490810
1.059977 2.444987 -58.490810
1.059977 2.444987 -58.490810
1.059977 2.444987 -58.490810
1.059977 2.444987 -58.490810
1.059977 2.444987 -58.490810
1.059977 2.444987 -58.490810
1.061217 2.451155 -58.507926
1.061217 2.451155 -58.507926
1.061217 2.451155 -58.507926
1.061217 2.451155 -58.507926
1.061217 2.451155 -58.507926
1.061217 2.451155 -58.507926
1.061217 2.451155 -58.507926
1.056711 2.477941 -58.507476
1.056711 2.477941 -58.507476
1.056711 2.477941 -58.507476
1.056711 2.477941 -58.507476
1.056711 2.477941 -58.507476
1.056711 2.477941 -58.507476
1.056711 2.477941 -58.507476
1.056711 2.477941 -58.507476
1.061181 2.456362 -58.528164
1.061181 2.456362 -58.528164
1.061181 2.456362 -58.528164
1.061181 2.456362 -58.528164
1.061181 2.456362 -58.528164
1.061181 2.456362 -58.528164
1.061181 2.456362 -58.528164
1.061389 2.435426 -58.531689
1.061389 2.435426 -58.531689
1.061389 2.435426 -58.531689
1.061389 2.435426 -58.531689
1.061389 2.435426 -58.531689
1.061389 2.435426 -58.531689
1.061389 2.435426 -58.531689
1.061389 2.435426 -58.531689
1.061389 2.435426 -58.531689
1.061389 2.435426 -58.531689
1.061389 2.435426 -58.531689
1.061389 2.435426 -58.531689
1.061389 2.435426 -58.531689
1.061389 2.435426 -58.531689
1.061389 2.435426 -58.531689
1.061389 2.435426 -58.531689
1.026593 2.486951 -58.509750
1.026593 2.486951 -58.509750
1.026593 2.486951 -58.509750
1.026593 2.486951 -58.509750
1.026593 2.486951 -58.509750
1.026593 2.486951 -58.509750
1.026593 2.486951 -58.509750
1.026768 2.379000 -58.484219
1.026768 2.379000 -58.484219
1.026768 2.379000 -58.484219
1.026768 2.379000 -58.484219
1.026768 2.379000 -58.484219
1.026768 2.379000 -58.484219
1.026768 2.379000 -58.484219
1.061823 0.495500 -58.929943
1.061823 0.495500 -58.929943
1.061823 0.495500 -58.929943
1.061823 0.495500 -58.929943
1.061823 0.495500 -58.929943
1.061823 0.495500 -58.929943
1.061823 0.495500 -58.929943
1.061823 0.495500 -58.929943
-1.037702 -13.021642 -59.057545
-1.037702 -13.021642 -59.057545
-1.037702 -13.021642 -59.057545
-1.037702 -13.021642 -59.057545
-1.037702 -13.021642 -59.057545
-1.037702 -13.021642 -59.057545
-1.037702 -13.021642 -59.057545
-1.037702 -13.021642 -59.057545
-0.902743 -29.121615 -56.662467
-0.902743 -29.121615 -56.662467
-0.902743 -29.121615 -56.662467
-0.902743 -29.121615 -56.662467
-0.902743 -29.121615 -56.662467
-0.902743 -29.121615 -56.662467
-0.902743 -29.121615 -56.662467
-0.902743 -29.121615 -56.662467
-0.336672 -37.189615 -54.503574
-0.336672 -37.189615 -54.503574
-0.336672 -37.189615 -54.503574
-0.336672 -37.189615 -54.503574
-0.336672 -37.189615 -54.503574
-0.336672 -37.189615 -54.503574
-0.336672 -37.189615 -54.503574
-0.336672 -37.189615 -54.503574
-0.261978 -27.449144 -54.064076
-0.261978 -27.449144 -54.064076
-0.261978 -27.449144 -54.064076
-0.261978 -27.449144 -54.064076
-0.261978 -27.449144 -54.064076
-0.261978 -27.449144 -54.064076
-0.261978 -27.449144 -54.064076
-0.261978 -27.449144 -54.064076
-0.261978 -27.449144 -54.064076
0.977770 -9.068712 -55.093003
0.977770 -9.068712 -55.093003
0.977770 -9.068712 -55.093003
0.977770 -9.068712 -55.093003
0.977770 -9.068712 -55.093003
0.977770 -9.068712 -55.093003
0.977770 -9.068712 -55.093003
1.162514 -6.187743 -56.220571
1.162514 -6.187743 -56.220571
1.162514 -6.187743 -56.220571
1.162514 -6.187743 -56.220571
1.162514 -6.187743 -56.220571
1.162514 -6.187743 -56.220571
1.162514 -6.187743 -56.220571
1.162514 -6.187743 -56.220571
1.162514 -6.187743 -56.220571
0.993765 -6.017154 -56.806192
0.993765 -6.017154 -56.806192
0.993765 -6.017154 -56.806192
0.993765 -6.017154 -56.806192
0.993765 -6.017154 -56.806192
0.993765 -6.017154 -56.806192
0.993765 -6.017154 -56.806192
0.895740 -5.975819 -57.217485
0.895740 -5.975819 -57.217485
0.895740 -5.975819 -57.217485
0.895740 -5.975819 -57.217485
0.895740 -5.975819 -57.217485
0.895740 -5.975819 -57.217485
0.895740 -5.975819 -57.217485
0.895740 -5.975819 -57.217485
0.846314 -5.926129 -57.498404
0.846314 -5.926129 -57.498404
0.846314 -5.926129 -57.498404
0.846314 -5.926129 -57.498404
0.846314 -5.926129 -57.498404
0.846314 -5.926129 -57.498404
0.846314 -5.926129 -57.498404
0.846314 -5.926129 -57.498404
0.826148 -5.873040 -57.709566
0.826148 -5.873040 -57.709566
0.826148 -5.873040 -57.709566
0.826148 -5.873040 -57.709566
0.826148 -5.873040 -57.709566
0.826148 -5.873040 -57.709566
0.826148 -5.873040 -57.709566
0.826148 -5.873040 -57.709566
0.832007 -5.810815 -57.846266
0.832007 -5.810815 -57.846266
0.832007 -5.810815 -57.846266
0.832007 -5.810815 -57.846266
0.832007 -5.810815 -57.846266
0.832007 -5.810815 -57.846266
0.832007 -5.810815 -57.846266
0.831903 -5.779554 -57.973799
0.831903 -5.779554 -57.973799
0.831903 -5.779554 -57.973799
0.831903 -5.779554 -57.973799
0.831903 -5.779554 -57.973799
0.831903 -5.779554 -57.973799
0.831903 -5.779554 -57.973799
0.831903 -5.779554 -57.973799
0.850018 -5.779228 -57.996639
0.850018 -5.779228 -57.996639
0.850018 -5.779228 -57.996639
0.850018 -5.779228 -57.996639
0.850018 -5.779228 -57.996639
0.850018 -5.779228 -57.996639
0.850018 -5.779228 -57.996639
0.841963 -5.772511 -58.055829
0.841963 -5.772511 -58.055829
0.841963 -5.772511 -58.055829
0.841963 -5.772511 -58.055829
0.841963 -5.772511 -58.055829
0.841963 -5.772511 -58.055829
0.842513 -5.781049 -58.138065
0.842513 -5.781049 -58.138065
0.842513 -5.781049 -58.138065
0.842513 -5.781049 -58.138065
0.842513 -5.781049 -58.138065
0.842513 -5.781049 -58.138065
0.842513 -5.781049 -58.138065
0.842513 -5.781049 -58.138065
0.854887 -5.768620 -58.176819
0.854887 -5.768620 -58.176819
0.854887 -5.768620 -58.176819
0.854887 -5.768620 -58.176819
0.854887 -5.768620 -58.176819
0.854887 -5.768620 -58.176819
0.854887 -5.768620 -58.176819
0.854887 -5.768620 -58.176819
0.855363 -5.762599 -58.229487
0.855363 -5.762599 -58.229487
0.855363 -5.762599 -58.229487
0.855363 -5.762599 -58.229487
0.855363 -5.762599 -58.229487
0.855363 -5.762599 -58.229487
0.855363 -5.762599 -58.229487
0.856573 -5.765609 -58.260878
0.856573 -5.765609 -58.260878
0.856573 -5.765609 -58.260878
0.856573 -5.765609 -58.260878
0.856573 -5.765609 -58.260878
0.856573 -5.765609 -58.260878
0.856573 -5.765609 -58.260878
0.856573 -5.765609 -58.260878
0.862673 -5.786407 -58.273070
0.862673 -5.786407 -58.273070
0.862673 -5.786407 -58.273070
0.862673 -5.786407 -58.273070
0.862673 -5.786407 -58.273070
0.862673 -5.786407 -58.273070
0.862673 -5.786407 -58.273070
0.862673 -5.786407 -58.273070
0.861558 -5.803194 -58.296935
0.861558 -5.803194 -58.296935
0.861558 -5.803194 -58.296935
0.861558 -5.803194 -58.296935
0.861558 -5.803194 -58.296935
0.861558 -5.803194 -58.296935
0.861558 -5.803194 -58.296935
0.861558 -5.803194 -58.296935
0.861558 -5.803194 -58.296935
0.856823 -5.845800 -58.290282
0.856823 -5.845800 -58.290282
0.856823 -5.845800 -58.290282
0.856823 -5.845800 -58.290282
0.856823 -5.845800 -58.290282
0.856823 -5.845800 -58.290282
0.856823 -5.845800 -58.290282
0.858399 -5.823366 -58.283111
0.858399 -5.823366 -58.283111
0.858399 -5.823366 -58.283111
0.858399 -5.823366 -58.283111
0.858399 -5.823366 -58.283111
0.858399 -5.823366 -58.283111
0.858399 -5.823366 -58.283111
0.858399 -5.823366 -58.283111
0.852583 -5.865507 -58.266732
0.852583 -5.865507 -58.266732
0.852583 -5.865507 -58.266732
0.852583 -5.865507 -58.266732
0.852583 -5.865507 -58.266732
0.852583 -5.865507 -58.266732
0.852583 -5.865507 -58.266732
0.852583 -5.865507 -58.266732
0.853927 -5.855531 -58.254069
0.853927 -5.855531 -58.254069
0.853927 -5.855531 -58.254069
0.853927 -5.855531 -58.254069
0.853927 -5.855531 -58.254069
0.853927 -5.855531 -58.254069
0.853927 -5.855531 -58.254069
0.853927 -5.855531 -58.254069
0.856048 -5.837612 -58.241897
0.856048 -5.837612 -58.241897
0.856048 -5.837612 -58.241897
0.856048 -5.837612 -58.241897
0.856048 -5.837612 -58.241897
0.856048 -5.837612 -58.241897
0.856048 -5.837612 -58.241897
0.849711 -5.915513 -58.219563
0.849711 -5.915513 -58.219563
0.849711 -5.915513 -58.219563
0.849711 -5.915513 -58.219563
0.849711 -5.915513 -58.219563
0.849711 -5.915513 -58.219563
0.849711 -5.915513 -58.219563
0.849711 -5.915513 -58.219563
0.849711 -5.915513 -58.219563
0.821510 -6.087703 -58.203635
0.821510 -6.087703 -58.203635
0.821510 -6.087703 -58.203635
0.821510 -6.087703 -58.203635
0.821510 -6.087703 -58.203635
0.821510 -6.087703 -58.203635
0.821510 -6.087703 -58.203635
0.821510 -6.087703 -58.203635
0.809088 -6.283851 -58.166274
0.809088 -6.283851 -58.166274
0.809088 -6.283851 -58.166274
0.809088 -6.283851 -58.166274
0.809088 -6.283851 -58.166274
0.809088 -6.283851 -58.166274
0.809088 -6.283851 -58.166274
0.809088 -6.283851 -58.166274
0.834421 -6.174628 -58.154519
0.834421 -6.174628 -58.154519
0.834421 -6.174628 -58.154519
0.834421 -6.174628 -58.154519
0.834421 -6.174628 -58.154519
0.834421 -6.174628 -58.154519
0.834421 -6.174628 -58.154519
0.834421 -6.174628 -58.154519
0.847356 -6.062228 -58.160413
0.847356 -6.062228 -58.160413
0.847356 -6.062228 -58.160413
0.847356 -6.062228 -58.160413
0.847356 -6.062228 -58.160413
0.847356 -6.062228 -58.160413
0.847356 -6.062228 -58.160413
0.849039 -6.072853 -58.165782
0.849039 -6.072853 -58.165782
0.849039 -6.072853 -58.165782
0.849039 -6.072853 -58.165782
0.849039 -6.072853 -58.165782
0.849039 -6.072853 -58.165782
0.849039 -6.072853 -58.165782
0.849214 -6.052237 -58.180829
0.849214 -6.052237 -58.180829
0.849214 -6.052237 -58.180829
0.849214 -6.052237 -58.180829
0.849214 -6.052237 -58.180829
0.849214 -6.052237 -58.180829
0.849214 -6.052237 -58.180829
0.859125 -6.026208 -58.179265
0.859125 -6.026208 -58.179265
0.859125 -6.026208 -58.179265
0.859125 -6.026208 -58.179265
0.859125 -6.026208 -58.179265
0.859125 -6.026208 -58.179265
0.859125 -6.026208 -58.179265
0.872462 -5.935526 -58.172134
0.872462 -5.935526 -58.172134
0.872462 -5.935526 -58.172134
0.872462 -5.935526 -58.172134
0.872462 -5.935526 -58.172134
0.872462 -5.935526 -58.172134
0.872462 -5.935526 -58.172134
0.869211 -5.949290 -58.176369
0.869211 -5.949290 -58.176369
0.869211 -5.949290 -58.176369
0.869211 -5.949290 -58.176369
0.869211 -5.949290 -58.176369
0.869211 -5.949290 -58.176369
0.869211 -5.949290 -58.176369
0.869211 -5.949290 -58.176369
0.864929 -5.957842 -58.198287
0.864929 -5.957842 -58.198287
0.864929 -5.957842 -58.198287
0.864929 -5.957842 -58.198287
0.864929 -5.957842 -58.198287
0.864929 -5.957842 -58.198287
0.864929 -5.957842 -58.198287
0.864929 -5.957842 -58.198287
0.796082 -6.392803 -58.116406
0.796082 -6.392803 -58.116406
0.796082 -6.392803 -58.116406
0.796082 -6.392803 -58.116406
0.796082 -6.392803 -58.116406
0.796082 -6.392803 -58.116406
0.796082 -6.392803 -58.116406
0.796082 -6.392803 -58.116406
1.064743 -31.823603 -57.114643
1.064743 -31.823603 -57.114643
1.064743 -31.823603 -57.114643
1.064743 -31.823603 -57.114643
1.064743 -31.823603 -57.114643
1.064743 -31.823603 -57.114643
1.064743 -31.823603 -57.114643
1.984843 -38.407421 -56.124884
1.984843 -38.407421 -56.124884
1.984843 -38.407421 -56.124884
1.984843 -38.407421 -56.124884
1.984843 -38.407421 -56.124884
1.984843 -38.407421 -56.124884
1.984843 -38.407421 -56.124884
1.984843 -38.407421 -56.124884
0.016427 -24.001993 -55.293411
0.016427 -24.001993 -55.293411
0.016427 -24.001993 -55.293411
0.016427 -24.001993 -55.293411
0.016427 -24.001993 -55.293411
0.016427 -24.001993 -55.293411
0.016427 -24.001993 -55.293411
0.828418 -9.884227 -57.202343
0.828418 -9.884227 -57.202343
0.828418 -9.884227 -57.202343
0.828418 -9.884227 -57.202343
0.828418 -9.884227 -57.202343
0.828418 -9.884227 -57.202343
0.828418 -9.884227 -57.202343
0.828418 -9.884227 -57.202343
1.108450 -6.641390 -57.877753
1.108450 -6.641390 -57.877753
1.108450 -6.641390 -57.877753
1.108450 -6.641390 -57.877753
1.108450 -6.641390 -57.877753
1.108450 -6.641390 -57.877753
1.108450 -6.641390 -57.877753
0.939805 -6.497883 -58.350320
0.939805 -6.497883 -58.350320
0.939805 -6.497883 -58.350320
0.939805 -6.497883 -58.350320
0.939805 -6.497883 -58.350320
0.939805 -6.497883 -58.350320
0.939805 -6.497883 -58.350320
0.939805 -6.497883 -58.350320
0.787391 -6.865592 -58.724846
0.787391 -6.865592 -58.724846
0.787391 -6.865592 -58.724846
0.787391 -6.865592 -58.724846
0.787391 -6.865592 -58.724846
0.787391 -6.865592 -58.724846
0.787391 -6.865592 -58.724846
0.406761 -27.350051 -57.822114
0.406761 -27.350051 -57.822114
0.406761 -27.350051 -57.822114
0.406761 -27.350051 -57.822114
0.406761 -27.350051 -57.822114
0.406761 -27.350051 -57.822114
0.406761 -27.350051 -57.822114
0.406761 -27.350051 -57.822114
1.374435 -33.205917 -56.945292
1.374435 -33.205917 -56.945292
1.374435 -33.205917 -56.945292
1.374435 -33.205917 -56.945292
1.374435 -33.205917 -56.945292
1.374435 -33.205917 -56.945292
1.374435 -33.205917 -56.945292
-0.240324 -22.378428 -56.367290
-0.240324 -22.378428 -56.367290
-0.240324 -22.378428 -56.367290
-0.240324 -22.378428 -56.367290
-0.240324 -22.378428 -56.367290
-0.240324 -22.378428 -56.367290
-0.240324 -22.378428 -56.367290
-0.240324 -22.378428 -56.367290
0.660155 -9.316229 -57.048523
0.660155 -9.316229 -57.048523
0.660155 -9.316229 -57.048523
0.660155 -9.316229 -57.048523
0.660155 -9.316229 -57.048523
0.660155 -9.316229 -57.048523
0.660155 -9.316229 -57.048523
0.660155 -9.316229 -57.048523
0.660155 -9.316229 -57.048523
0.969728 -6.417251 -57.620856
0.969728 -6.417251 -57.620856
0.969728 -6.417251 -57.620856
0.969728 -6.417251 -57.620856
0.969728 -6.417251 -57.620856
0.969728 -6.417251 -57.620856
0.969728 -6.417251 -57.620856
0.839331 -6.425340 -58.133215
0.839331 -6.425340 -58.133215
0.839331 -6.425340 -58.133215
0.839331 -6.425340 -58.133215
0.839331 -6.425340 -58.133215
0.839331 -6.425340 -58.133215
0.839331 -6.425340 -58.133215
0.791383 -6.384302 -58.474930
0.791383 -6.384302 -58.474930
0.791383 -6.384302 -58.474930
0.791383 -6.384302 -58.474930
0.791383 -6.384302 -58.474930
0.791383 -6.384302 -58.474930
0.791383 -6.384302 -58.474930
0.791383 -6.384302 -58.474930
0.772180 -6.356372 -58.733084
0.772180 -6.356372 -58.733084
0.772180 -6.356372 -58.733084
0.772180 -6.356372 -58.733084
0.772180 -6.356372 -58.733084
0.772180 -6.356372 -58.733084
0.772180 -6.356372 -58.733084
0.776605 -6.313538 -58.931296
0.776605 -6.313538 -58.931296
0.776605 -6.313538 -58.931296
0.776605 -6.313538 -58.931296
0.776605 -6.313538 -58.931296
0.776605 -6.313538 -58.931296
0.776605 -6.313538 -58.931296
0.777191 -6.291393 -59.073036
0.777191 -6.291393 -59.073036
0.777191 -6.291393 -59.073036
0.777191 -6.291393 -59.073036
0.777191 -6.291393 -59.073036
0.777191 -6.291393 -59.073036
0.777191 -6.291393 -59.073036
0.777191 -6.291393 -59.073036
0.776371 -6.310565 -59.151515
0.776371 -6.310565 -59.151515
0.776371 -6.310565 -59.151515
0.776371 -6.310565 -59.151515
0.776371 -6.310565 -59.151515
0.776371 -6.310565 -59.151515
0.776371 -6.310565 -59.151515
0.776371 -6.310565 -59.151515
0.775722 -6.280988 -59.241803
0.775722 -6.280988 -59.241803
0.775722 -6.280988 -59.241803
0.775722 -6.280988 -59.241803
0.775722 -6.280988 -59.241803
0.775722 -6.280988 -59.241803
0.775722 -6.280988 -59.241803
0.783149 -6.237701 -59.277368
0.783149 -6.237701 -59.277368
0.783149 -6.237701 -59.277368
0.783149 -6.237701 -59.277368
0.783149 -6.237701 -59.277368
0.783149 -6.237701 -59.277368
0.783149 -6.237701 -59.277368
0.783149 -6.237701 -59.277368
0.784516 -6.236168 -59.308158
0.784516 -6.236168 -59.308158
0.784516 -6.236168 -59.308158
0.784516 -6.236168 -59.308158
0.784516 -6.236168 -59.308158
0.784516 -6.236168 -59.308158
0.784516 -6.236168 -59.308158
0.784516 -6.236168 -59.308158
0.798093 -6.199032 -59.342405
0.798093 -6.199032 -59.342405
0.798093 -6.199032 -59.342405
0.798093 -6.199032 -59.342405
0.798093 -6.199032 -59.342405
0.798093 -6.199032 -59.342405
0.798093 -6.199032 -59.342405
0.798093 -6.199032 -59.342405
0.795557 -6.177855 -59.339044
0.795557 -6.177855 -59.339044
0.795557 -6.177855 -59.339044
0.795557 -6.177855 -59.339044
0.795557 -6.177855 -59.339044
0.795557 -6.177855 -59.339044
0.795557 -6.177855 -59.339044
0.798662 -6.188136 -59.398078
0.798662 -6.188136 -59.398078
0.798662 -6.188136 -59.398078
0.798662 -6.188136 -59.398078
0.798662 -6.188136 -59.398078
0.798662 -6.188136 -59.398078
0.798662 -6.188136 -59.398078
0.803190 -6.162902 -59.420433
0.803190 -6.162902 -59.420433
0.803190 -6.162902 -59.420433
0.803190 -6.162902 -59.420433
0.803190 -6.162902 -59.420433
0.803190 -6.162902 -59.420433
0.803190 -6.162902 -59.420433
0.817417 -6.129380 -59.447351
0.817417 -6.129380 -59.447351
0.817417 -6.129380 -59.447351
0.817417 -6.129380 -59.447351
0.817417 -6.129380 -59.447351
0.817417 -6.129380 -59.447351
0.817417 -6.129380 -59.447351
0.817417 -6.129380 -59.447351
0.827293 -6.096016 -59.474542
0.827293 -6.096016 -59.474542
0.827293 -6.096016 -59.474542
0.827293 -6.096016 -59.474542
0.827293 -6.096016 -59.474542
0.827293 -6.096016 -59.474542
0.827293 -6.096016 -59.474542
0.827293 -6.096016 -59.474542
0.837769 -6.112901 -59.482847
0.837769 -6.112901 -59.482847
0.837769 -6.112901 -59.482847
0.837769 -6.112901 -59.482847
0.837769 -6.112901 -59.482847
0.837769 -6.112901 -59.482847
0.837769 -6.112901 -59.482847
0.834878 -6.108358 -59.486085
0.834878 -6.108358 -59.486085
0.834878 -6.108358 -59.486085
0.834878 -6.108358 -59.486085
0.834878 -6.108358 -59.486085
0.834878 -6.108358 -59.486085
0.834878 -6.108358 -59.486085
0.829102 -6.105660 -59.495046
0.829102 -6.105660 -59.495046
0.829102 -6.105660 -59.495046
0.829102 -6.105660 -59.495046
0.829102 -6.105660 -59.495046
0.829102 -6.105660 -59.495046
0.829102 -6.105660 -59.495046
0.829102 -6.105660 -59.495046
0.831364 -6.116877 -59.519785
0.831364 -6.116877 -59.519785
0.831364 -6.116877 -59.519785
0.831364 -6.116877 -59.519785
0.831364 -6.116877 -59.519785
0.831364 -6.116877 -59.519785
0.831364 -6.116877 -59.519785
0.831364 -6.116877 -59.519785
0.831364 -6.116877 -59.519785
0.837270 -6.084956 -59.482984
0.837270 -6.084956 -59.482984
0.837270 -6.084956 -59.482984
0.837270 -6.084956 -59.482984
0.837270 -6.084956 -59.482984
0.837270 -6.084956 -59.482984
0.837270 -6.084956 -59.482984
0.832248 -6.067393 -59.497921
0.832248 -6.067393 -59.497921
0.832248 -6.067393 -59.497921
0.832248 -6.067393 -59.497921
0.832248 -6.067393 -59.497921
0.832248 -6.067393 -59.497921
0.832248 -6.067393 -59.497921
0.832248 -6.067393 -59.497921
0.832248 -6.067393 -59.497921
0.830359 -6.021958 -59.507791
0.830359 -6.021958 -59.507791
0.830359 -6.021958 -59.507791
0.830359 -6.021958 -59.507791
0.830359 -6.021958 -59.507791
0.830359 -6.021958 -59.507791
0.830359 -6.021958 -59.507791
0.830359 -6.021958 -59.507791
0.832012 -6.000846 -59.467998
0.832012 -6.000846 -59.467998
0.832012 -6.000846 -59.467998
0.832012 -6.000846 -59.467998
0.832012 -6.000846 -59.467998
0.832012 -6.000846 -59.467998
0.832012 -6.000846 -59.467998
0.827248 -5.982341 -59.482724
0.827248 -5.982341 -59.482724
0.827248 -5.982341 -59.482724
0.827248 -5.982341 -59.482724
0.827248 -5.982341 -59.482724
0.827248 -5.982341 -59.482724
0.827248 -5.982341 -59.482724
0.827248 -5.982341 -59.482724
0.827248 -5.982341 -59.482724
0.827248 -5.982341 -59.482724
0.827248 -5.982341 -59.482724
0.827248 -5.982341 -59.482724
0.827248 -5.982341 -59.482724
0.827248 -5.982341 -59.482724
0.827248 -5.982341 -59.482724
0.843243 -6.002737 -59.438034
0.843243 -6.002737 -59.438034
0.843243 -6.002737 -59.438034
0.843243 -6.002737 -59.438034
0.843243 -6.002737 -59.438034
0.843243 -6.002737 -59.438034
0.843243 -6.002737 -59.438034
0.843243 -6.002737 -59.438034
0.860462 -5.986967 -59.464419
0.860462 -5.986967 -59.464419
0.860462 -5.986967 -59.464419
0.860462 -5.986967 -59.464419
0.860462 -5.986967 -59.464419
0.860462 -5.986967 -59.464419
0.860462 -5.986967 -59.464419
0.860462 -5.986967 -59.464419
0.853878 -6.041799 -59.458846
0.853878 -6.041799 -59.458846
0.853878 -6.041799 -59.458846
0.853878 -6.041799 -59.458846
0.853878 -6.041799 -59.458846
0.853878 -6.041799 -59.458846
0.853878 -6.041799 -59.458846
0.908234 -6.416718 -59.870795
0.908234 -6.416718 -59.870795
0.908234 -6.416718 -59.870795
0.908234 -6.416718 -59.870795
0.908234 -6.416718 -59.870795
0.908234 -6.416718 -59.870795
0.908234 -6.416718 -59.870795
0.908234 -6.416718 -59.870795
0.815794 -6.192107 -59.851227
0.815794 -6.192107 -59.851227
0.815794 -6.192107 -59.851227
0.815794 -6.192107 -59.851227
0.815794 -6.192107 -59.851227
0.815794 -6.192107 -59.851227
0.815794 -6.192107 -59.851227
8.876817 -16.623024 -64.315725
8.876817 -16.623024 -64.315725
8.876817 -16.623024 -64.315725
8.876817 -16.623024 -64.315725
8.876817 -16.623024 -64.315725
8.876817 -16.623024 -64.315725
8.876817 -16.623024 -64.315725
8.876817 -16.623024 -64.315725
26.127671 -10.478771 -65.738556
26.127671 -10.478771 -65.738556
26.127671 -10.478771 -65.738556
26.127671 -10.478771 -65.738556
26.127671 -10.478771 -65.738556
26.127671 -10.478771 -65.738556
26.127671 -10.478771 -65.738556
20.382389 -17.087252 -63.064148
20.382389 -17.087252 -63.064148
20.382389 -17.087252 -63.064148
20.382389 -17.087252 -63.064148
20.382389 -17.087252 -63.064148
20.382389 -17.087252 -63.064148
20.382389 -17.087252 -63.064148
20.382389 -17.087252 -63.064148
9.645630 -41.325841 -54.634755
9.645630 -41.325841 -54.634755
9.645630 -41.325841 -54.634755
9.645630 -41.325841 -54.634755
9.645630 -41.325841 -54.634755
9.645630 -41.325841 -54.634755
9.645630 -41.325841 -54.634755
10.525034 -46.042421 -48.794680
10.525034 -46.042421 -48.794680
10.525034 -46.042421 -48.794680
10.525034 -46.042421 -48.794680
10.525034 -46.042421 -48.794680
10.525034 -46.042421 -48.794680
10.525034 -46.042421 -48.794680
10.525034 -46.042421 -48.794680
20.635309 -25.588242 -45.151164
20.635309 -25.588242 -45.151164
20.635309 -25.588242 -45.151164
20.635309 -25.588242 -45.151164
20.635309 -25.588242 -45.151164
20.635309 -25.588242 -45.151164
20.635309 -25.588242 -45.151164
61.981276 -7.710108 -30.478049
61.981276 -7.710108 -30.478049
61.981276 -7.710108 -30.478049
61.981276 -7.710108 -30.478049
61.981276 -7.710108 -30.478049
61.981276 -7.710108 -30.478049
61.981276 -7.710108 -30.478049
61.981276 -7.710108 -30.478049
61.981276 -7.710108 -30.478049
11.806329 -15.323383 -34.842503
11.806329 -15.323383 -34.842503
11.806329 -15.323383 -34.842503
11.806329 -15.323383 -34.842503
11.806329 -15.323383 -34.842503
11.806329 -15.323383 -34.842503
11.806329 -15.323383 -34.842503
11.806329 -15.323383 -34.842503
-2.574610 -21.561995 -31.861262
-2.574610 -21.561995 -31.861262
-2.574610 -21.561995 -31.861262
-2.574610 -21.561995 -31.861262
-2.574610 -21.561995 -31.861262
-2.574610 -21.561995 -31.861262
-2.574610 -21.561995 -31.861262
-2.574610 -21.561995 -31.861262
31.498896 -16.197157 -27.720775
31.498896 -16.197157 -27.720775
31.498896 -16.197157 -27.720775
31.498896 -16.197157 -27.720775
31.498896 -16.197157 -27.720775
31.498896 -16.197157 -27.720775
31.498896 -16.197157 -27.720775
-7.440287 -18.518646 -24.457208
-7.440287 -18.518646 -24.457208
-7.440287 -18.518646 -24.457208
-7.440287 -18.518646 -24.457208
-7.440287 -18.518646 -24.457208
-7.440287 -18.518646 -24.457208
-7.440287 -18.518646 -24.457208
-7.440287 -18.518646 -24.457208
-7.440287 -18.518646 -24.457208
28.691712 -15.653096 -23.932008
28.691712 -15.653096 -23.932008
28.691712 -15.653096 -23.932008
28.691712 -15.653096 -23.932008
28.691712 -15.653096 -23.932008
28.691712 -15.653096 -23.932008
28.691712 -15.653096 -23.932008
3.391248 -20.005366 -22.790965
3.391248 -20.005366 -22.790965
3.391248 -20.005366 -22.790965
3.391248 -20.005366 -22.790965
3.391248 -20.005366 -22.790965
3.391248 -20.005366 -22.790965
3.391248 -20.005366 -22.790965
3.391248 -20.005366 -22.790965
18.552100 -20.438202 -22.182621
18.552100 -20.438202 -22.182621
18.552100 -20.438202 -22.182621
18.552100 -20.438202 -22.182621
18.552100 -20.438202 -22.182621
18.552100 -20.438202 -22.182621
18.552100 -20.438202 -22.182621
18.552100 -20.438202 -22.182621
7.068404 -23.219617 -20.900128
7.068404 -23.219617 -20.900128
7.068404 -23.219617 -20.900128
7.068404 -23.219617 -20.900128
7.068404 -23.219617 -20.900128
7.068404 -23.219617 -20.900128
7.068404 -23.219617 -20.900128
7.06840