-1.236528 -15.893770 152.334228
-1.236528 -15.893770 152.334228
-1.236528 -15.893770 152.334228
-1.266917 -15.916475 152.471269
-1.266917 -15.916475 152.471269
-1.266917 -15.916475 152.471269
-1.266917 -15.916475 152.471269
-1.266917 -15.916475 152.471269
-1.266917 -15.916475 152.471269
-1.266917 -15.916475 152.471269
-1.266917 -15.916475 152.471269
-1.307863 -15.916323 152.578052
-1.307863 -15.916323 152.578052
-1.307863 -15.916323 152.578052
-1.307863 -15.916323 152.578052
-1.307863 -15.916323 152.578052
-1.307863 -15.916323 152.578052
-1.307863 -15.916323 152.578052
-1.328648 -15.923039 152.664523
-1.328648 -15.923039 152.664523
-1.328648 -15.923039 152.664523
-1.328648 -15.923039 152.664523
-1.328648 -15.923039 152.664523
-1.328648 -15.923039 152.664523
-1.328648 -15.923039 152.664523
-1.328648 -15.923039 152.664523
-1.358318 -15.921060 152.693633
-1.358318 -15.921060 152.693633
-1.358318 -15.921060 152.693633
-1.358318 -15.921060 152.693633
-1.358318 -15.921060 152.693633
-1.358318 -15.921060 152.693633
-1.358318 -15.921060 152.693633
-1.379403 -15.921323 152.717948
-1.379403 -15.921323 152.717948
-1.379403 -15.921323 152.717948
-1.379403 -15.921323 152.717948
-1.379403 -15.921323 152.717948
-1.379403 -15.921323 152.717948
-1.379403 -15.921323 152.717948
-1.387875 -15.904446 152.771306
-1.387875 -15.904446 152.771306
-1.387875 -15.904446 152.771306
-1.387875 -15.904446 152.771306
-1.387875 -15.904446 152.771306
-1.387875 -15.904446 152.771306
-1.387875 -15.904446 152.771306
-1.380051 -15.876334 152.782740
-1.380051 -15.876334 152.782740
-1.380051 -15.876334 152.782740
-1.380051 -15.876334 152.782740
-1.380051 -15.876334 152.782740
-1.380051 -15.876334 152.782740
-1.380051 -15.876334 152.782740
-1.389960 -15.868700 152.787862
-1.389960 -15.868700 152.787862
-1.389960 -15.868700 152.787862
-1.389960 -15.868700 152.787862
-1.389960 -15.868700 152.787862
-1.389960 -15.868700 152.787862
-1.389960 -15.868700 152.787862
-1.389960 -15.868700 152.787862
-2.467748 14.213469 160.856529
-2.467748 14.213469 160.856529
-2.467748 14.213469 160.856529
-2.467748 14.213469 160.856529
-2.467748 14.213469 160.856529
-2.467748 14.213469 160.856529
-2.467748 14.213469 160.856529
1.038703 18.208461 150.553052
1.038703 18.208461 150.553052
1.038703 18.208461 150.553052
1.038703 18.208461 150.553052
1.038703 18.208461 150.553052
1.038703 18.208461 150.553052
1.038703 18.208461 150.553052
1.841883 26.620287 139.663777
1.841883 26.620287 139.663777
1.841883 26.620287 139.663777
1.841883 26.620287 139.663777
1.841883 26.620287 139.663777
1.841883 26.620287 139.663777
1.841883 26.620287 139.663777
1.841883 26.620287 139.663777
3.158227 24.346045 134.123824
3.158227 24.346045 134.123824
3.158227 24.346045 134.123824
3.158227 24.346045 134.123824
3.158227 24.346045 134.123824
3.158227 24.346045 134.123824
3.919955 1.408439 120.277377
3.919955 1.408439 120.277377
3.919955 1.408439 120.277377
3.919955 1.408439 120.277377
3.919955 1.408439 120.277377
3.919955 1.408439 120.277377
3.919955 1.408439 120.277377
8.685050 20.630971 115.120107
8.685050 20.630971 115.120107
8.685050 20.630971 115.120107
8.685050 20.630971 115.120107
8.685050 20.630971 115.120107
8.685050 20.630971 115.120107
8.685050 20.630971 115.120107
-14.964702 9.043109 110.535711
-14.964702 9.043109 110.535711
-14.964702 9.043109 110.535711
-14.964702 9.043109 110.535711
-14.964702 9.043109 110.535711
-14.964702 9.043109 110.535711
-14.964702 9.043109 110.535711
5.967924 15.171348 110.110204
5.967924 15.171348 110.110204
5.967924 15.171348 110.110204
5.967924 15.171348 110.110204
5.967924 15.171348 110.110204
5.967924 15.171348 110.110204
5.967924 15.171348 110.110204
0.708120 5.045269 105.288042
0.708120 5.045269 105.288042
0.708120 5.045269 105.288042
0.708120 5.045269 105.288042
0.708120 5.045269 105.288042
0.708120 5.045269 105.288042
0.708120 5.045269 105.288042
0.708120 5.045269 105.288042
-16.443626 -7.650971 117.902753
-16.443626 -7.650971 117.902753
-16.443626 -7.650971 117.902753
-16.443626 -7.650971 117.902753
-16.443626 -7.650971 117.902753
-16.443626 -7.650971 117.902753
-