0.003953 0.025320
0.015140 0.007758
0.009207 0.055694
0.013585 0.043906
0.024124 0.042126
0.023879 0.069132
0.034164 0.046303
0.053084 0.041813
0.076383 0.033188
0.080781 0.039248
0.084670 0.009360
0.099407 -0.105982
0.096116 -0.155634
0.089480 -0.207384
0.081866 -0.234697
0.062727 -0.255053
0.065688 -0.286166
0.048627 -0.360945
0.024887 -0.398353
0.029063 -0.438985
0.022423 -0.410847
0.007423 -0.493724
0.013268 -0.495510
0.007795 -0.519558
0.002476 -0.524280
0.001730 -0.521975
-0.010980 -0.536936
-0.010046 -0.547526
-0.016685 -0.584975
-0.013730 -0.597325
-0.021750 -0.675772
-0.027145 -0.768505
-0.029557 -0.842149
-0.030277 -0.839487
-0.038484 -0.838363
-0.040397 -0.803136
-0.040196 -0.804115
-0.042746 -0.756559
-0.046869 -0.704026
-0.060274 -0.608130
-0.063213 -0.614120
-0.069474 -0.604365
-0.072466 -0.626039
-0.077454 -0.639332
-0.084880 -0.659459
-0.085991 -0.670021
-0.091133 -0.655838
-0.100198 -0.657050
-0.105402 -0.665217
-0.136258 -0.644606
-0.195893 -0.616762
-0.230088 -0.623563
-0.294778 -0.595482
-0.328029 -0.546425
-0.287166 -0.627902
-0.274006 -0.539468
-0.289882 -0.870248
-0.265031 -1.035691
-0.228443 -1.120773
-0.221038 -1.024598
-0.225665 -0.964660
-0.223757 -0.760848
-0.251737 -0.645705
-0.267982 -0.389416
-0.297609 -0.272471
-0.343186 -0.112330
-0.358195 0.118026
-0.362021 0.170331
-0.365871 0.241007
-0.362672 0.295799
-0.363638 0.329162
-0.361745 0.368033
-0.367198 0.483299
-0.364078 0.472203
-0.353194 0.426014
-0.361868 0.526492
-0.362228 0.603254
-0.361419 0.666738
-0.357791 0.737465
-0.354706 0.765003
-0.354152 0.770020
-0.353205 0.775130
-0.343088 0.729850
-0.336935 0.745977
-0.328652 0.681201
-0.316923 0.612972
-0.302564 0.672778
-0.296805 0.689789
-0.274126 0.644648
-0.271906 0.778010
-0.254256 0.477570
-0.321171 0.465118
-0.264883 0.049452
-0.106457 0.007519
-0.090525 0.455318
0.056553 0.592780
0.181166 0.936449
0.293706 1.352964
0.455092 1.654956
0.555953 1.828399
0.686014 1.682244
0.730404 1.644116
0.824039 1.483362
1.015147 0.881914
1.213841 0.264517
1.283150 -0.549295
1.339074 -1.097153
1.380057 -1.089509
1.420922 -1.768131
1.487970 -4.056256
1.990509 -6.768527
2.146298 -7.123167
2.150258 -7.720908
2.070095 -8.012268
1.984476 -8.231896
2.003319 -8.218367
1.989277 -8.226890
1.957839 -8.234006
2.017472 -8.473836
1.972624 -8.525326
2.076437 -8.664772
2.097017 -9.012165
2.185520 -9.340094
2.218863 -9.619034
2.263101 -9.505808
2.269323 -9.501932
2.250211 -9.460868
2.254895 -9.380117
2.244166 -9.395195
2.252838 -9.424335
2.239064 -9.481868
2.257032 -9.505055
2.233104 -9.486509
2.244938 -9.554038
2.232751 -9.598488
2.213560 -9.606187
2.209519 -9.630043
2.224982 -9.723864
2.250167 -9.748973
2.260199 -9.743569
2.268935 -9.702973
2.271257 -9.778066
2.290768 -9.877669
2.314755 -9.792334
2.295067 -9.803928
2.321208 -9.720646
2.322127 -9.770184
2.327227 -9.864451
2.315577 -10.033007
2.335169 -9.999585
2.321817 -10.166566
2.374228 -11.136110
2.413837 -11.876471
2.655324 -13.608961
2.896964 -15.145738
2.944772 -16.057791
3.046088 -16.459862
3.256100 -17.395631
3.403641 -18.350529
3.441352 -18.533607
3.541339 -18.798772
3.607497 -19.060097
3.649184 -19.170805
3.662991 -19.212588
3.681199 -19.311543
3.692471 -19.384424
3.678524 -19.325329
3.675007 -19.217292
3.672192 -19.177409
3.671987 -19.187981
3.673049 -19.180743
3.669993 -19.194692
3.684213 -19.144802
3.683250 -19.173899
3.686636 -19.152066
3.686699 -19.142306
3.685633 -19.179314
3.688535 -19.196977
3.687950 -19.202744
3.682145 -19.191715
3.684207 -19.142405
3.676364 -19.139090
3.667114 -19.144712
3.655992 -19.137200
3.643205 -19.081987
3.579663 -19.151732
3.425939 -18.237214
3.364580 -16.599219
3.323570 -16.443270
3.156147 -15.125453
2.965665 -13.396265
2.522809 -11.796756
2.215259 -10.104888
1.978304 -8.470206
1.832969 -8.362473
1.668014 -8.106774
1.524486 -7.959216
1.404816 -8.171236
1.202932 -8.272377
0.878715 -7.862737
0.524941 -7.303052
0.285901 -6.539738
0.032978 -5.844974
-0.143985 -5.150951
-0.231568 -4.455797
-0.171848 -4.526590
-0.259839 -3.911943
-0.370947 -2.982014
-0.423984 -2.528724
-0.454911 -2.351516
-0.488102 -2.118509
-0.501156 -2.034719
-0.519788 -1.901877
-0.535201 -1.813949
-0.539699 -1.796816
-0.540957 -1.771671
-0.548185 -1.722086
-0.545283 -1.681823
-0.545394 -1.675361
-0.530974 -1.761623
-0.533725 -1.710058
-0.537611 -1.663632
-0.543404 -1.599352
-0.554869 -1.407967
-0.547841 -1.461997
-0.544109 -1.486678
-0.544749 -1.486563
-0.544991 -1.483790
-0.546796 -1.484806
-0.547203 -1.479804
-0.554079 -1.454552
-0.553189 -1.468109
-0.546529 -1.478899
-0.543289 -1.473456
-0.541490 -1.472495
-0.541863 -1.473920
-0.541571 -1.460455
-0.540936 -1.470618
-0.542551 -1.433633
-0.547751 -1.389266
-0.553657 -1.352148
-0.552641 -1.343911
-0.546845 -1.351381
-0.539581 -1.388944
-0.545458 -1.353704
-0.552500 -1.308046
-0.558943 -1.282803
-0.560023 -1.267451
-0.565782 -1.241000
-0.566639 -1.239705
-0.571565 -1.221447
-0.574179 -1.213157
-0.574267 -1.208645
-0.575167 -1.195677
-0.576909 -1.191836
-0.579339 -1.168646
-0.580079 -1.150284
-0.579239 -1.142682
-0.584132 -1.112833
-0.583696 -1.097153
-0.580998 -1.092223
-0.578200 -1.088016
-0.579116 -1.061471
-0.579300 -1.051940
-0.582647 -1.039641
-0.592341 -1.007041
-0.603276 -0.969753
-0.605712 -0.962034
-0.607831 -0.949504
-0.607893 -0.945177
-0.609447 -0.940579
-0.608333 -0.948786
-0.611299 -0.937310
-0.612143 -0.935467
-0.615747 -0.921450
-0.614462 -0.924344
-0.615924 -0.918586
-0.616054 -0.919542
-0.616803 -0.911496
-0.621102 -0.884108
-0.625344 -0.870006
-0.623645 -0.868566
-0.626520 -0.848295
-0.626483 -0.836664
-0.623807 -0.836842
-0.627970 -0.823636
-0.627907 -0.822499
-0.624540 -0.827744
-0.626874 -0.821721
-0.625726 -0.821379
-0.627267 -0.818913
-0.625184 -0.815457
-0.626989 -0.814658
-0.641128 -0.938071
-0.649379 -1.071954
-0.660907 -1.196968
-0.671355 -1.323147
-0.723353 -0.432563
-0.721466 -0.616385
-0.738659 -0.760696
-0.745209 -1.022400
-0.732499 -1.170363
-0.730799 -1.177658
-0.739719 -1.129455
-0.734927 -1.181706
-0.732593 -1.205499
-0.736874 -1.201532
-0.695561 -1.728652
-0.655035 -2.180916
-0.640839 -2.154050
-0.612419 -2.426894
-0.547709 -3.178348
-0.509954 -3.461061
-0.448581 -4.019240
-0.503382 -3.982816
-0.433357 -4.169953
-0.439627 -4.137779
-0.430621 -3.742576
-0.368864 -3.554432
-0.332653 -3.374163
-0.300928 -3.161517
-0.266173 -3.130319
-0.230377 -3.038988
-0.126218 -3.383857
-0.082997 -4.289263
0.034807 -4.743130
0.046432 -5.378571
0.101116 -5.704063
0.090279 -5.616843
0.092719 -5.571443
0.165425 -5.750222
0.164540 -5.740745
0.175479 -5.745502
0.180256 -5.804581
0.187678 -5.886444
0.194691 -5.970671
0.207214 -5.950725
0.212926 -5.936188
0.210695 -6.006786
0.219223 -6.187633
0.225486 -6.095421
0.221637 -6.090541
0.212804 -6.115693
0.211248 -6.073602
0.210110 -6.092610
0.213126 -6.188409
0.223483 -6.205852
0.207892 -7.018900
0.174193 -7.609888
0.136643 -7.604052
0.041566 -6.692789
-0.141565 -4.879014
-0.493744 -1.668341
-0.833246 3.668756
-1.122993 7.960734
-1.199774 8.222722
-1.283918 8.453702
-1.413152 9.037986
-1.570792 9.514082
-1.692384 9.591377
-1.888365 9.414682
-2.175809 9.444319
-2.586236 10.254110
-2.952729 11.093687
-3.277931 11.890939
-3.586123 12.754628
-3.672964 13.303842
-3.858187 14.726469
-3.953618 15.412047
-4.042563 15.937738
-4.151559 17.080495
-4.195579 17.528546
-4.228600 17.781320
-4.249813 17.947204
-4.257354 18.016801
-4.262785 18.083587
-4.269631 18.132566
-4.281394 18.201293
-4.282856 18.206196
-4.295091 18.253238
-4.301352 18.276731
-4.317908 18.322976
-4.327980 18.366512
-4.334922 18.392184
-4.347400 18.426403
-4.356034 18.455269
-4.373394 18.504926
-4.392420 18.574284
-4.404357 18.634795
-4.422772 18.677410
-4.433963 18.707887
-4.447024 18.765331
-4.446462 18.802324
-4.451506 18.846163
-4.451766 18.840938
-4.458007 18.866711
-4.482205 18.979147
-4.497244 19.042286
-4.517441 19.143468
-4.513113 19.124094
-4.516204 19.179392
-4.506124 19.156055
-4.524524 19.281507
-4.532995 19.246523
-4.538236 19.217754
-4.545317 19.174325
-4.564803 19.278546
-4.608179 19.373305
-4.642520 19.426229
-4.667280 19.425413
-4.672416 19.452831
-4.681918 19.472116
-4.688870 19.511545
-4.700531 19.559070
-4.688107 19.536284
-4.692081 19.549320
-4.692030 19.562709
-4.695597 19.583834
-4.708939 19.646734
-4.735353 19.712495
-4.795018 19.851714
-4.844559 19.977756
-4.887791 20.088261
-4.930483 20.195748
-4.946146 20.233990
-4.925025 20.184133
-4.911762 20.143680
-4.911503 20.127587
-4.928253 20.154983
-4.925868 20.125598
-4.935084 20.143551
-4.935245 20.132483
-4.955236 20.174366
-4.954786 20.167891
-5.070750 20.362333
-5.087500 20.386273
-5.128531 20.533982
-5.122855 20.532463
-5.071160 20.404865
-5.025742 20.293085
-4.990122 20.183663
-4.974141 20.134647
-4.943898 20.039046
-4.942666 20.036830
-4.948262 20.049099
-4.949801 20.056334
-4.955676 20.067633
-4.958875 20.067973
-4.963785 20.075876
-4.968407 20.083069
-4.966107 20.070382
-4.958996 20.040007
-4.957196 20.029431
-4.958503 20.020174
-4.962031 20.017007
-4.970702 20.044166
-4.971564 20.047743
-4.968311 20.036036
-4.972229 20.041087
-4.981042 20.060255
-4.981119 20.055703
-4.985802 20.060374
-4.990473 20.066749
-4.998097 20.092330
-5.001174 20.101132
-4.993673 20.083622
-4.993860 20.094530
-4.992561 20.097883
-4.992208 20.088671
-4.992772 20.112957
-4.989098 20.111005
-4.982763 20.110640
-4.984437 20.133606
-4.979514 20.136804
-4.971003 20.115183
-4.958536 20.071575
-4.960812 20.138451
-4.956679 20.142930
-4.947589 20.133354
-4.940479 20.095491
-4.940554 20.112498
-4.943807 20.144009
-4.946585 20.154373
-4.947594 20.157627
-4.943525 20.151824
-4.938900 20.148900
-4.941425 20.151615
-4.946247 20.184217
-4.953961 20.196533
-4.955901 20.210132
-4.964829 20.223953
-4.964001 20.240975
-4.957708 20.230476
-4.952786 20.208162
-4.947783 20.202533
-4.954315 20.222819
-4.954605 20.234662
-4.957756 20.240403
-4.959456 20.248352
-4.962522 20.239820
-5.007730 20.333473
-4.987027 20.255071
-4.977569 20.233151
-4.966980 20.220311
-4.952509 20.162600
-4.968746 20.199719
-4.955145 20.206726
-4.953903 20.261202
-4.921987 20.886108
-4.883172 20.650785
-4.870588 20.677704
-5.001314 20.545637
-5.071227 20.638691
-5.094896 20.627593
-5.035584 21.458103
-4.977499 22.166398
-4.942388 22.839693
-4.914298 23.572356
-4.851941 24.077701
-4.743942 24.417621
-4.647355 24.438510
-4.494144 23.657601
-4.428818 23.246542
-4.384709 22.503789
-4.222330 21.890593
-4.254646 21.159409
-4.379214 21.175795
-4.476548 21.326137
-4.484024 21.476585
-4.471376 21.413320
-4.499928 21.264008
-4.461848 21.426604
-4.461491 21.536695
-4.475896 21.559571
-4.466835 21.685033
-4.453821 21.721918
-4.447459 21.684455
-4.418254 21.720028
-4.397744 21.770210
-4.401754 21.991194
-4.408364 22.186303
-4.387236 22.463706
-4.444266 23.511643
-4.584478 24.500126
-4.711503 24.787983
-4.860640 24.544172
-4.946572 24.090977
-5.131414 24.106822
-5.280090 24.166453
-5.448470 23.888997
-5.556957 23.840271
-5.653747 24.537550
-5.722701 25.007754
-5.951035 25.739918
-6.289203 26.711182
-6.426328 27.141789
-6.663488 27.735969
-6.915984 28.340002
-7.266914 29.127514
-7.532814 29.746051
-7.718922 30.158165
-7.830731 30.692578
-7.937643 31.577894
-8.030674 32.358637
-8.125598 33.160889
-8.190129 33.699686
-8.211391 33.979585
-8.221212 34.100715
-8.228582 34.166919
-8.239547 34.219422
-8.248726 34.253736
-8.249945 34.294682
-8.256345 34.344215
-8.258660 34.362271
-8.263474 34.387993
-8.265812 34.398827
-8.266877 34.400196
-8.271103 34.423544
-8.273173 34.437552
-8.272420 34.430982
-8.276597 34.450777
-8.276783 34.445661
-8.279799 34.438668
-8.285649 34.462485
-8.287491 34.454862
-8.291958 34.464049
-8.292294 34.477557
-8.295526 34.488835
-8.299464 34.491601
-8.311398 34.579237
-8.310141 34.561331
-8.310804 34.550428
-8.310496 34.522802
-8.316580 34.502814
-8.329215 34.580296
-8.344312 34.599421
-8.344202 34.471042
-8.350051 34.443093
-8.352278 34.506996
-8.365541 34.651943
-8.372353 34.691552
-8.384178 34.693544
-8.398408 34.676086
-8.494933 34.872785
-8.544527 34.994912
-8.596970 35.125585
-8.615415 35.209445
-8.621549 35.219250
-8.634399 35.251025
-8.644531 35.303169
-8.648661 35.348981
-8.653127 35.426106
-8.650070 35.439703
-8.640444 35.384068
-8.641943 35.439271
-8.638330 35.465498
-8.634837 35.499501
-8.636234 35.508806
-8.635105 35.497785
-8.634346 35.502676
-8.633283 35.518273
-8.637780 35.547206
-8.635990 35.531162
-8.636918 35.536296
-8.637373 35.500762
-8.642097 35.474358
-8.645153 35.424422
-8.621133 35.145108
-8.620404 35.096210
-8.625141 35.077730
-8.624814 35.032777
-8.622056 34.959763
-8.620475 34.954197
-8.621734 34.946385
-8.628133 35.023076
-8.625266 35.013568
-8.626249 35.027821
-8.627400 35.045168
-8.623992 35.049034
-8.626144 35.043522
-8.626313 35.038044
-8.628793 35.064371
-8.632470 35.102656
-8.634861 35.129541
-8.634599 35.124050
-8.636441 35.139889
-8.638517 35.144822
-8.639749 35.150605
-8.642178 35.148467
-8.643811 35.157373
-8.645943 35.167461
-8.648164 35.165622
-8.647504 35.157567
-8.647681 35.154049
-8.648003 35.144466
-8.647825 35.144789
-8.649102 35.144250
-8.648189 35.149459
-8.647313 35.142993
-8.646879 35.145208
-8.647109 35.147888
-8.648700 35.147773
-8.649224 35.148940
-8.651041 35.151748
-8.650965 35.153368
-8.650492 35.152304
-8.651487 35.151305
-8.651264 35.151686
-8.650070 35.150388
-8.651198 35.147763
-8.651569 35.152750
-8.650469 35.161398
-8.650472 35.161992
-8.652211 35.172222
-8.651108 35.178568
-8.650327 35.188088
-8.650439 35.197766
-8.648641 35.191836
-8.648725 35.188885
-8.646982 35.188086
-8.645530 35.192631
-8.642954 35.201036
-8.644252 35.206011
-8.643897 35.209051
-8.645492 35.215193
-8.646601 35.212302
-8.645555 35.221032
-8.647695 35.216534
-8.647281 35.206618
-8.646793 35.215753
-8.646644 35.233555
-8.646030 35.235609
-8.643976 35.246839
-8.640906 35.258063
-8.642057 35.270888
-8.640590 35.281876
-8.638387 35.263769
-8.646525 35.211705
-8.632074 35.030618
-8.625440 34.852106
-8.647046 34.930124
-8.659290 34.950712
-8.665363 34.925728
-8.663942 34.884332
-8.665268 34.834678
-8.662761 34.821536
-8.660905 34.845738
-8.657173 34.850116
-8.657133 34.847066
-8.664401 34.880254
-8.682704 34.917796
-8.702982 34.984924
-8.714884 35.021265
-8.722546 35.014315
-8.739843 35.025547
-8.739550 34.982218
-8.749014 34.976691
-8.755823 34.997932
-8.758298 34.981761
-8.762552 34.959998
-8.766548 34.947050
-8.765716 34.941011
-8.766482 34.954478
-8.768547 34.959337
-8.767984 34.958591
-8.767519 34.961893
-8.764134 34.927142
-8.708381 34.458890
-8.666759 34.027775
-8.674459 34.272452
-8.663097 34.358863
-8.621624 34.142762
-8.537370 33.520540
-8.432828 32.741845
-8.347849 32.240889
-8.272785 31.733682
-8.096683 30.840261
-7.977316 30.951206
-7.912388 31.308706
-7.962055 31.909928
-7.962521 32.303974
-8.118797 32.883002
-8.266911 33.481413
-8.378684 34.057587
-8.498175 34.625155
-8.474309 34.564049
-8.645401 34.611495
-8.603394 34.306581
-8.525192 33.803738
-8.434123 33.457548
-8.358151 33.046375
-8.310855 32.875845
-8.258290 32.434321
-8.250487 32.082087
-8.234089 31.962657
-8.302684 31.779866
-8.322352 31.644904
-8.389855 31.397674
-8.402466 31.489874
-8.401059 31.637332
-8.400150 31.921551
-8.416176 32.068064
-8.417261 32.164699
-8.425408 32.163908
-8.431990 32.151626
-8.442712 32.176999
-8.446569 32.254307
-8.461545 32.588384
-8.509568 33.238604
-8.559414 33.339958
-8.650300 33.380241
-8.700891 33.528801
-8.749246 33.818506
-8.783518 33.967513
-8.827738 34.038474
-8.868374 34.089053
-8.901266 33.975655
-8.940951 33.994379
-10.294036 33.803088
-10.334523 33.654446
-10.393296 33.594714
-10.486619 33.613734
-10.682218 33.983618
-10.775339 33.983088
-10.969149 34.299885
-11.147425 34.812030
-11.298110 35.152515
-11.317731 35.107528
-11.351685 35.235531
-11.450604 36.003982
-11.520506 36.517008
-11.635259 37.566675
-11.741690 38.965752
-11.753519 39.172239
-11.772453 39.622024
-11.768146 39.764963
-11.714349 39.524236
-11.581972 38.335693
-11.566470 38.482932
-11.546918 38.559837
-11.541602 38.538694
-11.540400 38.528541
-11.538829 38.537885
-11.536462 38.550493
-11.535996 38.560563
-11.532849 38.567656
-11.531343 38.588333
-11.530216 38.612082
-11.534398 38.621218
-11.534591 38.617791
-11.539347 38.626695
-11.538840 38.621216
-11.540991 38.634212
-11.540606 38.638130
-11.542694 38.635766
-11.541108 38.621944
-11.542657 38.632471
-11.547770 38.637354
-11.549437 38.625240
-11.550817 38.610746
-11.554467 38.613692
-11.559860 38.631958
-11.567271 38.667441
-11.571042 38.656842
-11.575338 38.637216
-11.581239 3