-2.167587 -6.248596 160.082340
-2.167587 -6.248596 160.082340
-2.167587 -6.248596 160.082340
-2.167587 -6.248596 160.082340
-2.167587 -6.248596 160.082340
-2.167587 -6.248596 160.082340
-2.167587 -6.248596 160.082340
-2.167587 -6.248596 160.082340
-2.118746 -6.270562 159.832342
-2.118746 -6.270562 159.832342
-2.118746 -6.270562 159.832342
-2.118746 -6.270562 159.832342
-2.118746 -6.270562 159.832342
-2.118746 -6.270562 159.832342
-2.118746 -6.270562 159.832342
-2.118746 -6.270562 159.832342
-2.118746 -6.270562 159.832342
-2.094242 -6.288345 159.515680
-2.094242 -6.288345 159.515680
-2.094242 -6.288345 159.515680
-2.094242 -6.288345 159.515680
-2.094242 -6.288345 159.515680
-2.094242 -6.288345 159.515680
-2.094242 -6.288345 159.515680
-2.094242 -6.288345 159.515680
-2.076509 -6.301419 159.341920
-2.076509 -6.301419 159.341920
-2.076509 -6.301419 159.341920
-2.076509 -6.301419 159.341920
-2.076509 -6.301419 159.341920
-2.076509 -6.301419 159.341920
-2.076509 -6.301419 159.341920
-2.055516 -6.336218 159.237637
-2.055516 -6.336218 159.237637
-2.055516 -6.336218 159.237637
-2.055516 -6.336218 159.237637
-2.055516 -6.336218 159.237637
-2.055516 -6.336218 159.237637
-2.055516 -6.336218 159.237637
-2.055516 -6.336218 159.237637
-2.066448 -6.340610 158.921140
-2.066448 -6.340610 158.921140
-2.066448 -6.340610 158.921140
-2.066448 -6.340610 158.921140
-2.066448 -6.340610 158.921140
-2.066448 -6.340610 158.921140
-2.066448 -6.340610 158.921140
-2.066448 -6.340610 158.921140
-2.051506 -6.344658 158.707614
-2.051506 -6.344658 158.707614
-2.051506 -6.344658 158.707614
-2.051506 -6.344658 158.707614
-2.051506 -6.344658 158.707614
-2.051506 -6.344658 158.707614
-2.051506 -6.344658 158.707614
-2.042310 -6.347800 158.549810
-2.042310 -6.347800 158.549810
-2.042310 -6.347800 158.549810
-2.042310 -6.347800 158.549810
-2.042310 -6.347800 158.549810
-2.042310 -6.347800 158.549810
-2.042310 -6.347800 158.549810
-2.042310 -6.347800 158.549810
-2.022156 -6.353730 158.487846
-2.022156 -6.353730 158.487846
-2.022156 -6.353730 158.487846
-2.022156 -6.353730 158.487846
-2.022156 -6.353730 158.487846
-2.022156 -6.353730 158.487846
-2.022156 -6.353730 158.487846
-2.022156 -6.353730 158.487846
-2.010957 -6.360367 158.417181
-2.010957 -6.360367 158.417181
-2.010957 -6.360367 158.417181
-2.010957 -6.360367 158.417181
-2.010957 -6.360367 158.417181
-2.010957 -6.360367 158.417181
-2.001959 -6.373501 158.420924
-2.001959 -6.373501 158.420924
-2.001959 -6.373501 158.420924
-2.001959 -6.373501 158.420924
-2.001959 -6.373501 158.420924
-2.001959 -6.373501 158.420924
-2.001959 -6.373501 158.420924
-2.001959 -6.373501 158.420924
-2.004366 -6.378987 158.397141
-2.004366 -6.378987 158.397141
-2.004366 -6.378987 158.397141
-2.004366 -6.378987 158.397141
-2.004366 -6.378987 158.397141
-2.004366 -6.378987 158.397141
-2.004366 -6.378987 158.397141
-2.004366 -6.378987 158.397141
-1.995351 -6.376265 158.416580
-1.995351 -6.376265 158.416580
-1.995351 -6.376265 158.416580
-1.995351 -6.376265 158.416580
-1.995351 -6.376265 158.416580
-1.995351 -6.376265 158.416580
-1.990039 -6.367272 158.354084
-1.990039 -6.367272 158.354084
-1.990039 -6.367272 158.354084
-1.990039 -6.367272 158.354084
-1.990039 -6.367272 158.354084
-1.984825 -6.362939 158.464378
-1.984825 -6.362939 158.464378
-1.984825 -6.362939 158.464378
-1.984825 -6.362939 158.464378
-1.984825 -6.362939 158.464378
-2.884056 -16.236075 145.499026
-2.884056 -16.236075 145.499026
-2.884056 -16.236075 145.499026
-2.884056 -16.236075 145.499026
-2.884056 -16.236075 145.499026
-2.884056 -16.236075 145.499026
-13.756415 -25.892714 145.225531
-13.756415 -25.892714 145.225531
-13.756415 -25.892714 145.225531
-13.756415 -25.892714 145.225531
-13.756415 -25.892714 145.225531
-13.756415 -25.892714 145.225531
-13.756415 -25.892714 145.225531
-13.756415 -25.892714 145.225531
-13.756415 -25.892714 145.225531
-6.475958 -40.418351 146.033051
-6.475958 -40.418351 146.033051
-6.475958 -40.418351 146.033051
-6.475958 -40.418351 146.033051
-6.475958 -40.418351 146.033051
-6.475958 -40.418351 146.033051
-6.475958 -40.418351 146.033051
-6.475958 -40.418351 146.033051
-4.434338 -44.870337 147.788956
-4.434338 -44.870337 147.788956
-4.434338 -44.870337 147.788956
-4.434338 -44.870337 147.788956
-4.434338 -44.870337 147.788956
-4.434338 -44.870337 147.788956
-4.434338 -44.870337 147.788956
-4.434338 -44.870337 147.788956
-4.740736 -44.489404 149.255657
-4.740736 -44.489404 149.255657
-4.740736 -44.489404 149.255657
-4.740736 -44.489404 149.255657
-4.740736 -44.489404 149.255657
-4.740736 -44.489404 149.255657
-4.740736 -44.489404 149.255657
-4.740736 -44.489404 149.255657
-4.740736 -44.489404 149.255657
-4.995217 -41.966571 149.908787
-4.995217 -41.966571 149.908787
-4.995217 -41.966571 149.908787
-4.995217 -41.966571 149.908787
-4.995217 -41.966571 149.908787
-4.995217 -41.966571 149.908787
-4.995217 -41.966571 149.908787
-4.995217 -41.966571 149.908787
-5.330118 -39.911722 150.052044
-5.330118 -39.911722 150.052044
-5.330118 -39.911722 150.052044
-5.330118 -39.911722 150.052044
-5.330118 -39.911722 150.052044
-5.330118 -39.911722 150.052044
-5.330118 -39.911722 150.052044
-5.330118 -39.911722 150.052044
-5.330118 -39.911722 150.052044
-5.122597 -39.641434 150.460188
-5.122597 -39.641434 150.460188
-5.122597 -39.641434 150.460188
-5.122597 -39.641434 150.460188
-5.122597 -39.641434 150.460188
-5.122597 -39.641434 150.460188
-5.122597 -39.641434 150.460188
-5.122597 -39.641434 150.460188
-5.122597 -39.641434 150.460188
-5.499577 -39.004700 150.528982
-5.499577 -39.004700 150.528982
-5.499577 -39.004700 150.528982
-5.499577 -39.004700 150.528982
-5.499577 -39.004700 150.528982
-5.499577 -39.004700 150.528982
-5.499577 -39.004700 150.528982
-5.499577 -39.004700 150.528982
-5.802059 -38.882348 151.087910
-5.802059 -38.882348 151.087910
-5.802059 -38.882348 151.087910
-5.802059 -38.882348 151.087910
-5.802059 -38.882348 151.087910
-5.802059 -38.882348 151.087910
-5.802059 -38.882348 151.087910
-5.802059 -38.882348 151.087910
-6.369635 -38.542703 152.125211
-6.369635 -38.542703 152.125211
-6.369635 -38.542703 152.125211
-6.369635 -38.542703 152.125211
-6.369635 -38.542703 152.125211
-6.369635 -38.542703 152.125211
-6.369635 -38.542703 152.125211
-6.426373 -38.874363 153.417674
-6.426373 -38.874363 153.417674
-6.426373 -38.874363 153.417674
-6.426373 -38.874363 153.417674
-6.426373 -38.874363 153.417674
-6.426373 -38.874363 153.417674
-6.426373 -38.874363 153.417674
-6.426373 -38.874363 153.417674
-6.426373 -38.874363 153.417674
-5.962278 -39.307821 153.630079
-5.962278 -39.307821 153.630079
-5.962278 -39.307821 153.630079
-5.962278 -39.307821 153.630079
-5.962278 -39.307821 153.630079
-5.962278 -39.307821 153.630079
-5.962278 -39.307821 153.630079
-5.962278 -39.307821 153.630079
-5.962278 -39.307821 153.630079
-5.698222 -39.385067 153.530085
-5.698222 -39.385067 153.530085
-5.698222 -39.385067 153.530085
-5.698222 -39.385067 153.530085
-5.698222 -39.385067 153.530085
-5.698222 -39.385067 153.530085
-5.698222 -39.385067 153.530085
-5.698222 -39.385067 153.530085
-5.534282 -39.006828 153.547570
-5.534282 -39.006828 153.547570
-5.534282 -39.006828 153.547570
-5.534282 -39.006828 153.547570
-5.534282 -39.006828 153.547570
-5.534282 -39.006828 153.547570
-5.534282 -39.006828 153.547570
-5.534282 -39.006828 153.547570
-5.203108 -38.793388 153.408658
-5.203108 -38.793388 153.408658
-5.203108 -38.793388 153.408658
-5.203108 -38.793388 153.408658
-5.203108 -38.793388 153.408658
-5.203108 -38.793388 153.408658
-5.203108 -38.793388 153.408658
-5.203108 -38.793388 153.408658
-5.250025 -38.777781 152.939766
-5.250025 -38.777781 152.939766
-5.250025 -38.777781 152.939766
-5.250025 -38.777781 152.939766
-5.250025 -38.777781 152.939766
-5.250025 -38.777781 152.939766
-5.250025 -38.777781 152.939766
-5.250025 -38.777781 152.939766
-5.250025 -38.777781 152.939766
-5.372421 -38.829062 152.771770
-5.372421 -38.829062 152.771770
-5.372421 -38.829062 152.771770
-5.372421 -38.829062 152.771770
-5.372421 -38.829062 152.771770
-5.372421 -38.829062 152.771770
-5.372421 -38.829062 152.771770
-5.372421 -38.829062 152.771770
-5.110062 -38.862212 151.529878
-5.110062 -38.862212 151.529878
-5.110062 -38.862212 151.529878
-5.110062 -38.862212 151.529878
-5.110062 -38.862212 151.529878
-5.110062 -38.862212 151.529878
-5.110062 -38.862212 151.529878
-5.110062 -38.862212 151.529878
-5.105945 -38.980890 151.172550
-5.105945 -38.980890 151.172550
-5.105945 -38.980890 151.172550
-5.105945 -38.980890 151.172550
-5.105945 -38.980890 151.172550
-5.105945 -38.980890 151.172550
-5.105945 -38.980890 151.172550
-5.105945 -38.980890 151.172550
-5.275063 -39.014403 151.468884
-5.275063 -39.014403 151.468884
-5.275063 -39.014403 151.468884
-5.275063 -39.014403 151.468884
-5.275063 -39.014403 151.468884
-5.275063 -39.014403 151.468884
-5.275063 -39.014403 151.468884
-5.275063 -39.014403 151.468884
-4.933029 -39.096112 151.148699
-4.933029 -39.096112 151.148699
-4.933029 -39.096112 151.148699
-4.933029 -39.096112 151.148699
-4.933029 -39.096112 151.148699
-4.933029 -39.096112 151.148699
-4.933029 -39.096112 151.148699
-4.933029 -39.096112 151.148699
-4.756002 -39.077346 150.681486
-4.756002 -39.077346 150.681486
-4.756002 -39.077346 150.681486
-4.756002 -39.077346 150.681486
-4.756002 -39.077346 150.681486
-4.756002 -39.077346 150.681486
-4.756002 -39.077346 150.681486
-4.756002 -39.077346 150.681486
-4.803634 -38.963538 150.733177
-4.803634 -38.963538 150.733177
-4.803634 -38.963538 150.733177
-4.803634 -38.963538 150.733177
-4.803634 -38.963538 150.733177
-4.803634 -38.963538 150.733177
-4.803634 -38.963538 150.733177
-4.803634 -38.963538 150.733177
-4.803634 -38.963538 150.733177
-4.803634 -38.963538 150.733177
-4.994290 -38.833297 150.798023
-4.994290 -38.833297 150.798023
-4.994290 -38.833297 150.798023
-4.994290 -38.833297 150.798023
-4.994290 -38.833297 150.798023
-4.994290 -38.833297 150.798023
-4.994290 -38.833297 150.798023
-4.994290 -38.833297 150.798023
-4.698319 -39.155197 151.131514
-4.698319 -39.155197 151.131514
-4.698319 -39.155197 151.131514
-4.698319 -39.155197 151.131514
-4.698319 -39.155197 151.131514
-4.698319 -39.155197 151.131514
-4.698319 -39.155197 151.131514
-4.698319 -39.155197 151.131514
-4.248596 -39.489832 151.387346
-4.248596 -39.489832 151.387346
-4.248596 -39.489832 151.387346
-4.248596 -39.489832 151.387346
-4.248596 -39.489832 151.387346
-4.248596 -39.489832 151.387346
-4.248596 -39.489832 151.387346
-4.244353 -39.641790 151.424324
-4.244353 -39.641790 151.424324
-4.244353 -39.641790 151.424324
-4.244353 -39.641790 151.424324
-4.244353 -39.641790 151.424324
-4.244353 -39.641790 151.424324
-4.251976 -39.322833 150.718096
-4.251976 -39.322833 150.718096
-4.251976 -39.322833 150.718096
-4.251976 -39.322833 150.718096
-4.251976 -39.322833 150.718096
-4.251976 -39.322833 150.718096
-4.251976 -39.322833 150.718096
-4.435973 -39.008996 149.050301
-4.435973 -39.008996 149.050301
-4.435973 -39.008996 149.050301
-4.435973 -39.008996 149.050301
-4.435973 -39.008996 149.050301
-4.435973 -39.008996 149.050301
-4.360359 -39.025075 149.543850
-4.360359 -39.025075 149.543850
-4.360359 -39.025075 149.543850
-4.360359 -39.025075 149.543850
-4.360359 -39.025075 149.543850
-4.360359 -39.025075 149.543850
-5.976338 -38.982099 152.028058
-5.976338 -38.982099 152.028058
-5.976338 -38.982099 152.028058
-5.976338 -38.982099 152.028058
-5.976338 -38.982099 152.028058
-5.976338 -38.982099 152.028058
-6.353695 -39.837649 152.731458
-6.353695 -39.837649 152.731458
-6.353695 -39.837649 152.731458
-6.353695 -39.837649 152.731458
-6.353695 -39.837649 152.731458
-6.353695 -39.837649 152.731458
-6.353695 -39.837649 152.731458
-5.833902 -40.654406 152.808230
-5.833902 -40.654406 152.808230
-5.833902 -40.654406 152.808230
-5.833902 -40.654406 152.808230
-5.833902 -40.654406 152.808230
-5.833902 -40.654406 152.808230
-5.833902 -40.654406 152.808230
-5.833902 -40.654406 152.808230
-5.311705 -40.857058 151.928911
-5.311705 -40.857058 151.928911
-5.311705 -40.857058 151.928911
-5.311705 -40.857058 151.928911
-5.311705 -40.857058 151.928911
-5.311705 -40.857058 151.928911
-5.311705 -40.857058 151.928911
-5.151225 -40.890550 151.207220
-5.151225 -40.890550 151.207220
-5.151225 -40.890550 151.207220
-5.151225 -40.890550 151.207220
-5.151225 -40.890550 151.207220
-0.727733 -41.149817 153.604958
-0.727733 -41.149817 153.604958
-0.727733 -41.149817 153.604958
-0.727733 -41.149817 153.604958
-0.727733 -41.149817 153.604958
-0.727733 -41.149817 153.604958
-0.727733 -41.149817 153.604958
8.245817 -37.618537 158.181294
8.245817 -37.618537 158.181294
8.245817 -37.618537 158.181294
8.245817 -37.618537 158.181294
8.245817 -37.618537 158.181294
8.245817 -37.618537 158.181294
8.245817 -37.618537 158.181294
8.245817 -37.618537 158.181294
8.245817 -37.618537 158.181294
6.712808 -38.239770 154.228062
6.712808 -38.239770 154.228062
6.712808 -38.239770 154.228062
6.712808 -38.239770 154.228062
6.712808 -38.239770 154.228062
6.712808 -38.239770 154.228062
6.712808 -38.239770 154.228062
6.712808 -38.239770 154.228062
8.658870 -38.078008 153.082981
8.658870 -38.078008 153.082981
8.658870 -38.078008 153.082981
8.658870 -38.078008 153.082981
8.658870 -38.078008 153.082981
8.658870 -38.078008 153.082981
8.658870 -38.078008 153.082981
8.658870 -38.078008 153.082981
11.568209 -36.630509 151.503869
11.568209 -36.630509 151.503869
11.568209 -36.630509 151.503869
11.568209 -36.630509 151.503869
11.568209 -36.630509 151.503869
11.568209 -36.630509 151.503869
11.568209 -36.630509 151.503869
11.568209 -36.630509 151.503869
9.957398 -36.962156 146.885896
9.957398 -36.962156 146.885896
9.957398 -36.962156 146.885896
9.957398 -36.962156 146.885896
9.957398 -36.962156 146.885896
9.957398 -36.962156 146.885896
9.957398 -36.962156 146.885896
9.957398 -36.962156 146.885896
9.957398 -36.962156 146.885896
5.519587 -38.729659 140.628213
5.519587 -38.729659 140.628213
5.519587 -38.729659 140.628213
5.519587 -38.729659 140.628213
5.519587 -38.729659 140.628213
5.519587 -38.729659 140.628213
5.519587 -38.729659 140.628213
5.519587 -38.729659 140.628213
3.350790 -38.857458 138.838198
3.350790 -38.857458 138.838198
3.350790 -38.857458 138.838198
3.350790 -38.857458 138.838198
3.350790 -38.857458 138.838198
3.350790 -38.857458 138.838198
3.350790 -38.857458 138.838198
3.350790 -38.857458 138.838198
2.522964 -38.695242 138.901487
2.522964 -38.695242 138.901487
2.522964 -38.695242 138.901487
2.522964 -38.695242 138.901487
2.522964 -38.695242 138.901487
2.522964 -38.695242 138.901487
2.522964 -38.695242 138.901487
-7.958734 -39.866277 130.911627
-7.958734 -39.866277 130.911627
-7.958734 -39.866277 130.911627
-7.958734 -39.866277 130.911627
-7.958734 -39.866277 130.911627
-7.958734 -39.866277 130.911627
-9.745203 -39.861609 131.084362
-9.745203 -39.861609 131.084362
-9.745203 -39.861609 131.084362
-9.745203 -39.861609 131.084362
-9.745203 -39.861609 131.084362
-9.745203 -39.861609 131.084362
-9.745203 -39.861609 131.084362
-11.169784 -39.827492 131.979254
-11.169784 -39.827492 131.979254
-11.169784 -39.827492 131.979254
-11.169784 -39.827492 131.979254
-11.169784 -39.827492 131.979254
-11.169784 -39.827492 131.979254
-11.169784 -39.827492 131.979254
-10.175953 -39.774917 134.392168
-10.175953 -39.774917 134.392168
-10.175953 -39.774917 134.392168
-10.175953 -39.774917 134.392168
-10.175953 -39.774917 134.392168
-10.175953 -39.774917 134.392168
-10.175953 -39.774917 134.392168
-7.931234 -39.161101 137.717364
-7.931234 -39.161101 137.717364
-7.931234 -39.161101 137.717364
-7.931234 -39.161101 137.717364
-7.931234 -39.161101 137.717364
-7.931234 -39.161101 137.717364
-7.931234 -39.161101 137.717364
-3.614808 -39.359494 140.297468
-3.614808 -39.359494 140.297468
-3.614808 -39.359494 140.297468
-3.614808 -39.359494 140.297468
-3.614808 -39.359494 140.297468
-3.614808 -39.359494 140.297468
-3.614808 -39.359494 140.297468
-2.061015 -38.715052 143.008165
-2.061015 -38.715052 143.008165
-2.061015 -38.715052 143.008165
-2.061015 -38.715052 143.008165
-2.061015 -38.715052 143.008165
-2.061015 -38.715052 143.008165
-2.061015 -38.715052 143.008165
-2.061015 -38.715052 143.008165
-2.061015 -38.715052 143.008165
-2.264091 -38.462394 142.274944
-2.264091 -38.462394 142.274944
-2.264091 -38.462394 142.274944
-2.264091 -38.462394 142.274944
-2.264091 -38.462394 142.274944
-2.264091 -38.462394 142.274944
-2.264091 -38.462394 142.274944
-2.264091 -38.462394 142.274944
-2.264091 -38.462394 142.274944
-2.974798 -38.537143 142.502103
-2.974798 -38.537143 142.502103
-2.974798 -38.537143 142.502103
-2.974798 -38.537143 142.502103
-2.974798 -38.537143 142.502103
-2.974798 -38.537143 142.502103
-2.974798 -38.537143 142.502103
-2.974798 -38.537143 142.502103
-3.145849 -39.385015 145.019096
-3.145849 -39.385015 145.019096
-3.145849 -39.385015 145.019096
-3.145849 -39.385015 145.019096
-3.145849 -39.385015 145.019096
-3.145849 -39.385015 145.019096
-3.145849 -39.385015 145.019096
-3.145849 -39.385015 145.019096
-3.789487 -39.316741 147.519942
-3.789487 -39.316741 147.519942
-3.789487 -39.316741 147.519942
-3.789487 -39.316741 147.519942
-3.789487 -39.316741 147.519942
-3.789487 -39.316741 147.519942
-3.789487 -39.316741 147.519942
-3.789487 -39.316741 147.519942
-3.789487 -39.316741 147.519942
-3.531931 -40.315919 148.281577
-3.531931 -40.315919 148.281577
-3.531931 -40.315919 148.281577
-3.531931 -40.315919 148.281577
-3.531931 -40.315919 148.281577
-3.531931 -40.315919 148.281577
-3.531931 -40.315919 148.281577
-3.667579 -40.331468 148.504459
-3.667579 -40.331468 148.504459
-3.667579 -40.331468 148.504459
-3.667579 -40.331468 148.504459
-3.667579 -40.331468 148.504459
-3.667579 -40.331468 148.504459
-3.667579 -40.331468 148.504459
-3.667579 -40.331468 148.504459
-4.269024 -39.559984 148.719870
-4.269024 -39.559984 148.719870
-4.269024 -39.559984 148.719870
-4.269024 -39.559984 148.719870
-4.269024 -39.559984 148.719870
-4.269024 -39.559984 148.719870
-4.269024 -39.559984 148.719870
-3.800705 -39.918330 147.792166
-3.800705 -39.918330 147.792166
-3.800705 -39.918330 147.792166
-3.800705 -39.918330 147.792166
-3.800705 -39.918330 147.792166
-3.800705 -39.918330 147.792166
-3.800705 -39.918330 147.792166
-3.800705 -39.918330 147.792166
-3.728295 -39.264480 147.251461
-3.728295 -39.264480 147.251461
-3.728295 -39.264480 147.251461
-3.728295 -39.264480 147.251461
-3.728295 -39.264480 147.251461
-3.728295 -39.264480 147.251461
-3.728295 -39.264480 147.251461
-3.728295 -39.264480 147.251461
-3.461327 -39.198770 146.991832
-3.461327 -39.198770 146.991832
-3.461327 -39.198770 146.991832
-3.461327 -39.198770 146.991832
-3.461327 -39.198770 146.991832
-3.461327 -39.198770 146.991832
-3.461327 -39.198770 146.991832
-3.461327 -39.198770 146.991832
-3.243580 -39.256441 146.280536
-3.243580 -39.256441 146.280536
-3.243580 -39.256441 146.280536
-3.243580 -39.256441 146.280536
-3.243580 -39.256441 146.280536
-3.243580 -39.256441 146.280536
-3.243580 -39.256441 146.280536
-3.243580 -39.256441 146.280536
-3.705155 -38.912462 147.035368
-3.705155 -38.912462 147.035368
-3.705155 -38.912462 147.035368
-3.705155 -38.912462 147.035368
-3.705155 -38.912462 147.035368
-3.705155 -38.912462 147.035368
-3.705155 -38.912462 147.035368
-3.705155 -38.912462 147.035368
-4.098779 -39.567433 147.506268
-4.098779 -39.567433 147.506268
-4.098779 -39.567433 147.506268
-4.098779 -39.567433 147.506268
-4.098779 -39.567433 147.506268
-4.098779 -39.567433 147.506268
-4.098779 -39.567433 147.506268
-4.098779 -39.567433 147.506268
-4.796430 -39.221306 149.448774
-4.796430 -39.221306 149.448774
-4.796430 -39.221306 149.448774
-4.796430 -39.221306 149.448774
-4.796430 -39.221306 149.448774
-4.796430 -39.221306 149.448774
-4.796430 -39.221306 149.448774
-4.796430 -39.221306 149.448774
-6.403878 -39.973289 151.734729
-6.403878 -39.973289 151.734729
-6.403878 -39.973289 151.734729
-6.403878 -39.973289 151.734729
-6.403878 -39.973289 151.734729
-6.403878 -39.973289 151.734729
-6.403878 -39.973289 151.734729
-6.403878 -39.973289 151.734729
-6.453657 -40.584356 152.511895
-6.453657 -40.584356 152.511895
-6.453657 -40.584356 152.511895
-6.453657 -40.584356 152.511895
-6.453657 -40.584356 152.511895
-6.453657 -40.584356 152.511895
-6.453657 -40.584356 152.511895
-6.453657 -40.584356 152.511895
-5.703480 -42.592203 153.131557
-5.703480 -42.592203 153.131557
-5.703480 -42.592203 153.131557
-5.703480 -42.592203 153.131557
-5.703480 -42.592203 153.131557
-5.703480 -42.592203 153.131557
-5.703480 -42.592203 153.131557
-5.703480 -42.592203 153.131557
-5.703480 -42.592203 153.131557
-5.483582 -43.083419 152.915997
-5.483582 -43.083419 152.915997
-5.483582 -43.083419 152.915997
-5.483582 -43.083419 152.915997
-5.483582 -43.083419 152.915997
-5.483582 -43.083419 152.915997
-5.483582 -43.083419 152.915997
-5.483582 -43.083419 152.915997
-5.483582 -43.083419 152.915997
-5.414267 -42.904216 152.350880
-5.414267 -42.904216 152.350880
-5.414267 -42.904216 152.350880
-5.414267 -42.904216 152.350880
-5.414267 -42.904216 152.350880
-5.414267 -42.904216 152.350880
-5.414267 -42.904216 152.350880
-5.414267 -42.904216 152.350880
-5.185735 -42.858245 152.233237
-5.185735 -42.858245 152.233237
-5.185735 -42.858245 152.233237
-5.185735 -42.858245 152.233237
-5.185735 -42.858245 152.233237
-5.185735 -42.858245 152.233237
-5.185735 -42.858245 152.233237
-5.185735 -42.858245 152.233237
-5.575552 -42.673717 152.054969
-5.575552 -42.673717 152.054969
-5.575552 -42.673717 152.054969
-5.575552 -42.673717 152.054969
-5.575552 -42.673717 152.054969
-5.575552 -42.673717 152.054969
-5.575552 -42.673717 152.054969
-5.575552 -42.673717 152.054969
-5.575552 -42.673717 152.054969
-5.638836 -42.447614 152.153228
-5.638836 -42.447614 152.153228
-5.638836 -42.447614 152.153228
-5.638836 -42.447614 152.153228
-5.638836 -42.447614 152.153228
-5.638836 -42.447614 152.153228
-5.638836 -42.447614 152.153228
-5.638836 -42.447614 152.153228
-5.638836 -42.447614 152.153228
-5.827759 -42.141000 152.185262
-5.827759 -42.141000 152.185262
-5.827759 -42.141000 152.185262
-5.827759 -42.141000 152.185262
-5.827759 -42.141000 152.185262
-5.827759 -42.141000 152.185262
-5.827759 -42.141000 152.185262
-5.827759 -42.141000 152.185262
-6.007991 -42.393693 152.123203
-6.007991 -42.393693 152.123203
-6.007991 -42.393693 152.123203
-6.007991 -42.393693 152.123203
-6.007991 -42.393693 152.123203
-6.007991 -42.393693 152.123203
-6.007991 -42.393693 152.123203
-6.007991 -42.393693 152.123203
-6.177260 -42.322038 152.068370
-6.177260 -42.322038 152.068370
-6.177260 -42.322038 152.068370
-6.177260 -42.322038 152.068370
-6.177260 -42.322038 152.068370
-6.177260 -42.322038 152.068370
-6.177260 -42.322038 152.068370
-6.177260 -42.322038 152.068370
-5.988670 -42.221002 151.848957
-5.988670 -42.221002 151.848957
-5.988670 -42.221002 151.848957
-5.988670 -42.221002 151.848957
-5.988670 -42.221002 151.848957
-5.988670 -42.221002 151.848957
-5.988670 -42.221002 151.848957
-5.988670 -42.221002 151.848957
-5.988670 -42.221002 151.848957
-6.113888 -41.856840 151.266287
-6.113888 -41.856840 151.266287
-6.113888 -41.856840 151.266287
-6.113888 -41.856840 151.266287
-6.113888 -41.856840 151.266287
-6.113888 -41.856840 151.266287
-6.113888 -41.856840 151.266287
-6.113888 -41.856840 151.266287
-6.142105 -41.339966 150.671829
-6.142105 -41.339966 150.671829
-6.142105 -41.339966 150.671829
-6.142105 -41.339966 150.671829
-6.142105 -41.339966 150.671829
-6.142105 -41.339966 150.671829
-6.142105 -41.339966 150.671829
-6.142105 -41.339966 150.671829
-6.182196 -41.176922 150.646775
-6.182196 -41.176922 150.646775
-6.182196 -41.176922 150.646775
-6.182196 -41.176922 150.646775
-6.182196 -41.176922 150.646775
-6.182196 -41.176922 150.646775
-6.182196 -41.176922 150.646775
-6.182196 -41.176922 150.646775
-6.182196 -41.176922 150.646775
-5.958357 -41.012318 150.450981
-5.958357 -41.012318 150.450981
-5.958357 -41.012318 150.450981
-5.958357 -41.012318 150.450981
-5.958357 -41.012318 150.450981
-5.958357 -41.012318 150.450981
-5.958357 -41.012318 150.450981
-5.958357 -41.012318 150.450981
-5.969462 -40.787697 149.807140
-5.969462 -40.787697 149.807140
-5.969462 -40.787697 149.807140
-5.969462 -40.787697 149.807140
-5.969462 -40.787697 149.807140
-5.969462 -40.787697 149.807140
-5.969462 -40.787697 149.807140
-5.969462 -40.787697 149.807140
-5.969462 -40.787697 149.807140
-5.949321 -40.592600 149.729563
-5.949321 -40.592600 149.729563
-5.949321 -40.592600 149.729563
-5.949321 -40.592600 149.729563
-5.949321 -40.592600 149.729563
-5.949321 -40.592600 149.729563
-5.949321 -40.592600 149.729563
-5.949321 -40.592600 149.729563
-5.393536 -40.253737 149.277883
-5.393536 -40.253737 149.277883
-5.393536 -40.253737 149.277883
-5.393536 -40.253737 149.277883
-5.393536 -40.253737 149.277883
-5.393536 -40.253737 149.277883
-5.393536 -40.253737 149.277883
-5.393536 -40.253737 149.277883
-5.723188 -39.539467 147.396726
-5.723188 -39.539467 147.396726
-5.723188 -39.539467 147.396726
-5.723188 -39.539467 147.396726
-5.723188 -39.539467 147.396726
-5.723188 -39.539467 147.396726
-5.723188 -39.539467 147.396726
-5.723188 -39.539467 147.396726
-5.723188 -39.539467 147.396726
-6.395072 -39.079467 147.159991
-6.395072 -39.079467 147.159991
-6.395072 -39.079467 147.159991
-6.395072 -39.079467 147.159991
-6.395072 -39.079467 147.159991
-6.395072 -39.079467 147.159991
-6.395072 -39.079467 147.159991
-6.395072 -39.079467 147.159991
-8.393609 -34.429409 147.470533
-8.393609 -34.429409 147.470533
-8.393609 -34.429409 147.470533
-8.393609 -34.429409 147.470533
-8.393609 -34.429409 147.470533
-8.393609 -34.429409 147.470533
-8.393609 -34.429409 147.470533
-8.393609 -34.429409 147.470533
-9.441364 -34.512645 145.145044
-9.441364 -34.512645 145.145044
-9.441364 -34.512645 145.145044
-9.441364 -34.512645 145.145044
-9.441364 -34.512645 145.145044
-9.441364 -34.512645 145.145044
-9.441364 -34.512645 145.145044
-9.441364 -34.512645 145.145044
-9.100215 -34.534652 144.649323
-9.100215 -34.534652 144.649323
-9.100215 -34.534652 144.649323
-9.100215 -34.534652 144.649323
-9.100215 -34.534652 144.649323
-9.100215 -34.534652 144.649323
-9.100215 -34.534652 144.649323
-9.100215 -34.534652 144.649323
-9.100215 -34.534652 144.649323
-6.968777 -33.567197 145.556905
-6.968777 -33.567197 145.556905
-6.968777 -33.567197 145.556905
-6.968777 -33.567197 145.556905
-6.968777 -33.567197 145.556905
-6.968777 -33.567197 145.556905
-6.968777 -33.567197 145.556905
-6.968777 -33.567197 145.556905
17.150492 -32.711142 166.843954
17.150492 -32.711142 166.843954
17.150492 -32.711142 166.843954
17.150492 -32.711142 166.843954
17.150492 -32.711142 166.843954
17.150492 -32.711142 166.843954
17.150492 -32.711142 166.843954
33.448222 -30.812947 -161.656098
33.448222 -30.812947 -161.656098
33.448222 -30.812947 -161.656098
33.448222 -30.812947 -161.656098
33.448222 -30.812947 -161.656098
33.448222 -30.812947 -161.656098
33.448222 -30.812947 -161.656098
33.448222 -30.812947 -161.656098
33.448222 -30.812947 -161.656098
45.614981 -18.062290 -139.727024
45.614981 -18.062290 -139.727024
45.614981 -18.062290 -139.727024
45.614981 -18.062290 -139.727024
45.614981 -18.062290 -139.727024
45.614981 -18.062290 -139.727024
45.614981 -18.062290 -139.727024
45.614981 -18.062290 -139.727024
41.945141 7.005341 -108.179077
41.945141 7.005341 -108.179077
41.945141 7.005341 -108.179077
41.945141 7.005341 -108.179077
41.945141 7.005341 -108.179077
41.945141 7.005341 -108.179077
41.945141 7.005341 -108.179077
41.945141 7.005341 -108.179077
14.813680 25.024150 -48.746671
14.813680 25.024150 -48.746671
14.813680 25.024150 -48.746671
14.813680 25.024150 -48.746671
14.813680 25.024150 -48.746671
14.813680 25.024150 -48.746671
14.813680 25.024150 -48.746671
14.813680 25.024150 -48.746671
-4.369310 46.159108 -12.828296
-4.369310 46.159108 -12.828296
-4.369310 46.159108 -12.828296
-4.369310 46.159108 -12.828296
-4.369310 46.159108 -12.828296
-4.369310 46.159108 -12.828296
-4.369310 46.159108 -12.828296
-4.369310 46.159108 -12.828296
-4.713048 51.584331 -7.781991
-4.713048 51.584331 -7.781991
-4.713048 51.584331 -7.781991
-4.713048 51.584331 -7.781991
-4.713048 51.584331 -7.781991
-4.713048 51.584331 -7.781991
-4.713048 51.584331 -7.781991
-4.713048 51.584331 -7.781991
-4.315982 51.536523 -4.947568
-4.315982 51.536523 -4.947568
-4.315982 51.536523 -4.947568
-4.315982 51.536523 -4.947568
-4.315982 51.536523 -4.947568
-4.315982 51.536523 -4.947568
-4.315982 51.536523 -4.947568
-4.315982 51.536523 -4.947568
-4.315982 51.536523 -4.947568
-3.717192 50.125754 -2.338210
-3.717192 50.125754 -2.338210
-3.717192 50.125754 -2.338210
-3.717192 50.125754 -2.338210
-3.717192 50.125754 -2.338210
-3.717192 50.125754 -2.338210
-3.717192 50.125754 -2.338210
-3.717192 50.125754 -2.338210
-6.104124 23.086560 -3.637994
-6.104124 23.086560 -3.637994
-6.104124 23.086560 -3.637994
-6.104124 23.086560 -3.637994
-6.104124 23.086560 -3.637994
-6.104124 23.086560 -3.637994
-6.104124 23.086560 -3.637994
-6.104124 23.086560 -3.637994
-3.821256 7.358372 1.471818
-3.821256 7.358372 1.471818
-3.821256 7.358372 1.471818
-3.821256 7.358372 1.471818
-3.821256 7.358372 1.471818
-3.821256 7.358372 1.471818
-3.821256 7.358372 1.471818
-3.821256 7.358372 1.471818
-3.446023 11.580096 5.261491
-3.446023 11.580096 5.261491
-3.446023 11.580096 5.261491
-3.446023 11.580096 5.261491
-3.446023 11.580096 5.261491
-3.446023 11.580096 5.261491
-3.446023 11.580096 5.261491
-3.446023 11.580096 5.261491
-2.193613 12.193366 8.069107
-2.193613 12.193366 8.069107
-2.193613 12.193366 8.069107
-2.193613 12.193366 8.069107
-2.193613 12.193366 8.069107
-2.193613 12.193366 8.069107
-2.193613 12.193366 8.069107
-1.986853 13.070612 9.456263
-1.986853 13.070612 9.456263
-1.986853 13.070612 9.456263
-1.986853 13.070612 9.456263
-1.986853 13.070612 9.456263
-1.986853 13.070612 9.456263
-1.986853 13.070612 9.456263
-1.986853 13.070612 9.456263
0.009169 12.622186 8.844479
0.009169 12.622186 8.844479
0.009169 12.622186 8.844479
0.009169 12.622186 8.844479
0.009169 12.622186 8.844479
0.009169 12.622186 8.844479
0.009169 12.622186 8.844479
0.009169 12.622186 8.844479
0.183321 10.757308 9.876795
0.183321 10.757308 9.876795
0.183321 10.757308 9.876795
0.183321 10.757308 9.876795
0.183321 10.757308 9.876795
0.183321 10.757308 9.876795
0.183321 10.757308 9.876795
0.183321 10.757308 9.876795
0.245934 9.005061 10.036172
0.245934 9.005061 10.036172
0.245934 9.005061 10.036172
0.245934 9.005061 10.036172
0.245934 9.005061 10.036172
0.245934 9.005061 10.036172
0.245934 9.005061 10.036172
0.245934 9.005061 10.036172
1.679892 9.215355 7.434973
1.679892 9.215355 7.434973
1.679892 9.215355 7.434973
1.679892 9.215355 7.434973
1.679892 9.215355 7.434973
1.679892 9.215355 7.434973
1.679892 9.215355 7.434973
1.679892 9.215355 7.434973
4.313318 6.124186 7.182456
4.313318 6.124186 7.182456
4.313318 6.124186 7.182456
4.313318 6.124186 7.182456
4.313318 6.124186 7.182456
4.313318 6.124186 7.182456
4.313318 6.124186 7.182456
4.313318 6.124186 7.182456
1.011621 4.453363 7.455265
1.011621 4.453363 7.455265
1.011621 4.453363 7.455265
1.011621 4.453363 7.455265
1.011621 4.453363 7.455265
1.011621 4.453363 7.455265
1.011621 4.453363 7.455265
2.085536 5.330943 8.024043
2.085536 5.330943 8.024043
2.085536 5.330943 8.024043
2.085536 5.330943 8.024043
2.085536 5.330943 8.024043
2.085536 5.330943 8.024043
2.085536 5.330943 8.024043
2.085536 5.330943 8.024043
3.370511 7.609928 8.447040
3.370511 7.609928 8.447040
3.370511 7.609928 8.447040
3.370511 7.609928 8.447040
3.370511 7.609928 8.447040
3.370511 7.609928 8.447040
3.370511 7.609928 8.447040
2.690266 8.136477 8.509640
2.690266 8.136477 8.509640
2.690266 8.136477 8.509640
2.690266 8.136477 8.509640
2.690266 8.136477 8.509640
2.690266 8.136477 8.509640
2.690266 8.136477 8.509640
2.035408 8.008426 6.763497
2.035408 8.008426 6.763497
2.035408 8.008426 6.763497
2.035408 8.008426 6.763497
2.035408 8.008426 6.763497
2.035408 8.008426 6.763497
2.035408 8.008426 6.763497
3.747484 7.706466 5.519055
3.747484 7.706466 5.519055
3.747484 7.706466 5.519055
3.747484 7.706466 5.519055
3.747484 7.706466 5.519055
3.747484 7.706466 5.519055
3.747484 7.706466 5.519055
3.747484 7.706466 5.519055
5.583440 7.522672 7.635817
5.583440 7.522672 7.635817
5.583440 7.522672 7.635817
5.583440 7.522672 7.635817
5.583440 7.522672 7.635817
5.583440 7.522672 7.635817
5.583440 7.522672 7.635817
5.583440 7.522672 7.635817
5.583440 7.522672 7.635817
3.241702 7.262011 10.163294
3.241702 7.262011 10.163294
3.241702 7.262011 10.163294
3.241702 7.262011 10.163294
3.241702 7.262011 10.163294
3.241702 7.262011 10.163294
3.241702 7.262011 10.163294
3.245165 7.506787 9.359547
3.245165 7.506787 9.359547
3.245165 7.506787 9.359547
3.245165 7.506787 9.359547
3.245165 7.506787 9.359547
3.245165 7.506787 9.359547
3.245165 7.506787 9.359547
3.190960 10.300614 4.356019
3.190960 10.300614 4.356019
3.190960 10.300614 4.356019
3.190960 10.300614 4.356019
3.190960 10.300614 4.356019
3.190960 10.300614 4.356019
3.190960 10.300614 4.356019
3.190960 10.300614 4.356019
3.190960 10.300614 4.356019
3.500428 9.334753 2.348518
3.500428 9.334753 2.348518
3.500428 9.334753 2.348518
3.500428 9.334753 2.348518
3.500428 9.334753 2.348518
3.500428 9.334753 2.348518
3.500428 9.334753 2.348518
5.797240 7.641057 0.925634
5.797240 7.641057 0.925634
5.797240 7.641057 0.925634
5.797240 7.641057 0.925634
5.797240 7.641057 0.925634
5.797240 7.641057 0.925634
5.797240 7.641057 0.925634
8.492289 8.150662 -3.420968
8.492289 8.150662 -3.420968
8.492289 8.150662 -3.420968
8.492289 8.150662 -3.420968
8.492289 8.150662 -3.420968
8.492289 8.150662 -3.420968
8.492289 8.150662 -3.420968
8.492289 8.150662 -3.420968
5.440232 7.956586 -0.028071
5.440232 7.956586 -0.028071
5.440232 7.956586 -0.028071
5.440232 7.956586 -0.028071
5.440232 7.956586 -0.028071
5.440232 7.956586 -0.028071
5.440232 7.956586 -0.028071
5.440232 7.956586 -0.028071
1.160724 5.974846 4.898401
1.160724 5.974846 4.898401
1.160724 5.974846 4.898401
1.160724 5.974846 4.898401
1.160724 5.974846 4.898401
1.160724 5.974846 4.898401
1.160724 5.974846 4.898401
3.128324 4.580085 5.876034
3.128324 4.580085 5.876034
3.128324 4.580085 5.876034
3.128324 4.580085 5.876034
3.128324 4.580085 5.876034
3.128324 4.580085 5.876034
3.128324 4.580085 5.876034
3.128324 4.580085 5.876034
-2.177675 1.132857 8.475001
-2.177675 1.132857 8.475001
-2.177675 1.132857 8.475001
-2.177675 1.132857 8.475001
-2.177675 1.132857 8.475001
-2.177675 1.132857 8.475001
-2.177675 1.132857 8.475001
-2.177675 1.132857 8.475001
-4.548731 2.992737 16.004202
-4.548731 2.992737 16.004202
-4.548731 2.992737 16.004202
-4.548731 2.992737 16.004202
-4.548731 2.992737 16.004202
-4.548731 2.992737 16.004202
-4.548731 2.992737 16.004202
-4.548731 2.992737 16.004202
-5.505809 -2.794704 7.137015
-5.505809 -2.794704 7.137015
-5.505809 -2.794704 7.137015
-5.505809 -2.794704 7.137015
-5.505809 -2.794704 7.137015
-5.505809 -2.794704 7.137015
-5.505809 -2.794704 7.137015
-5.505809 -2.794704 7.137015
-2.182942 -5.709555 9.515368
-2.182942 -5.709555 9.515368
-2.182942 -5.709555 9.515368
-2.182942 -5.709555 9.515368
-2.182942 -5.709555 9.515368
-2.182942 -5.709555 9.515368
-2.182942 -5.709555 9.515368
0.214259 -4.906763 7.347444
0.214259 -4.906763 7.347444
0.214259 -4.906763 7.347444
0.214259 -4.906763 7.347444
0.214259 -4.906763 7.347444
0.214259 -4.906763 7.347444
0.214259 -4.906763 7.347444
0.214259 -4.906763 7.347444
3.339830 -2.996819 5.584553
3.339830 -2.996819 5.584553
3.339830 -2.996819 5.584553
3.339830 -2.996819 5.584553
3.339830 -2.996819 5.584553
3.339830 -2.996819 5.584553
3.339830 -2.996819 5.584553
3.339830 -2.996819 5.584553
-9.140693 0.168372 9.034574
-9.140693 0.168372 9.034574
-9.140693 0.168372 9.034574
-9.140693 0.168372 9.034574
-9.140693 0.168372 9.034574
-9.140693 0.168372 9.034574
-9.140693 0.168372 9.034574
-4.245935 1.271312 12.314927
-4.245935 1.271312 12.314927
-4.245935 1.271312 12.314927
-4.245935 1.271312 12.314927
-4.245935 1.271312 12.314927
-4.245935 1.271312 12.314927
-4.245935 1.271312 12.314927
-4.245935 1.271312 12.314927
-2.902159 1.476440 14.098898
-2.902159 1.476440 14.098898
-2.902159 1.476440 14.098898
-2.902159 1.476440 14.098898
-2.902159 1.476440 14.098898
-2.902159 1.476440 14.098898
-2.902159 1.476440 14.098898
-3.132320 1.748457 12.247297
-3.132320 1.748457 12.247297
-3.132320 1.748457 12.247297
-3.132320 1.748457 12.247297
-3.132320 1.748457 12.247297
-3.132320 1.748457 12.247297
-3.132320 1.748457 12.247297
-3.132320 1.748457 12.247297
-3.385989 1.968047 12.687980
-3.385989 1.968047 12.687980
-3.385989 1.968047 12.687980
-3.385989 1.968047 12.687980
-3.385989 1.968047 12.687980
-3.385989 1.968047 12.687980
-3.385989 1.968047 12.687980
-3.385989 1.968047 12.687980
-3.113625 2.003967 12.424194
-3.113625 2.003967 12.424194
-3.113625 2.003967 12.424194
-3.113625 2.003967 12.424194
-3.113625 2.003967 12.424194
-3.113625 2.003967 12.424194
1.341730 2.126150 8.156133
1.341730 2.126150 8.156133
1.341730 2.126150 8.156133
1.341730 2.126150 8.156133
1.341730 2.126150 8.156133
1.341730 2.126150 8.156133
1.341730 2.126150 8.156133
1.341730 2.126150 8.156133
2.281326 4.301290 11.973140
2.281326 4.301290 11.973140
2.281326 4.301290 11.973140
2.281326 4.301290 11.973140
2.281326 4.301290 11.973140
2.281326 4.301290 11.973140
2.281326 4.301290 11.973140
2.281326 4.301290 11.973140
6.226168 1.893477 19.375901
6.226168 1.893477 19.375901
6.226168 1.893477 19.375901
6.226168 1.893477 19.375901
6.226168 1.893477 19.375901
6.226168 1.893477 19.375901
6.226168 1.893477 19.375901
3.241144 2.304353 13.949246
3.241144 2.304353 13.949246
3.241144 2.304353 13.949246
3.241144 2.304353 13.949246
3.241144 2.304353 13.949246
3.241144 2.304353 13.949246
3.241144 2.304353 13.949246
3.241144 2.304353 13.949246
0.171783 -1.377882 12.969513
0.171783 -1.377882 12.969513
0.171783 -1.377882 12.969513
0.171783 -1.377882 12.969513
0.171783 -1.377882 12.969513
0.171783 -1.377882 12.969513
0.171783 -1.377882 12.969513
0.171783 -1.377882 12.969513
-1.453517 -1.903845 19.141474
-1.453517 -1.903845 19.141474
-1.453517 -1.903845 19.141474
-1.453517 -1.903845 19.141474
-1.453517 -1.903845 19.141474
-1.453517 -1.903845 19.141474
-1.453517 -1.903845 19.141474
0.522942 3.543007 13.818683
0.522942 3.543007 13.818683
0.522942 3.543007 13.818683
0.522942 3.543007 13.818683
0.522942 3.543007 13.818683
0.522942 3.543007 13.818683
0.522942 3.543007 13.818683
0.522942 3.543007 13.818683
1.810540 3.660671 20.329805
1.810540 3.660671 20.329805
1.810540 3.660671 20.329805
1.810540 3.660671 20.329805
1.810540 3.660671 20.329805
1.810540 3.660671 20.329805
4.399029 12.903821 30.635024
4.399029 12.903821 30.635024
4.399029 12.903821 30.635024
4.399029 12.903821 30.635024
4.399029 12.903821 30.635024
4.399029 12.903821 30.635024
4.399029 12.903821 30.635024
4.399029 12.903821 30.635024
4.399029 12.903821 30.635024
-1.642629 32.749456 24.667452
-1.642629 32.749456 24.667452
-1.642629 32.749456 24.667452
-1.642629 32.749456 24.667452
-1.642629 32.749456 24.667452
-1.642629 32.749456 24.667452
-1.642629 32.749456 24.667452
-1.642629 32.749456 24.667452
-2.306069 38.621055 25.153483
-2.306069 38.621055 25.153483
-2.306069 38.621055 25.153483
-2.306069 38.621055 25.153483
-2.306069 38.621055 25.153483
-2.306069 38.621055 25.153483
-2.306069 38.621055 25.153483
-2.306069 38.621055 25.153483
-0.942867 42.150180 25.517505
-0.942867 42.150180 25.517505
-0.942867 42.150180 25.517505
-0.942867 42.150180 25.517505
-0.942867 42.150180 25.517505
-0.942867 42.150180 25.517505
-0.942867 42.150180 25.517505
-0.942867 42.150180 25.517505
-0.820038 43.770072 25.273585
-0.820038 43.770072 25.273585
-0.820038 43.770072 25.273585
-0.820038 43.770072 25.273585
-0.820038 43.770072 25.273585
-0.820038 43.770072 25.273585
-0.820038 43.770072 25.273585
-0.820038 43.770072 25.273585
0.206982 44.732261 25.095418
0.206982 44.732261 25.095418
0.206982 44.732261 25.095418
0.206982 44.732261 25.095418
0.206982 44.732261 25.095418
0.206982 44.732261 25.095418
0.206982 44.732261 25.095418
0.206982 44.732261 25.095418
0.343698 48.601447 25.428776
0.343698 48.601447 25.428776
0.343698 48.601447 25.428776
0.343698 48.601447 25.428776
0.343698 48.601447 25.428776
0.343698 48.601447 25.428776
0.343698 48.601447 25.428776
0.343698 48.601447 25.428776
0.488466 53.814685 24.911539
0.488466 53.814685 24.911539
0.488466 53.814685 24.911539
0.488466 53.814685 24.911539
0.488466 53.814685 24.911539
0.488466 53.814685 24.911539
0.488466 53.814685 24.911539
0.488466 53.814685 24.911539
0.439837 56.211856 24.479067
0.439837 56.211856 24.479067
0.439837 56.211856 24.479067
0.439837 56.211856 24.479067
0.439837 56.211856 24.479067
0.439837 56.211856 24.479067
0.439837 56.211856 24.479067
0.439837 56.211856 24.479067
0.439837 56.211856 24.479067
0.407851 55.346734 24.511952
0.407851 55.346734 24.511952
0.407851 55.346734 24.511952
0.407851 55.346734 24.511952
0.407851 55.346734 24.511952
0.407851 55.346734 24.511952
0.407851 55.346734 24.511952
0.407851 55.346734 24.511952
2.763612 12.533941 10.170275
2.763612 12.533941 10.170275
2.763612 12.533941 10.170275
2.763612 12.533941 10.170275
2.763612 12.533941 10.170275
2.763612 12.533941 10.170275
2.763612 12.533941 10.170275
2.763612 12.533941 10.170275
13.748631 9.034366 -6.933956
13.748631 9.034366 -6.933956
13.748631 9.034366 -6.933956
13.748631 9.034366 -6.933956
13.748631 9.034366 -6.933956
13.748631 9.034366 -6.933956
13.748631 9.034366 -6.933956
15.705527 5.046188 -7.304808
15.705527 5.046188 -7.304808
15.705527 5.046188 -7.304808
15.705527 5.046188 -7.304808
15.705527 5.046188 -7.304808
15.705527 5.046188 -7.304808
15.705527 5.046188 -7.304808
15.705527 5.046188 -7.304808
11.161025 8.308661 -9.500313
11.161025 8.308661 -9.500313
11.161025 8.308661 -9.500313
11.161025 8.308661 -9.500313
11.161025 8.308661 -9.500313
11.161025 8.308661 -9.500313
11.161025 8.308661 -9.500313
11.161025 8.308661 -9.500313
11.138497 7.091636 -8.834855
11.138497 7.091636 -8.834855
11.138497 7.091636 -8.834855
11.138497 7.091636 -8.834855
11.138497 7.091636 -8.834855
11.138497 7.091636 -8.834855
11.138497 7.091636 -8.834855
11.138497 7.091636 -8.834855
11.518011 7.553814 -9.413866
11.518011 7.553814 -9.413866
11.518011 7.553814 -9.413866
11.518011 7.553814 -9.413866
11.518011 7.553814 -9.413866
11.518011 7.553814 -9.413866
11.518011 7.553814 -9.413866
11.518011 7.553814 -9.413866
10.701505 7.100105 -9.940615
10.701505 7.100105 -9.940615
10.701505 7.100105 -9.940615
10.701505 7.100105 -9.940615
10.701505 7.100105 -9.940615
10.701505 7.100105 -9.940615
10.701505 7.100105 -9.940615
10.701505 7.100105 -9.940615
10.701505 7.100105 -9.940615
8.246088 7.774932 -7.082163
8.246088 7.774932 -7.082163
8.246088 7.774932 -7.082163
8.246088 7.774932 -7.082163
8.246088 7.774932 -7.082163
8.246088 7.774932 -7.082163
8.246088 7.774932 -7.082163
8.066318 6.301049 -4.658684
8.066318 6.301049 -4.658684
8.066318 6.301049 -4.658684
8.066318 6.301049 -4.658684
8.066318 6.301049 -4.658684
8.066318 6.301049 -4.658684
8.066318 6.301049 -4.658684
8.066318 6.301049 -4.658684
6.648542 5.527041 -1.573933
6.648542 5.527041 -1.573933
6.648542 5.527041 -1.573933
6.648542 5.527041 -1.573933
6.648542 5.527041 -1.573933
6.648542 5.527041 -1.573933
6.648542 5.527041 -1.573933
6.648542 5.527041 -1.573933
5.506811 6.526691 -1.813436
5.506811 6.526691 -1.813436
5.506811 6.526691 -1.813436
5.506811 6.526691 -1.813436
5.506811 6.526691 -1.813436
5.506811 6.526691 -1.813436
5.506811 6.526691 -1.813436
5.506811 6.526691 -1.813436
7.168617 2.167782 0.685272
7.168617 2.167782 0.685272
7.168617 2.167782 0.685272
7.168617 2.167782 0.685272
7.168617 2.167782 0.685272
7.168617 2.167782 0.685272
7.168617 2.167782 0.685272
7.168617 2.167782 0.685272
7.271679 4.554829 -3.216326
7.271679 4.554829 -3.216326
7.271679 4.554829 -3.216326
7.271679 4.554829 -3.216326
7.271679 4.554829 -3.216326
7.271679 4.554829 -3.216326
7.271679 4.554829 -3.216326
7.853025 5.098562 -3.727733
7.853025 5.098562 -3.727733
7.853025 5.098562 -3.727733
7.853025 5.098562 -3.727733
7.853025 5.098562 -3.727733
7.853025 5.098562 -3.727733
7.853025 5.098562 -3.727733
7.853025 5.098562 -3.727733
7.853025 5.098562 -3.727733
9.326135 4.416141 -2.407846
9.326135 4.416141 -2.407846
9.326135 4.416141 -2.407846
9.326135 4.416141 -2.407846
9.326135 4.416141 -2.407846
9.326135 4.416141 -2.407846
9.326135 4.416141 -2.407846
9.326135 4.416141 -2.407846
11.189802 2.945299 -5.811934
11.189802 2.945299 -5.811934
11.189802 2.945299 -5.811934
11.189802 2.945299 -5.811934
11.189802 2.945299 -5.811934
11.189802 2.945299 -5.811934
11.189802 2.945299 -5.811934
11.189802 2.945299 -5.811934
10.699235 5.903058 -7.800068
10.699235 5.903058 -7.800068
10.699235 5.903058 -7.800068
10.699235 5.903058 -7.800068
10.699235 5.903058 -7.800068
10.699235 5.903058 -7.800068
10.699235 5.903058 -7.800068
12.850986 8.060402 -3.590515
12.850986 8.060402 -3.590515
12.850986 8.060402 -3.590515
12.850986 8.060402 -3.590515
12.850986 8.060402 -3.590515
12.850986 8.060402 -3.590515
12.850986 8.060402 -3.590515
12.850986 8.060402 -3.590515
12.850986 8.060402 -3.590515
11.683110 8.706957 -0.975709
11.683110 8.706957 -0.975709
11.683110 8.706957 -0.975709
11.683110 8.706957 -0.975709
11.683110 8.706957 -0.975709
11.683110 8.706957 -0.975709
11.683110 8.706957 -0.975709
9.525564 8.657499 4.936048
9.525564 8.657499 4.936048
9.525564 8.657499 4.936048
9.525564 8.657499 4.936048
9.525564 8.657499 4.936048
9.525564 8.657499 4.936048
9.525564 8.657499 4.936048
9.525564 8.657499 4.936048
9.525564 8.657499 4.936048
23.890883 8.140400 33.518067
23.890883 8.140400 33.518067
23.890883 8.140400 33.518067
23.890883 8.140400 33.518067
23.890883 8.140400 33.518067
23.890883 8.140400 33.518067
23.890883 8.140400 33.518067
47.153536 4.800014 44.668758
47.153536 4.800014 44.668758
47.153536 4.800014 44.668758
47.153536 4.800014 44.668758
47.153536 4.800014 44.668758
47.153536 4.800014 44.668758
47.153536 4.800014 44.668758
47.153536 4.800014 44.668758
47.153536 4.800014 44.668758
51.553988 7.290587 36.093950
51.553988 7.290587 36.093950
51.553988 7.290587 36.093950
51.553988 7.290587 36.093950
51.553988 7.290587 36.093950
51.553988 7.290587 36.093950
51.553988 7.290587 36.093950
51.059318 18.809240 35.040715
51.059318 18.809240 35.040715
51.059318 18.809240 35.040715
51.059318 18.809240 35.040715
51.059318 18.809240 35.040715
51.059318 18.809240 35.040715
51.059318 18.809240 35.040715
51.059318 18.809240 35.040715
51.059318 18.809240 35.040715
51.417080 18.717621 35.103873
51.417080 18.717621 35.103873
51.417080 18.717621 35.103873
51.417080 18.717621 35.103873
51.417080 18.717621 35.103873
51.417080 18.717621 35.103873
51.417080 18.717621 35.103873
51.417080 18.717621 35.103873
53.295881 17.742596 38.398613
53.295881 17.742596 38.398613
53.295881 17.742596 38.398613
53.295881 17.742596 38.398613
53.295881 17.742596 38.398613
53.295881 17.742596 38.398613
53.295881 17.742596 38.398613
53.752223 19.171025 40.365496
53.752223 19.171025 40.365496
53.752223 19.171025 40.365496
53.752223 19.171025 40.365496
53.752223 19.171025 40.365496
53.752223 19.171025 40.365496
53.752223 19.171025 40.365496
53.752223 19.171025 40.365496
53.752223 19.171025 40.365496
53.845591 20.735660 40.890717
53.845591 20.735660 40.890717
53.845591 20.735660 40.890717
53.845591 20.735660 40.890717
53.845591 20.735660 40.890717
53.845591 20.735660 40.890717
53.845591 20.735660 40.890717
53.845591 20.735660 40.890717
53.845591 20.735660 40.890717
52.097674 20.718465 40.190466
52.097674 20.718465 40.190466
52.097674 20.718465 40.190466
52.097674 20.718465 40.190466
52.097674 20.718465 40.190466
52.097674 20.718465 40.190466
52.097674 20.718465 40.190466
52.097674 20.718465 40.190466
49.952131 19.416252 38.796987
49.952131 19.416252 38.796987
49.952131 19.416252 38.796987
49.952131 19.416252 38.796987
49.952131 19.416252 38.796987
49.952131 19.416252 38.796987
49.952131 19.416252 38.796987
49.952131 19.416252 38.796987
49.363136 18.868838 38.307546
49.363136 18.868838 38.307546
49.363136 18.868838 38.307546
49.363136 18.868838 38.307546
49.363136 18.868838 38.307546
49.363136 18.868838 38.307546
49.363136 18.868838 38.307546
49.363136 18.868838 38.307546
49.363136 18.868838 38.307546
47.441080 16.708576 36.396900
47.441080 16.708576 36.396900
47.441080 16.708576 36.396900
47.441080 16.708576 36.396900
47.441080 16.708576 36.396900
47.441080 16.708576 36.396900
47.441080 16.708576 36.396900
47.441080 16.708576 36.396900
47.470894 16.073150 35.722368
47.470894 16.073150 35.722368
47.470894 16.073150 35.722368
47.470894 16.073150 35.722368
47.470894 16.073150 35.722368
47.470894 16.073150 35.722368
47.470894 16.073150 35.722368
47.470894 16.073150 35.722368
47.054912 16.448233 35.245849
47.054912 16.448233 35.245849
47.054912 16.448233 35.245849
47.054912 16.448233 35.245849
47.054912 16.448233 35.245849
47.054912 16.448233 35.245849
47.054912 16.448233 35.245849
47.054912 16.448233 35.245849
47.054912 16.448233 35.245849
46.620109 16.532820 34.633680
46.620109 16.532820 34.633680
46.620109 16.532820 34.633680
46.620109 16.532820 34.633680
46.620109 16.532820 34.633680
46.620109 16.532820 34.633680
46.620109 16.532820 34.633680
46.620109 16.532820 34.633680
46.620109 16.532820 34.633680
46.030923 16.695807 34.556027
46.030923 16.695807 34.556027
46.030923 16.695807 34.556027
46.030923 16.695807 34.556027
46.030923 16.695807 34.556027
46.030923 16.695807 34.556027
46.030923 16.695807 34.556027
45.093387 16.630232 34.332212
45.093387 16.630232 34.332212
45.093387 16.630232 34.332212
45.093387 16.630232 34.332212
45.093387 16.630232 34.332212
45.093387 16.630232 34.332212
45.093387 16.630232 34.332212
44.603762 16.778380 34.388281
44.603762 16.778380 34.388281
44.603762 16.778380 34.388281
44.603762 16.778380 34.388281
44.603762 16.778380 34.388281
44.603762 16.778380 34.388281
44.603762 16.778380 34.388281
44.603762 16.778380 34.388281
43.699837 16.365920 35.755159
43.699837 16.365920 35.755159
43.699837 16.365920 35.755159
43.699837 16.365920 35.755159
43.699837 16.365920 35.755159
43.699837 16.365920 35.755159
43.699837 16.365920 35.755159
43.699837 16.365920 35.755159
43.699837 16.365920 35.755159
37.327462 14.262416 34.842137
37.327462 14.262416 34.842137
37.327462 14.262416 34.842137
37.327462 14.262416 34.842137
37.327462 14.262416 34.842137
37.327462 14.262416 34.842137
37.327462 14.262416 34.842137
35.005997 11.978515 34.602493
35.005997 11.978515 34.602493
35.005997 11.978515 34.602493
35.005997 11.978515 34.602493
35.005997 11.978515 34.602493
35.005997 11.978515 34.602493
35.005997 11.978515 34.602493
35.005997 11.978515 34.602493
35.005997 11.978515 34.602493
33.932516 11.563077 34.932340
33.932516 11.563077 34.932340
33.932516 11.563077 34.932340
33.932516 11.563077 34.932340
33.932516 11.563077 34.932340
33.932516 11.563077 34.932340
33.932516 11.563077 34.932340
33.932516 11.563077 34.932340
35.573002 12.392605 34.596899
35.573002 12.392605 34.596899
35.573002 12.392605 34.596899
35.573002 12.392605 34.596899
35.573002 12.392605 34.596899
35.573002 12.392605 34.596899
35.573002 12.392605 34.596899
35.573002 12.392605 34.596899
35.573002 12.392605 34.596899
39.642831 11.916089 33.746920
39.642831 11.916089 33.746920
39.642831 11.916089 33.746920
39.642831 11.916089 33.746920
39.642831 11.916089 33.746920
39.642831 11.916089 33.746920
39.642831 11.916089 33.746920
39.642831 11.916089 33.746920
44.640139 11.574948 36.501245
44.640139 11.574948 36.501245
44.640139 11.574948 36.501245
44.640139 11.574948 36.501245
44.640139 11.574948 36.501245
44.640139 11.574948 36.501245
44.640139 11.574948 36.501245
44.640139 11.574948 36.501245
44.640139 11.574948 36.501245
45.124680 8.380448 35.599458
45.124680 8.380448 35.599458
45.124680 8.380448 35.599458
45.124680 8.380448 35.599458
45.124680 8.380448 35.599458
45.124680 8.380448 35.599458
45.124680 8.380448 35.599458
44.571656 9.898238 37.140390
44.571656 9.898238 37.140390
44.571656 9.898238 37.140390
44.571656 9.898238 37.140390
44.571656 9.898238 37.140390
44.571656 9.898238 37.140390
44.571656 9.898238 37.140390
44.571656 9.898238 37.140390
44.571656 9.898238 37.140390
36.077551 10.286530 34.298782
36.077551 10.286530 34.298782
36.077551 10.286530 34.298782
36.077551 10.286530 34.298782
36.077551 10.286530 34.298782
36.077551 10.286530 34.298782
36.077551 10.286530 34.298782
36.077551 10.286530 34.298782
34.323097 9.110456 31.778104
34.323097 9.110456 31.778104
34.323097 9.110456 31.778104
34.323097 9.110456 31.778104
34.323097 9.110456 31.778104
34.323097 9.110456 31.778104
34.323097 9.110456 31.778104
34.323097 9.110456 31.778104
44.837398 16.868185 41.298944
44.837398 16.868185 41.298944
44.837398 16.868185 41.298944
44.837398 16.868185 41.298944
44.837398 16.868185 41.298944
44.837398 16.868185 41.298944
44.837398 16.868185 41.298944
44.837398 16.868185 41.298944
44.837398 16.868185 41.298944
47.715176 18.614695 41.271900
47.715176 18.614695 41.271900
47.715176 18.614695 41.271900
47.715176 18.614695 41.271900
47.715176 18.614695 41.271900
47.715176 18.614695 41.271900
47.715176 18.614695 41.271900
47.715176 18.614695 41.271900
47.715176 18.614695 41.271900
45.161846 16.904708 39.058447
45.161846 16.904708 39.058447
45.161846 16.904708 39.058447
45.161846 16.904708 39.058447
45.161846 16.904708 39.058447
45.161846 16.904708 39.058447
45.161846 16.904708 39.058447
45.161846 16.904708 39.058447
43.696337 16.177607 40.334145
43.696337 16.177607 40.334145
43.696337 16.177607 40.334145
43.696337 16.177607 40.334145
43.696337 16.177607 40.334145
43.696337 16.177607 40.334145
43.696337 16.177607 40.334145
43.696337 16.177607 40.334145
48.207117 20.149575 42.910250
48.207117 20.149575 42.910250
48.207117 20.149575 42.910250
48.207117 20.149575 42.910250
48.207117 20.149575 42.910250
48.207117 20.149575 42.910250
48.207117 20.149575 42.910250
48.207117 20.149575 42.910250
50.183664 22.356684 43.770677
50.183664 22.356684 43.770677
50.183664 22.356684 43.770677
50.183664 22.356684 43.770677
50.183664 22.356684 43.770677
50.183664 22.356684 43.770677
50.183664 22.356684 43.770677
50.183664 22.356684 43.770677
50.183664 22.356684 43.770677
49.788797 22.363884 43.643618
49.788797 22.363884 43.643618
49.788797 22.363884 43.643618
49.788797 22.363884 43.643618
49.788797 22.363884 43.643618
49.788797 22.363884 43.643618
49.788797 22.363884 43.643618
49.788797 22.363884 43.643618
50.420600 22.547783 44.134203
50.420600 22.547783 44.134203
50.420600 22.547783 44.134203
50.420600 22.547783 44.134203
50.420600 22.547783 44.134203
50.420600 22.547783 44.134203
50.420600 22.547783 44.134203
50.420600 22.547783 44.134203
50.420600 22.547783 44.134203
50.165830 22.159782 42.795425
50.165830 22.159782 42.795425
50.165830 22.159782 42.795425
50.165830 22.159782 42.795425
50.165830 22.159782 42.795425
50.165830 22.159782 42.795425
50.165830 22.159782 42.795425
50.165830 22.159782 42.795425
50.552826 22.784032 41.501493
50.552826 22.784032 41.501493
50.552826 22.784032 41.501493
50.552826 22.784032 41.501493
50.552826 22.784032 41.501493
50.552826 22.784032 41.501493
50.552826 22.784032 41.501493
50.552826 22.784032 41.501493
50.615113 21.815132 40.279289
50.615113 21.815132 40.279289
50.615113 21.815132 40.279289
50.615113 21.815132 40.279289
50.615113 21.815132 40.279289
50.615113 21.815132 40.279289
50.615113 21.815132 40.279289
50.615113 21.815132 40.279289
50.615113 21.815132 40.279289
50.685649 23.246477 42.430778
50.685649 23.246477 42.430778
50.685649 23.246477 42.430778
50.685649 23.246477 42.430778
50.685649 23.246477 42.430778
50.685649 23.246477 42.430778
50.685649 23.246477 42.430778
50.685649 23.246477 42.430778
50.685649 23.246477 42.430778
49.016183 26.973133 45.671412
49.016183 26.973133 45.671412
49.016183 26.973133 45.671412
49.016183 26.973133 45.671412
49.016183 26.973133 45.671412
49.016183 26.973133 45.671412
49.016183 26.973133 45.671412
49.016183 26.973133 45.671412
49.016183 26.973133 45.671412
49.016183 26.973133 45.671412
49.016183 26.973133 45.671412
49.016183 26.973133 45.671412
49.016183 26.973133 45.671412
49.016183 26.973133 45.671412
49.016183 26.973133 45.671412
49.016183 26.973133 45.671412
49.016183 26.973133 45.671412
50.319056 30.034866 48.352361
50.319056 30.034866 48.352361
50.319056 30.034866 48.352361
50.319056 30.034866 48.352361
50.319056 30.034866 48.352361
50.319056 30.034866 48.352361
50.319056 30.034866 48.352361
50.319056 30.034866 48.352361
50.308096 30.151532 48.208401
50.308096 30.151532 48.208401
50.308096 30.151532 48.208401
50.308096 30.151532 48.208401
50.308096 30.151532 48.208401
50.308096 30.151532 48.208401
50.308096 30.151532 48.208401
50.308096 30.151532 48.208401
50.451076 29.816521 47.723710
50.451076 29.816521 47.723710
50.451076 29.816521 47.723710
50.451076 29.816521 47.723710
50.451076 29.816521 47.723710
50.451076 29.816521 47.723710
50.451076 29.816521 47.723710
50.451076 29.816521 47.723710
50.451076 29.816521 47.723710
50.411529 29.428331 47.326890
50.411529 29.428331 47.326890
50.411529 29.428331 47.326890
50.411529 29.428331 47.326890
50.411529 29.428331 47.326890
50.411529 29.428331 47.326890
50.411529 29.428331 47.326890
50.411529 29.428331 47.326890
50.411529 29.428331 47.326890
50.461001 29.046728 46.973236
50.461001 29.046728 46.973236
50.461001 29.046728 46.973236
50.461001 29.046728 46.973236
50.461001 29.046728 46.973236
50.461001 29.046728 46.973236
50.461001 29.04