-1.658280 -14.809240 -174.499025
-1.658280 -14.809240 -174.499025
-1.658280 -14.809240 -174.499025
-1.658280 -14.809240 -174.499025
-1.658280 -14.809240 -174.499025
-1.658280 -14.809240 -174.499025
-1.665406 -15.165762 -175.309660
-1.665406 -15.165762 -175.309660
-1.665406 -15.165762 -175.309660
-1.665406 -15.165762 -175.309660
-1.665406 -15.165762 -175.309660
-1.665406 -15.165762 -175.309660
-1.665406 -15.165762 -175.309660
-1.665406 -15.165762 -175.309660
-1.665406 -15.165762 -175.309660
-1.665406 -15.165762 -175.309660
-1.665406 -15.165762 -175.309660
-1.638908 -15.370422 -175.967407
-1.638908 -15.370422 -175.967407
-1.638908 -15.370422 -175.967407
-1.638908 -15.370422 -175.967407
-1.638908 -15.370422 -175.967407
-1.638908 -15.370422 -175.967407
-1.638908 -15.370422 -175.967407
-1.638908 -15.370422 -175.967407
-1.638908 -15.370422 -175.967407
-1.638908 -15.370422 -175.967407
-1.638908 -15.370422 -175.967407
-1.584453 -15.507205 -176.483018
-1.584453 -15.507205 -176.483018
-1.584453 -15.507205 -176.483018
-1.584453 -15.507205 -176.483018
-1.584453 -15.507205 -176.483018
-1.584453 -15.507205 -176.483018
-1.584453 -15.507205 -176.483018
-1.584453 -15.507205 -176.483018
-1.584453 -15.507205 -176.483018
-1.584453 -15.507205 -176.483018
-1.584453 -15.507205 -176.483018
-1.510674 -15.587656 -176.886136
-1.510674 -15.587656 -176.886136
-1.510674 -15.587656 -176.886136
-1.510674 -15.587656 -176.886136
-1.510674 -15.587656 -176.886136
-1.510674 -15.587656 -176.886136
-1.510674 -15.587656 -176.886136
-1.510674 -15.587656 -176.886136
-1.510674 -15.587656 -176.886136
-1.510674 -15.587656 -176.886136
-1.510674 -15.587656 -176.886136
-1.450692 -15.662729 -177.206704
-1.450692 -15.662729 -177.206704
-1.450692 -15.662729 -177.206704
-1.450692 -15.662729 -177.206704
-1.450692 -15.662729 -177.206704
-1.450692 -15.662729 -177.206704
-1.450692 -15.662729 -177.206704
-1.450692 -15.662729 -177.206704
-1.450692 -15.662729 -177.206704
-1.450692 -15.662729 -177.206704
-1.450692 -15.662729 -177.206704
-1.395787 -15.703797 -177.452864
-1.395787 -15.703797 -177.452864
-1.395787 -15.703797 -177.452864
-1.395787 -15.703797 -177.452864
-1.395787 -15.703797 -177.452864
-1.395787 -15.703797 -177.452864
-1.395787 -15.703797 -177.452864
-1.395787 -15.703797 -177.452864
-1.395787 -15.703797 -177.452864
-1.395787 -15.703797 -177.452864
-1.395787 -15.703797 -177.452864
-1.350592 -15.721712 -177.643631
-1.350592 -15.721712 -177.643631
-1.350592 -15.721712 -177.643631
-1.350592 -15.721712 -177.643631
-1.350592 -15.721712 -177.643631
-1.350592 -15.721712 -177.643631
-1.350592 -15.721712 -177.643631
-1.350592 -15.721712 -177.643631
-1.350592 -15.721712 -177.643631
-1.350592 -15.721712 -177.643631
-1.350592 -15.721712 -177.643631
-1.301855 -15.735636 -177.778677
-1.301855 -15.735636 -177.778677
-1.301855 -15.735636 -177.778677
-1.301855 -15.735636 -177.778677
-1.301855 -15.735636 -177.778677
-1.301855 -15.735636 -177.778677
-1.301855 -15.735636 -177.778677
-1.301855 -15.735636 -177.778677
-1.301855 -15.735636 -177.778677
-1.301855 -15.735636 -177.778677
-1.266084 -15.749354 -177.892632
-1.266084 -15.749354 -177.892632
-1.266084 -15.749354 -177.892632
-1.266084 -15.749354 -177.892632
-1.266084 -15.749354 -177.892632
-1.266084 -15.749354 -177.892632
-1.266084 -15.749354 -177.892632
-1.266084 -15.749354 -177.892632
-1.266084 -15.749354 -177.892632
-1.266084 -15.749354 -177.892632
-1.217592 -15.705195 -177.960183
-1.217592 -15.705195 -177.960183
-1.217592 -15.705195 -177.960183
-1.217592 -15.705195 -177.960183
-1.217592 -15.705195 -177.960183
-1.217592 -15.705195 -177.960183
-1.217592 -15.705195 -177.960183
-1.217592 -15.705195 -177.960183
-1.217592 -15.705195 -177.960183
-1.217592 -15.705195 -177.960183
-1.217592 -15.705195 -177.960183
-1.186705 -15.721890 -177.995304
-1.186705 -15.721890 -177.995304
-1.186705 -15.721890 -177.995304
-1.186705 -15.721890 -177.995304
-1.186705 -15.721890 -177.995304
-1.186705 -15.721890 -177.995304
-1.186705 -15.721890 -177.995304
-1.186705 -15.721890 -177.995304
-1.186705 -15.721890 -177.995304
-1.186705 -15.721890 -177.995304
4.481497 -7.651337 -176.732538
4.481497 -7.651337 -176.732538
4.481497 -7.651337 -176.732538
4.481497 -7.651337 -176.732538
4.481497 -7.651337 -176.732538
4.481497 -7.651337 -176.732538
4.481497 -7.651337 -176.732538
4.481497 -7.651337 -176.732538
4.481497 -7.651337 -176.732538
4.481497 -7.651337 -176.732538
-9.489068 4.448032 174.773531
-9.489068 4.448032 174.773531
-9.489068 4.448032 174.773531
-9.489068 4.448032 174.773531
-9.489068 4.448032 174.773531
-9.489068 4.448032 174.773531
-9.489068 4.448032 174.773531
-9.489068 4.448032 174.773531
-9.489068 4.448032 174.773531
-9.489068 4.448032 174.773531
-3.852591 10.252924 164.571141
-3.852591 10.252924 164.571141
-3.852591 10.252924 164.571141
-3.852591 10.252924 164.571141
-3.852591 10.252924 164.571141
-3.852591 10.252924 164.571141
-3.852591 10.252924 164.571141
-3.852591 10.252924 164.571141
-3.852591 10.252924 164.571141
-3.852591 10.252924 164.571141
-3.924004 5.213229 158.757502
-3.924004 5.213229 158.757502
-3.924004 5.213229 158.757502
-3.924004 5.213229 158.757502
-3.924004 5.213229 158.757502
-3.924004 5.213229 158.757502
-3.924004 5.213229 158.757502
-3.924004 5.213229 158.757502
-3.924004 5.213229 158.757502
-3.924004 5.213229 158.757502
3.704653 4.357200 154.234086
3.704653 4.357200 154.234086
3.704653 4.357200 154.234086
3.704653 4.357200 154.234086
3.704653 4.357200 154.234086
3.704653 4.357200 154.234086
3.704653 4.357200 154.234086
3.704653 4.357200 154.234086
3.704653 4.357200 154.234086
3.704653 4.357200 154.234086
1.893650 3.253625 148.066835
1.893650 3.253625 148.066835
1.893650 3.253625 148.066835
1.893650 3.253625 148.066835
1.893650 3.253625 148.066835
1.893650 3.253625 148.066835
1.893650 3.253625 148.066835
1.893650 3.253625 148.066835
1.893650 3.253625 148.066835
1.893650 3.253625 148.066835
1.893650 3.253625 148.066835
0.536526 2.777292 145.532139
0.536526 2.777292 145.532139
0.536526 2.777292 145.532139
0.536526 2.777292 145.532139
0.536526 2.777292 145.532139
0.536526 2.777292 145.532139
0.536526 2.777292 145.532139
0.536526 2.777292 145.532139
0.536526 2.777292 145.532139
0.536526 2.777292 145.532139
0.430652 2.660608 143.865914
0.430652 2.660608 143.865914
0.430652 2.660608 143.865914
0.430652 2.660608 143.865914
0.430652 2.660608 143.865914
0.430652 2.660608 143.865914
0.430652 2.660608 143.865914
0.430652 2.660608 143.865914
0.430652 2.660608 143.865914
0.771020 3.060744 142.513796
0.771020 3.060744 142.513796
0.771020 3.060744 142.513796
0.771020 3.060744 142.513796
0.771020 3.060744 142.513796
0.771020 3.060744 142.513796
0.771020 3.060744 142.513796
0.771020 3.060744 142.513796
0.771020 3.060744 142.513796
0.771020 3.060744 142.513796
0.771020 3.060744 142.513796
1.053821 4.544101 141.627852
1.053821 4.544101 141.627852
1.053821 4.544101 141.627852
1.053821 4.544101 141.627852
1.053821 4.544101 141.627852
1.053821 4.544101 141.627852
1.053821 4.544101 141.627852
1.053821 4.544101 141.627852
1.053821 4.544101 141.627852
1.053821 4.544101 141.627852
1.112281 5.762645 141.272150
1.112281 5.762645 141.272150
1.112281 5.762645 141.272150
1.112281 5.762645 141.272150
1.112281 5.762645 141.272150
1.112281 5.762645 141.272150
1.112281 5.762645 141.272150
1.112281 5.762645 141.272150
1.112281 5.762645 141.272150
-0.174479 2.294670 140.797342
-0.174479 2.294670 140.797342
-0.174479 2.294670 140.797342
-0.174479 2.294670 140.797342
-0.174479 2.294670 140.797342
-0.174479 2.294670 140.797342
-0.174479 2.294670 140.797342
-0.174479 2.294670 140.797342
-0.174479 2.294670 140.797342
-0.174479 2.294670 140.797342
0.289044 0.253255 139.908011
0.289044 0.253255 139.908011
0.289044 0.253255 139.908011
0.289044 0.253255 139.908011
0.289044 0.253255 139.908011
0.289044 0.253255 139.908011
0.289044 0.253255 139.908011
0.289044 0.253255 139.908011
0.289044 0.253255 139.908011
0.289044 0.253255 139.908011
0.088423 -0.089334 139.492052
0.088423 -0.089334 139.492052
0.088423 -0.089334 139.492052
0.088423 -0.089334 139.492052
0.088423 -0.089334 139.492052
0.088423 -0.089334 139.492052
0.088423 -0.089334 139.492052
0.088423 -0.089334 139.492052
0.088423 -0.089334 139.492052
0.088423 -0.089334 139.492052
0.088423 -0.089334 139.492052
0.065035 -0.211317 139.093579
0.065035 -0.211317 139.093579
0.065035 -0.211317 139.093579
0.065035 -0.211317 139.093579
0.065035 -0.211317 139.093579
0.065035 -0.211317 139.093579
0.065035 -0.211317 139.093579
0.065035 -0.211317 139.093579
0.065035 -0.211317 139.093579
0.065035 -0.211317 139.093579
0.240701 0.168890 138.784007
0.240701 0.168890 138.784007
0.240701 0.168890 138.784007
0.240701 0.168890 138.784007
0.240701 0.168890 138.784007
0.240701 0.168890 138.784007
0.240701 0.168890 138.784007
0.240701 0.168890 138.784007
0.240701 0.168890 138.784007
0.002970 0.824677 138.624768
0.002970 0.824677 138.624768
0.002970 0.824677 138.624768
0.002970 0.824677 138.624768
0.002970 0.824677 138.624768
0.002970 0.824677 138.624768
0.002970 0.824677 138.624768
0.002970 0.824677 138.624768
0.002970 0.824677 138.624768
0.002970 0.824677 138.624768
0.119797 0.771934 137.920958
0.119797 0.771934 137.920958
0.119797 0.771934 137.920958
0.119797 0.771934 137.920958
0.119797 0.771934 137.920958
0.119797 0.771934 137.920958
0.119797 0.771934 137.920958
0.119797 0.771934 137.920958
0.119797 0.771934 137.920958
0.119797 0.771934 137.920958
0.751772 0.827680 137.686013
0.751772 0.827680 137.686013
0.751772 0.827680 137.686013
0.751772 0.827680 137.686013
0.751772 0.827680 137.686013
0.751772 0.827680 137.686013
0.751772 0.827680 137.686013
0.751772 0.827680 137.686013
0.751772 0.827680 137.686013
0.751772 0.827680 137.686013
0.255523 0.505690 137.733388
0.255523 0.505690 137.733388
0.255523 0.505690 137.733388
0.255523 0.505690 137.733388
0.255523 0.505690 137.733388
0.255523 0.505690 137.733388
0.255523 0.505690 137.733388
0.255523 0.505690 137.733388
0.255523 0.505690 137.733388
1.409113 -0.055063 137.299589
1.409113 -0.055063 137.299589
1.409113 -0.055063 137.299589
1.409113 -0.055063 137.299589
1.409113 -0.055063 137.299589
1.409113 -0.055063 137.299589
1.409113 -0.055063 137.299589
1.409113 -0.055063 137.299589
1.409113 -0.055063 137.299589
1.409113 -0.055063 137.299589
1.539753 -0.347606 136.719692
1.539753 -0.347606 136.719692
1.539753 -0.347606 136.719692
1.539753 -0.347606 136.719692
1.539753 -0.347606 136.719692
1.539753 -0.347606 136.719692
1.539753 -0.347606 136.719692
1.539753 -0.347606 136.719692
1.539753 -0.347606 136.719692
1.539753 -0.347606 136.719692
1.539753 -0.347606 136.719692
1.864312 -0.142883 136.394315
1.864312 -0.142883 136.394315
1.864312 -0.142883 136.394315
1.864312 -0.142883 136.394315
1.864312 -0.142883 136.394315
1.864312 -0.142883 136.394315
1.864312 -0.142883 136.394315
1.864312 -0.142883 136.394315
1.864312 -0.142883 136.394315
2.550219 0.519100 136.167963
2.550219 0.519100 136.167963
2.550219 0.519100 136.167963
2.550219 0.519100 136.167963
2.550219 0.519100 136.167963
2.550219 0.519100 136.167963
2.550219 0.519100 136.167963
2.550219 0.519100 136.167963
2.550219 0.519100 136.167963
2.550219 0.519100 136.167963
3.209780 0.318539 135.660616
3.209780 0.318539 135.660616
3.209780 0.318539 135.660616
3.209780 0.318539 135.660616
3.209780 0.318539 135.660616
3.209780 0.318539 135.660616
3.209780 0.318539 135.660616
3.209780 0.318539 135.660616
3.209780 0.318539 135.660616
3.209780 0.318539 135.660616
3.209780 0.318539 135.660616
3.318124 0.433141 135.500817
3.318124 0.433141 135.500817
3.318124 0.433141 135.500817
3.318124 0.433141 135.500817
3.318124 0.433141 135.500817
3.318124 0.433141 135.500817
3.318124 0.433141 135.500817
3.318124 0.433141 135.500817
3.318124 0.433141 135.500817
3.267519 1.338347 135.553820
3.267519 1.338347 135.553820
3.267519 1.338347 135.553820
3.267519 1.338347 135.553820
3.267519 1.338347 135.553820
3.267519 1.338347 135.553820
3.267519 1.338347 135.553820
3.267519 1.338347 135.553820
3.267519 1.338347 135.553820
3.267519 1.338347 135.553820
3.267519 1.338347 135.553820
3.219476 1.576403 135.653404
3.219476 1.576403 135.653404
3.219476 1.576403 135.653404
3.219476 1.576403 135.653404
3.219476 1.576403 135.653404
3.219476 1.576403 135.653404
3.219476 1.576403 135.653404
3.219476 1.576403 135.653404
3.219476 1.576403 135.653404
3.219476 1.576403 135.653404
3.392099 0.946583 135.471311
3.392099 0.946583 135.471311
3.392099 0.946583 135.471311
3.392099 0.946583 135.471311
3.392099 0.946583 135.471311
3.392099 0.946583 135.471311
3.392099 0.946583 135.471311
3.392099 0.946583 135.471311
3.392099 0.946583 135.471311
4.554803 -1.887231 135.096579
4.554803 -1.887231 135.096579
4.554803 -1.887231 135.096579
4.554803 -1.887231 135.096579
4.554803 -1.887231 135.096579
4.554803 -1.887231 135.096579
4.554803 -1.887231 135.096579
4.554803 -1.887231 135.096579
4.554803 -1.887231 135.096579
3.175806 -4.728362 135.542481
3.175806 -4.728362 135.542481
3.175806 -4.728362 135.542481
3.175806 -4.728362 135.542481
3.175806 -4.728362 135.542481
3.175806 -4.728362 135.542481
3.175806 -4.728362 135.542481
3.175806 -4.728362 135.542481
3.175806 -4.728362 135.542481
3.175806 -4.728362 135.542481
1.493766 -11.368036 135.548328
1.493766 -11.368036 135.548328
1.493766 -11.368036 135.548328
1.493766 -11.368036 135.548328
1.493766 -11.368036 135.548328
1.493766 -11.368036 135.548328
1.493766 -11.368036 135.548328
1.493766 -11.368036 135.548328
1.493766 -11.368036 135.548328
1.493766 -11.368036 135.548328
1.910333 -13.793130 133.678974
1.910333 -13.793130 133.678974
1.910333 -13.793130 133.678974
1.910333 -13.793130 133.678974
1.910333 -13.793130 133.678974
1.910333 -13.793130 133.678974
1.910333 -13.793130 133.678974
1.910333 -13.793130 133.678974
1.910333 -13.793130 133.678974
1.910333 -13.793130 133.678974
0.841364 -15.191848 132.856701
0.841364 -15.191848 132.856701
0.841364 -15.191848 132.856701
0.841364 -15.191848 132.856701
0.841364 -15.191848 132.856701
0.841364 -15.191848 132.856701
0.841364 -15.191848 132.856701
0.841364 -15.191848 132.856701
0.841364 -15.191848 132.856701
0.841364 -15.191848 132.856701
0.841364 -15.191848 132.856701
0.574080 -16.943838 131.921020
0.574080 -16.943838 131.921020
0.574080 -16.943838 131.921020
0.574080 -16.943838 131.921020
0.574080 -16.943838 131.921020
0.574080 -16.943838 131.921020
0.574080 -16.943838 131.921020
0.574080 -16.943838 131.921020
0.574080 -16.943838 131.921020
0.574080 -16.943838 131.921020
0.175171 -18.514442 130.692105
0.175171 -18.514442 130.692105
0.175171 -18.514442 130.692105
0.175171 -18.514442 130.692105
0.175171 -18.514442 130.692105
0.175171 -18.514442 130.692105
0.175171 -18.514442 130.692105
0.175171 -18.514442 130.692105
0.175171 -18.514442 130.692105
0.175171 -18.514442 130.692105
0.175171 -18.514442 130.692105
1.486986 -12.342405 129.463354
1.486986 -12.342405 129.463354
1.486986 -12.342405 129.463354
1.486986 -12.342405 129.463354
1.486986 -12.342405 129.463354
1.486986 -12.342405 129.463354
1.486986 -12.342405 129.463354
1.486986 -12.342405 129.463354
1.486986 -12.342405 129.463354
1.486986 -12.342405 129.463354
1.887158 -4.593423 131.019230
1.887158 -4.593423 131.019230
1.887158 -4.593423 131.019230
1.887158 -4.593423 131.019230
1.887158 -4.593423 131.019230
1.887158 -4.593423 131.019230
1.887158 -4.593423 131.019230
1.887158 -4.593423 131.019230
1.887158 -4.593423 131.019230
1.887158 -4.593423 131.019230
1.887158 -4.593423 131.019230
1.553257 -1.292185 132.592413
1.553257 -1.292185 132.592413
1.553257 -1.292185 132.592413
1.553257 -1.292185 132.592413
1.553257 -1.292185 132.592413
1.553257 -1.292185 132.592413
1.553257 -1.292185 132.592413
1.553257 -1.292185 132.592413
1.553257 -1.292185 132.592413
1.553257 -1.292185 132.592413
-2.879963 2.127517 130.352303
-2.879963 2.127517 130.352303
-2.879963 2.127517 130.352303
-2.879963 2.127517 130.352303
-2.879963 2.127517 130.352303
-2.879963 2.127517 130.352303
-2.879963 2.127517 130.352303
-2.879963 2.127517 130.352303
-2.879963 2.127517 130.352303
-2.879963 2.127517 130.352303
-2.879963 2.127517 130.352303
-8.073303 4.227532 132.362004
-8.073303 4.227532 132.362004
-8.073303 4.227532 132.362004
-8.073303 4.227532 132.362004
-8.073303 4.227532 132.362004
-8.073303 4.227532 132.362004
-8.073303 4.227532 132.362004
-8.073303 4.227532 132.362004
-8.073303 4.227532 132.362004
-8.073303 4.227532 132.362004
-3.426542 4.199540 135.292087
-3.426542 4.199540 135.292087
-3.426542 4.199540 135.292087
-3.426542 4.199540 135.292087
-3.426542 4.199540 135.292087
-3.426542 4.199540 135.292087
-3.426542 4.199540 135.292087
-3.426542 4.199540 135.292087
-3.426542 4.199540 135.292087
-3.426542 4.199540 135.292087
-6.593815 -0.061498 137.339422
-6.593815 -0.061498 137.339422
-6.593815 -0.061498 137.339422
-6.593815 -0.061498 137.339422
-6.593815 -0.061498 137.339422
-6.593815 -0.061498 137.339422
-6.593815 -0.061498 137.339422
-6.593815 -0.061498 137.339422
-6.593815 -0.061498 137.339422
-6.593815 -0.061498 137.339422
-5.925039 3.662744 135.831808
-5.925039 3.662744 135.831808
-5.925039 3.662744 135.831808
-5.925039 3.662744 135.831808
-5.925039 3.662744 135.831808
-5.925039 3.662744 135.831808
-5.925039 3.662744 135.831808
-5.925039 3.662744 135.831808
-5.925039 3.662744 135.831808
-5.925039 3.662744 135.831808
-4.535785 5.067019 132.242653
-4.535785 5.067019 132.242653
-4.535785 5.067019 132.242653
-4.535785 5.067019 132.242653
-4.535785 5.067019 132.242653
-4.535785 5.067019 132.242653
-4.535785 5.067019 132.242653
-4.535785 5.067019 132.242653
-4.535785 5.067019 132.242653
-4.535785 5.067019 132.242653
-9.297097 2.327424 136.089361
-9.297097 2.327424 136.089361
-9.297097 2.327424 136.089361
-9.297097 2.327424 136.089361
-9.297097 2.327424 136.089361
-9.297097 2.327424 136.089361
-9.297097 2.327424 136.089361
-9.297097 2.327424 136.089361
-9.297097 2.327424 136.089361
-9.297097 2.327424 136.089361
-4.391367 1.683403 135.766320
-4.391367 1.683403 135.766320
-4.391367 1.683403 135.766320
-4.391367 1.683403 135.766320
-4.391367 1.683403 135.766320
-4.391367 1.683403 135.766320
-4.391367 1.683403 135.766320
-4.391367 1.683403 135.766320
-4.391367 1.683403 135.766320
-4.391367 1.683403 135.766320
-4.391367 1.683403 135.766320
-3.002250 0.204901 137.785625
-3.002250 0.204901 137.785625
-3.002250 0.204901 137.785625
-3.002250 0.204901 137.785625
-3.002250 0.204901 137.785625
-3.002250 0.204901 137.785625
-3.002250 0.204901 137.785625
-3.002250 0.204901 137.785625
-3.002250 0.204901 137.785625
-3.002250 0.204901 137.785625
-1.924021 4.900974 139.375625
-1.924021 4.900974 139.375625
-1.924021 4.900974 139.375625
-1.924021 4.900974 139.375625
-1.924021 4.900974 139.375625
-1.924021 4.900974 139.375625
-1.924021 4.900974 139.375625
-1.924021 4.900974 139.375625
-1.924021 4.900974 139.375625
-1.924021 4.900974 139.375625
-5.038264 12.234104 140.576194
-5.038264 12.234104 140.576194
-5.038264 12.234104 140.576194
-5.038264 12.234104 140.576194
-5.038264 12.234104 140.576194
-5.038264 12.234104 140.576194
-5.038264 12.234104 140.576194
-5.038264 12.234104 140.576194
-5.038264 12.234104 140.576194
-5.038264 12.234104 140.576194
-5.038264 12.234104 140.576194
-4.127937 13.061167 141.759497
-4.127937 13.061167 141.759497
-4.127937 13.061167 141.759497
-4.127937 13.061167 141.759497
-4.127937 13.061167 141.759497
-4.127937 13.061167 141.759497
-4.127937 13.061167 141.759497
-4.127937 13.061167 141.759497
-4.127937 13.061167 141.759497
-4.127937 13.061167 141.759497
-4.127937 13.061167 141.759497
-6.895984 3.437040 142.333793
-6.895984 3.437040 142.333793
-6.895984 3.437040 142.333793
-6.895984 3.437040 142.333793
-6.895984 3.437040 142.333793
-6.895984 3.437040 142.333793
-6.895984 3.437040 142.333793
-6.895984 3.437040 142.333793
-6.895984 3.437040 142.333793
-5.684766 -0.786459 142.069028
-5.684766 -0.786459 142.069028
-5.684766 -0.786459 142.069028
-5.684766 -0.786459 142.069028
-5.684766 -0.786459 142.069028
-5.684766 -0.786459 142.069028
-5.684766 -0.786459 142.069028
-5.684766 -0.786459 142.069028
-5.684766 -0.786459 142.069028
-5.684766 -0.786459 142.069028
-5.684766 -0.786459 142.069028
-4.426540 -3.106096 141.127227
-4.426540 -3.106096 141.127227
-4.426540 -3.106096 141.127227
-4.426540 -3.106096 141.127227
-4.426540 -3.106096 141.127227
-4.426540 -3.106096 141.127227
-4.426540 -3.106096 141.127227
-4.426540 -3.106096 141.127227
-4.426540 -3.106096 141.127227
-4.215962 -0.968359 140.404306
-4.215962 -0.968359 140.404306
-4.215962 -0.968359 140.404306
-4.215962 -0.968359 140.404306
-4.215962 -0.968359 140.404306
-4.215962 -0.968359 140.404306
-4.215962 -0.968359 140.404306
-4.215962 -0.968359 140.404306
-4.215962 -0.968359 140.404306
-4.215962 -0.968359 140.404306
-3.468864 0.302368 139.938200
-3.468864 0.302368 139.938200
-3.468864 0.302368 139.938200
-3.468864 0.302368 139.938200
-3.468864 0.302368 139.938200
-3.468864 0.302368 139.938200
-3.468864 0.302368 139.938200
-3.468864 0.302368 139.938200
-3.468864 0.302368 139.938200
-4.452205 0.475530 140.087453
-4.452205 0.475530 140.087453
-4.452205 0.475530 140.087453
-4.452205 0.475530 140.087453
-4.452205 0.475530 140.087453
-4.452205 0.475530 140.087453
-4.452205 0.475530 140.087453
-4.452205 0.475530 140.087453
-4.452205 0.475530 140.087453
-4.452205 0.475530 140.087453
-4.056667 1.182109 139.567676
-4.056667 1.182109 139.567676
-4.056667 1.182109 139.567676
-4.056667 1.182109 139.567676
-4.056667 1.182109 139.567676
-4.056667 1.182109 139.567676
-4.056667 1.182109 139.567676
-4.056667 1.182109 139.567676
-4.056667 1.182109 139.567676
-4.056667 1.182109 139.567676
-6.277883 1.842688 140.164088
-6.277883 1.842688 140.164088
-6.277883 1.842688 140.164088
-6.277883 1.842688 140.164088
-6.277883 1.842688 140.164088
-6.277883 1.842688 140.164088
-6.277883 1.842688 140.164088
-6.277883 1.842688 140.164088
-6.277883 1.842688 140.164088
-6.277883 1.842688 140.164088
-11.104044 2.376944 140.757782
-11.104044 2.376944 140.757782
-11.104044 2.376944 140.757782
-11.104044 2.376944 140.757782
-11.104044 2.376944 140.757782
-11.104044 2.376944 140.757782
-11.104044 2.376944 140.757782
-11.104044 2.376944 140.757782
-11.104044 2.376944 140.757782
-11.485130 1.903301 140.666626
-11.485130 1.903301 140.666626
-11.485130 1.903301 140.666626
-11.485130 1.903301 140.666626
-11.485130 1.903301 140.666626
-11.485130 1.903301 140.666626
-11.485130 1.903301 140.666626
-11.485130 1.903301 140.666626
-11.485130 1.903301 140.666626
-11.485130 1.903301 140.666626
-11.212544 1.755257 140.733835
-11.212544 1.755257 140.733835
-11.212544 1.755257 140.733835
-11.212544 1.755257 140.733835
-11.212544 1.755257 140.733835
-11.212544 1.755257 140.733835
-11.212544 1.755257 140.733835
-11.212544 1.755257 140.733835
-11.212544 1.755257 140.733835
-11.083246 1.550686 140.767399
-11.083246 1.550686 140.767399
-11.083246 1.550686 140.767399
-11.083246 1.550686 140.767399
-11.083246 1.550686 140.767399
-11.083246 1.550686 140.767399
-11.083246 1.550686 140.767399
-11.083246 1.550686 140.767399
-11.083246 1.550686 140.767399
-11.083246 1.550686 140.767399
-11.842943 0.549628 140.637092
-11.842943 0.549628 140.637092
-11.842943 0.549628 140.637092
-11.842943 0.549628 140.637092
-11.842943 0.549628 140.637092
-11.842943 0.549628 140.637092
-11.842943 0.549628 140.637092
-11.842943 0.549628 140.637092
-11.842943 0.549628 140.637092
-11.842943 0.549628 140.637092
-11.842943 0.549628 140.637092
-11.843350 -0.507657 140.428717
-11.843350 -0.507657 140.428717
-11.843350 -0.507657 140.428717
-11.843350 -0.507657 140.428717
-11.843350 -0.507657 140.428717
-11.843350 -0.507657 140.428717
-11.843350 -0.507657 140.428717
-11.843350 -0.507657 140.428717
-11.843350 -0.507657 140.428717
-11.843350 -0.507657 140.428717
-11.843350 -0.507657 140.428717
-13.071320 -2.589308 140.250381
-13.071320 -2.589308 140.250381
-13.071320 -2.589308 140.250381
-13.071320 -2.589308 140.250381
-13.071320 -2.589308 140.250381
-13.071320 -2.589308 140.250381
-13.071320 -2.589308 140.250381
-13.071320 -2.589308 140.250381
-13.071320 -2.589308 140.250381
-13.071320 -2.589308 140.250381
-13.888130 -4.539670 139.825994
-13.888130 -4.539670 139.825994
-13.888130 -4.539670 139.825994
-13.888130 -4.539670 139.825994
-13.888130 -4.539670 139.825994
-13.888130 -4.539670 139.825994
-13.888130 -4.539670 139.825994
-13.888130 -4.539670 139.825994
-13.888130 -4.539670 139.825994
-13.888130 -4.539670 139.825994
-13.933760 -5.411155 139.295288
-13.933760 -5.411155 139.295288
-13.933760 -5.411155 139.295288
-13.933760 -5.411155 139.295288
-13.933760 -5.411155 139.295288
-13.933760 -5.411155 139.295288
-13.933760 -5.411155 139.295288
-13.933760 -5.411155 139.295288
-13.933760 -5.411155 139.295288
-13.933760 -5.411155 139.295288
-14.356848 -6.836751 138.940501
-14.356848 -6.836751 138.940501
-14.356848 -6.836751 138.940501
-14.356848 -6.836751 138.940501
-14.356848 -6.836751 138.940501
-14.356848 -6.836751 138.940501
-14.356848 -6.836751 138.940501
-14.356848 -6.836751 138.940501
-14.356848 -6.836751 138.940501
-14.356848 -6.836751 138.940501
-14.356848 -6.836751 138.940501
-14.323788 -6.659966 138.448672
-14.323788 -6.659966 138.448672
-14.323788 -6.659966 138.448672
-14.323788 -6.659966 138.448672
-14.323788 -6.659966 138.448672
-14.323788 -6.659966 138.448672
-14.323788 -6.659966 138.448672
-14.323788 -6.659966 138.448672
-14.323788 -6.659966 138.448672
-14.323788 -6.659966 138.448672
-14.850267 -6.794566 137.854897
-14.850267 -6.794566 137.854897
-14.850267 -6.794566 137.854897
-14.850267 -6.794566 137.854897
-14.850267 -6.794566 137.854897
-14.850267 -6.794566 137.854897
-14.850267 -6.794566 137.854897
-14.850267 -6.794566 137.854897
-14.850267 -6.794566 137.854897
-14.850267 -6.794566 137.854897
-14.325197 -6.597475 137.212258
-14.325197 -6.597475 137.212258
-14.325197 -6.597475 137.212258
-14.325197 -6.597475 137.212258
-14.325197 -6.597475 137.212258
-14.325197 -6.597475 137.212258
-14.325197 -6.597475 137.212258
-14.325197 -6.597475 137.212258
-14.325197 -6.597475 137.212258
-14.325197 -6.597475 137.212258
-5.044291 7.832631 132.896685
-5.044291 7.832631 132.896685
-5.044291 7.832631 132.896685
-5.044291 7.832631 132.896685
-5.044291 7.832631 132.896685
-5.044291 7.832631 132.896685
-5.044291 7.832631 132.896685
-5.044291 7.832631 132.896685
-5.044291 7.832631 132.896685
-5.044291 7.832631 132.896685
1.187074 6.667691 132.844652
1.187074 6.667691 132.844652
1.187074 6.667691 132.844652
1.187074 6.667691 132.844652
1.187074 6.667691 132.844652
1.187074 6.667691 132.844652
1.187074 6.667691 132.844652
1.187074 6.667691 132.844652
1.187074 6.667691 132.844652
1.187074 6.667691 132.844652
-2.557227 8.533919 129.315220
-2.557227 8.533919 129.315220
-2.557227 8.533919 129.315220
-2.557227 8.533919 129.315220
-2.557227 8.533919 129.315220
-2.557227 8.533919 129.315220
-2.557227 8.533919 129.315220
-2.557227 8.533919 129.315220
-2.557227 8.533919 129.315220
-2.557227 8.533919 129.315220
-2.557227 8.533919 129.315220
5.366723 6.695526 118.546403
5.366723 6.695526 118.546403
5.366723 6.695526 118.546403
5.366723 6.695526 118.546403
5.366723 6.695526 118.546403
5.366723 6.695526 118.546403
5.366723 6.695526 118.546403
5.366723 6.695526 118.546403
5.366723 6.695526 118.546403
1.024322 -2.713105 124.033517
1.024322 -2.713105 124.033517
1.024322 -2.713105 124.033517
1.024322 -2.713105 124.033517
1.024322 -2.713105 124.033517
1.024322 -2.713105 124.033517
1.024322 -2.713105 124.033517
1.024322 -2.713105 124.033517
1.024322 -2.713105 124.033517
1.024322 -2.713105 124.033517
1.004473 -15.506833 131.096739
1.004473 -15.506833 131.096739
1.004473 -15.506833 131.096739
1.004473 -15.506833 131.096739
1.004473 -15.506833 131.096739
1.004473 -15.506833 131.096739
1.004473 -15.506833 131.096739
1.004473 -15.506833 131.096739
1.004473 -15.506833 131.096739
1.004473 -15.506833 131.096739
1.334331 -15.538491 135.577220
1.334331 -15.538491 135.577220
1.334331 -15.538491 135.577220
1.334331 -15.538491 135.577220
1.334331 -15.538491 135.577220
1.334331 -15.538491 135.577220
1.334331 -15.538491 135.577220
1.334331 -15.538491 135.577220
1.334331 -15.538491 135.577220
1.334331 -15.538491 135.577220
1.334331 -15.538491 135.577220
1.150240 -15.680327 138.859454
1.150240 -15.680327 138.859454
1.150240 -15.680327 138.859454
1.150240 -15.680327 138.859454
1.150240 -15.680327 138.859454
1.150240 -15.680327 138.859454
1.150240 -15.680327 138.859454
1.150240 -15.680327 138.859454
1.150240 -15.680327 138.859454
0.835991 -15.713240 141.133743
0.835991 -15.713240 141.133743
0.835991 -15.713240 141.133743
0.835991 -15.713240 141.133743
0.835991 -15.713240 141.133743
0.835991 -15.713240 141.133743
0.835991 -15.713240 141.133743
0.835991 -15.713240 141.133743
0.835991 -15.713240 141.133743
0.835991 -15.713240 141.133743
0.835991 -15.713240 141.133743
0.460151 -15.784383 142.744301
0.460151 -15.784383 142.744301
0.460151 -15.784383 142.744301
0.460151 -15.784383 142.744301
0.460151 -15.784383 142.744301
0.460151 -15.784383 142.744301
0.460151 -15.784383 142.744301
0.460151 -15.784383 142.744301
0.460151 -15.784383 142.744301
0.460151 -15.784383 142.744301
0.074167 -15.835401 143.825780
0.074167 -15.835401 143.825780
0.074167 -15.835401 143.825780
0.074167 -15.835401 143.825780
0.074167 -15.835401 143.825780
0.074167 -15.835401 143.825780
0.074167 -15.835401 143.825780
0.074167 -15.835401 143.825780
0.074167 -15.835401 143.825780
-0.286200 -15.846066 144.414993
-0.286200 -15.846066 144.414993
-0.286200 -15.846066 144.414993
-0.286200 -15.846066 144.414993
-0.286200 -15.846066 144.414993
-0.286200 -15.846066 144.414993
-0.286200 -15.846066 144.414993
-0.286200 -15.846066 144.414993
-0.286200 -15.846066 144.414993
-0.286200 -15.846066 144.414993
-0.577140 -15.878974 144.749467
-0.577140 -15.878974 144.749467
-0.577140 -15.878974 144.749467
-0.577140 -15.878974 144.749467
-0.577140 -15.878974 144.749467
-0.577140 -15.878974 144.749467
-0.577140 -15.878974 144.749467
-0.577140 -15.878974 144.749467
-0.577140 -15.878974 144.749467
-0.577140 -15.878974 144.749467
-0.820871 -15.906220 144.881508
-0.820871 -15.906220 144.881508
-0.820871 -15.906220 144.881508
-0.820871 -15.906220 144.881508
-0.820871 -15.906220 144.881508
-0.820871 -15.906220 144.881508
-0.820871 -15.906220 144.881508
-0.820871 -15.906220 144.881508
-0.820871 -15.906220 144.881508
-0.820871 -15.906220 144.881508
-1.007484 -15.920642 144.782430
-1.007484 -15.920642 144.782430
-1.007484 -15.920642 144.782430
-1.007484 -15.920642 144.782430
-1.007484 -15.920642 144.782430
-1.007484 -15.920642 144.782430
-1.007484 -15.920642 144.782430
-1.007484 -15.920642 144.782430
-1.007484 -15.920642 144.782430
-1.007484 -15.920642 144.782430
-1.007484 -15.920642 144.782430
-1.123770 -15.922310 144.722761
-1.123770 -15.922310 144.722761
-1.123770 -15.922310 144.722761
-1.123770 -15.922310 144.722761
-1.123770 -15.922310 144.722761
-1.123770 -15.922310 144.722761
-1.123770 -15.922310 144.722761
-1.123770 -15.922310 144.722761
-1.123770 -15.922310 144.722761
-1.191657 -15.922889 144.645894
-1.191657 -15.922889 144.645894
-1.191657 -15.922889 144.645894
-1.191657 -15.922889 144.645894
-1.191657 -15.922889 144.645894
-1.191657 -15.922889 144.645894
-1.191657 -15.922889 144.645894
-1.191657 -15.922889 144.645894
-1.191657 -15.922889 144.645894
-1.191657 -15.922889 144.645894
-1.191657 -15.922889 144.645894
-1.243125 -15.925769 144.512542
-1.243125 -15.925769 144.512542
-1.243125 -15.925769 144.512542
-1.243125 -15.925769 144.512542
-1.243125 -15.925769 144.512542
-1.243125 -15.925769 144.512542
-1.243125 -15.925769 144.512542
-1.243125 -15.925769 144.512542
-1.243125 -15.925769 144.512542
-1.273527 -15.920645 144.407111
-1.273527 -15.920645 144.407111
-1.273527 -15.920645 144.407111
-1.273527 -15.920645 144.407111
-1.273527 -15.920645 144.407111
-1.273527 -15.920645 144.407111
-1.273527 -15.920645 144.407111
-1.273527 -15.920645 144.407111
-1.273527 -15.920645 144.407111
-1.273527 -15.920645 144.407111
-1.273527 -15.920645 144.407111
-1.299284 -15.919930 144.259811
-1.299284 -15.919930 144.259811
-1.299284 -15.919930 144.259811
-1.299284 -15.919930 144.259811
-1.299284 -15.919930 144.259811
-1.299284 -15.919930 144.259811
-1.299284 -15.919930 144.259811
-1.299284 -15.919930 144.259811
-1.299284 -15.919930 144.259811
-1.299284 -15.919930 144.259811
-1.314578 -15.911064 144.096037
-1.314578 -15.911064 144.096037
-1.314578 -15.911064 144.096037
-1.314578 -15.911064 144.096037
-1.314578 -15.911064 144.096037
-1.314578 -15.911064 144.096037
-1.314578 -15.911064 144.096037
-1.314578 -15.911064 144.096037
-1.314578 -15.911064 144.096037
-1.254641 -15.917478 144.233351
-1.254641 -15.917478 144.233351
-1.254641 -15.917478 144.233351
-1.254641 -15.917478 144.233351
-1.254641 -15.917478 144.233351
-1.254641 -15.917478 144.233351
-1.254641 -15.917478 144.233351
-1.254641 -15.917478 144.233351
-1.254641 -15.917478 144.233351
-1.254641 -15.917478 144.233351
-1.187759 -15.926249 144.476533
-1.187759 -15.926249 144.476533
-1.187759 -15.926249 144.476533
-1.187759 -15.926249 144.476533
-1.187759 -15.926249 144.476533
-1.187759 -15.926249 144.476533
-1.187759 -15.926249 144.476533
-1.187759 -15.926249 144.476533
-1.187759 -15.926249 144.476533
-1.187759 -15.926249 144.476533
-1.187759 -15.926249 144.476533
-1.150415 -15.946134 144.646386
-1.150415 -15.946134 144.646386
-1.150415 -15.946134 144.646386
-1.150415 -15.946134 144.646386
-1.150415 -15.946134 144.646386
-1.150415 -15.946134 144.646386
-1.150415 -15.946134 144.646386
-1.150415 -15.946134 144.646386
-1.150415 -15.946134 144.646386
-1.150415 -15.946134 144.646386
-1.126453 -15.929634 144.878134
-1.126453 -15.929634 144.878134
-1.126453 -15.929634 144.878134
-1.126453 -15.929634 144.878134
-1.126453 -15.929634 144.878134
-1.126453 -15.929634 144.878134
-1.126453 -15.929634 144.878134
-1.126453 -15.929634 144.878134
-1.126453 -15.929634 144.878134
-1.126453 -15.929634 144.878134
-1.085313 -15.905892 145.211256
-1.085313 -15.905892 145.211256
-1.085313 -15.905892 145.211256
-1.085313 -15.905892 145.211256
-1.085313 -15.905892 145.211256
-1.085313 -15.905892 145.211256
-1.085313 -15.905892 145.211256
-1.085313 -15.905892 145.211256
-1.085313 -15.905892 145.211256
-1.085313 -15.905892 145.211256
-0.924913 -15.770594 146.027860
-0.924913 -15.770594 146.027860
-0.924913 -15.770594 146.027860
-0.924913 -15.770594 146.027860
-0.924913 -15.770594 146.027860
-0.924913 -15.770594 146.027860
-0.924913 -15.770594 146.027860
-0.924913 -15.770594 146.027860
-0.924913 -15.770594 146.027860
-0.924913 -15.770594 146.027860
-0.913643 -16.605527 146.521724
-0.913643 -16.605527 146.521724
-0.913643 -16.605527 146.521724
-0.913643 -16.605527 146.521724
-0.913643 -16.605527 146.521724
-0.913643 -16.605527 146.521724
-0.913643 -16.605527 146.521724
-0.913643 -16.605527 146.521724
-0.913643 -16.605527 146.521724
-0.913643 -16.605527 146.521724
-4.950672 -5.607826 151.556734
-4.950672 -5.607826 151.556734
-4.950672 -5.607826 151.556734
-4.950672 -5.607826 151.556734
-4.950672 -5.607826 151.556734
-4.950672 -5.607826 151.556734
-4.950672 -5.607826 151.556734
-4.950672 -5.607826 151.556734
-4.950672 -5.607826 151.556734
-4.950672 -5.607826 151.556734
-2.968878 3.387530 150.135044
-2.968878 3.387530 150.135044
-2.968878 3.387530 150.135044
-2.968878 3.387530 150.135044
-2.968878 3.387530 150.135044
-2.968878 3.387530 150.135044
-2.968878 3.387530 150.135044
-2.968878 3.387530 150.135044
-2.968878 3.387530 150.135044
-2.968878 3.387530 150.135044
-5.031037 6.766893 142.755544
-5.031037 6.766893 142.755544
-5.031037 6.766893 142.755544
-5.031037 6.766893 142.755544
-5.031037 6.766893 142.755544
-5.031037 6.766893 142.755544
-5.031037 6.766893 142.755544
-5.031037 6.766893 142.755544
-5.031037 6.766893 142.755544
-5.031037 6.766893 142.755544
-2.694950 6.677538 134.581119
-2.694950 6.677538 134.581119
-2.694950 6.677538 134.581119
-2.694950 6.677538 134.581119
-2.694950 6.677538 134.581119
-2.694950 6.677538 134.581119
-2.694950 6.677538 134.581119
-2.694950 6.677538 134.581119
-2.694950 6.677538 134.581119
-2.694950 6.677538 134.581119
-3.570614 5.401412 127.490085
-3.570614 5.401412 127.490085
-3.570614 5.401412 127.490085
-3.570614 5.401412 127.490085
-3.570614 5.401412 127.490085
-3.570614 5.401412 127.490085
-3.570614 5.401412 127.490085
-3.570614 5.401412 127.490085
-3.570614 5.401412 127.490085
-3.570614 5.401412 127.490085
-4.487987 2.576207 121.854154
-4.487987 2.576207 121.854154
-4.487987 2.576207 121.854154
-4.487987 2.576207 121.854154
-4.487987 2.576207 121.854154
-4.487987 2.576207 121.854154
-4.487987 2.576207 121.854154
-4.487987 2.576207 121.854154
-4.487987 2.576207 121.854154
-4.487987 2.576207 121.854154
-6.426102 1.246252 118.245628
-6.426102 1.246252 118.245628
-6.426102 1.246252 118.245628
-6.426102 1.246252 118.245628
-6.426102 1.246252 118.245628
-6.426102 1.246252 118.245628
-6.426102 1.246252 118.245628
-6.426102 1.246252 118.245628
-6.426102 1.246252 118.245628
-6.426102 1.246252 118.245628
-5.626517 1.825074 115.853983
-5.626517 1.825074 115.853983
-5.626517 1.825074 115.853983
-5.626517 1.825074 115.853983
-5.626517 1.825074 115.853983
-5.626517 1.825074 115.853983
-5.626517 1.825074 115.853983
-5.626517 1.825074 115.853983
-5.626517 1.825074 115.853983
-5.626517 1.825074 115.853983
-2.858029 7.412534 106.604213
-2.858029 7.412534 106.604213
-2.858029 7.412534 106.604213
-2.858029 7.412534 106.604213
-2.858029 7.412534 106.604213
-2.858029 7.412534 106.604213
-2.858029 7.412534 106.604213
-2.858029 7.412534 106.604213
-2.858029 7.412534 106.604213
-2.858029 7.412534 106.604213
-1.505962 -0.981503 109.096590
-1.505962 -0.981503 109.096590
-1.505962 -0.981503 109.096590
-1.505962 -0.981503 109.096590
-1.505962 -0.981503 109.096590
-1.505962 -0.981503 109.096590
-1.505962 -0.981503 109.096590
-1.505962 -0.981503 109.096590
-1.505962 -0.981503 109.096590
3.830047 -13.691634 131.082928
3.830047 -13.691634 131.082928
3.830047 -13.691634 131.082928
3.830047 -13.691634 131.082928
3.830047 -13.691634 131.082928
3.830047 -13.691634 131.082928
3.830047 -13.691634 131.082928
3.830047 -13.691634 131.082928
3.830047 -13.691634 131.082928
4.162990 -13.682968 140.865904
4.162990 -13.682968 140.865904
4.162990 -13.682968 140.865904
4.162990 -13.682968 140.865904
4.162990 -13.682968 140.865904
4.162990 -13.682968 140.865904
4.162990 -13.682968 140.865904
4.162990 -13.682968 140.865904
4.055092 -13.636637 148.725156
4.055092 -13.636637 148.725156
4.055092 -13.636637 148.725156
4.055092 -13.636637 148.725156
4.055092 -13.636637 148.725156
4.055092 -13.636637 148.725156
4.055092 -13.636637 148.725156
4.055092 -13.636637 148.725156
3.627940 -13.739784 155.078885
3.627940 -13.739784 155.078885
3.627940 -13.739784 155.078885
3.627940 -13.739784 155.078885
3.627940 -13.739784 155.078885
3.627940 -13.739784 155.078885
3.627940 -13.739784 155.078885
3.160035 -13.836814 160.225884
3.160035 -13.836814 160.225884
3.160035 -13.836814 160.225884
3.160035 -13.836814 160.225884
3.160035 -13.836814 160.225884
3.160035 -13.836814 160.225884
3.160035 -13.836814 160.225884
3.160035 -13.836814 160.225884
2.633296 -14.031883 164.377136
2.633296 -14.031883 164.377136
2.633296 -14.031883 164.377136
2.633296 -14.031883 164.377136
2.633296 -14.031883 164.377136
2.633296 -14.031883 164.377136
2.633296 -14.031883 164.377136
2.633296 -14.031883 164.377136
2.115590 -14.224757 167.655504
2.115590 -14.224757 167.655504
2.115590 -14.224757 167.655504
2.115590 -14.224757 167.655504
2.115590 -14.224757 167.655504
2.115590 -14.224757 167.655504
2.115590 -14.224757 167.655504
2.115590 -14.224757 167.655504
1.607604 -14.403880 170.149493
1.607604 -14.403880 170.149493
1.607604 -14.403880 170.149493
1.607604 -14.403880 170.149493
1.607604 -14.403880 170.149493
1.607604 -14.403880 170.149493
1.607604 -14.403880 170.149493
1.607604 -14.403880 170.149493
1.162305 -14.552148 172.022126
1.162305 -14.552148 172.022126
1.162305 -14.552148 172.022126
1.162305 -14.552148 172.022126
1.162305 -14.552148 172.022126
1.162305 -14.552148 172.022126
1.162305 -14.552148 172.022126
1.162305 -14.552148 172.022126
0.783767 -14.672339 173.425948
0.783767 -14.672339 173.425948
0.783767 -14.672339 173.425948
0.783767 -14.672339 173.425948
0.783767 -14.672339 173.425948
0.783767 -14.672339 173.425948
0.783767 -14.672339 173.425948
0.457260 -14.754645 174.458741
0.457260 -14.754645 174.458741
0.457260 -14.754645 174.458741
0.457260 -14.754645 174.458741
0.457260 -14.754645 174.458741
0.457260 -14.754645 174.458741
0.457260 -14.754645 174.458741
0.457260 -14.754645 174.458741
0.196883 -14.811667 175.199461
0.196883 -14.811667 175.199461
0.196883 -14.811667 175.199461
0.196883 -14.811667 175.199461
0.196883 -14.811667 175.199461
0.196883 -14.811667 175.199461
0.196883 -14.811667 175.199461
0.196883 -14.811667 175.199461
-0.017356 -14.849139 175.753390
-0.017356 -14.849139 175.753390
-0.017356 -14.849139 175.753390
-0.017356 -14.849139 175.753390
-0.017356 -14.849139 175.753390
-0.017356 -14.849139 175.753390
-0.017356 -14.849139 175.753390
-0.01735