-1.195933 -14.698528 -150.594634
-1.195933 -14.698528 -150.594634
-1.195933 -14.698528 -150.594634
-1.195933 -14.698528 -150.594634
-1.195933 -14.698528 -150.594634
-1.210586 -15.056122 -150.838362
-1.210586 -15.056122 -150.838362
-1.210586 -15.056122 -150.838362
-1.210586 -15.056122 -150.838362
-1.210586 -15.056122 -150.838362
-1.210586 -15.056122 -150.838362
-1.210586 -15.056122 -150.838362
-1.210586 -15.056122 -150.838362
-1.210586 -15.056122 -150.838362
-1.210586 -15.056122 -150.838362
-1.210586 -15.056122 -150.838362
-1.209323 -15.258824 -151.044743
-1.209323 -15.258824 -151.044743
-1.209323 -15.258824 -151.044743
-1.209323 -15.258824 -151.044743
-1.209323 -15.258824 -151.044743
-1.209323 -15.258824 -151.044743
-1.209323 -15.258824 -151.044743
-1.209323 -15.258824 -151.044743
-1.209323 -15.258824 -151.044743
-1.209323 -15.258824 -151.044743
-1.209323 -15.258824 -151.044743
-1.207190 -15.386483 -151.264361
-1.207190 -15.386483 -151.264361
-1.207190 -15.386483 -151.264361
-1.207190 -15.386483 -151.264361
-1.207190 -15.386483 -151.264361
-1.207190 -15.386483 -151.264361
-1.207190 -15.386483 -151.264361
-1.207190 -15.386483 -151.264361
-1.207190 -15.386483 -151.264361
-1.207190 -15.386483 -151.264361
-1.207190 -15.386483 -151.264361
-1.207190 -15.386483 -151.264361
-1.183704 -15.467134 -151.384654
-1.183704 -15.467134 -151.384654
-1.183704 -15.467134 -151.384654
-1.183704 -15.467134 -151.384654
-1.183704 -15.467134 -151.384654
-1.183704 -15.467134 -151.384654
-1.183704 -15.467134 -151.384654
-1.183704 -15.467134 -151.384654
-1.183704 -15.467134 -151.384654
-1.183704 -15.467134 -151.384654
-1.157390 -15.532069 -151.488665
-1.157390 -15.532069 -151.488665
-1.157390 -15.532069 -151.488665
-1.157390 -15.532069 -151.488665
-1.157390 -15.532069 -151.488665
-1.157390 -15.532069 -151.488665
-1.157390 -15.532069 -151.488665
-1.157390 -15.532069 -151.488665
-1.157390 -15.532069 -151.488665
-1.157390 -15.532069 -151.488665
-1.154131 -15.584081 -151.563865
-1.154131 -15.584081 -151.563865
-1.154131 -15.584081 -151.563865
-1.154131 -15.584081 -151.563865
-1.154131 -15.584081 -151.563865
-1.154131 -15.584081 -151.563865
-1.154131 -15.584081 -151.563865
-1.154131 -15.584081 -151.563865
-1.154131 -15.584081 -151.563865
-1.154131 -15.584081 -151.563865
-1.148108 -15.611410 -151.632194
-1.148108 -15.611410 -151.632194
-1.148108 -15.611410 -151.632194
-1.148108 -15.611410 -151.632194
-1.148108 -15.611410 -151.632194
-1.148108 -15.611410 -151.632194
-1.148108 -15.611410 -151.632194
-1.148108 -15.611410 -151.632194
-1.148108 -15.611410 -151.632194
-1.148108 -15.611410 -151.632194
-1.148108 -15.611410 -151.632194
-1.138797 -15.621862 -151.682929
-1.138797 -15.621862 -151.682929
-1.138797 -15.621862 -151.682929
-1.138797 -15.621862 -151.682929
-1.138797 -15.621862 -151.682929
-1.138797 -15.621862 -151.682929
-1.138797 -15.621862 -151.682929
-1.138797 -15.621862 -151.682929
-1.138797 -15.621862 -151.682929
-1.138797 -15.621862 -151.682929
-1.138797 -15.621862 -151.682929
-1.119155 -15.639952 -151.725536
-1.119155 -15.639952 -151.725536
-1.119155 -15.639952 -151.725536
-1.119155 -15.639952 -151.725536
-1.119155 -15.639952 -151.725536
-1.119155 -15.639952 -151.725536
-1.119155 -15.639952 -151.725536
-1.119155 -15.639952 -151.725536
-1.119155 -15.639952 -151.725536
-1.119155 -15.639952 -151.725536
-1.109641 -15.651949 -151.756558
-1.109641 -15.651949 -151.756558
-1.109641 -15.651949 -151.756558
-1.109641 -15.651949 -151.756558
-1.109641 -15.651949 -151.756558
-1.109641 -15.651949 -151.756558
-1.109641 -15.651949 -151.756558
-1.109641 -15.651949 -151.756558
-1.109641 -15.651949 -151.756558
-1.109641 -15.651949 -151.756558
-1.107369 -15.647456 -151.780040
-1.107369 -15.647456 -151.780040
-1.107369 -15.647456 -151.780040
-1.107369 -15.647456 -151.780040
-1.107369 -15.647456 -151.780040
-1.107369 -15.647456 -151.780040
-1.107369 -15.647456 -151.780040
-1.107369 -15.647456 -151.780040
-1.107369 -15.647456 -151.780040
-1.107369 -15.647456 -151.780040
-1.107369 -15.647456 -151.780040
-1.097718 -15.643565 -151.781147
-1.097718 -15.643565 -151.781147
-1.0