-0.718440 -14.514883 -85.084944
-0.718440 -14.514883 -85.084944
-0.718440 -14.514883 -85.084944
-0.712296 -14.867020 -85.036900
-0.712296 -14.867020 -85.036900
-0.712296 -14.867020 -85.036900
-0.712296 -14.867020 -85.036900
-0.712296 -14.867020 -85.036900
-0.712296 -14.867020 -85.036900
-0.712296 -14.867020 -85.036900
-0.712296 -14.867020 -85.036900
-0.727779 -15.064479 -85.054987
-0.727779 -15.064479 -85.054987
-0.727779 -15.064479 -85.054987
-0.727779 -15.064479 -85.054987
-0.727779 -15.064479 -85.054987
-0.727779 -15.064479 -85.054987
-0.727779 -15.064479 -85.054987
-0.727779 -15.064479 -85.054987
-0.742758 -15.194009 -85.063804
-0.742758 -15.194009 -85.063804
-0.742758 -15.194009 -85.063804
-0.742758 -15.194009 -85.063804
-0.742758 -15.194009 -85.063804
-0.742758 -15.194009 -85.063804
-0.742758 -15.194009 -85.063804
-0.742758 -15.194009 -85.063804
-0.745661 -15.267710 -85.091542
-0.745661 -15.267710 -85.091542
-0.745661 -15.267710 -85.091542
-0.745661 -15.267710 -85.091542
-0.745661 -15.267710 -85.091542
-0.745661 -15.267710 -85.091542
-0.745661 -15.267710 -85.091542
-0.745661 -15.267710 -85.091542
-0.740483 -15.324230 -85.118767
-0.740483 -15.324230 -85.118767
-0.740483 -15.324230 -85.118767
-0.740483 -15.324230 -85.118767
-0.740483 -15.324230 -85.118767
-0.740483 -15.324230 -85.118767
-0.740483 -15.324230 -85.118767
-0.740483 -15.324230 -85.118767
-0.730673 -15.373279 -85.116356
-0.730673 -15.373279 -85.116356
-0.730673 -15.373279 -85.116356
-0.730673 -15.373279 -85.116356
-0.730673 -15.373279 -85.116356
-0.730673 -15.373279 -85.116356
-0.730673 -15.373279 -85.116356
-0.730673 -15.373279 -85.116356
-0.727643 -15.398088 -85.120058
-0.727643 -15.398088 -85.120058
-0.727643 -15.398088 -85.120058
-0.727643 -15.398088 -85.120058
-0.727643 -15.398088 -85.120058
-0.727643 -15.398088 -85.120058
-0.727643 -15.398088 -85.120058
-0.727643 -15.398088 -85.120058
-0.729077 -15.413208 -85.136512
-0.729077 -15.413208 -85.136512
-0.729077 -15.413208 -85.136512
-0.729077 -15.413208 -85.136512
-0.729077 -15.413208 -85.136512
-0.729077 -15.413208 -85.136512
-0.729077 -15.413208 -85.136512
-0.729077 -15.413208 -85.136512
-0.727929 -15.429133 -85.117087
-0.727929 -15.429133 -85.117087
-0.727929 -15.429133 -85.117087
-0.727929 -15.429133 -85.117087
-0.727929 -15.429133 -85.117087
-0.727929 -15.429133 -85.117087
-0.727929 -15.429133 -85.117087
-0.742886 -15.429792 -85.050554
-0.742886 -15.429792 -85.050554
-0.742886 -15.429792 -85.050554
-0.742886 -15.429792 -85.050554
-0.742886 -15.429792 -85.050554
-0.742886 -15.429792 -85.050554
-0.742886 -15.429792 -85.050554
-0.742886 -15.429792 -85.050554
-8.916709 -12.567555 -82.117609
-8.916709 -12.567555 -82.117609
-8.916709 -12.567555 -82.117609
-8.916709 -12.567555 -82.117609
-8.916709 -12.567555 -82.117609
-8.916709 -12.567555 -82.117609
-8.916709 -12.567555 -82.117609
10.669028 -32.888303 -108.501530
10.669028 -32.888303 -108.501530
10.669028 -32.888303 -108.501530
10.669028 -32.888303 -108.501530
10.669028 -32.888303 -108.501530
10.669028 -32.888303 -108.501530
10.669028 -32.888303 -108.501530
10.669028 -32.888303 -108.501530
10.669028 -32.888303 -108.501530
2.401188 -40.757931 -132.203284
2.401188 -40.757931 -132.203284
2.401188 -40.757931 -132.203284
2.401188 -40.757931 -132.203284
2.401188 -40.757931 -132.203284
2.401188 -40.757931 -132.203284
2.401188 -40.757931 -132.203284
2.401188 -40.757931 -132.203284
-2.725087 -41.083940 -143.051154
-2.725087 -41.083940 -143.051154
-2.725087 -41.083940 -143.051154
-2.725087 -41.083940 -143.051154
-2.725087 -41.083940 -143.051154
-2.725087 -41.083940 -143.051154
-2.725087 -41.083940 -143.051154
-2.725087 -41.083940 -143.051154
-2.725087 -41.083940 -143.051154
-3.765686 -42.831450 -151.399490
-3.765686 -42.831450 -151.399490
-3.765686 -42.831450 -151.399490
-3.765686 -42.831450 -151.399490
-3.765686 -42.831450 -151.399490
-3.765686 -42.831450 -151.399490
-3.765686 -42.831450 -151.399490
-3.765686 -42.831450 -151.399490
-4.640313 -33.863658 -159.186657
-4.640313 -33.863658 -159.186657
-4.640313 -33.863658 -159.186657
-4.640313 -33.863658 -159.186657
-4