-0.636467 -14.662480 -102.446841
-0.636467 -14.662480 -102.446841
-0.636467 -14.662480 -102.446841
-0.658108 -15.006252 -102.295504
-0.658108 -15.006252 -102.295504
-0.658108 -15.006252 -102.295504
-0.658108 -15.006252 -102.295504
-0.658108 -15.006252 -102.295504
-0.658108 -15.006252 -102.295504
-0.658108 -15.006252 -102.295504
-0.658108 -15.006252 -102.295504
-0.675470 -15.219907 -102.159672
-0.675470 -15.219907 -102.159672
-0.675470 -15.219907 -102.159672
-0.675470 -15.219907 -102.159672
-0.675470 -15.219907 -102.159672
-0.675470 -15.219907 -102.159672
-0.675470 -15.219907 -102.159672
-0.675470 -15.219907 -102.159672
-0.697001 -15.352515 -102.051789
-0.697001 -15.352515 -102.051789
-0.697001 -15.352515 -102.051789
-0.697001 -15.352515 -102.051789
-0.697001 -15.352515 -102.051789
-0.697001 -15.352515 -102.051789
-0.697001 -15.352515 -102.051789
-0.697001 -15.352515 -102.051789
-0.697001 -15.352515 -102.051789
-0.716660 -15.431663 -101.992169
-0.716660 -15.431663 -101.992169
-0.716660 -15.431663 -101.992169
-0.716660 -15.431663 -101.992169
-0.716660 -15.431663 -101.992169
-0.716660 -15.431663 -101.992169
-0.716660 -15.431663 -101.992169
-0.716660 -15.431663 -101.992169
-0.723571 -15.499245 -101.909209
-0.723571 -15.499245 -101.909209
-0.723571 -15.499245 -101.909209
-0.723571 -15.499245 -101.909209
-0.723571 -15.499245 -101.909209
-0.723571 -15.499245 -101.909209
-0.723571 -15.499245 -101.909209
-0.733581 -15.537350 -101.852655
-0.733581 -15.537350 -101.852655
-0.733581 -15.537350 -101.852655
-0.733581 -15.537350 -101.852655
-0.733581 -15.537350 -101.852655
-0.733581 -15.537350 -101.852655
-0.733581 -15.537350 -101.852655
-0.733581 -15.537350 -101.852655
-0.771618 -15.569218 -101.831017
-0.771618 -15.569218 -101.831017
-0.771618 -15.569218 -101.831017
-0.771618 -15.569218 -101.831017
-0.771618 -15.569218 -101.831017
-0.771618 -15.569218 -101.831017
-0.771618 -15.569218 -101.831017
-0.771618 -15.569218 -101.831017
-0.794488 -15.577681 -101.754102
-0.794488 -15.577681 -101.754102
-0.794488 -15.577681 -101.754102
-0.794488 -15.577681 -101.754102
-0.794488 -15.577681 -101.754102
-0.794488 -15.577681 -101.754102
-0.794488 -15.577681 -101.754102
-0.794488 -15.577681 -101.754102
-0.794488 -15.577681 -101.754102
-0.806316 -15.585223 -101.697296
-0.806316 -15.585223 -101.697296
-0.806316 -15.585223 -101.697296
-0.806316 -15.585223 -101.697296
-0.806316 -15.585223 -101.697296
-0.806316 -15.585223 -101.697296
-0.806316 -15.585223 -101.697296
0.577181 -30.200699 -106.241441
0.577181 -30.200699 -106.241441
0.577181 -30.200699 -106.241441
0.577181 -30.200699 -106.241441
0.577181 -30.200699 -106.241441
0.577181 -30.200699 -106.241441
0.577181 -30.200699 -106.241441
0.577181 -30.200699 -106.241441
3.562232 -43.998460 -132.503293
3.562232 -43.998460 -132.503293
3.562232 -43.998460 -132.503293
3.562232 -43.998460 -132.503293
3.562232 -43.998460 -132.503293
3.562232 -43.998460 -132.503293
3.562232 -43.998460 -132.503293
3.562232 -43.998460 -132.503293
3.562232 -43.998460 -132.503293
-5.813255 -45.437967 -146.272067
-5.813255 -45.437967 -146.272067
-5.813255 -45.437967 -146.272067
-5.813255 -45.437967 -146.272067
-5.813255 -45.437967 -146.272067
-5.813255 -45.437967 -146.272067
-5.813255 -45.437967 -146.272067
-8.588015 -45.364645 -153.436361
-8.588015 -45.364645 -153.436361
-8.588015 -45.364645 -153.436361
-8.588015 -45.364645 -153.436361
-8.588015 -45.364645 -153.436361
-8.588015 -45.364645 -153.436361
-8.588015 -45.364645 -153.436361
-8.588015 -45.364645 -153.436361
-8.588015 -45.364645 -153.436361
-8.438787 -44.432450 -158.760084
-8.438787 -44.432450 -158.760084
-8.438787 -44.432450 -158.760084
-8.438787 -44.432450 -158.760084
-8.438787 -44.432450 -158.760084
-8.438787 -44.432450 -158.760084
-8.438787 -44.432450 -158.760084
-8.438787 -44.432450 -158.760084
-7.606029 -41.458449 -162.788024
-7.606029 -41.458449 -162.788024
-7.606029 -41.458449 -162.788024
-7.606029 -41.458449 -162.788024
-7.606029 -41.458449 -162.788024
-7.606029 -41.458449 -162.788024
-7.606029 -41.458449 -162.788024
-5.102005 -34.509544 -168.148616
-5.102005 -34.509544 -168.148616
-5.102005 -34.509544 -168.148616
-5.102005 -34.509544 -168.148616
-5.102005 -34.509544 -168.148616
-5.102005 -34.509544 -168.148616
-5.102005 -34.509544 -168.148616
-5.102005 -34.509544 -168.148616
0.582423 -35.936152 -177.175066
0.582423 -35.936152 -177.175066
0.582423 -35.936152 -177.175066
0.582423 -35.936152 -177.175066
0.582423 -35.936152 -177.175066
0.582423 -35.936152 -177.175066
0.582423 -35.936152 -177.175066
0.582423 -35.936152 -177.175066
-3.478895 -39.298265 177.920622
-3.478895 -39.298265 177.920622
-3.478895 -39.298265 177.920622
-3.478895 -39.298265 177.920622
-3.478895 -39.298265 177.920622
-3.478895 -39.298265 177.920622
-3.478895 -39.298265 177.920622
-3.478895 -39.298265 177.920622
-2.028855 -48.116552 174.563735
-2.028855 -48.116552 174.563735
-2.028855 -48.116552 174.563735
-2.028855 -48.116552 174.563735
-2.028855 -48.116552 174.563735
-2.028855 -48.116552 174.563735
-2.028855 -48.116552 174.563735
-2.028855 -48.116552 174.563735
-1.505875 -51.639959 171.615606
-1.505875 -51.639959 171.615606
-1.505875 -51.639959 171.615606
-1.505875 -51.639959 171.615606
-1.505875 -51.639959 171.615606
-1.505875 -51.639959 171.615606
-1.505875 -51.639959 171.615606
-3.381906 -37.820687 173.466342
-3.381906 -37.820687 173.466342
-3.381906 -37.820687 173.466342
-3.381906 -37.820687 173.466342
-3.381906 -37.820687 173.466342
-3.381906 -37.820687 173.466342
-3.381906 -37.820687 173.466342
-0.987186 -46.782442 169.746197
-0.987186 -46.782442 169.746197
-0.987186 -46.782442 169.746197
-0.987186 -46.782442 169.746197
-0.987186 -46.782442 169.746197
-0.987186 -46.782442 169.746197
-0.987186 -46.782442 169.746197
-0.987186 -46.782442 169.746197
-0.642716 -46.335932 167.890394
-0.642716 -46.335932 167.890394
-0.642716 -46.335932 167.890394
-0.642716 -46.335932 167.890394
-0.642716 -46.335932 167.890394
-0.642716 -46.335932 167.890394
-0.642716 -46.335932 167.890394
-0.642716 -46.335932 167.890394
2.063057 -27.012640 174.887076
2.063057 -27.012640 174.887076
2.063057 -27.012640 174.887076
2.063057 -27.012640 174.887076
2.063057 -27.012640 174.887076
2.063057 -27.012640 174.887076
2.063057 -27.012640 174.887076
2.063057 -27.012640 174.887076
10.238285 -26.413153 -145.425752
10.238285 -26.413153 -145.425752
10.238285 -26.413153 -145.425752
10.238285 -26.413153 -145.425752
10.238285 -26.413153 -145.425752
10.238285 -26.413153 -145.425752
10.238285 -26.413153 -145.425752
10.238285 -26.413153 -145.425752
-3.744782 -17.031919 -128.564774
-3.744782 -17.031919 -128.564774
-3.744782 -17.031919 -128.564774
-3.744782 -17.031919 -128.564774
-3.744782 -17.031919 -128.564774
-3.744782 -17.031919 -128.564774
-3.744782 -17.031919 -128.564774
-3.744782 -17.031919 -128.564774
-3.744782 -17.031919 -128.564774
4.154184 -15.257562 -119.243574
4.154184 -15.257562 -119.243574
4.154184 -15.257562 -119.243574
4.154184 -15.257562 -119.243574
4.154184 -15.257562 -119.243574
4.154184 -15.257562 -119.243574
4.154184 -15.257562 -119.243574
4.215256 -14.810476 -111.393869
4.215256 -14.810476 -111.393869
4.215256 -14.810476 -111.393869
4.215256 -14.810476 -111.393869
4.215256 -14.810476 -111.393869
4.215256 -14.810476 -111.393869
4.215256 -14.810476 -111.393869
4.215256 -14.810476 -111.393869
3.772088 -14.659977 -105.295296
3.772088 -14.659977 -105.295296
3.772088 -14.659977 -105.295296
3.772088 -14.659977 -105.295296
3.772088 -14.659977 -105.295296
3.772088 -14.659977 -105.295296
3.772088 -14.659977 -105.295296
3.160210 -14.720875 -100.578436
3.160210 -14.720875 -100.578436
3.160210 -14.720875 -100.578436
3.160210 -14.720875 -100.578436
3.160210 -14.720875 -100.578436
3.160210 -14.720875 -100.578436
3.160210 -14.720875 -100.578436
2.579964 -14.818869 -96.851611
2.579964 -14.818869 -96.851611
2.579964 -14.818869 -96.851611
2.579964 -14.818869 -96.851611
2.579964 -14.818869 -96.851611
2.579964 -14.818869 -96.851611
2.579964 -14.818869 -96.851611
2.579964 -14.818869 -96.851611
2.579964 -14.818869 -96.851611
2.008562 -14.963905 -93.870138
2.008562 -14.963905 -93.870138
2.008562 -14.963905 -93.870138
2.008562 -14.963905 -93.870138
2.008562 -14.96390