-0.295041 -12.488262 -135.859471
-0.295041 -12.488262 -135.859471
-0.340411 -12.780893 -134.662808
-0.340411 -12.780893 -134.662808
-0.340411 -12.780893 -134.662808
-0.340411 -12.780893 -134.662808
-0.340411 -12.780893 -134.662808
-0.340411 -12.780893 -134.662808
-0.340411 -12.780893 -134.662808
-0.340411 -12.780893 -134.662808
-0.427280 -12.947520 -133.760267
-0.427280 -12.947520 -133.760267
-0.427280 -12.947520 -133.760267
-0.427280 -12.947520 -133.760267
-0.427280 -12.947520 -133.760267
-0.427280 -12.947520 -133.760267
-0.427280 -12.947520 -133.760267
-0.523973 -13.051093 -133.128966
-0.523973 -13.051093 -133.128966
-0.523973 -13.051093 -133.128966
-0.523973 -13.051093 -133.128966
-0.523973 -13.051093 -133.128966
-0.523973 -13.051093 -133.128966
-0.523973 -13.051093 -133.128966
-0.523973 -13.051093 -133.128966
-0.774950 -13.118478 -133.365891
-0.774950 -13.118478 -133.365891
-0.774950 -13.118478 -133.365891
-0.774950 -13.118478 -133.365891
-0.774950 -13.118478 -133.365891
-0.774950 -13.118478 -133.365891
-0.774950 -13.118478 -133.365891
-8.785813 -12.470907 -130.370198
-8.785813 -12.470907 -130.370198
-8.785813 -12.470907 -130.370198
-8.785813 -12.470907 -130.370198
-8.785813 -12.470907 -130.370198
-8.785813 -12.470907 -130.370198
-8.785813 -12.470907 -130.370198
-8.785813 -12.470907 -130.370198
13.564487 -10.031636 -127.009909
13.564487 -10.031636 -127.009909
13.564487 -10.031636 -127.009909
13.564487 -10.031636 -127.009909
13.564487 -10.031636 -127.009909
13.564487 -10.031636 -127.009909
13.564487 -10.031636 -127.009909
28.613764 -2.151024 -68.240161
28.613764 -2.151024 -68.240161
28.613764 -2.151024 -68.240161
28.613764 -2.151024 -68.240161
28.613764 -2.151024 -68.240161
28.613764 -2.151024 -68.240161
28.613764 -2.151024 -68.240161
28.613764 -2.151024 -68.240161
9.153972 -0.558589 -35.905143
9.153972 -0.558589 -35.905143
9.153972 -0.558589 -35.905143
9.153972 -0.558589 -35.905143
9.153972 -0.558589 -35.905143
9.153972 -0.558589 -35.905143
9.153972 -0.558589 -35.905143
5.404168 9.252167 -35.245094
5.404168 9.252167 -35.245094
5.404168 9.252167 -35.245094
5.404168 9.252167 -35.245094
5.404168 9.252167 -35.245094
5.404168 9.252167 -35.245094
5.404168 9.252167 -35.245094
5.970311 5.367540 -40.504542
5.970311 5.367540 -40.504542
5.970311 5.367540 -40.504542
5.970311 5.367540 -40.504542
5.970311 5.367540 -40.504542
5.970311 5.367540 -40.504542
5.970311 5.367540 -40.504542
5.970311 5.367540 -40.504542
5.780540 -3.357611 -48.604620
5.780540 -3.357611 -48.604620
5.780540 -3.357611 -48.604620
5.780540 -3.357611 -48.604620
5.780540 -3.357611 -48.604620
5.780540 -3.357611 -48.604620
5.780540 -3.357611 -48.604620
5.780540 -3.357611 -48.604620
4.430820 2.996067 -52.925872
4.430820 2.996067 -52.925872
4.430820 2.996067 -52.925872
4.430820 2.996067 -52.925872
4.430820 2.996067 -52.925872
4.430820 2.996067 -52.925872
4.430820 2.996067 -52.925872
7.069230 2.030126 -56.940975
7.069230 2.030126 -56.940975
7.069230 2.030126 -56.940975
7.069230 2.030126 -56.940975
7.069230 2.030126 -56.940975
7.069230 2.030126 -56.940975
7.069230 2.030126 -56.940975
9.345994 7.672635 -62.685994
9.345994 7.672635 -62.685994
9.345994 7.672635 -62.685994
9.345994 7.672635 -62.685994
9.345994 7.672635 -62.685994
9.345994 7.672635 -62.685994
9.345994 7.672635 -62.685994
9.345994 7.672635 -62.685994
6.472140 12.061248 -55.813495
6.472140 12.061248 -55.813495
6.472140 12.061248 -55.813495
6.472140 12.061248 -55.813495
6.472140 12.061248 -55.813495
6.472140 12.061248 -55.813495
6.472140 12.061248 -55.813495
3.490067 3.696427 -51.364959
3.490067 3.696427 -51.364959
3.490067 3.696427 -51.364959
3.490067 3.696427 -51.364959
3.490067 3.696427 -51.364959
3.490067 3.696427 -51.364959
3.490067 3.696427 -51.364959
7.783240 2.140207 -53.140040
7.783240 2.140207 -53.140040
7.783240 2.140207 -53.140040
7.783240 2.140207 -53.140040
7.783240 2.140207 -53.140040
7.783240 2.140207 -53.140040
7.783240 2.140207 -53.140040
7.783240 2.140207 -53.140040
9.455325 2.692136 -53.985323
9.455325 2.692136 -53.985323
9.455325 2.692136 -53.985323
9.455325 2.692136 -53.985323
9.455325 2.692136 -53.985323
9.455325 2.692136 -53.985323
9.455325 2.692136 -53.985323
9.455325 2.692136 -53.985323
7.249082 4.062038 -54.631654
7.249082 4.062038 -54.631654
7.249082 4.062038 -54.631654
7.249082 4.062038 -54.631654
7.249082 4.062038 -54.631654
7.249082 4.062038 -54.631654
7.249082 4.062038 -54.631654
7.268292 3.137698 -54.516839
7.268292 3.137698 -54.516839
7.268292 3.137698 -54.516839
7.268292 3.137698 -54.516839
7.268292 3.137698 -54.516839
7.268292 3.137698 -54.516839
7.164074 3.164743 -54.256636
7.164074 3.164743 -54.256636
7.164074 3.164743 -54.256636
7.164074 3.164743 -54.256636
7.164074 3.164743 -54.256636
7.164074 3.164743 -54.256636
7.164074 3.164743 -54.256636
7.164074 3.164743 -54.256636
7.350369 3.715374 -54.144539
7.350369 3.715374 -54.144539
7.350369 3.715374 -54.144539
7.350369 3.715374 -54.144539
7.350369 3.715374 -54.144539
7.350369 3.715374 -54.144539
7.350369 3.715374 -54.144539
7.350369 3.715374 -54.144539
8.312636 3.284644 -50.981061
8.312636 3.284644 -50.981061
8.312636 3.284644 -50.981061
8.312636 3.284644 -50.981061
8.312636 3.284644 -50.981061
8.312636 3.284644 -50.981061
8.312636 3.284644 -50.981061
8.312636 3.284644 -50.981061
5.984083 3.788421 -44.862568
5.984083 3.788421 -44.862568
5.984083 3.788421 -44.862568
5.984083 3.788421 -44.862568
5.984083 3.788421 -44.862568
5.984083 3.788421 -44.862568
5.984083 3.788421 -44.862568
5.138812 3.444793 -40.705991
5.138812 3.444793 -40.705991
5.138812 3.444793 -40.705991
5.138812 3.444793 -40.705991
5.138812 3.444793 -40.705991
5.138812 3.444793 -40.705991
5.138812 3.444793 -40.705991
5.138812 3.444793 -40.705991
1.534198 3.454498 -34.667476
1.534198 3.454498 -34.667476
1.534198 3.454498 -34.667476
1.534198 3.454498 -34.667476
1.534198 3.454498 -34.667476
1.534198 3.454498 -34.667476
1.534198 3.454498 -34.667476
1.534198 3.454498 -34.667476
5.328472 0.862488 -30.012514
5.328472 0.862488 -30.012514
5.328472 0.862488 -30.012514
5.328472 0.862488 -30.012514
5.328472 0.862488 -30.012514
5.328472 0.862488 -30.012514
5.328472 0.862488 -30.012514
1.163290 3.915493 -26.681156
1.163290 3.915493 -26.681156
1.163290 3.915493 -26.681156
1.163290 3.915493 -26.681156
1.163290 3.915493 -26.681156
1.163290 3.915493 -26.681156
1.163290 3.915493 -26.681156
1.163290 3.915493 -26.681156
-2.693053 3.441427 -31.822736
-2.693053 3.441427 -31.822736
-2.693053 3.441427 -31.822736
-2.693053 3.441427 -31.822736
-2.693053 3.441427 -31.822736
-2.693053 3.441427 -31.822736
-2.693053 3.441427 -31.822736
-0.422858 0.319354 -37.901922
-0.422858 0.319354 -37.901922
-0.422858 0.319354 -37.901922
-0.422858 0.319354 -37.901922
-0.422858 0.319354 -37.901922
-0.422858 0.319354 -37.901922
-0.422858 0.319354 -37.901922
-0.422858 0.319354 -37.901922
1.635215 3.190110 -42.640400
1.635215 3.190110 -42.640400
1.635215 3.190110 -42.640400
1.635215 3.190110 -42.640400
1.635215 3.190110 -42.640400
1.635215 3.190110 -42.640400
1.635215 3.190110 -42.640400
0.876011 4.267975 -45.685954
0.876011 4.267975 -45.685954
0.876011 4.267975 -45.685954
0.876011 4.267975 -45.685954
0.876011 4.267975 -45.685954
0.876011 4.267975 -45.685954
0.876011 4.267975 -45.685954
0.876011 4.267975 -45.685954
1.234166 4.430799 -48.231675
1.234166 4.430799 -48.231675
1.234166 4.430799 -48.231675
1.234166 4.430799 -48.231675
1.234166 4.430799 -48.231675
1.234166 4.430799 -48.231675
1.234166 4.430799 -48.231675
1.234166 4.430799 -48.231675
0.357098 2.487908 -48.911804
0.357098 2.487908 -48.911804
0.357098 2.487908 -48.911804
0.357098 2.487908 -48.911804
0.357098 2.487908 -48.911804
0.357098 2.487908 -48.911804
0.357098 2.487908 -48.911804
1.066832 3.287445 -47.970939
1.066832 3.287445 -47.970939
1.066832 3.287445 -47.970939
1.066832 3.287445 -47.970939
1.066832 3.287445 -47.970939
1.066832 3.287445 -47.970939
1.066832 3.287445 -47.970939
0.745312 3.761602 -50.618071
0.745312 3.761602 -50.618071
0.745312 3.761602 -50.618071
0.745312 3.761602 -50.618071
0.745312 3.761602 -50.618071
0.745312 3.761602 -50.618071
0.745312 3.761602 -50.618071
0.745312 3.761602 -50.618071
1.071896 2.560797 -52.347004
1.071896 2.560797 -52.347004
1.071