-1.299862 -15.007515 160.541356
-1.299862 -15.007515 160.541356
-1.299862 -15.007515 160.541356
-1.299862 -15.007515 160.541356
-1.299862 -15.007515 160.541356
-1.299862 -15.007515 160.541356
-1.328360 -15.358047 160.697194
-1.328360 -15.358047 160.697194
-1.328360 -15.358047 160.697194
-1.328360 -15.358047 160.697194
-1.328360 -15.358047 160.697194
-1.328360 -15.358047 160.697194
-1.328360 -15.358047 160.697194
-1.328360 -15.358047 160.697194
-1.328360 -15.358047 160.697194
-1.328360 -15.358047 160.697194
-1.340076 -15.580235 160.832596
-1.340076 -15.580235 160.832596
-1.340076 -15.580235 160.832596
-1.340076 -15.580235 160.832596
-1.340076 -15.580235 160.832596
-1.340076 -15.580235 160.832596
-1.340076 -15.580235 160.832596
-1.340076 -15.580235 160.832596
-1.340076 -15.580235 160.832596
-1.340076 -15.580235 160.832596
-1.340076 -15.580235 160.832596
-1.351201 -15.707243 160.945307
-1.351201 -15.707243 160.945307
-1.351201 -15.707243 160.945307
-1.351201 -15.707243 160.945307
-1.351201 -15.707243 160.945307
-1.351201 -15.707243 160.945307
-1.351201 -15.707243 160.945307
-1.351201 -15.707243 160.945307
-1.351201 -15.707243 160.945307
-1.351201 -15.707243 160.945307
-1.351201 -15.707243 160.945307
-1.371424 -15.788226 161.036805
-1.371424 -15.788226 161.036805
-1.371424 -15.788226 161.036805
-1.371424 -15.788226 161.036805
-1.371424 -15.788226 161.036805
-1.371424 -15.788226 161.036805
-1.371424 -15.788226 161.036805
-1.371424 -15.788226 161.036805
-1.371424 -15.788226 161.036805
-1.393852 -15.846645 161.107675
-1.393852 -15.846645 161.107675
-1.393852 -15.846645 161.107675
-1.393852 -15.846645 161.107675
-1.393852 -15.846645 161.107675
-1.393852 -15.846645 161.107675
-1.393852 -15.846645 161.107675
-1.393852 -15.846645 161.107675
-1.393852 -15.846645 161.107675
-1.393852 -15.846645 161.107675
-1.393852 -15.846645 161.107675
-1.419806 -15.884940 161.159051
-1.419806 -15.884940 161.159051
-1.419806 -15.884940 161.159051
-1.419806 -15.884940 161.159051
-1.419806 -15.884940 161.159051
-1.419806 -15.884940 161.159051
-1.419806 -15.884940 161.159051
-1.419806 -15.884940 161.159051
-1.419806 -15.884940 161.159051
-1.419806 -15.884940 161.159051
-1.426253 -15.917582 161.197533
-1.426253 -15.917582 161.197533
-1.426253 -15.917582 161.197533
-1.426253 -15.917582 161.197533
-1.426253 -15.917582 161.197533
-1.426253 -15.917582 161.197533
-1.426253 -15.917582 161.197533
-1.426253 -15.917582 161.197533
-1.426253 -15.917582 161.197533
-1.428184 -15.903985 161.226643
-1.428184 -15.903985 161.226643
-1.428184 -15.903985 161.226643
-1.428184 -15.903985 161.226643
-1.428184 -15.903985 161.226643
-1.428184 -15.903985 161.226643
-1.428184 -15.903985 161.226643
-1.428184 -15.903985 161.226643
-1.428184 -15.903985 161.226643
-1.428184 -15.903985 161.226643
-1.462028 -15.964722 161.212655
-1.462028 -15.964722 161.212655
-1.462028 -15.964722 161.212655
-1.462028 -15.964722 161.212655
-1.462028 -15.964722 161.212655
-1.462028 -15.964722 161.212655
-1.462028 -15.964722 161.212655
-1.462028 -15.964722 161.212655
-1.462028 -15.964722 161.212655
-1.462028 -15.964722 161.212655
-1.480347 -15.991530 161.214185
-1.480347 -15.991530 161.214185
-1.480347 -15.991530 161.214185
-1.480347 -15.991530 161.214185
-1.480347 -15.991530 161.214185
-1.480347 -15.991530 161.214185
-1.480347 -15.991530 161.214185
-1.480347 -15.991530 161.214185
-1.480347 -15.991530 161.214185
-1.480347 -15.991530 161.214185
-1.480347 -15.991530 161.214185
-1.487465 -16.002213 161.223159
-1.487465 -16.002213 161.223159
-1.487465 -16.002213 161.223159
-1.487465 -16.002213 161.223159
-1.487465 -16.002213 161.223159
-1.487465 -16.002213 161.223159
-1.487465 -16.002213 161.223159
-1.487465 -16.002213 161.223159
-1.487465 -16.002213 161.223159
-1.484319 -16.000388 161.234388
-1.484319 -16.000388 161.234388
-1.484319 -16.000388 161.234388
-1.484319 -16.000388 161.234388
-1.484319 -16.000388 161.234388
-1.484319 -16.000388 161.234388
-1.484319 -16.000388 161.234388
-1.484319 -16.000388 161.234388
-1.484319 -16.000388 161.234388
-1.484319 -16.000388 161.234388
-1.490181 -15.989837 161.233050
-1.490181 -15.989837 161.233050
-1.490181 -15.989837 161.233050
-1.490181 -15.989837 161.233050
-1.490181 -15.989837 161.233050
-1.490181 -15.989837 161.233050
-1.490181 -15.989837 161.233050
-1.490181 -15.989837 161.233050
-1.490181 -15.989837 161.233050
-1.490181 -15.989837 161.233050
-1.490181 -15.989837 161.233050
-1.490181 -15.989837 161.233050
-1.488959 -15.987357 161.237517
-1.488959 -15.987357 161.237517
-1.488959 -15.987357 161.237517
-1.488959 -15.987357 161.237517
-1.488959 -15.987357 161.237517
-1.488959 -15.987357 161.237517
-1.488959 -15.987357 161.237517
-1.488959 -15.987357 161.237517
-1.488959 -15.987357 161.237517
-1.488959 -15.987357 161.237517
-1.492517 -15.995760 161.246560
-1.492517 -15.995760 161.246560
-1.492517 -15.995760 161.246560
-1.492517 -15.995760 161.246560
-1.492517 -15.995760 161.246560
-1.492517 -15.995760 161.246560
-1.492517 -15.995760 161.246560
-1.492517 -15.995760 161.246560
-1.492517 -15.995760 161.246560
-1.492517 -15.995760 161.246560
-1.491107 -15.996143 161.245808
-1.491107 -15.996143 161.245808
-1.491107 -15.996143 161.245808
-1.491107 -15.996143 161.245808
-1.491107 -15.996143 161.245808
-1.491107 -15.996143 161.245808
-1.491107 -15.996143 161.245808
-1.491107 -15.996143 161.245808
-1.491107 -15.996143 161.245808
-1.499292 -15.993895 161.258676
-1.499292 -15.993895 161.258676
-1.499292 -15.993895 161.258676
-1.499292 -15.993895 161.258676
-1.499292 -15.993895 161.258676
-1.499292 -15.993895 161.258676
-1.499292 -15.993895 161.258676
-1.499292 -15.993895 161.258676
-1.499292 -15.993895 161.258676
-1.490709 -15.997756 161.264755
-1.490709 -15.997756 161.264755
-1.490709 -15.997756 161.264755
-1.490709 -15.997756 161.264755
-1.490709 -15.997756 161.264755
-1.490709 -15.997756 161.264755
-1.490709 -15.997756 161.264755
-1.490709 -15.997756 161.264755
-1.490709 -15.997756 161.264755
-1.490709 -15.997756 161.264755
-1.503124 -15.996505 161.254414
-1.503124 -15.996505 161.254414
-1.503124 -15.996505 161.254414
-1.503124 -15.996505 161.254414
-1.503124 -15.996505 161.254414
-1.503124 -15.996505 161.254414
-1.503124 -15.996505 161.254414
-1.503124 -15.996505 161.254414
-1.503124 -15.996505 161.254414
-1.503124 -15.996505 161.254414
-1.490278 -15.971547 161.248677
-1.490278 -15.971547 161.248677
-1.490278 -15.971547 161.248677
-1.490278 -15.971547 161.248677
-1.490278 -15.971547 161.248677
-1.490278 -15.971547 161.248677
-1.490278 -15.971547 161.248677
-1.490278 -15.971547 161.248677
-1.490278 -15.971547 161.248677
-1.490278 -15.971547 161.248677
-1.479655 -15.943098 161.241833
-1.479655 -15.943098 161.241833
-1.479655 -15.943098 161.241833
-1.479655 -15.943098 161.241833
-1.479655 -15.943098 161.241833
-1.479655 -15.943098 161.241833
-1.479655 -15.943098 161.241833
-1.479655 -15.943098 161.241833
-1.479655 -15.943098 161.241833
-1.479655 -15.943098 161.241833
-1.479655 -15.943098 161.241833
-8.302751 -8.939379 164.948030
-8.302751 -8.939379 164.948030
-8.302751 -8.939379 164.948030
-8.302751 -8.939379 164.948030
-8.302751 -8.939379 164.948030
-8.302751 -8.939379 164.948030
-8.302751 -8.939379 164.948030
-8.302751 -8.939379 164.948030
-8.302751 -8.939379 164.948030
-8.302751 -8.939379 164.948030
-8.302751 -8.939379 164.948030
2.678448 9.413231 169.369362
2.678448 9.413231 169.369362
2.678448 9.413231 169.369362
2.678448 9.413231 169.369362
2.678448 9.413231 169.369362
2.678448 9.413231 169.369362
2.678448 9.413231 169.369362
2.678448 9.413231 169.369362
2.678448 9.413231 169.369362
2.678448 9.413231 169.369362
0.399142 10.976417 167.644248
0.399142 10.976417 167.644248
0.399142 10.976417 167.644248
0.399142 10.976417 167.644248
0.399142 10.976417 167.644248
0.399142 10.976417 167.644248
0.399142 10.976417 167.644248
0.399142 10.976417 167.644248
0.399142 10.976417 167.644248
0.399142 10.976417 167.644248
0.243286 8.702163 165.276890
0.243286 8.702163 165.276890
0.243286 8.702163 165.276890
0.243286 8.702163 165.276890
0.243286 8.702163 165.276890
0.243286 8.702163 165.276890
0.243286 8.702163 165.276890
0.243286 8.702163 165.276890
0.243286 8.702163 165.276890
-0.861780 3.016071 163.183779
-0.861780 3.016071 163.183779
-0.861780 3.016071 163.183779
-0.861780 3.016071 163.183779
-0.861780 3.016071 163.183779
-0.861780 3.016071 163.183779
-0.861780 3.016071 163.183779
-0.861780 3.016071 163.183779
-0.861780 3.016071 163.183779
-0.861780 3.016071 163.183779
-0.861780 3.016071 163.183779
-1.420270 -0.783925 162.098844
-1.420270 -0.783925 162.098844
-1.420270 -0.783925 162.098844
-1.420270 -0.783925 162.098844
-1.420270 -0.783925 162.098844
-1.420270 -0.783925 162.098844
-1.420270 -0.783925 162.098844
-1.420270 -0.783925 162.098844
-1.420270 -0.783925 162.098844
-0.851798 -0.241212 161.486805
-0.851798 -0.241212 161.486805
-0.851798 -0.241212 161.486805
-0.851798 -0.241212 161.486805
-0.851798 -0.241212 161.486805
-0.851798 -0.241212 161.486805
-0.851798 -0.241212 161.486805
-0.851798 -0.241212 161.486805
-0.851798 -0.241212 161.486805
-0.851798 -0.241212 161.486805
-1.183222 0.931130 161.269564
-1.183222 0.931130 161.269564
-1.183222 0.931130 161.269564
-1.183222 0.931130 161.269564
-1.183222 0.931130 161.269564
-1.183222 0.931130 161.269564
-1.183222 0.931130 161.269564
-1.183222 0.931130 161.269564
-1.183222 0.931130 161.269564
-1.272414 1.739134 160.952793
-1.272414 1.739134 160.952793
-1.272414 1.739134 160.952793
-1.272414 1.739134 160.952793
-1.272414 1.739134 160.952793
-1.272414 1.739134 160.952793
-1.272414 1.739134 160.952793
-1.272414 1.739134 160.952793
-1.272414 1.739134 160.952793
-1.272414 1.739134 160.952793
-0.862058 0.567335 160.659956
-0.862058 0.567335 160.659956
-0.862058 0.567335 160.659956
-0.862058 0.567335 160.659956
-0.862058 0.567335 160.659956
-0.862058 0.567335 160.659956
-0.862058 0.567335 160.659956
-0.862058 0.567335 160.659956
-0.862058 0.567335 160.659956
3.761815 -5.376214 162.117272
3.761815 -5.376214 162.117272
3.761815 -5.376214 162.117272
3.761815 -5.376214 162.117272
3.761815 -5.376214 162.117272
3.761815 -5.376214 162.117272
3.761815 -5.376214 162.117272
3.761815 -5.376214 162.117272
3.761815 -5.376214 162.117272
3.761815 -5.376214 162.117272
-1.002921 -15.225919 156.274865
-1.002921 -15.225919 156.274865
-1.002921 -15.225919 156.274865
-1.002921 -15.225919 156.274865
-1.002921 -15.225919 156.274865
-1.002921 -15.225919 156.274865
-1.002921 -15.225919 156.274865
-1.002921 -15.225919 156.274865
-1.002921 -15.225919 156.274865
-0.595564 -14.963720 153.103349
-0.595564 -14.963720 153.103349
-0.595564 -14.963720 153.103349
-0.595564 -14.963720 153.103349
-0.595564 -14.963720 153.103349
-0.595564 -14.963720 153.103349
-0.595564 -14.963720 153.103349
-0.595564 -14.963720 153.103349
-0.595564 -14.963720 153.103349
-0.595564 -14.963720 153.103349
-0.595564 -14.963720 153.103349
-0.056367 -15.104678 154.833381
-0.056367 -15.104678 154.833381
-0.056367 -15.104678 154.833381
-0.056367 -15.104678 154.833381
-0.056367 -15.104678 154.833381
-0.056367 -15.104678 154.833381
-0.056367 -15.104678 154.833381
-0.056367 -15.104678 154.833381
-0.056367 -15.104678 154.833381
-0.056367 -15.104678 154.833381
-0.056367 -15.104678 154.833381
-0.098339 -15.483327 156.939415
-0.098339 -15.483327 156.939415
-0.098339 -15.483327 156.939415
-0.098339 -15.483327 156.939415
-0.098339 -15.483327 156.939415
-0.098339 -15.483327 156.939415
-0.098339 -15.483327 156.939415
-0.098339 -15.483327 156.939415
-0.098339 -15.483327 156.939415
-0.098339 -15.483327 156.939415
-0.229190 -15.670667 158.510167
-0.229190 -15.670667 158.510167
-0.229190 -15.670667 158.510167
-0.229190 -15.670667 158.510167
-0.229190 -15.670667 158.510167
-0.229190 -15.670667 158.510167
-0.229190 -15.670667 158.510167
-0.229190 -15.670667 158.510167
-0.229190 -15.670667 158.510167
-0.229190 -15.670667 158.510167
-0.414505 -15.783777 159.650372
-0.414505 -15.783777 159.650372
-0.414505 -15.783777 159.650372
-0.414505 -15.783777 159.650372
-0.414505 -15.783777 159.650372
-0.414505 -15.783777 159.650372
-0.414505 -15.783777 159.650372
-0.414505 -15.783777 159.650372
-0.414505 -15.783777 159.650372
-0.414505 -15.783777 159.650372
-0.592173 -15.841698 160.493094
-0.592173 -15.841698 160.493094
-0.592173 -15.841698 160.493094
-0.592173 -15