-1.067200 -15.004744 162.800646
-1.067200 -15.004744 162.800646
-1.067200 -15.004744 162.800646
-1.095422 -15.355090 163.246658
-1.095422 -15.355090 163.246658
-1.095422 -15.355090 163.246658
-1.095422 -15.355090 163.246658
-1.095422 -15.355090 163.246658
-1.095422 -15.355090 163.246658
-1.134531 -15.566310 163.616731
-1.134531 -15.566310 163.616731
-1.134531 -15.566310 163.616731
-1.134531 -15.566310 163.616731
-1.134531 -15.566310 163.616731
-1.134531 -15.566310 163.616731
-1.188518 -15.688190 163.903531
-1.188518 -15.688190 163.903531
-1.188518 -15.688190 163.903531
-1.188518 -15.688190 163.903531
-1.188518 -15.688190 163.903531
-1.188518 -15.688190 163.903531
-1.188518 -15.688190 163.903531
-1.231926 -15.785834 164.119815
-1.231926 -15.785834 164.119815
-1.231926 -15.785834 164.119815
-1.231926 -15.785834 164.119815
-1.285836 -15.844403 164.309763
-1.285836 -15.844403 164.309763
-1.285836 -15.844403 164.309763
-1.285836 -15.844403 164.309763
-1.285836 -15.844403 164.309763
-1.285836 -15.844403 164.309763
-1.285836 -15.844403 164.309763
-1.329914 -15.888931 164.435917
-1.329914 -15.888931 164.435917
-1.329914 -15.888931 164.435917
-1.329914 -15.888931 164.435917
-1.329914 -15.888931 164.435917
-1.329914 -15.888931 164.435917
-1.329914 -15.888931 164.435917
-1.329914 -15.888931 164.435917
-1.350865 -15.909850 164.538820
-1.350865 -15.909850 164.538820
-1.350865 -15.909850 164.538820
-1.350865 -15.909850 164.538820
-1.350865 -15.909850 164.538820
-1.350865 -15.909850 164.538820
-1.350865 -15.909850 164.538820
-1.372939 -15.922501 164.631356
-1.372939 -15.922501 164.631356
-1.372939 -15.922501 164.631356
-1.372939 -15.922501 164.631356
-1.372939 -15.922501 164.631356
-1.372939 -15.922501 164.631356
-1.372939 -15.922501 164.631356
-1.390868 -15.929985 164.694275
-1.390868 -15.929985 164.694275
-1.390868 -15.929985 164.694275
-1.390868 -15.929985 164.694275
-1.390868 -15.929985 164.694275
-1.390868 -15.929985 164.694275
-1.390868 -15.929985 164.694275
-1.406190 -15.927631 164.732989
-1.406190 -15.927631 164.732989
-1.406190 -15.927631 164.732989
-1.406190 -15.927631 164.732989
-1.406190 -15.927631 164.732989
-1.406190 -15.927631 164.732989
-1.405966 -15.922542 164.768724
-1.405966 -15.922542 164.768724
-1.405966 -15.922542 164.768724
-1.405966 -15.922542 164.768724
-1.423767 -15.925602 164.791428
-1.423767 -15.925602 164.791428
-1.423767 -15.925602 164.791428
-1.423767 -15.925602 164.791428
-1.423767 -15.925602 164.791428
-1.442722 -15.929347 164.822382
-1.442722 -15.929347 164.822382
-1.442722 -15.929347 164.822382
-1.442722 -15.929347 164.822382
-1.455813 -15.928887 164.829732
-1.455813 -15.928887 164.829732
-1.455813 -15.928887 164.829732
-1.455813 -15.928887 164.829732
-1.455813 -15.928887 164.829732
-1.464057 -15.930865 164.822205
-1.464057 -15.930865 164.822205
-1.464057 -15.930865 164.822205
-1.464057 -15.930865 164.822205
-1.464057 -15.930865 164.822205
-1.464057 -15.930865 164.822205
-1.465952 -15.924110 164.835920
-1.465952 -15.924110 164.835920
-1.465952 -15.924110 164.835920
-1.465952 -15.924110 164.835920
-1.465952 -15.924110 164.835920
-1.467977 -15.929603 164.839895
-1.467977 -15.929603 164.839895
-1.467977 -15.929603 164.839895
-1.467977 -15.929603 164.839895
-1.467977 -15.929603 164.839895
-1.467977 -15.929603 164.839895
-1.467977 -15.929603 164.839895
-1.464984 -15.926731 164.833584
-1.464984 -15.926731 164.833584
-1.464984 -15.926731 164.833584
-1.464984 -15.926731 164.833584
-1.464984 -15.926731 164.833584
-1.464984 -15.926731 164.833584
-1.464984 -15.926731 164.833584
-1.470330 -15.935118 164.842518
-1.470330 -15.935118 164.842518
-1.470330 -15.935118 164.842518
-1.470330 -15.935118 164.842518
-1.470330 -15.935118 164.842518
-1.470330 -15.935118 164.842518
-1.470330 -15.935118 164.842518
-1.464699 -15.939681 164.852722
-1.464699 -15.939681 164.852722
-1.464699 -15.939681 164.852722
-1.464699 -15.939681 164.852722
-1.464699 -15.939681 164.852722
-1.464699 -15.939681 164.852722
-1.464699 -15.939681 164.852722
-1.464699 -15.939681 164.852722
-1.467630 -15.941730 164.857025
-1.467630 -15.941730 164.857025
-1.467630 -15.941730 164.857025
-1.467630 -15.941730 164.857025
-1.467630 -15.941730 164.857025
-1.467630 -15.941730 164.857025
-1.470243 -15.941563 164.852736
-1.470243 -15.941563 164.852736
-1.470243 -15.941563 164.852736
-1.470243 -15.941563 164.852736
-1.470243 -15.941563 164.852736
-1.470243 -15.941563 164.852736
-1.470243 -15.941563 164.852736
-1.470243 -15.941563 164.852736
-1.470243 -15.941563 164.852736
-1.466149 -15.940680 164.854047
-1.466149 -15.940680 164.854047
-1.466149 -15.940680 164.854047
-1.466149 -15.940680 164.854047
-1.466149 -15.940680 164.854047
-1.466149 -15.940680 164.854047
-1.466149 -15.940680 164.854047
-1.466149 -15.940680 164.854047
-1.469260 -15.937890 164.849635
-1.469260 -15.937890 164.849635
-1.469260 -15.937890 164.849635
-1.469260 -15.937890 164.849635
-1.469260 -15.937890 164.849635
-1.469260 -15.937890 164.849635
-1.469260 -15.937890 164.849635
-1.468110 -15.933896 164.850769
-1.468110 -15.933896 164.850769
-1.468110 -15.933896 164.850769
-1.468110 -15.933896 164.850769
-1.468110 -15.933896 164.850769
-1.468110 -15.933896 164.850769
-1.468110 -15.933896 164.850769
-1.468110 -15.933896 164.850769
-1.468110 -15.933896 164.850769
-1.467049 -15.932229 164.848638
-1.467049 -15.932229 164.848638
-1.467049 -15.932229 164.848638
-1.467049 -15.932229 164.848638
-1.467049 -15.932229 164.848638
-1.467049 -15.932229 164.848638
-1.467049 -15.932229 164.848638
-1.477893 -15.933918 164.851820
-1.477893 -15.933918 164.851820
-1.477893 -15.933918 164.851820
-1.477893 -15.933918 164.851820
-1.477893 -15.933918 164.851820
-1.477893 -15.933918 164.851820
-1.477893 -15.933918 164.851820
-1.476907 -15.940439 164.854552
-1.476907 -15.940439 164.854552
-1.476907 -15.940439 164.854552
-1.476907 -15.940439 164.854552
-1.476907 -15.940439 164.854552
-1.476907 -15.940439 164.854552
-1.472580 -15.943820 164.852025
-1.472580 -15.943820 164.852025
-1.472580 -15.943820 164.852025
-1.472580 -15.943820 164.852025
-1.472580 -15.943820 164.852025
-1.472580 -15.943820 164.852025
-1.468599 -15.938221 164.840783
-1.468599 -15.938221 164.840783
-1.468599 -15.938221 164.840783
-1.468599 -15.938221 164.840783
-1.468599 -15.938221 164.840783
-1.468599 -15.938221 164.840783
-1.468599 -15.938221 164.840783
-1.468599 -15.938221 164.840783
-1.468354 -15.935364 164.856369
-1.468354 -15.935364 164.856369
-1.468354 -15.935364 164.856369
-1.468354 -15.935364 164.856369
-1.468354 -15.935364 164.856369
-1.468354 -15.935364 164.856369
-1.468354 -15.935364 164.856369
-1.468354 -15.935364 164.856369
-1.478042 -15.938419 164.860440
-1.478042 -15.938419 164.860440
-1.478042 -15.938419 164.860440
-1.478042 -15.938419 164.860440
-1.478042 -15.938419 164.860440
-1.478042 -15.938419 164.860440
-1.478042 -15.938419 164.860440
-1.483618 -15.941779 164.861533
-1.483618 -15.941779 164.861533
-1.483618 -15.941779 164.861533
-1.483618 -15.941779 164.861533
-1.483618 -15.941779 164.861533
-1.483618 -15.941779 164.861533
-1.483618 -15.941779 164.861533
-1.483618 -15.941779 164.861533
-1.473555 -15.934529 164.865303
-1.473555 -15.934529 164.865303
-1.473555 -15.934529 164.865303
-1.473555 -15.934529 164.865303
-1.473555 -15.934529 164.865303
-1.473555 -15.934529 164.865303
-1.473555 -15.934529 164.865303
-1.475475 -15.940164 164.862380
-1.475475 -15.940164 164.862380
-1.475475 -15.940164 164.862380
-1.475475 -15.940164 164.862380
-1.475475 -15.940164 164.862380
-1.475475 -15.940164 164.862380
-1.475475 -15.940164 164.862380
-1.475475 -15.940164 164.862380
-1.481574 -15.938533 164.866096
-1.481574 -15.938533 164.866096
-1.481574 -15.938533 164.866096
-1.481574 -15.938533 164.866096
-1.481574 -15.938533 164.866096
-1.481574 -15.938533 164.866096
-1.481574 -15.938533 164.866096
-1.486529 -15.936872 164.861123
-1.486529 -15.936872 164.861123
-1.486529 -15.936872 164.861123
-1.486529 -15.936872 164.861123
-1.486529 -15.936872 164.861123
-1.486529 -15.936872 164.861123
-1.486529 -15.936872 164.861123
-1.482658 -15.939527 164.850687
-1.482658 -15.939527 164.850687
-1.482658 -15.939527 164.850687
-1.482658 -15.939527 164.850687
-1.482658 -15.939527 164.850687
-1.482658 -15.939527 164.850687
-1.482658 -15.939527 164.850687
-1.490945 -15.935284 164.846875
-1.490945 -15.935284 164.846875
-1.490945 -15.935284 164.846875
-1.490945 -15.935284 164.846875
-1.490945 -15.935284 164.846875
-1.490945 -15.935284 164.846875
-1.490945 -15.935284 164.846875
-1.490945 -15.935284 164.846875
-1.487613 -15.930305 164.830032
-1.487613 -15.930305 164.830032
-1.487613 -15.930305 164.830032
-1.487613 -15.930305 164.830032
-1.487613 -15.930305 164.830032
-1.487613 -15.930305 164.830032
-1.487613 -15.930305 164.830032
-1.487613 -15.930305 164.830032
-1.484028 -15.924465 164.825961
-1.484028 -15.924465 164.825961
-1.484028 -15.924465 164.825961
-1.484028 -15.924465 164.825961
-1.484028 -15.924465 164.825961
-1.484028 -15.924465 164.825961
-1.484028 -15.924465 164.825961
-1.484028 -15.924465 164.825961
-1.469346 -15.932089 164.828120
-1.469346 -15.932089 164.828120
-1.469346 -15.932089 164.828120
-1.469346 -15.932089 164.828120
-1.469346 -15.932089 164.828120
-1.469346 -15.932089 164.828120
-1.469346 -15.932089 164.828120
-1.469346 -15.932089 164.828120
-1.467669 -15.939462 164.833106
-1.467669 -15.939462 164.833106
-1.467669 -15.939462 164.833106
-1.467669 -15.939462 164.833106
-1.467669 -15.939462 164.833106
-1.467669 -15.939462 164.833106
-1.467669 -15.939462 164.833106
-1.467669 -15.939462 164.833106
-1.467669 -15.939462 164.833106
-1.471233 -15.936874 164.832027
-1.471233 -15.936874 164.832027
-1.471233 -15.936874 164.832027
-1.471233 -15.936874 164.832027
-1.471233 -15.936874 164.832027
-1.471233 -15.936874 164.832027
-1.473028 -15.929471 164.831480
-1.473028 -15.929471 164.831480
-1.473028 -15.929471 164.831480
-1.473028 -15.929471 164.831480
-1.473028 -15.929471 164.831480
-1.473028 -15.929471 164.831480
-1.473028 -15.929471 164.831480
-1.463733 -15.929857 164.825429
-1.463733 -15.929857 164.825429
-1.463733 -15.929857 164.825429
-1.463733 -15.929857 164.825429
-1.463733 -15.929857 164.825429
-1.463733 -15.929857 164.825429
-1.460153 -15.929948 164.830975
-1.460153 -15.929948 164.830975
-1.460153 -15.929948 164.830975
-1.460153 -15.929948 164.830975
-1.460153 -15.929948 164.830975
-1.460153 -15.929948 164.830975
-1.460801 -15.935012 164.832149
-1.460801 -15.935012 164.832149
-1.460801 -15.935012 164.832149
-1.460801 -15.935012 164.832149
-1.460801 -15.935012 164.832149
-1.460801 -15.935012 164.832149
-1.460801 -15.935012 164.832149
-1.465900 -15.943489 164.830934
-1.465900 -15.943489 164.830934
-1.465900 -15.943489 164.830934
-1.465900 -15.943489 164.830934
-1.465900 -15.943489 164.830934
-1.465900 -15.943489 164.830934
-1.475825 -15.936320 164.823748
-1.475825 -15.936320 164.823748
-1.475825 -15.936320 164.823748
-1.475825 -15.936320 164.823748
-1.475825 -15.936320 164.823748
-1.475825 -15.936320 164.823748
-1.475825 -15.936320 164.823748
-1.475825 -15.936320 164.823748
-1.479673 -15.927402 164.823147
-1.479673 -15.927402 164.823147
-1.479673 -15.927402 164.823147
-1.479673 -15.927402 164.823147
-1.479673 -15.927402 164.823147
-1.479673 -15.927402 164.823147
-1.479673 -15.927402 164.823147
-1.479673 -15.927402 164.823147
-1.469620 -15.920268 164.829294
-1.469620 -15.920268 164.829294
-1.469620 -15.920268 164.829294
-1.469620 -15.920268 164.829294
-1.469620 -15.920268 164.829294
-1.464749 -15.920261 164.822423
-1.464749 -15.920261 164.822423
-1.464749 -15.920261 164.822423
-1.464749 -15.920261 164.822423
-1.464749 -15.920261 164.822423
-1.464749 -15.920261 164.822423
-1.466469 -15.914382 164.822382
-1.466469 -15.914382 164.822382
-1.466469 -15.914382 164.822382
-1.466469 -15.914382 164.822382
-1.466469 -15.914382 164.822382
-1.466469 -15.914382 164.822382
-1.466469 -15.914382 164.822382
-1.463757 -15.920616 164.834362
-1.463757 -15.920616 164.834362
-1.463757 -15.920616 164.834362
-1.463757 -15.920616 164.834362
-1.463757 -15.920616 164.834362
-1.463757 -15.920616 164.834362
-1.463757 -15.920616 164.834362
-1.466592 -15.924759 164.832573
-1.466592 -15.924759 164.832573
-1.466592 -15.924759 164.832573
-1.466592 -15.924759 164.832573
-1.466592 -15.924759 164.832573
-1.466592 -15.924759 164.832573
-1.466592 -15.924759 164.832573
-1.460288 -15.926266 164.844280
-1.460288 -15.926266 164.844280
-1.460288 -15.926266 164.844280
-1.460288 -15.926266 164.844280
-1.460288 -15.926266 164.844280
-1.460288 -15.926266 164.844280
-1.460288 -15.926266 164.844280
-1.460288 -15.926266 164.844280
-1.462002 -15.929664 164.850960
-1.462002 -15.929664 164.850960
-1.462002 -15.929664 164.850960
-1.462002 -15.929664 164.850960
-1.462002 -15.929664 164.850960
-1.462002 -15.929664 164.850960
-1.462002 -15.929664 164.850960
-1.455949 -15.928725 164.860604
-1.455949 -15.928725 164.860604
-1.455949 -15.928725 164.860604
-1.455949 -15.928725 164.860604
-1.455949 -15.928725 164.860604
-1.455949 -15.928725 164.860604
-1.455949 -15.928725 164.860604
-1.455949 -15.928725 164.860604
-1.461334 -15.925160 164.868500
-1.461334 -15.925160 164.868500
-1.461334 -15.925160 164.868500
-1.461334 -15.925160 164.868500
-1.461334 -15.925160 164.868500
-1.461334 -15.925160 164.868500
-1.461334 -15.925160 164.868500
-1.465122 -15.919375 164.867257
-1.465122 -15.919375 164.867257
-1.465122 -15.919375 164.867257
-1.465122 -15.919375 164.867257
-1.465122 -15.919375 164.867257
-1.465122 -15.919375 164.867257
-1.465122 -15.919375 164.867257
-1.465122 -15.919375 164.867257
-1.470861 -15.918029 164.869948
-1.470861 -15.918029 164.869948
-1.470861 -15.918029 164.869948
-1.470861 -15.918029 164.869948
-1.470861 -15.918029 164.869948
-1.470861 -15.918029 164.869948
-1.474931 -15.923258 164.867940
-1.474931 -15.923258 164.867940
-1.474931 -15.923258 164.867940
-1.474931 -15.923258 164.867940
-1.474931 -15.923258 164.867940
-1.474931 -15.923258 164.867940
-1.474931 -15.923258 164.867940
-1.474069 -15.924998 164.867243
-1.474069 -15.924998 164.867243
-1.474069 -15.924998 164.867243
-1.474069 -15.924998 164.867243
-1.474069 -15.924998 164.867243
-1.474069 -15.924998 164.867243
-1.474069 -15.924998 164.867243
-1.473478 -15.930303 164.871341
-1.473478 -15.930303 164.871341
-1.473478 -15.930303 164.871341
-1.473478 -15.930303 164.871341
-1.473478 -15.930303 164.871341
-1.473478 -15.930303 164.871341
-1.473478 -15.930303 164.871341
-1.472952 -15.928390 164.873295
-1.472952 -15.928390 164.873295
-1.472952 -15.928390 164.873295
-1.472952 -15.928390 164.873295
-1.472952 -15.928390 164.873295
-1.472952 -15.928390 164.873295
-1.472952 -15.928390 164.873295
-1.471993 -15.928500 164.867311
-1.471993 -15.928500 164.867311
-1.471993 -15.928500 164.867311
-1.471993 -15.928500 164.867311
-1.471993 -15.928500 164.867311
-1.471993 -15.928500 164.867311
-1.471993 -15.928500 164.867311
-1.471993 -15.928500 164.867311
-1.480246 -15.926348 164.855960
-1.480246 -15.926348 164.855960
-1.480246 -15.926348 164.855960
-1.480246 -15.926348 164.855960
-1.480246 -15.926348 164.855960
-1.480246 -15.926348 164.855960
-1.480246 -15.926348 164.855960
-1.473238 -15.921538 164.841015
-1.473238 -15.921538 164.841015
-1.473238 -15.921538 164.841015
-1.473238 -15.921538 164.841015
-1.473238 -15.921538 164.841015
-1.473238 -15.921538 164.841015
-1.473238 -15.921538 164.841015
-1.473238 -15.921538 164.841015
-1.475188 -15.916615 164.838761
-1.475188 -15.916615 164.838761
-1.475188 -15.916615 164.838761
-1.475188 -15.916615 164.838761
-1.475188 -15.916615 164.838761
-1.475188 -15.916615 164.838761
-1.475188 -15.916615 164.838761
-1.472603 -15.910398 164.829308
-1.472603 -15.910398 164.829308
-1.472603 -15.910398 164.829308
-1.472603 -15.910398 164.829308
-1.472603 -15.910398 164.829308
-1.472603 -15.910398 164.829308
-1.472603 -15.910398 164.829308
-1.465639 -15.904855 164.829827
-1.465639 -15.904855 164.829827
-1.465639 -15.904855 164.829827
-1.465639 -15.904855 164.829827
-1.465639 -15.904855 164.829827
-1.465639 -15.904855 164.829827
-1.465639 -15.904855 164.829827
-1.465639 -15.904855 164.829827
-1.457459 -15.897767 164.828857
-1.457459 -15.897767 164.828857
-1.457459 -15.897767 164.828857
-1.457459 -15.897767 164.828857
-1.457459 -15.897767 164.828857
-1.457459 -15.897767 164.828857
-1.457459 -15.897767 164.828857
-1.457459 -15.897767 164.828857
-1.461342 -15.904905 164.824923
-1.461342 -15.904905 164.824923
