0.000154 0.000005
0.000310 0.000008
0.000507 0.000020
0.000042 0.000035
-0.000401 0.000073
-0.000914 0.000100
-0.001399 0.000137
-0.001850 0.000157
-0.002282 0.000192
-0.002762 0.000223
-0.003224 0.000281
-0.003020 0.000914
-0.002817 0.001572
-0.002678 0.002232
-0.002490 0.002885
-0.002335 0.003511
-0.002149 0.004145
-0.001981 0.004799
-0.001810 0.005416
-0.002270 0.004189
-0.002699 0.002946
-0.003145 0.001730
-0.003612 0.000496
-0.004057 -0.000709
-0.004525 -0.001936
-0.004971 -0.003175
-0.005419 -0.004424
-0.005894 -0.005617
-0.006998 -0.005561
-0.008085 -0.005505
-0.009225 -0.005475
-0.010269 -0.005440
-0.011405 -0.005391
-0.012448 -0.005329
-0.013582 -0.005252
-0.013398 -0.005228
-0.013218 -0.005196
-0.013038 -0.005168
-0.012889 -0.005145
-0.012714 -0.005150
-0.012548 -0.005139
-0.012393 -0.005135
-0.012223 -0.005128
-0.012041 -0.006359
-0.011870 -0.007619
-0.011668 -0.008843
-0.011501 -0.010088
-0.011285 -0.011329
-0.011108 -0.012589
-0.010950 -0.013846
-0.010769 -0.015079
-0.010570 -0.015062
-0.010404 -0.015008
-0.010234 -0.014992
-0.010084 -0.014953
-0.009889 -0.014884
-0.009716 -0.014880
-0.009554 -0.014844
-0.010683 -0.015448
-0.011805 -0.016040
-0.012947 -0.016632
-0.014091 -0.017249
-0.015222 -0.017837
-0.016365 -0.018449
-0.020180 -0.018357
-0.024074 -0.018316
-0.027913 -0.018281
-0.031821 -0.018247
-0.035705 -0.018186
-0.029839 -0.014139
-0.024079 -0.010137
-0.018213 -0.006102
-0.012508 -0.002117
-0.006688 0.001912
-0.006318 0.001977
-0.005666 0.002071
-0.004684 0.002153
-0.003945 0.002222
-0.003206 0.002340
-0.002382 0.002483
-0.001725 0.002551
-0.001122 0.002675
-0.001638 0.003991
-0.002095 0.005299
-0.002567 0.006588
-0.003056 0.007910
-0.003500 0.009205
-0.003965 0.010537
-0.004405 0.011837
-0.005537 0.011217
-0.006637 0.010615
-0.007750 0.010007
-0.008910 0.009409
-0.010090 0.008798
-0.011247 0.008175
-0.012361 0.007557
-0.013444 0.006934
-0.014563 0.006329
-0.013723 0.006955
-0.012905 0.007619
-0.012128 0.008317
-0.011328 0.008949
-0.010521 0.009618
-0.009726 0.010244
-0.008915 0.010913
-0.008084 0.011561
-0.007915 0.011603
-0.007689 0.011623
-0.007479 0.011647
-0.007278 0.011695
-0.007113 0.011716
-0.006923 0.011736
-0.006750 0.011782
-0.006584 0.011777
-0.006416 0.011818
-0.006234 0.011831
-0.006051 0.011844
-0.005895 0.011914
-0.005704 0.011942
-0.005528 0.011978
-0.005373 0.011988
-0.005194 0.011970
-0.005013 0.011991
-0.005507 0.013908
-0.006009 0.015819
-0.006450 0.017794
-0.006929 0.019680
-0.007349 0.021598
-0.007788 0.023459
-0.008228 0.025386
-0.008684 0.027263
-0.009829 0.024797
-0.010964 0.022289
-0.012077 0.019749
-0.013190 0.017253
-0.014294 0.014714
-0.015418 0.012190
-0.016526 0.009673
-0.017660 0.007086
-0.018766 0.004506
-0.017944 0.005775
-0.017094 0.007095
-0.016291 0.008448
-0.015489 0.009760
-0.014655 0.011074
-0.013839 0.012398
-0.013003 0.013732
-0.012144 0.015036
-0.013257 0.007537
-0.014333 -0.000011
-0.015462 -0.007513
-0.016623 -0.015006
-0.017724 -0.022447
-0.018839 -0.029917
-0.019951 -0.037481
0.285942 0.071128
0.591869 0.179727
0.897785 0.288320
1.203681 0.396943
1.509581 0.505561
1.815465 0.614160
2.121375 0.722751
2.427275 0.831370
1.472169 0.345048
1.222766 -0.022048
0.603424 -0.498870
-0.423983 -1.134098
-0.901377 -2.051688
-2.624318 -2.376433
-2.830514 -3.211464
-4.021055 -4.265488
-4.040635 -4.486742
-4.272946 -4.964818
-3.030020 -5.525870
-2.640896 -6.052980
-2.398229 -7.356662
-1.863315 -8.399930
-0.304878 -9.914149
0.066790 -10.315323
-1.578279 -9.769612
-1.889316 -9.422127
-2.097983 -10.049964
-3.293903 -10.312757
-3.205548 -10.498817
-1.801509 -11.385801
-1.637312 -12.624184
-2.281519 -13.074811
-1.535304 -13.080554
-1.810819 -13.019853
-2.721052 -12.656930
-2.928792 -12.097306
-2.744934 -11.666690
-3.109739 -11.451494
-3.747409 -11.303398
-3.642020 -11.453109
-3.611906 -11.286456
-4.119546 -11.165220
-4.482664 -10.660958
-4.447464 -10.552717
-4.415655 -10.134010
-4.428642 -9.743431
-4.396744 -9.574437
-4.795661 -9.280408
-5.071894 -9.127846
-5.113212 -8.737174
-4.977402 -8.591919
-4.967839 -8.398747
-5.034300 -8.123587
-5.119984 -7.268291
-5.134499 -5.864875
-5.013456 -4.412024
-5.192185 -2.969305
-5.619315 -1.341198
-5.910172 -0.554726
-5.904847 1.449098
-5.910416 3.360635
-6.052108 4.366068
-5.993281 5.070555
-5.705477 5.282140
-5.561257 5.801656
-5.456658 6.190005
-5.489934 6.867887
-5.312672 6.723821
-5.215883 6.763853
-4.871701 6.718434
-4.963374 6.959075
-5.174189 7.306858
-5.178159 7.668996
-5.010998 7.801396
-5.038899 7.751966
-4.879728 7.178753
-4.488952 5.753206
-4.157646 3.763029
-4.202996 2.213291
-4.123087 1.024198
-3.744241 -0.236098
-3.490333 -1.074481
-3.448245 -1.793014
-3.462170 -2.351509
-3.408206 -2.819056
-3.017937 -3.685140
-3.052897 -3.774357
-3.058477 -3.954175
-3.004061 -4.004078
-2.934781 -4.195381
-2.900796 -4.435567
-2.907747 -4.417951
-3.145014 -4.381361
-3.718123 -3.933667
-4.596907 -3.263439
-4.484596 -2.965425
-5.157028 -2.832902
-5.809341 -2.640228
-6.477842 -2.553246
-7.279907 -2.214172
-8.330382 -2.189499
-9.412134 -2.223062
-10.236084 -2.516548
-10.644951 -2.486026
-11.354506 -2.616223
-11.603098 -2.728201
-11.594192 -2.965089
-11.479616 -3.002454
-11.993130 -3.176212
-12.127131 -3.281429
-11.538032 -3.340667
-11.011925 -3.374770
-10.187188 -3.484440
-9.537612 -3.425638
-8.840325 -3.606503
-8.330734 -3.815244
-7.753030 -3.776836
-7.148846 -3.689202
-6.437414 -3.878100
-5.798588 -4.140473
-5.172357 -4.348325
-4.144793 -4.382835
-3.722222 -4.577030
-2.626739 -4.833098
-1.390944 -5.563729
-0.594382 -5.912530
-0.075099 -5.807817
0.629513 -6.174301
0.826192 -6.172609
1.691095 -6.181356
1.890573 -6.249475
2.329472 -6.260287
2.365009 -6.292458
1.049247 -6.192492
0.291278 -6.163515
-0.465734 -6.411969
-1.712743 -6.260602
-3.120410 -6.293986
-3.356677 -6.380093
-3.814962 -6.514092
-4.520262 -6.821876
-5.293833 -6.882098
-5.734568 -7.502992
-6.332935 -7.789459
-6.525946 -7.755374
-7.374070 -7.619607
-7.744463 -7.561991
-8.003701 -7.551096
-7.910293 -7.640205
-8.521571 -7.671940
-9.258099 -7.608579
-9.850385 -7.527800
-10.477885 -7.310901
-11.130896 -7.382956
-11.655003 -7.225336
-12.080555 -7.159015
-12.375548 -7.028168
-11.924669 -6.899987
-11.147764 -6.743649
-10.133600 -6.724802
-9.256462 -6.780308
-8.337863 -6.553451
-7.644597 -6.252254
-7.193805 -5.969886
-7.049553 -5.961444
-6.401967 -5.839463
-5.647022 -5.760131
-4.768080 -5.762017
-3.953195 -5.944079
-2.807498 -6.362431
-1.624456 -6.931885
-1.140073 -7.173217
-0.102797 -7.455697
0.455270 -7.496448
0.888213 -7.762600
1.351054 -7.902962
1.682461 -8.320051
2.060132 -7.774108
1.062162 -6.456695
0.174132 -4.799518
-0.416179 -3.156835
-0.920526 -1.195856
-1.414175 0.279325
-1.325535 1.555804
-1.802674 3.637968
-2.045467 4.876495
-1.964729 5.335337
-2.375741 6.523948
-2.490864 7.300014
-2.654658 8.126795
-2.677776 8.433624
-2.743925 9.066888
-2.757859 8.867112
-2.770454 8.771945
-2.565118 8.125921
-2.599734 7.703704
-2.544321 7.000298
-2.368825 5.171500
-2.101976 3.875926
-2.092759 2.435566
-1.962318 0.811282
-1.779088 -0.239914
-2.674235 -1.259937
-2.583035 -2.990885
-2.545209 -3.912904
-2.362301 -5.258871
-1.850987 -6.839869
-1.698754 -7.510127
-1.840171 -7.801316
-1.861976 -8.873604
-1.715955 -9.097938
-1.947322 -8.412569
-1.984207 -8.147290
-1.833126 -7.899648
-1.713078 -7.623689
-1.913731 -6.572780
-2.207331 -5.023673
-2.353054 -4.053800
-2.711383 -2.994863
-2.558975 -2.342066
-2.521923 -1.287460
-2.570063 0.042297
-2.140356 2.017483
-1.117675 3.348632
-0.011356 4.818493
0.274610 6.830889
-0.021351 9.158667
-0.455409 11.515159
-0.231277 12.460952
-0.370047 14.436429
-0.755123 15.743628
-0.625638 16.347721
-0.523969 16.601555
-0.496324 16.783033
-1.091194 16.638854
-1.537236 16.123370
-1.764890 15.783402
-2.420142 15.587255
-2.338453 15.256296
-2.753425 14.987312
-3.272194 14.200737
-3.684567 13.958115
-4.413366 13.268998
-5.352500 12.572002
-5.641787 12.057080
-6.520714 11.522924
-6.936691 10.942042
-7.977488 10.535842
-8.153033 10.344373
-8.425714 9.822570
-8.612621 9.574926
-9.378063 8.487142
-9.692811 7.860591
-10.640974 6.949642
-11.948825 6.743056
-12.739268 6.117303
-11.720410 5.386591
-11.339040 5.218172
-9.857457 4.075166
-9.009023 2.456118
-7.467632 0.379908
-7.421082 -0.398691
-8.041498 -0.669900
-8.089406 -0.859260
-8.597242 -1.355059
-8.756943 -1.723267
-8.456189 -2.291402
-8.016638 -2.589489
-7.378306 -2.918992
-5.988414 -3.003896
-5.074190 -2.998241
-4.420274 -3.201384
-4.435556 -2.785564
-4.343047 -2.783134
-4.151543 -3.159680
-4.013801 -3.645771
-4.005506 -3.959002
-3.992745 -4.500239
-4.372661 -4.999893
-4.963562 -5.042008
-4.997236 -5.473709
-5.187437 -6.206800
-6.264475 -5.724949
-6.745007 -5.701165
-6.861550 -5.948041
-7.099507 -6.337440
-7.444162 -6.840827
-8.123669 -7.196711
-8.740129 -7.553514
-9.203944 -7.807087
-9.497455 -7.916549
-9.938191 -7.989540
-10.357949 -8.453793
-10.823852 -8.807158
-11.242186 -8.575981
-11.302882 -8.896875
-11.859563 -9.641186
-12.815727 -10.322723
-13.151449 -10.952493
-13.322798 -10.948191
-13.204610 -10.831675
-13.291560 -10.694520
-13.615055 -10.858531
-13.747622 -10.963181
-13.971635 -11.187616
-13.301551 -11.826045
-14.306725 -12.274895
-14.565689 -12.943977
-14.854576 -13.181177
-14.082764 -13.301611
-13.917713 -14.573702
-13.392609 -15.357447
-13.725921 -16.500697
-13.671746 -17.244243
-14.438684 -19.067882
-14.353101 -17.855831
-14.081253 -17.024430
-13.658856 -16.414818
-13.377182 -15.757545
-13.569219 -14.507281
-14.312651 -13.971389
-13.865230 -14.029596
-13.652730 -13.362749
-13.753021 -12.869113
-13.947323 -11.549922
-14.242146 -10.890821
-14.919782 -9.729383
-15.205478 -8.599499
-15.211895 -7.545858
-14.874705 -6.505466
-14.523721 -6.154394
-14.487000 -5.620443
-14.823621 -4.807979
-14.983814 -4.015427
-15.119399 -2.970402
-15.070677 -2.029053
-14.944086 -1.493398
-14.737731 -0.854300
-14.680353 -0.022435
-14.621997 0.888830
-14.531171 1.340523
-14.503101 2.347498
-14.415340 3.146049
-14.342911 4.253594
-14.158238 5.053857
-14.061906 5.626177
-13.769954 6.074806
-13.825770 6.734119
-13.495805 7.373079
-13.261859 8.189429
-13.003244 8.847745
-12.672508 9.663112
-12.300975 9.897530
-12.261799 10.205398
-12.252705 10.619888
-12.143370 10.826546
-12.074070 10.863466
-12.024094 10.994758
-11.883206 11.169884
-11.757326 11.246378
-11.793262 11.239424
-12.101316 11.254569
-12.384302 11.245192
-12.286946 11.383505
-12.509650 11.503806
-12.480526 11.657807
-12.424412 11.715403
-12.523153 11.826007
-12.600913 11.936505
-12.677902 12.155681
-12.716594 12.278449
-12.496903 12.508364
-12.382661 12.628276
-12.251864 12.707675
-12.227379 13.127169
-12.378207 13.681683
-12.700160 15.295377
-13.296969 16.036318
-13.068899 16.187382
-12.651548 16.109629
-12.620584 16.142147
-12.669300 16.183685
-12.613915 16.228148
-12.588558 16.384235
-12.536682 16.511891
-12.612434 16.680404
-12.667142 16.769572
-12.651941 16.758035
-12.415104 16.862657
-12.548285 16.923935
-12.563011 16.970950
-12.541545 16.999175
-12.483704 17.009794
-12.427368 17.057456
-12.558382 17.136757
-12.594822 17.231317
-12.628896 17.244498
-12.841699 17.391622
-12.840997 17.414090
-12.976693 17.384025
-13.056213 17.372596
-13.242251 17.347742
-13.343935 17.438555
-13.413912 17.642232
-13.228784 17.691995
-13.247933 17.773422
-13.243985 17.864655
-13.141114 17.830229
-12.917247 17.849924
-12.875730 17.909543
-12.831102 17.942334
-12.837945 17.998444
-12.887238 18.024623
-12.879703 18.020092
-12.852711 18.149095
-12.754344 18.269354
-12.690958 18.468877
-12.648932 18.490986
-12.579425 18.485009
-12.445337 18.518282
-12.301043 18.586592
-12.358210 18.685873
-12.383642 18.829436
-12.119991 19.084528
-11.785659 19.491023
-11.457965 20.015782
-11.138645 20.419114
-10.918909 20.735096
-10.897023 21.292451
-10.915349 21.925827
-11.143610 22.747004
-10.892669 23.158491
-10.568882 23.406213
-10.503635 23.607575
-10.419604 23.912757
-10.399843 24.252453
-10.414560 24.584327
-10.286762 24.790925
-10.239100 25.086011
-10.206635 25.446747
-9.985375 25.915216
-9.668435 26.435434
-9.571189 26.971719
-9.777275 27.443782
-9.825225 27.835211
-9.630277 28.061065
-9.511855 28.271523
-9.434849 28.509016
-9.246342 28.518731
-9.165994 28.550163
-9.024199 28.605259
-8.952443 28.687749
-8.926023 28.719887
-9.010477 28.805036
-9.061624 28.902563
-9.223869 28.897911
-9.105252 28.795967
-8.775165 28.848964
-8.744848 28.963104
-8.876754 28.982572
-8.849886 29.002086
-8.716502 29.073422
-8.591272 29.194814
-8.586302 29.179564
-8.781695 29.159382
-8.986122 29.260169
-8.901714 29.232707
-8.784821 29.155301
-8.730656 29.130253
-8.564945 29.124608
-8.386605 29.005155
-8.171566 28.782392
-8.053107 28.698573
-8.022265 28.571422
-7.972771 28.412083
-7.873881 28.345586
-7.696943 28.273415
-7.598394 28.178223
-7.532421 28.115752
-7.490043 28.043482
-7.522206 27.997105
-7.511438 27.915067
-7.510507 27.858010
-7.552136 27.781335
-7.538043 27.689203
-7.417268 27.523074
-7.265192 27.313970
-7.677748 26.906083
-7.948003 26.236841
-7.814206 25.271778
-7.875908 24.655402
-8.191098 24.090506
-8.074301 23.275413
-7.707378 22.356012
-7.711681 21.757196
-8.096436 21.227534
-8.683487 20.782732
-8.705807 20.182580
-8.556090 19.491541
-8.687748 18.537395
-8.925728 18.664126
-8.759144 18.132590
-8.213996 17.332611
-7.918995 16.499569
-7.557680 15.542934
-7.635725 14.731112
-7.512684 14.148873
-7.529636 13.707929
-7.264255 13.372164
-7.176032 13.422586
-6.835792 13.386074
-6.982814 13.373739
-7.167919 13.368508
-7.148158 13.142185
-6.753127 12.672323
-6.653903 12.219155
-6.527326 11.389693
-6.417509 10.496922
-6.278976 10.420033
-6.087757 10.380474
-5.604962 10.536155
-5.499289 10.508832
-5.450147 10.901125
-5.346020 10.824978
-5.633025 10.753663
-6.075133 11.063572
-6.697353 10.826539
-6.855589 10.523061
-7.206829 10.023754
-7.297621 9.355378
-7.531688 9.125128
-7.789401 8.472209
-7.077837 7.415508
-6.269592 6.185776
-5.897566 6.139874
-6.524694 7.182262
-6.534398 7.216206
-6.535128 7.655087
-6.239662 7.226974
-6.361027 7.341379
-5.988728 7.296368
-5.623504 7.569295
-5.731180 7.552848
-5.485971 6.628337
-5.696172 5.561846
-5.032746 5.985684
-4.443472 5.804952
-3.456906 5.948917
-3.651113 6.178615
-4.237658 6.062898
-5.217680 6.678277
-5.175310 7.333357
-4.819307 7.301553
-4.786527 6.176248
-5.504823 5.871563
-5.730288 5.839245
-5.771840 5.617310
-6.093759 5.342664
-6.500984 4.864913
-6.608221 4.688489
-6.716564 4.530855
-6.820448 3.974220
-6.318846 3.393095
-5.937272 2.718543
-6.322928 1.543995
-7.076900 0.915139
-7.417027 0.373367
-7.766989 -0.017069
-7.644056 -0.420596
-7.659913 -0.762349
-7.782799 -1.031746
-7.701310 -1.152905
-7.220721 -1.324545
-7.136505 -1.806964
-7.407110 -1.961114
-7.637156 -1.809322
-7.677823 -1.282736
-7.652729 -1.191156
-7.617471 -0.984607
-7.955740 -1.053601
-8.140997 -1.363205
-8.233172 -2.092676
-8.279502 -2.342964
-8.240436 -2.393875
-8.058815 -2.333162
-7.996556 -2.333780
-7.995215 -2.455557
-7.967956 -2.620157
-7.961360 -2.908678
-8.074341 -3.266165
-8.005138 -3.255213
-7.845927 -3.317850
-7.876103 -3.606101
-7.852618 -3.463375
-7.627939 -3.144328
-7.625719 -3.047251
-8.259671 -1.888614
-8.391114 -0.231499
-8.752411 0.937104
-9.304114 1.885850
-9.322254 3.999797
-9.382198 4.774407
-9.393978 6.175926
-9.509062 7.236680
-9.655373 7.690726
-9.696119 8.047080
-9.711376 8.348898
-9.607914 8.592004
-9.551326 9.115094
-9.611634 10.053444
-9.441887 10.409385
-9.214036 10.641840
-9.042324 10.900952
-8.823246 11.118719
-8.659932 11.386650
-8.580232 11.752732
-8.675284 11.955598
-8.611928 12.215006
-8.438126 12.742854
-8.123822 13.039705
-7.936869 13.020780
-7.954130 13.300103
-7.961665 13.958490
-8.021819 14.413700
-8.069523 14.632943
-7.931305 14.809482
-7.987911 14.974120
-8.136379 15.259195
-8.206755 15.826997
-8.296420 16.591068
-8.602125 17.472488
-8.686163 18.081342
-8.692300 18.228722
-8.659067 18.483797
-8.682801 18.880842
-8.870350 19.068696
-8.829131 19.395355
-8.755652 19.688793
-8.908920 20.391553
-9.083881 21.018248
-9.323531 21.307279
-9.336034 21.517279
-9.169379 21.678752
-9.148249 21.704001
-9.152276 21.867298
-8.801226 22.144787
-8.686861 22.182902
-8.606434 22.289648
-8.308308 22.430125
-8.199512 22.507444
-8.167391 22.526571
-8.266242 22.542788
-8.364620 22.599174
-8.541586 22.650940
-8.452509 22.533190
-8.295527 22.441574
-8.231146 22.381907
-8.397351 22.341864
-8.564532 22.125439
-8.434315 21.693702
-8.446577 20.817176
-8.942253 20.214173
-9.069905 19.644923
-8.961688 19.307576
-9.142548 18.972440
-9.620729 18.598246
-9.961781 18.371038
-10.087241 18.345184
-10.238861 18.320386
-10.224939 18.620177
-10.493022 19.127020
-9.954145 19.210368
-9.734929 18.969196
-10.326623 18.695221
-10.537278 18.679729
-10.098402 18.750618
-9.903045 18.688984
-9.720635 18.669309
-9.790463 18.748584
-9.835552 18.712920
-9.511460 18.624748
-8.933897 17.332123
-8.884469 16.242937
-9.062095 15.495261
-8.696100 15.761829
-8.417202 15.689753
-8.622232 14.744440
-8.877064 14.457308
-8.245008 14.769290
-8.259011 15.187619
-8.812464 15.747562
-9.131845 16.720475
-9.054367 17.827770
-9.121333 18.527552
-9.173435 19.144694
-8.862866 19.249506
-8.402084 19.714047
-7.884950 20.082603
-7.673097 20.681641
-7.263170 20.701405
-6.892765 20.639539
-6.682242 20.707174
-6.741146 20.733135
-7.016148 20.747821
-6.650562 20.834446
-5.981535 20.732238
-5.699281 20.661214
-5.644041 20.600914
-5.496555 20.344663
-5.246576 20.177230
-5.039149 20.085126
-5.008034 20.037416
-4.890311 19.979471
-4.798720 19.915420
-4.706162 19.873850
-4.629040 19.827446
-4.605712 19.787347
-4.588825 19.748782
-4.590187 19.697711
-4.552419 19.628762
-4.483733 19.530038
-4.329787 19.367411
-4.258142 19.327458
-4.146888 19.293015
-4.005234 19.111153
-3.950934 18.818713
-3.962102 18.443647
-3.872949 17.842702
-3.828414 17.368045
-3.515354 17.708210
-2.938249 17.798272
-3.185659 17.234209
-3.332548 16.696696
-2.850253 16.274308
-2.674874 15.506030
-2.532220 14.600802
-2.293522 14.000242
-2.048643 13.586133
-1.973693 12.438429
-2.476623 11.376384
-2.358636 9.623658
-2.569123 7.649969
-2.819825 5.754297
-3.151860 4.219398
-3.398444 2.708100
-3.661081 1.786174
-3.982472 1.730536
-4.541330 1.774999
-4.769172 1.134870
-4.857439 1.017358
-4.838867 1.344977
-4.816853 1.312444
-4.739923 1.389844
-4.718541 1.853555
-4.757139 1.960042
-4.815530 2.023830
-4.878071 2.309705
-4.855493 2.372281
-4.749018 2.459796
-4.637923 2.636610
-4.566642 3.109342
-4.668156 3.124748
-4.603735 3.169244
-4.494474 3.268899
-4.343324 3.313001
-4.324355 3.352681
-4.301294 3.436441
-4.249896 3.449322
-4.186620 3.549757
-4.137957 3.571915
-4.125699 3.612242
-4.093089 3.666660
-4.063215 3.732546
-4.030102 3.712898
-4.047187 3.798363
-4.079230 3.792172
-4.111303 3.793219
-4.149409 3.800162
-4.171412 3.765069
-4.246711 3.729477
-4.234477 3.722697
-4.193423 3.618587
-4.137738 3.703381
-4.104070 3.677149
-4.053439 3.707855
-4.076856 3.700452
-4.060183 3.708662
-4.022005 3.723728
-3.919062 3.723038
-3.898102 3.712526
-3.875815 3.701212
-3.881207 3.680121
-3.878108 3.651965
-3.808397 3.671805
-3.766897 3.607712
-3.783071 3.615898
-3.816289 3.600013
-3.808897 3.570795
-3.812866 3.381316
-3.697210 3.381687
-3.640512 3.148460
-3.558005 3.103441
-3.427224 3.302932
-3.395958 3.307782
-3.425896 3.376053
-3.595107 3.870581
-3.411191 4.329657
-3.145284 4.523896
-2.900217 5.321093
-2.882305 6.933420
-3.335699 7.953823
-3.823062 8.854462
-4.435602 10.339044
-4.891127 11.696262
-4.489552 11.288716
-4.821223 11.682894
-5.019636 11.587950
-4.988154 12.652823
-5.102010 13.574463
-5.322349 14.521090
-5.245420 14.565416
-4.768954 14.010418
-4.307420 12.953567
-4.418607 13.100365
-4.633584 13.324473
-4.492439 13.001842
-4.898879 13.058445
-4.501207 12.529224
-3.462548 11.135187
-3.336630 11.175975
-2.871584 11.745292
-2.017800 11.401573
-1.368858 12.052364
-1.031077 11.603706
-0.685472 11.077373
1.136861 10.733344
3.695426 10.856308
3.931158 11.480513
3.290684 11.732949
2.123802 11.110971
1.263072 11.268428
1.204961 11.749443
1.297594 12.670805
0.502520 13.088708
-0.139849 13.327440
-0.686960 14.518451
-0.725683 15.625942
-0.289070 16.234735
-0.009201 17.153590
-0.684117 17.969282
-1.143113 18.645660
-0.325288 19.432580
0.633642 19.974107
1.604568 20.542586
1.936597 20.419209
3.656241 19.043354
3.406924 18.462316
2.833949 18.290012
4.005104 18.296207
5.138151 18.258368
5.383615 18.167954
5.425877 17.788329
5.158385 17.159554
5.089961 16.850402
5.143915 16.577753
5.519469 16.581791
5.499182 16.412613
5.145999 16.238295
4.895211 15.995762
5.297454 16.078344
5.389830 16.034986
5.046666 15.853801
4.959231 15.760792
5.109949 15.822655
5.139129 15.910475
4.895125 16.080519
5.025893 16.268715
5.004294 16.276758
5.107834 16.152447
5.717567 16.059134
6.088277 15.920977
6.214227 15.734910
5.902281 15.297131
5.875885 14.958010
6.203661 14.616535
6.043476 14.252763
6.075936 14.056387
6.110559 13.839784
6.201642 13.749093
6.349942 13.605414
6.582935 13.382025
6.356587 13.209905
6.480688 13.131261
6.762171 13.119308
6.485966 13.030127
6.378214 12.963698
6.419599 12.975357
6.395749 12.928769
6.375640 12.877128
6.323529 12.777621
6.368649 12.779428
6.581436 12.844644
6.679485 12.902288
6.723992 12.932915
6.706832 12.951943
6.755087 13.064224
6.710531 13.140771
6.735403 13.089613
6.813012 13.150846
6.885446 13.121478
7.017474 13.025231
7.029820 13.002681
7.117773 12.974610
7.110663 12.880702
7.045400 12.742260
7.084561 12.674194
7.142008 12.638512
7.123473 12.610298
6.955961 12.532847
6.913610 12.420300
6.924523 12.434321
6.878454 12.457372
6.715959 12.445870
6.749444 12.458791
6.830036 12.459625
6.838257 12.331646
6.882674 12.233043
6.976474 12.196408
6.931612 12.167101
6.865911 12.127247
6.859862 12.180976
6.966840 12.116854
7.009599 12.074737
6.976482 12.054491
6.946834 11.957306
6.918812 11.984746
6.922335 12.021419
7.098987 12.037773
7.055393 12.007205
7.000222 11.966435
6.864821 12.007285
6.882560 12.046610
6.823364 12.090948
6.708444 12.141179
6.757569 12.201699
6.641707 12.202851
6.556176 12.214544
6.559332 12.242116
6.571333 12.254588
6.550810 12.252205
6.508426 12.271251
6.537510 12.228234
6.452454 12.159940
6.504907 12.116524
6.748391 12.172094
7.029644 12.118899
7.088802 12.118770
7.374264 12.077877
7.292243 12.078624
7.588791 12.131785
7.809853 12.193756
7.981884 12.316820
8.176034 12.208967
7.953699 12.088394
7.953115 12.010021
7.766797 11.978239
7.706778 12.069236
7.907847 12.302690
8.070628 12.489895
7.914357 12.525303
7.852676 12.430872
7.906181 12.388762
7.935850 12.289962
7.939794 12.240300
7.869883 12.177946
7.897585 12.126043
8.014035 12.134530
8.035080 12.102354
7.957971 12.096446
7.903701 12.112582
8.001273 12.156916
8.072299 12.199681
8.030045 12.199955
8.053020 12.231221
8.124932 12.270542
8.237238 12.269903
8.130654 12.270920
8.153009 12.227457
8.226096 12.215184
8.223715 12.155539
8.246306 12.133698
8.431457 12.144646
8.487738 12.213906
8.566815 12.221751
8.379724 12.290169
8.409943 12.678668
8.879441 13.163767
9.048320 13.189697
9.387986 12.856768
10.708229 12.492618
11.709574 12.496722
12.443564 12.451113
12.661444 12.526752
13.299574 12.309020
14.159726 12.549992
14.747342 12.495198
14.665325 12.394650
14.021208 12.162379
14.088540 11.916247
13.632997 11.863927
13.207409 11.921628
12.649458 11.920762
12.361604 11.781046
12.087808 11.649307
11.965263 11.522324
11.910560 11.153597
12.016975 11.142025
12.101627 10.997111
12.101479 11.005374
12.040912 10.973548
12.106419 10.793820
12.166046 10.675889
11.965903 10.496446
11.805501 10.468682
11.422418 10.299045
10.944262 10.204918
11.229036 10.153073
11.297803 10.077122
11.214477 10.039198
11.149319 9.801147
11.371708 9.696646
11.454690 9.677663
11.541564 9.631202
11.553497 9.540795
11.592416 9.585188
11.539274 9.675192
11.621183 9.625177
11.523478 9.659486
11.456283 9.650292
11.281785 9.578369
11.065462 9.472521
10.692512 9.397275
10.441620 9.308867
10.495469 9.219242
10.409409 9.256209
10.197035 9.252934
10.147653 9.292682
10.051232 9.328907
10.346083 9.262268
10.344471 9.267163
10.275484 9.189548
10.258369 9.091161
9.958673 9.162348
9.913406 9.058381
10.085054 9.021801
10.085708 8.987912
9.985137 8.919506
9.922197 8.922850
9.798991 8.919431
9.771570 8.888356
9.653421 8.967662
9.568374 9.025082
9.346320 9.092537
8.913015 9.206551
8.526159 9.139266
8.712860 9.205820
8.747883 9.172936
8.940927 9.101198
8.916496 9.115920
8.729323 9.087379
8.717778 9.044492
8.654077 9.040676
8.584832 9.008240
8.563598 8.959124
8.561132 8.867790
8.589868 8.804885
8.599079 8.809785
8.769632 8.713633
8.743081 8.593025
8.701585 8.448116
8.838698 8.350787
9.003203 8.152324
9.085257 7.844713
9.224510 7.584997
9.313300 7.335779
9.388089 7.127746
9.492922 6.982378
9.784699 6.917319
9.909227 6.948463
9.954758 6.842869
10.066353 6.833390
10.075321 6.786373
10.088255 6.829109
10.010152 6.886446
10.087202 6.783415
10.221766 6.758684
10.394386 6.709115
10.402384 6.720441
10.379543 6.691852
10.465412 6.714208
10.550838 6.740985
10.452207 6.759589
10.391194 6.684638
10.348384 6.614925
10.284644 6.511096
10.297230 6.343207
10.468977 6.208332
10.434803 6.083577
10.429619 5.987448
10.398099 6.000781
10.491812 6.014517
10.472309 5.993124
10.465136 5.965211
10.507130 5.985181
10.564132 5.928726
10.553704 5.911456
10.548334 5.952732
10.567705 5.928080
10.540717 5.971386
10.555648 5.947391
10.491684 5.903086
10.462905 5.849315
10.391643 5.757480
10.311871 5.698614
10.135649 5.881486
10.330212 6.010401
10.367698 5.923667
9.746673 5.728787
9.613317 5.537890
9.629409 5.540170
9.702960 5.587957
9.644999 5.718377
9.307715 5.895559
9.029904 6.025342
8.874757 6.083399
8.809830 6.014696
8.880260 6.058739
8.777739 6.159743
10.321734 6.434468
9.887182 6.449158
10.322211 6.825339
10.492166 6.936657
10.592960 7.052353
10.818647 7.819824
11.257749 8.150974
11.772242 8.472454
10.471922 8.945060
9.976552 9.267306
9.710647 9.244953
10.061186 9.426975
10.006886 9.572342
10.010435 9.794243
9.803469 9.835023
9.533963 10.272848
9.393936 10.639888
9.935580 10.737745
10.174286 10.195522
9.921743 10.197047
9.670970 10.436526
9.384196 10.212830
9.080275 10.374594
8.816733 10.156315
8.294251 9.523364
7.924019 9.049759
7.214149 8.302051
6.784977 8.601789
6.847123 8.210029
6.393140 7.180524
6.378193 5.814971
6.704804 5.314670
7.496654 5.577338
8.840875 5.812333
8.210347 6.116722
8.860660 7.769220
8.903967 8.776738
9.190914 9.393377
9.842090 10.643574
10.478085 11.757325
10.556087 12.135521
11.662138 12.759336
11.489897 13.334458
11.914298 13.852348
12.564770 14.043870
11.397727 13.426532
11.229882 12.310488
11.461956 12.008574
11.168453 10.801821
12.109560 10.006386
11.927491 9.488019
11.628743 8.898106
12.434879 9.842492
12.590222 10.381119
12.120000 10.085990
12.680706 9.180289
13.807757 8.900875
15.622372 8.695801
16.222455 8.669311
15.807435 8.761209
15.754383 8.348627
16.233803 6.645765
16.588272 6.407786
17.276851 5.588793
18.004910 5.345789
17.543010 5.025060
17.049428 4.391361
17.178221 3.992825
17.584882 3.510810
17.979923 3.056223
18.288802 2.503957
18.399724 2.040365
18.722624 1.200920
18.723214 0.181701
18.019153 -0.597485
17.508232 -1.165102
18.272784 -1.297207
18.482365 -1.709769
18.387601 -2.491994
18.834398 -2.508505
18.520157 -2.572321
17.956153 -3.340338
18.476673 -3.583902
18.745683 -3.821597
18.498247 -4.255314
18.238952 -4.846535
18.165059 -5.566646
18.219144 -5.941031
18.092159 -5.944290
18.159018 -5.822069
17.959016 -6.110944
17.836433 -6.116728
17.878294 -5.995560
17.787989 -5.642457
17.525719 -5.566499
17.773696 -5.350188
17.957514 -5.265321
18.162501 -5.211003
18.138540 -5.207264
18.108643 -4.985306
18.111316 -4.788937
17.960465 -4.852853
17.907901 -5.097578
18.027286 -5.176617
18.038617 -5.103855
17.925896 -4.992869
17.940746 -5.022446
17.881563 -4.951012
17.755753 -4.876590
17.698265 -4.794283
17.714080 -4.699850
17.910708 -4.663644
17.869199 -4.623955
17.802952 -4.565466
17.859137 -4.544645
18.165370 -4.494709
18.329565 -4.455336
18.406590 -4.456652
18.455620 -4.485138
18.494584 -4.460506
18.543731 -4.509962
18.586210 -4.541250
18.703952 -4.491071
18.715318 -4.476024
18.623059 -4.419909
18.560420 -4.395374
18.468350 -4.297488
18.393942 -4.282057
18.415393 -4.313689
18.355488 -4.290799
18.306245 -4.365979
18.266533 -4.428348
18.277972 -4.419911
18.317451 -4.366738
18.162883 -4.374933
18.120432 -4.367171
18.104267 -4.349449
18.160174 -4.337675
17.979499 -4.326495
17.810525 -4.408872
17.674297 -4.333515
17.661869 -4.375649
18.258726 -4.460991
19.331148 -4.333423
19.444997 -4.354087
18.434972 -5.046472
17.469592 -4.975567
16.661142 -4.688264
17.477962 -4.499187
18.749253 -4.793996
18.443975 -4.749872
18.403884 -4.170313
18.416343 -4.142823
18.177309 -4.065628
17.622658 -4.061242
17.705263 -3.868560
17.539442 -3.988173
17.499993 -3.993611
17.641830 -3.793583
17.595203 -3.880426
17.592748 -3.771903
17.556494 -3.696063
17.702729 -3.663024
18.070234 -3.667496
18.175345 -3.708354
17.900039 -3.653785
17.686054 -3.686094
17.723937 -3.622792
17.854928 -3.605403
17.961546 -3.507323
18.006024 -3.473211
18.160548 -3.561223
18.503644 -3.343874
18.431817 -3.356562
18.189340 -3.454514
18.460804 -3.446705
18.402605 -3.547732
18.245221 -3.721915
18.425088 -3.823976
18.511195 -3.887442
18.350619 -3.963856
18.409169 -3.826353
18.059424 -3.594579
18.080116 -3.948306
18.929032 -3.967257
19.823092 -3.860160
20.062784 -3.821375
19.818294 -3.648327
19.146109 -3.832425
19.636417 -4.478047
19.922793 -4.386690
19.593158 -4.762548
19.854806 -4.850693
19.777909 -4.665644
19.874678 -4.908125
20.100991 -5.221394
20.132078 -5.419086
19.752363 -5.575635
19.322169 -5.713339
20.145785 -5.603953
20.576482 -5.603327
20.574378 -5.515068
20.045090 -5.228218
19.845200 -5.439433
21.082411 -4.962066
21.298818 -4.956809
20.523446 -5.115430
20.539406 -4.929775
20.306736 -5.005687
20.462107 -5.028426
20.444612 -5.055137
20.173597 -5.219142
20.100988 -5.325478
20.072388 -5.431393
19.960652 -5.453993
19.948678 -5.505869
19.905210 -5.564381
20.015059 -5.630951
20.085196 -5.656387
20.018665 -5.673887
20.021142 -5.697263
20.082727 -5.697446
20.003340 -5.669919
19.998393 -5.633711
19.936036 -5.462274
19.845110 -5.322946
19.944569 -5.261769
19.551318 -5.430937
19.220826 -5.565343
19.397733 -5.671024
19.422072 -5.786605
19.141432 -5.914531
19.249920 -5.881909
19.077433 -5.927038
18.724901 -5.965544
18.834132 -5.822872
18.574394 -5.841058
18.591069 -5.722246
18.502082 -5.581414
18.321103 -5.646383
18.315887 -5.576975
18.407282 -5.682258
18.296303 -5.723598
18.331285 -5.752019
18.516572 -5.676047
18.489378 -5.725042
18.488334 -5.768209
18.545837 -5.771463
18.590097 -5.792861
18.572730 -5.812520
18.557486 -5.780887
18.465005 -5.816067
18.441017 -5.813320
18.441954 -5.761384
18.361474 -5.783563
18.366404 -5.744389
18.435813 -5.674488
18.368764 -5.729531
18.310621 -5.706861
18.345207 -5.697096
18.288653 -5.803928
18.260290 -5.783598
18.205508 -5.821982
18.224795 -5.824652
18.197006 -5.830940
18.141648 -5.873416
18.114256 -5.890413
18.100325 -5.828013
18.018261 -5.860596
17.993132 -5.840861
17.975872 -5.792393
17.824971 -5.838679
17.949907 -5.802756
17.932232 -5.851508
17.890330 -5.779642
17.976218 -5.730323
18.088760 -5.582632
17.994563 -5.705887
17.904481 -5.695097
17.938030 -5.705501
18.040666 -5.547111
18.054685 -5.314411
18.023723 -5.221794
17.929553 -5.399595
17.887439 -5.442580
17.910969 -5.465931
17.883722 -5.477682
17.926222 -5.440850
18.015094 -5.454498
18.005727 -5.357361
18.042008 -5.358018
18.161127 -5.397102
18.175043 -5.550256
18.143648 -5.579462
18.138613 -5.788920
18.033545 -5.966205
18.014144 -6.038666
18.071958 -5.928891
18.052778 -6.033147
18.080504 -5.969991
18.075794 -5.912072
17.894658 -5.943494
17.966583 -5.948445
18.117602 -5.777747
17.854001 -5.899497
17.435861 -5.867860
17.725135 -5.462047
17.121324 -5.890169
16.362457 -5.836030
15.227193 -6.396011
14.685519 -6.472827
14.759267 -6.264447
15.092932 -6.085990
15.026889 -6.169075
14.659724 -6.158292
14.491434 -6.109677
14.760805 -5.946830
14.705059 -5.863577
14.332431 -5.968441
14.219554 -5.938391
14.202177 -5.932315
14.170600 -5.999191
14.096673 -5.961542
14.067348 -5.931966
14.051574 -5.901686
14.092401 -5.844704
13.984532 -5.795516
13.941922 -5.687739
13.919307 -5.683340
13.922689 -5.623920
13.876885 -5.618939
13.820971 -5.684465
13.900238 -5.672845
13.847692 -5.663104
13.882172 -5.662344
14.007956 -5.647414
14.056548 -5.536360
14.001758 -5.504645
13.958915 -5.487267
14.016168 -5.436117
14.023000 -5.441356
14.030486 -5.400523
13.852680 -5.473292
13.889153 -5.461150
13.992790 -5.419522
13.989530 -5.482832
14.079258 -5.451373
13.993008 -5.459233
14.119350 -5.415071
14.213317 -5.427799
14.190542 -5.460531
14.160904 -5.519204
14.383605 -5.521437
14.391331 -5.614322
14.352793 -5.686824
14.384702 -5.738464
14.429090 -5.837865
14.418722 -5.908148
14.470446 -5.935040
14.539814 -6.005028
14.517636 -6.049859
14.399035 -6.082157
14.512881 -6.076262
14.734584 -6.041915
14.749086 -6.059540
14.624358 -6.111113
14.653417 -6.099989
14.706009 -6.088475
14.691460 -6.255908
14.734965 -6.329592
14.835647 -6.354335
14.795061 -6.455756
14.656311 -6.510773
14.582789 -6.579644
14.767572 -6.683628
14.886354 -6.852222
14.591341 -7.041038
14.331235 -7.310771
14.297036 -7.403691
14.536844 -7.323588
14.772977 -7.042399
14.911500 -7.121837
15.222089 -7.065083
15.311423 -7.146641
15.072614 -6.937625
14.456715 -6.872704
13.842964 -6.812999
13.641792 -6.754372
14.445403 -6.610336
14.864982 -5.789944
15.665830 -4.656859
15.281943 -4.714591
14.835284 -4.530215
14.502279 -4.542973
13.324711 -5.597098
11.973744 -6.285983
11.779908 -6.108296
11.853184 -5.631091
11.393992 -5.713015
11.385207 -5.455587
12.134751 -5.111851
11.976760 -5.578056
10.849071 -6.422261
10.574163 -7.094597
10.637831 -7.213576
10.266354 -7.697905
9.776930 -8.200524
8.864177 -8.676806
8.259989 -8.658489
8.044190 -8.799207
7.933898 -8.954252
8.298252 -8.649283
8.801251 -8.677361
9.043591 -8.874030
8.970027 -9.046904
9.212068 -9.007243
9.738752 -9.252825
10.055681 -9.157060
10.328192 -9.161020
10.200862 -9.857929
10.071676 -10.659314
9.689344 -11.229457
8.676757 -11.810879
8.872163 -10.931005
9.860785 -10.950832
10.645108 -10.846829
10.957639 -11.021290
12.050356 -10.993842
12.421432 -10.850382
11.660062 -11.624346
11.613032 -11.860894
12.576938 -12.024301
12.707240 -11.829015
12.902582 -11.642718
13.486551 -11.530778
13.597129 -11.611897
13.440187 -11.527781
13.616534 -11.210102
13.756765 -10.942603
13.983926 -10.877424
14.483450 -10.762616
14.735628 -10.878191
14.305668 -10.938347
13.898211 -10.882803
13.649112 -10.778643
13.771801 -10.709107
14.090056 -10.615046
14.167598 -10.635306
14.412189 -10.407485
14.071625 -10.426403
13.745504 -10.308653
13.595742 -10.406522
13.548500 -10.481748
13.458714 -10.523412
13.271216 -10.621410
13.180611 -10.591211
13.177671 -10.213355
13.290102 -9.862811
13.236206 -9.797317
13.414893 -9.572247
13.807007 -9.437854
13.533139 -9.854349
13.599018 -9.980191
14.503851 -9.062006
14.189033 -9.344804
13.904786 -9.304785
13.850813 -9.138178
13.907662 -9.211092
13.792602 -9.136814
13.697103 -9.070405
13.637890 -8.948888
13.260888 -9.081804
12.575689 -9.075432
12.231873 -9.111229
12.277495 -9.135941
12.244055 -9.277835
12.218034 -9.444659
12.262132 -9.551165
12.657869 -9.228220
12.769830 -9.065861
12.897768 -8.975680
13.351442 -8.740243
14.207899 -8.270149
15.269346 -7.187910
15.903357 -6.631635
15.973668 -6.813331
15.262927 -7.571772
15.070378 -8.124417
14.594321 -8.231077
13.905597 -8.554459
13.596600 -9.211941
13.588793 -9.287804
12.878117 -9.337148
11.770114 -9.998669
11.995822 -10.124629
11.881643 -10.208680
11.927997 -10.796614
11.866006 -10.543467
11.759284 -10.278439
11.421056 -10.335238
11.309118 -10.429793
12.213159 -10.393290
12.203851 -10.413888
12.162841 -10.345894
12.019592 -10.229693
12.667640 -10.215065
12.168715 -9.890201
12.114658 -9.920150
12.336956 -9.821098
12.481814 -9.645924
12.576361 -9.541668
12.486172 -9.481472
12.353798 -9.542657
12.354417 -9.577434
12.388777 -9.574588
12.421426 -9.546469
12.521556 -9.585275
12.627742 -9.511510
12.677258 -9.494570
12.709823 -9.437620
12.818290 -9.366152
12.851098 -9.332306
12.574143 -9.425853
12.472240 -9.431011
12.667460 -9.587015
12.686568 -9.656938
12.484479 -9.814624
12.390824 -9.963509
12.444521 -10.027753
12.288111 -10.148381
12.384764 -10.063611
12.242542 -10.335327
12.480978 -10.323735
12.916757 -10.402945
12.689005 -10.792217
13.066993 -10.620515
12.873889 -10.855030
12.934423 -10.984206
13.155827 -10.911825
13.344149 -10.755000
13.237390 -10.785996
13.598770 -10.527188
13.487670 -10.532392
12.833090 -10.728627
13.073990 -10.540166
13.070743 -10.536865
12.889858 -10.674581
12.859179 -10.751960
13.272437 -10.717449
13.072714 -10.862888
12.892596 -10.755764
13.021464 -10.683541
13.114198 -10.805584
13.401447 -10.832579
13.438748 -10.720303
12.465912 -10.964065
13.100656 -10.491522
13.220059 -10.334855
12.518840 -10.565187
12.466435 -10.459692
12.314262 -10.564515
12.823384 -10.449579
12.520783 -10.586611
12.593571 -10.547252
12.555067 -10.767439
12.718844 -10.679868
12.385318 -11.061812
11.902097 -11.481230
11.847044 -11.253369
11.909479 -11.300302
12.069558 -11.302218
12.336049 -11.564826
12.207189 -11.622583
11.507860 -12.127886
11.807771 -12.130506
12.049680 -12.554800
12.426451 -12.761088
12.795878 -12.944015
12.638149 -13.161621
12.236509 -13.399651
12.418315 -13.474831
12.546708 -13.444728
12.461767 -13.463030
12.427170 -13.529340
12.596016 -13.650657
12.983924 -13.462473
12.473507 -13.564271
12.080957 -13.696560
12.357942 -13.618636
12.130604 -13.462997
12.093906 -13.536361
12.699223 -13.555120
12.727462 -13.476391
11.905971 -13.643898
11.549488 -13.706055
12.302147 -13.499667
12.048388 -13.895747
12.571834 -13.512739
12.241109 -13.792973
12.453494 -13.629163
12.454583 -13.697475
12.474529 -13.697702
12.471454 -13.685889
12.473763 -13.691223
12.770627 -13.676307
12.933333 -13.639486
12.905699 -13.611334
12.582711 -13.705986
12.652847 -13.618701
12.931646 -13.503087
12.549933 -13.790234
13.084633 -13.439217
12.772281 -13.388327
11.699085 -13.585056
11.843278 -13.363669
11.579970 -13.622719
11.747258 -13.364894
11.136593 -13.589436
11.288330 -13.507499
11.120163 -13.649279
11.257107 -13.623536
11.269796 -13.708265
11.325231 -13.747555
11.222750 -13.784498
11.222028 -13.799498
11.374634 -13.870648
11.449852 -13.914685
11.288452 -14.003826
11.271388 -13.992654
11.209079 -14.212650
11.348972 -14.321820
11.684358 -14.268314
11.528131 -14.665882
11.745307 -14.658550
11.779434 -14.675677
11.531230 -14.832138
11.504803 -14.892813
11.576293 -15.014026
11.664396 -15.109463
11.962513 -15.130802
11.875561 -15.238486
11.728326 -15.400414
11.823576 -15.599535
12.072788 -15.618719
12.157995 -15.640618
12.145525 -15.735446
12.254060 -15.781749
12.495311 -15.895039
12.665651 -16.154572
12.786858 -16.662226
12.328285 -16.775184
12.368161 -16.769497
12.540119 -16.778533
12.468223 -16.966961
12.372830 -17.349118
12.411724 -17.715326
12.560202 -18.070287
12.588614 -18.381300
12.434085 -18.942183
12.572763 -19.464123
12.719436 -19.387036
12.442248 -19.418370
12.405284 -19.386952
12.462985 -19.420962
12.445551 -19.474143
12.416694 -19.636948
12.404538 -19.697687
12.459386 -19.804929
12.373395 -19.887877
12.639559 -19.849521
12.571039 -19.876226
12.462528 -19.945233
12.578790 -19.986338
12.691369 -19.925736
12.543448 -19.885544
12.519327 -19.847817
12.738048 -19.591182
12.699604 -19.495488
12.470395 -18.671234
12.401372 -18.520769
12.217770 -18.086175
12.014359 -17.472387
11.986036 -16.609114
11.731333 -15.950198
11.297791 -15.407163
11.113708 -14.790756
11.237082 -14.405388
11.121644 -13.875794
10.962807 -13.342645
10.899746 -12.940420
10.952695 -12.552546
10.871790 -12.310054
10.776969 -12.182621
10.674053 -12.037747
10.785263 -11.987112
10.846679 -11.891497
10.904015 -11.767880
10.949189 -11.639653
11.180998 -11.279171
11.134734 -11.383964
11.071411 -11.397321
11.262391 -11.365766
11.153073 -11.340147
11.177752 -11.345405
11.209016 -11.364158
11.260161 -11.384889
11.280779 -11.429927
11.243559 -11.392004
11.229799 -11.351137
11.245935 -11.404140
11.216398 -11.391354
11.143262 -11.440873
11.147123 -11.503544
11.064392 -11.525868
10.988247 -11.625019
11.036812 -11.571959
10.849895 -11.666685
10.774307 -11.718837
10.884048 -11.615098
10.847494 -11.627616
10.840176 -11.540796
10.847789 -11.535109
10.882835 -11.474810
10.900052 -11.452489
10.851165 -11.450610
10.854952 -11.340714
10.861074 -11.322759
10.965633 -11.252684
10.983291 -11.202168
11.119501 -11.143897
11.244738 -11.058811
11.085132 -11.041710
11.156138 -11.030106
11.522186 -10.924031
11.563092 -10.899016
11.325251 -10.942999
11.644150 -10.870331
11.867923 -10.859967
11.820511 -10.899233
11.714249 -10.929609
11.611379 -10.990913
11.882771 -10.953928
11.955071 -10.955802
11.983370 -10.924033
12.038582 -10.826248
12.289224 -10.732236
12.081904 -10.630755
11.893831 -10.717411
12.267584 -10.713543
12.437488 -10.912068
12.522234 -11.000203
12.357519 -11.136526
12.482207 -11.228736
12.568401 -11.210844
12.503172 -11.218087
12.274070 -11.270122
12.324968 -11.220246
12.335557 -11.223130
12.255848 -11.336383
12.292220 -11.402803
12.434869 -11.516030
12.492841 -11.535339
12.423385 -11.665647
12.554764 -11.754900
12.596652 -11.866398
12.521068 -12.001069
12.568952 -12.099648
12.503426 -12.211221
12.503806 -12.419165
12.525728 -12.544094
12.635300 -12.648661
12.616538 -12.795575
12.588979 -12.864848
12.570214 -12.900372
12.623683 -12.938755
12.541748 -12.974329
12.444432 -13.015762
12.567137 -13.033640
12.508731 -13.059053
12.522254 -12.981603
12.579416 -12.862814
12.623119 -12.740018
12.640121 -12.582846
12.564653 -12.335208
12.531730 -12.273084
12.662149 -12.075518
12.781428 -11.994377
12.710326 -11.922847
12.567256 -11.797784
12.583437 -11.715912
12.742876 -11.663634
12.683969 -11.669118
12.682148 -11.650034
12.808136 -11.592119
12.722248 -11.336229
12.465383 -11.208881
12.403376 -11.344828
12.503731 -11.396911
12.500845 -11.438076
12.529223 -11.352323
12.524153 -11.314490
12.585278 -11.221354
12.651138 -11.258200
12.582411 -11.280238
12.524392 -11.370055
12.630521 -11.397940
12.642153 -11.390149
12.589045 -11.310018
12.525903 -11.356170
12.606969 -11.411769
12.586820 -11.404803
12.576416 -11.382824
12.565391 -11.386031
12.583148 -11.360389
12.481392 -11.479953
12.664471 -11.514321
12.778632 -11.454166
12.626871 -11.437285
12.222103 -11.476458
12.474275 -11.277340
12.688448 -11.198565
12.370202 -11.282542
12.294163 -11.307460
12.428599 -11.384249
12.487922 -11.382359
12.376510 -11.492359
12.461843 -11.523460
12.433737 -11.611985
12.317783 -11.692398
12.394232 -11.736319
12.449516 -11.803465
12.443293 -11.905076
12.437236 -11.970159
12.483508 -11.978820
12.483737 -12.019077
12.501419 -12.029582
12.573576 -11.913194
12.535898 -11.945680
12.635937 -11.855797
12.677344 -11.861765
12.587840 -11.813710
12.658075 -11.806255
12.715775 -11.807144
12.685831 -11.768894
12.638463 -11.768478
12.629540 -11.783808
12.544778 -11.796851
12.481316 -11.809681
12.546384 -11.795937
12.648257 -11.754258
12.462397 -11.759980
12.535177 -11.712133
12.567341 -11.737099
12.573740 -11.775381
12.692113 -11.767575
12.693614 -11.805597
12.623419 -11.878367
12.679502 -11.904354
12.783372 -11.948010
12.813936 -11.942548
12.709866 -12.010499
12.743247 -12.031013
12.869031 -12.008585
12.876317 -12.028433
12.843658 -12.088595
12.966318 -12.085020
12.940260 -12.113903
12.743716 -12.196268
12.931306 -12.132891
12.754948 -12.197550
12.608381 -12.252496
12.809546 -12.208781
12.734878 -12.268631
12.631291 -12.300790
12.681489 -12.336743
12.800272 -12.297995
12.699032 -12.293384
12.708042 -12.236409
12.672091 -12.245518
12.682016 -12.201123
12.607826 -12.186162
12.649694 -12.137700
12.664125 -12.136569
12.660304 -12.071578
12.632205 -12.034258
12.479974 -12.023463
12.506683 -11.977511
12.581058 -11.904066
12.449424 -11.934298
12.439582 -11.874442
12.433751 -11.943776
12.502299 -11.937416
12.581244 -11.977632
12.501567 -12.010127
12.469571 -12.035391
12.508457 -12.052807
12.426128 -12.098082
12.423818 -12.110622
12.430428 -12.152986
12.463121 -12.121454
12.438382 -12.130962
12.412791 -12.170206
12.399870 -12.208185
12.484159 -12.220029
12.566297 -12.249206
12.415380 -12.286634
12.655843 -12.232249
12.656150 -12.205064
12.482054 -12.201604
12.548587 -12.104386
12.634557 -12.040919
12.649526 -12.002957
12.692939 -11.936435
12.622019 -11.929818
12.600965 -11.897230
12.689316 -11.823172
12.584434 -11.825744
12.646928 -11.789870
12.660722 -11.713377
12.537332 -11.670131
12.445316 -11.591385
12.411285 -11.601396
12.423365 -11.541187
12.391699 -11.577881
12.351936 -11.577169
12.370319 -11.601003
12.363237 -11.629198
12.386568 -11.608904
12.390559 -11.620586
12.336724 -11.651263
12.391796 -11.622336
12.430951 -11.599121
12.346538 -11.609826
12.352700 -11.674814
12.580030 -11.633628
12.638068 -11.629955
12.549148 -11.612492
12.456238 -11.639441
12.451729 -11.626314
12.553672 -11.594251
12.559934 -11.572606
12.494756 -11.566731
12.421316 -11.595540
12.423315 -11.602933
12.461258 -11.645781
12.483117 -11.621036
12.480968 -11.643459
12.426095 -11.737782
12.525803 -11.716090
12.405731 -11.778435
12.442291 -11.792764
12.539185 -11.841476
12.333295 -11.900802
12.342724 -11.889373
12.399806 -11.858320
12.285489 -11.875238
12.261276 -11.853055
12.310037 -11.758646
12.227387 -11.749894
12.239050 -11.696647
12.251273 -11.665179
12.143755 -11.641809
12.142536 -11.622807
12.106222 -11.618374
12.162243 -11.572998
12.056449 -11.545671
12.023542 -11.590705
12.107614 -11.543015
12.098762 -11.493910
11.802488 -11.494457
11.494917 -11.491681
11.211997 -11.480136
11.225196 -11.534485
11.359524 -11.394788
11.057112 -11.394980
10.612666 -11.316327
10.292444 -10.625138
9.779365 -10.124132
9.580252 -9.122037
9.662233 -7.443505
9.800078 -6.032711
9.648572 -5.093625
9.941498 -3.476887
9.869550 -2.132046
9.569615 -0.462228
9.153267 0.799441
8.400093 1.504609
7.690114 2.240978
6.950001 2.791335
6.987467 3.968381
7.338871 5.515198
6.989585 5.989831
7.618238 7.873115
7.534979 9.352346
7.086965 9.960677
8.123972 10.695930
9.194766 11.991798
10.818691 13.225640
11.498479 13.939640
11.904360 14.669931
11.806397 14.999980
12.050885 15.394163
11.879298 15.541990
11.341580 15.518181
10.948649 15.630610
10.729317 15.774761
10.099465 15.744697
9.034355 15.539211
8.426801 15.474716
8.005731 15.512085
7.787220 15.502770
7.350219 15.169205
6.700272 15.112653
6.916440 15.209363
7.364950 15.405801
7.139613 15.251917
7.419324 15.090535
8.259170 15.058386
8.426663 14.520941
7.246413 13.941364
7.072501 13.438984
7.384582 12.664651
8.326042 12.265172
9.468143 12.326326
9.826647 12.141940
10.272384 11.335119
10.507341 10.739016
10.198172 10.183301
10.140472 9.674709
10.177684 9.166672
9.990226 9.113041
9.918365 9.130174
9.573116 8.913490
9.220853 8.608285
8.913500 8.339423
8.179102 7.713787
7.885970 6.892943
8.517031 5.324549
8.871845 4.085664
8.857056 3.591244
8.425563 3.356413
8.158038 3.279990
7.773021 3.369009
7.196013 3.196343
6.797586 3.802968
7.497317 4.055691
8.163528 4.596037
8.595923 4.921479
8.789931 4.910259
8.420433 4.391611
7.645508 4.329309
7.268649 4.601838
6.926933 4.851364
6.628599 5.087371
6.178089 4.981190
5.815938 4.958586
5.666509 4.999791
5.530781 5.156989
5.533591 5.083474
5.431857 5.270160
5.325192 5.653276
5.184925 5.815132
4.917215 5.657628
4.605214 5.409939
4.506104 5.476242
4.474937 5.385478
4.455482 5.189516
4.470318 5.131148
4.420753 5.029493
4.346645 4.930502
4.330794 4.896191
4.313804 4.938417
4.207462 4.939149
4.143946 4.906313
4.168889 4.921234
4.197224 4.876340
4.155024 4.896054
4.081277 4.900892
3.981964 4.954581
3.862169 4.949986
3.716492 4.955394
3.595361 5.011692
3.514773 5.103676
3.476091 5.208074
3.424952 5.347714
3.368710 5.496163
3.335366 5.635966
3.272739 5.708980
3.197316 5.808368
3.087699 5.842321
2.996984 5.798168
2.910508 5.737547
2.780719 5.702599
2.661715 5.652215
2.713670 5.862426
3.172116 6.645705
4.226739 6.481330
4.290432 6.430770
3.204413 6.298064
3.034547 5.581048
2.982586 4.027451
2.373955 3.398027
1.684684 2.929985
1.122438 2.666728
1.019438 2.551292
1.196746 2.546489
0.846719 2.302471
0.519554 1.759291
0.221635 0.664132
-0.446240 -0.589363
-0.952075 -1.788943
-1.465322 -2.765726
-1.953243 -4.033043
-2.295465 -4.958354
-2.862834 -6.002153
-2.599032 -6.581868
-2.089226 -7.009989
-1.772295 -7.823719
-1.223574 -8.508783
-0.898712 -8.762482
-0.574462 -8.906272
-0.324800 -8.914239
-0.557270 -9.112822
-0.711005 -9.164075
-0.641544 -9.218242
-0.687266 -9.392646
-0.777109 -9.502293
-0.733683 -9.546225
-0.585696 -9.557915
-0.634590 -9.634943
-0.780500 -9.730261
-0.777582 -9.788152
-0.758112 -9.793429
-0.785417 -9.845083
-0.752394 -9.865209
-0.666637 -9.843641
-0.788763 -9.885967
-0.790208 -9.859753
-0.844107 -9.853529
-0.972262 -9.857728
-0.999428 -9.847747
-1.011297 -9.861831
-1.002433 -9.852099
-1.057176 -9.855349
-1.102977 -9.873015
-1.209559 -9.878099
-1.249829 -9.820926
-1.373316 -9.834269
-1.399101 -9.858300
-1.554964 -9.957114
-1.812561 -10.046217
-1.990732 -10.118915
-1.844513 -10.130827
-1.957863 -10.245315
-2.029633 -10.344308
-1.974759 -10.482738
-2.096255 -10.606319
-2.168463 -10.680328
-2.151751 -10.742728
-2.056752 -10.754005
-2.149506 -10.783693
-2.168208 -10.801342
-2.097468 -10.790749
-2.194521 -10.855530
-2.215923 -10.866922
-2.214019 -10.875475
-2.284471 -10.950670
-2.330110 -10.956925
-2.380184 -11.032310
-2.441620 -11.037334
-2.446734 -11.058207
-2.528879 -11.078063
-2.729005 -11.100240
-2.986703 -11.179558
-2.698686 -11.329193
-2.620442 -11.377885
-2.781347 -11.414491
-2.909022 -11.496540
-2.823929 -11.550473
-2.801215 -11.572709
-2.883376 -11.518971
-3.011535 -11.483831
-3.004068 -11.410432
-3.147258 -11.387071
-3.212010 -11.295485
-3.258338 -11.312566
-3.109578 -11.317641
-3.049259 -11.301757
-3.261274 -11.373351
-3.126708 -11.343647
-3.050802 -11.311697
-3.138022 -11.260909
-3.218737 -11.247712
-3.108131 -11.191404
-3.111342 -11.126590
-3.236238 -11.083868
-3.359171 -11.051016
-3.244349 -10.919216
-2.893938 -10.802107
-2.727642 -9.967558
-2.619189 -8.890099
-2.304309 -7.711483
-2.400909 -7.027581
-2.621792 -6.604686
-2.759500 -6.015357
-2.587108 -5.399154
-2.352716 -3.799319
-2.296403 -1.912082
-2.351349 -0.992695
-2.343816 0.121713
-2.340289 1.367462
-2.236681 2.802114
-2.196549 4.119412
-2.258345 4.811981
-2.748094 5.136115
-2.404004 4.927987
-2.361507 4.515357
-2.366458 4.007302
-2.282498 3.696833
-2.436501 3.290938
-2.537681 2.815048
-2.863904 2.198581
-2.849388 1.975516
-2.772902 2.967130
-2.631693 3.941197
-2.418010 4.829074
-2.058051 5.675754
-1.689648 6.519937
-1.473055 7.181239
0.164966 8.280545
1.523768 9.075308
0.602706 9.483035
1.025439 9.351132
1.114436 9.252640
1.090406 9.128570
1.204287 9.000925
1.345524 8.907712
1.619974 8.807143
1.701010 8.745688
2.543304 9.007189
3.080491 9.059698
2.757101 9.130305
2.658162 9.267476
2.747851 9.266190
2.713935 9.464791
2.805608 9.664493
2.378765 9.902763
2.100485 10.102154
1.562101 9.923423
3.643993 10.347450
3.252687 10.420233
3.198146 10.329049
3.218644 10.125345
3.433878 9.884317
3.538570 9.510999
3.604885 9.124535
3.870501 8.571010
1.588362 7.028855
-1.251958 5.342226
-3.654748 3.539641
-0.753976 3.991004
1.406589 -0.421760
0.625323 -0.447774
4.658148 -2.182382
0.782171 -5.826843
0.753083 -5.797617
0.748694 -5.600293
0.639399 -5.508331
0.661066 -5.468167
0.674669 -5.382173
0.877321 -5.260554
0.918772 -5.175837
0.950533 -5.089119
1.204814 -4.997122
1.415339 -4.896443
0.759860 -5.023847
2.323420 -5.086849
1.803894 -5.606776
0.855019 -6.144005
0.287099 -6.446811
0.383518 -6.453653
0.300688 -6.646316
0.330137 -7.058077
0.299718 -7.425640
0.137560 -7.779678
0.663356 -8.528109
1.203463 -9.501897
2.470620 -8.981722
3.210673 -9.556888
3.691498 -10.301732
4.804933 -11.008007
6.317995 -11.596666
5.469743 -11.995220
4.777229 -12.687076
4.526393 -13.001778
3.906379 -13.028370
4.252074 -12.745668
2.978264 -12.316646
0.491433 -11.075851
-1.599649 -9.699137
0.809770 -9.693188
0.653807 -9.458468
0.188564 -8.194387
-0.266019 -7.928670
0.641416 -7.866802
1.115210 -7.411080
1.870653 -8.397332
3.946559 -8.454249
2.511722 -8.127584
1.378451 -6.669782
1.012353 -5.388328
2.192342 -3.933601
2.543997 -2.677713
2.725473 -0.639756
1.619428 1.278661
1.112056 2.939660
1.206426 3.354789
1.422123 3.731493
1.505523 3.887375
1.362976 4.095618
1.469039 4.254849
1.659751 4.370203
2.006029 4.525655
2.641177 4.736794
2.917603 4.541812
2.945538 4.621070
3.112303 4.688048
3.186162 4.754654
3.286249 4.783887
3.510516 4.852754
3.621748 4.902381
3.684501 4.961673
3.644585 4.937583
3.541602 5.001729
3.627782 5.059001
3.804328 5.118350
3.746597 5.208770
3.432024 5.295264
3.470386 5.352464
3.458929 5.400599
3.413013 5.456315
3.532462 5.512926
2.374478 5.991425
2.478935 6.415882
2.535117 6.936267
2.592822 7.382902
2.563034 7.601170
2.676575 7.970666
3.047405 7.552140
4.470188 6.522866
5.173404 5.776424
5.338108 5.679581
5.847833 5.234579
6.146587 5.120460
6.238878 5.092556
6.291647 5.067564
6.329342 5.041424
7.912846 4.977267
8.453567 5.020266
8.640652 5.145658
9.300368 5.032021
9.515058 5.113276
9.179836 5.091874
9.515764 5.072433
9.912155 4.910427
9.139443 5.317881
8.740948 5.693846
8.299392 6.137732
8.011856 6.350438
7.480282 6.821497
7.008328 7.185037
6.657435 7.576470
6.280233 7.964819
6.400420 7.604349
6.520106 7.233642
6.647542 6.872254
6.777532 6.511038
6.931130 6.136246
7.217799 5.736694
7.518761 5.275664
7.545080 4.755193
7.460391 4.677109
7.399694 4.613278
7.345126 4.507238
7.299725 4.362644
7.264635 4.106887
7.166645 3.824582
7.139961 3.496150
7.125580 3.281438
6.937435 3.537472
6.795525 3.782632
6.763650 3.950794
6.301185 4.150789
5.961373 4.287338
5.904921 4.333263
5.845344 4.443050
5.738473 4.129802
4.889426 2.842512
3.897748 0.426812
3.000306 -1.542457
1.105836 -2.738048
-1.134798 -4.161634
-4.634491 -6.902866
-5.632133 -6.954746
-6.317843 -6.822984
-5.316576 -5.357940
-3.896715 -4.256350
-4.142411 -3.070526
-7.068739 -2.426983
-8.597466 -3.282934
-9.489290 -5.364720
-9.921148 -5.979526
-10.959146 -5.836474
-11.907063 -5.738373
-13.290564 -6.320463
-13.510938 -5.785495
-14.653078 -5.440925
-15.170096 -6.228585
-16.191519 -7.075127
-16.425950 -7.539294
-17.038224 -8.198243
-17.370521 -8.057668
-17.325015 -8.089149
-17.136548 -7.885709
-16.106643 -8.007362
-16.167281 -7.587331
-15.669375 -7.580326
-15.030448 -8.184740
-13.165439 -9.675647
-13.366578 -9.910618
-12.823851 -10.011422
-10.358683 -9.466371
-11.525841 -9.772520
-11.949659 -11.542585
-13.578959 -12.064753
-14.154583 -11.963492
-15.033268 -12.825194
-14.247340 -13.797726
-14.374898 -14.815777
-16.073452 -15.332118
-16.324831 -15.248128
-14.681882 -15.538532
-13.669366 -15.109397
-13.209124 -14.610487
-12.884768 -15.169495
-13.254825 -15.066409
-13.504348 -14.739549
-12.616145 -14.698066
-11.985149 -14.246744
-11.685035 -14.121873
-12.447437 -14.209847
-12.968024 -14.493155
-13.371964 -14.487109
-13.728037 -13.419640
-14.025552 -12.760573
-14.053993 -12.226002
-14.250397 -13.073897
-14.022838 -13.962010
-15.758980 -13.904059
-15.867609 -15.279551
-16.407124 -15.376336
-15.804943 -15.621404
-13.207899 -16.761910
-13.237145 -16.356751
-12.972035 -16.513677
-12.221348 -16.243918
-11.397951 -16.783586
-11.350498 -16.498881
-11.640657 -16.107086
-12.064428 -15.384751
-11.835819 -15.387767
-11.482779 -15.272000
-10.407849 -15.643126
-10.497552 -16.588380
-11.041924 -17.182817
-11.420108 -18.299659
-11.632662 -19.169409
-12.090447 -20.093207
-12.698909 -21.001282
-13.827520 -21.818957
-14.809708 -22.544441
-14.827626 -22.346831
-14.592446 -22.483307
-14.746465 -22.829876
-14.845441 -22.701347
-15.640651 -22.499769
-15.094181 -23.333474
-15.003251 -23.151032
-14.977500 -23.095799
-15.061752 -22.966897
-15.137298 -22.521328
-15.220593 -21.907639
-14.791781 -21.604261
-14.500872 -21.488004
-14.772974 -21.449968
-14.297504 -22.122200
-14.167770 -22.223337
-13.880270 -22.235424
-14.265079 -21.758940
-14.022831 -22.333372
-14.088840 -22.690033
-14.057024 -23.140790
-14.701318 -22.994673
-14.389717 -21.920426
-14.777901 -20.855487
-14.645365 -19.748272
-13.801229 -18.457301
-13.605106 -16.876269
-13.409606 -15.909987
-13.311005 -14.843087
-13.152793 -13.782794
-13.207520 -13.293135
-13.245102 -12.897598
-13.258309 -12.461820
-13.141422 -11.964528
-12.789179 -11.424461
-12.538765 -10.879221
-12.306812 -10.337312
-11.803624 -9.950488
-11.384892 -8.908932
-11.296576 -8.607681
-11.337954 -7.764356
-11.969248 -7.413904
-12.850436 -7.334340
-13.587572 -6.827630
-14.208873 -6.998085
-14.110860 -7.098642
-13.909225 -7.791834
-13.772846 -8.088675
-14.109851 -7.936629
-14.054550 -8.037489
-13.642099 -8.410746
-13.614130 -8.466457
-14.566396 -9.291772
-14.577265 -9.563020
-15.869831 -9.813053
-16.799173 -11.301656
-17.093108 -11.034218
-17.506889 -11.534394
-18.571000 -11.463719
-19.525216 -11.401480
-19.280992 -11.329624
-18.539345 -11.516913
-18.089192 -11.835249
-17.914674 -12.257933
-17.712050 -12.523686
-17.479751 -12.798541
-17.188539 -13.021853
-16.926284 -12.936243
-16.720747 -12.821643
-16.409752 -12.852104
-16.154619 -12.827273
-15.901992 -12.812204
-15.635628 -12.741249
-15.419446 -12.655182
-15.287740 -12.544345
-15.824268 -12.686756
-16.072784 -12.769538
-16.457002 -13.257613
-17.098491 -13.511325
-17.555301 -13.678549
-17.743332 -13.949529
-17.634201 -14.191747
-19.235605 -13.878163
-20.797770 -13.540865
-22.271034 -13.066265
-23.961616 -12.784162
-25.454693 -12.465769
-26.840491 -12.160747
-28.073860 -10.088598
-27.632404 -12.497393
-27.631683 -12.477228
-27.646846 -12.484056
-27.658461 -12.490868
-27.679168 -12.497671
-27.717955 -12.504508
-27.787572 -12.511224
-27.821340 -12.518088
-27.834028 -12.524852
-27.858162 -12.531637
-27.820830 -12.529466
-27.886994 -12.535966
-27.967753 -12.539065
-28.018283 -12.542174
-28.035956 -12.545320
-28.037076 -12.548124
-28.034278 -12.551279
-28.265124 -12.550647
-28.315411 -12.553594
-28.294093 -12.570058
-28.844263 -11.953827
-29.673015 -11.363764
-30.504254 -10.785855
-30.878831 -10.626249
-31.034027 -10.667834
-31.874460 -10.536008
-32.377498 -10.210416
-34.814367 -10.228815
-35.761574 -11.144230
-38.034205 -10.656490
-37.462808 -10.082637
-38.051327 -9.347220
-39.458245 -7.944170
-41.155511 -6.942845
-41.450567 -6.678430
-41.960254 -5.913116
-42.836981 -5.470900
-43.369472 -4.819255
-43.399389 -3.955028
-43.031977 -3.756585
-44.280204 -3.441080
-45.234085 -3.522255
-44.310351 -3.153706
-44.027276 -1.789777
-43.707957 -1.146080
-44.069342 0.114968
-44.561883 0.558559
-44.946814 1.255880
-45.338079 2.629018
-45.512152 3.900535
-45.177182 4.957870
-45.978199 6.044693
-46.387632 6.916066
-46.294668 8.261158
-46.682602 9.615863
-47.660850 10.880419
-48.134078 12.141677
-48.790065 13.295826
-50.404408 14.420066
-51.556659 15.612411
-52.321890 15.860378
-52.289761 15.890295
-52.239918 15.963715
-52.294837 16.018885
-52.334077 16.067572
-52.421926 16.108823
-52.470201 16.154653
-52.860027 16.166595
-53.465408 16.608293
-54.012925 16.822793
-54.916209 16.876219
-55.369752 17.267737
-55.572469 17.528803
-56.275463 17.645921
-57.141723 17.756647
-57.363783 17.982229
-57.343923 17.626974
-57.784672 17.412792
-58.012080 17.631284
-58.190945 17.405224
-58.000422 17.413499
-58.086670 17.378096
-57.601445 17.351652
-57.608351 17.427146
-58.126825 17.386253
-58.130580 17.572537
-58.451261 17.446869
-58.902597 17.459917
-59.504525 17.547147
-59.680279 17.587673
-59.701024 17.672692
-59.667774 17.609628
-59.635246 17.641553
-59.334999 17.798242
-59.832180 17.966296
-60.282753 18.013124
-60.628104 17.885666
-60.782143 17.864320
-61.181449 17.849753
-61.277898 17.844397
-61.441955 17.925438
-61.401824 17.850181
-60.724143 18.509179
-59.853846 19.783934
-60.703849 20.799288
-63.053837 19.548120
-67.159785 17.627225
-67.954014 15.903911
-69.936761 14.102707
-75.689183 17.901783
-96.534411 28.246923
-104.049645 37.555330
-110.205586 43.896988
-114.850447 53.707378
-118.632628 62.120576
-125.148374 68.553206
-129.878579 79.707462
-131.444665 77.774240
-131.118224 75.071427
-137.797906 72.691680
-141.053903 70.095479
-142.263042 67.171538
-144.826531 65.160560
-145.701692 63.028496
-145.406061 58.164978
-146.263556 56.216437
-143.096013 53.275700
-141.670322 53.098577
-140.318975 52.286646
-138.530988 49.594594
-135.932960 43.436767
-133.143252 41.272574
-134.689606 40.955026
-134.836717 43.038154
-132.955723 45.069738
-131.209708 45.421138
-130.845848 47.813191
-131.670383 50.205184
-131.471310 52.619051
-130.096375 55.232189
-129.480936 58.473457
-126.779434 60.824238
-125.460277 60.997347
-127.257065 60.188214
-125.688332 59.005771
-124.552018 55.749101
-121.109990 56.191812
-120.473156 55.326288
-119.767239 56.111131
-116.266309 57.044919
-122.243797 57.605168
-127.502233 60.019178
-128.227320 62.841829
-129.363909 64.510701
-130.664702 66.455674
-128.353025 67.986004
-126.603970 60.067711
-119.687858 64.302528
-119.462267 66.587196
-119.597898 67.435077
-119.912317 68.102093
-119.880000 69.272231
-120.323051 70.017909
-120.426264 71.164206
-120.433164 71.969740
-120.232301 72.251108
-120.139873 72.636850
-119.629992 72.930384
-118.831877 73.212184
-118.720166 73.491167
-118.627726 73.758979
-121.345152 74.039659
-121.391428 74.319609
-121.326743 74.598242
-121.553675 74.635438
-125.454465 75.037335
-125.094837 74.955595
-125.054729 74.874175
-125.699671 74.808600
-126.492029 74.734506
-127.597018 74.679651
-127.482440 74.613901
-127.018926 74.547172
-126.889843 74.505043
-126.422959 73.523393
-129.017443 72.261150
-128.850906 71.252819
-128.256391 70.286042
-127.743352 69.321175
-127.329907 68.339278
-126.892942 67.352219
-126.505619 66.365208
-126.788895 66.308928
-126.573911 66.214381
-126.892173 66.160714
-126.943265 66.117691
-127.227764 66.070785
-127.484350 66.024635
-127.748798 65.977170
-128.163478 65.928544
-127.569797 65.932299
-127.515131 65.973775
-127.386651 66.017950
-127.207354 66.062179
-127.225759 66.105664
-127.125134 66.145476
-126.959246 66.183398
-126.826094 66.133998
-129.735220 66.011069
-129.885345 65.908906
-129.881486 65.804621
-129.881142 65.683598
-129.927949 65.573025
-130.043267 65.466082
-129.548995 65.377341
-127.716226 65.378119
-124.243879 65.350223
-124.605985 65.346091
-125.310775 65.340981
-125.920003 65.336378
-126.492820 65.331961
-127.033534 65.327464
-127.599722 65.322979
-127.276310 65.328742
-125.073659 65.322518
-124.713311 65.328081
-124.474177 65.335538
-124.195428 65.342574
-123.932027 65.353890
-123.630056 65.365638
-123.249428 65.377125
-120.018436 64.772629
-94.356798 63.139462
-91.660379 62.517855
-88.972059 61.879194
-86.317289 61.235514
-83.668995 60.593578
-80.995835 59.954559
-78.337068 59.309089
-79.447557 55.927859
-80.523145 52.467414
-82.197152 49.058629
-84.084672 45.703322
-84.115472 42.310355
-85.143064 38.920641
-83.731166 35.545575
-83.889337 35.237326
-62.092144 31.979767
-62.641766 31.683783
-63.185057 31.382872
-63.717969 31.061717
-64.245731 30.729855
-64.759090 30.399640
-65.276699 30.104277
-65.796396 29.774042
-66.030155 29.149954
-66.286070 28.571874
-66.541052 27.979641
-66.791858 27.412428
-67.055896 26.861858
-67.322673 26.304839
-67.586485 25.736823
-67.858738 25.164984
-67.610866 24.401375
-67.378431 23.649694
-67.201816 22.928103
-67.047983 22.182731
-66.834766 21.317439
-66.803416 20.433116
-66.509534 19.567212
-68.155828 18.403472
-68.294828 16.497954
-68.351335 16.171836
-68.390499 15.842318
-68.431392 15.501745
-70.383205 13.628810
-70.426952 13.297889
-70.474660 12.973191
-70.522156 12.646991
-70.595764 12.667241
-70.668913 12.687386
-70.741225 12.706476
-70.814041 12.726616
-70.886791 12.746622
-70.003664 12.495115
-70.168337 12.301543
-70.497789 12.208463
-72.971889 14.752686
-74.652476 17.746061
-75.029752 21.198462
-77.874309 24.395348
-79.418904 27.332828
-80.691499 30.139781
-81.490183 33.012757
-82.057979 35.874718
-81.888910 35.937615
-81.858381 35.992738
-81.877474 36.047902
-81.874351 36.102867
-81.883506 36.158194
-81.910626 36.213480
-81.957308 36.268502
-82.013912 36.323812
-81.853070 36.379431
-81.929154 36.631593
-82.214707 36.831554
-82.021009 37.090551
-82.481372 37.338982
-83.117733 37.574165
-82.968824 37.847776
-82.772959 38.109230
-82.691119 38.345129
-82.762635 38.322943
-82.949743 38.307755
-82.894575 38.304484
-82.894060 38.305607
-82.082358 38.319563
-81.477663 38.327369
-80.724678 38.338164
-82.501011 38.325647
-82.692973 38.295977
-82.891724 38.293185
-82.693741 38.277039
-82.683535 38.255794
-82.556323 38.236673
-82.552697 38.216638
-81.956893 38.206396
-82.085483 38.111948
-82.396592 38.305078
-82.408453 38.335319
-82.251408 38.365643
-80.998206 38.457074
-79.876294 38.341656
-81.353162 38.669648
-80.614236 39.333195
-78.084792 39.837669
-79.759281 39.892038
-80.185391 39.962847
-81.865217 39.953696
-82.856958 40.259591
-81.428335 40.995702
-80.977549 41.533216
-81.270739 41.100487
-79.639810 41.223467
-78.603524 41.372184
-77.035925 41.619944
-75.930991 41.496609
-75.058447 41.899678
-74.168900 41.308179
-73.805961 40.741724
-73.320159 40.329992
-72.351591 40.365108
-73.425689 39.934994
-74.116584 39.541876
-74.571048 39.326994
-75.208411 38.967715
-76.335475 38.798887
-76.621493 38.678407
-77.252041 38.552977
-78.029536 39.143678
-77.459272 38.439677
-78.228989 37.899242
-79.910097 37.446555
-79.932819 36.699251
-78.441815 36.118315
-77.849306 35.587936
-77.038690 35.112317
-76.332716 34.573044
-77.717819 33.818779
-77.492867 33.715212
-77.510671 33.616945
-77.479942 33.476817
-77.163584 33.321259
-76.947991 33.058360
-77.029769 32.853712
-77.018094 32.717363
-77.308709 32.348884
-77.477368 32.230688
-77.545624 32.059051
-77.685476 31.879709
-77.695524 31.741964
-77.631062 31.592874
-77.565298 31.439181
-77.480457 31.266304
-77.446501 30.936887
-77.387526 30.941914
-77.232601 30.904669
-77.038506 30.833324
-76.936222 30.764466
-76.749111 30.758941
-76.682282 30.704207
-77.785384 30.438943
-76.476019 30.502384
-75.697889 30.640566
-75.219732 30.739005
-74.743277 30.769069
-74.747724 30.725579
-74.794884 30.688582
-75.550753 30.569907
-77.050620 30.411576
-79.229718 30.244321
-79.559157 30.174416
-79.229088 30.041977
-78.941945 29.918810
-78.492170 29.812115
-79.275022 29.703500
-79.459456 29.569694
-79.433224 29.423359
-79.537802 29.277221
-80.034608 29.596414
-80.103476 29.998858
-80.080060 30.341467
-79.428380 30.704720
-77.971737 30.781482
-78.712275 31.207330
-78.852391 31.642610
-79.273080 32.105655
-79.542227 32.537214
-79.485221 32.501913
-79.437439 32.462659
-79.424207 32.423006
-79.407002 32.383391
-79.400528 32.343881
-79.427174 32.304348
-79.455007 32.264821
-79.457622 32.225332
-79.467237 32.185845
-79.490125 32.171525
-79.516708 32.157453
-79.518129 32.143416
-79.532641 32.129412
-79.551823 32.115402
-79.571695 32.101434
-79.584863 32.087404
-79.598855 32.073418
-79.585996 32.058868
-79.676161 32.032026
-80.020659 32.141992
-80.216830 32.290858
-80.347705 32.421955
-79.960364 32.489233
-79.722986 32.554462
-80.090913 33.830029
-79.748147 35.085614
-80.223271 35.991558
-80.665856 37.021616
-80.738609 37.869119
-80.549157 39.078881
-80.227297 40.260141
-79.599955 41.466222
-78.421915 42.592533
-77.521784 41.731648
-75.959674 40.413857
-73.991587 39.036900
-72.807980 37.560740
-71.931176 35.931449
-71.446026 34.592866
-70.336294 33.312542
-69.489933 32.487792
-69.573223 31.653684
-68.889239 31.156635
-67.455914 29.450326
-66.840915 28.848347
-66.411715 27.505121
-66.945463 26.653387
-68.287437 24.180355
-66.899769 21.892893
-66.202327 21.516444
-65.201354 21.300949
-63.517152 20.329389
-62.931833 19.760466
-61.617466 18.237744
-60.810321 16.748414
-60.198384 15.739923
-59.722333 15.005630
-59.584398 15.314954
-58.448377 15.291600
-57.691542 14.846826
-57.189417 14.760101
-56.601325 14.501485
-55.754966 14.534558
-55.246273 14.428745
-53.295624 16.293846
-52.879193 14.745487
-53.007849 14.934844
-51.087582 12.307806
-50.367961 10.343334
-51.178453 9.470709
-51.571510 8.600250
-50.363984 8.889819
-49.550516 8.883983
-50.263234 9.369657
-50.426379 9.791932
-50.775125 10.433552
-51.138572 10.810558
-51.240579 10.639312
-51.521472 10.550755
-52.114536 10.161593
-54.168833 10.555353
-53.692543 12.218897
-53.367703 12.546664
-53.307228 12.328347
-53.708542 12.418644
-53.345609 12.594000
-53.449389 12.588158
-53.728204 12.944463
-54.070084 13.128122
-54.094698 13.416440
-54.060102 13.261178
-53.929266 13.772490
-53.902262 14.102229
-53.878649 14.422178
-53.299553 14.591886
-53.591437 16.173286
-53.244332 17.203444
-52.127543 16.565441
-52.877104 17.158785
-52.966418 17.969659
-53.844623 19.221284
-54.524440 20.817489
-54.792404 21.811222
-54.621394 24.320366
-54.707305 26.805234
-55.142836 29.569531
-55.574671 32.705426
-56.065187 35.834366
-56.407336 39.265883
-56.420996 42.487810
-55.815518 42.410643
-55.393528 42.244769
-55.077500 42.337803
-54.658914 42.339959
-54.285628 42.438589
-54.077950 42.489517
-53.835138 42.386148
-54.147794 42.398241
-54.417197 42.489767
-54.429244 42.531335
-54.422990 42.487602
-54.485838 42.513561
-54.415546 42.490322
-54.321801 42.349841
-54.217853 42.265154
-54.112687 42.118603
-54.193770 41.949616
-54.122340 41.886186
-54.078279 41.812891
-54.077636 41.695146
-54.058939 41.661654
-54.007301 41.601879
-53.976573 41.580686
-53.942734 41.544898
-54.004218 41.515206
-54.045153 41.521694
-53.990301 41.469774
-53.920052 41.403989
-53.835556 41.324343
-53.793461 41.228043
-53.774507 41.140316
-53.796037 41.068695
-53.821412 41.084340
-53.817774 41.152096
-53.884386 41.124167
-53.939715 41.051767
-53.964357 40.972097
-54.030613 40.928639
-54.104536 40.792219
-54.148975 40.647265
-54.228927 40.540828
-54.334524 40.528129
-54.372055 40.393763
-54.462537 40.269596
-54.571013 40.218850
-54.645132 40.104093
-54.576570 40.040782
-54.446037 39.929758
-54.315134 39.823532
-54.184184 39.716850
-54.053296 39.607592
-53.927030 39.495258
-53.793307 39.378668
-53.680923 39.251483
-53.613175 38.798331
-53.439298 38.081220
-53.262352 37.355472
-53.090988 36.641978
-52.916050 35.926284
-52.737360 35.192485
-52.556810 34.459402
-52.376919 33.720755
-50.916740 32.678509
-49.458108 31.635499
-48.006829 30.597153
-46.647196 29.731561
-45.162226 28.981313
-43.015528 28.521259
-40.957504 27.544127
-41.476850 28.517116
-42.005761 29.436064
-42.678989 30.397785
-43.266744 31.302403
-44.017352 32.033315
-44.466094 32.954941
-44.557804 34.055690
-44.400412 34.470085
-44.101650 35.460490
-43.909450 36.394184
-43.839655 37.654559
-43.718935 38.792611
-43.621131 39.838970
-43.700304 40.841761
-43.535247 41.905755
-41.990538 40.124249
-43.263803 37.177422
-45.162276 36.044652
-47.214331 35.477677
-47.187079 34.647412
-46.764723 31.836277
-47.182263 29.373592
-47.889967 27.133654
-48.310977 27.165094
-48.625872 27.318046
-49.059326 27.410745
-49.994214 27.465115
-50.937891 27.569205
-51.792087 27.642763
-52.598719 27.737953
-55.392488 27.520944
-57.207104 26.893639
-59.187451 26.232312
-61.450036 25.771644
-64.099215 25.445129
-66.446385 24.715894
-68.483547 24.039040
-67.875591 22.954718
-67.474915 22.573866
-67.060784 22.316036
-66.824364 22.096641
-66.640972 22.035196
-66.670538 21.668880
-66.709159 20.984829
-66.363339 20.884165
-66.201351 20.641369
-66.008271 20.554183
-65.791095 20.513346
-65.481901 20.654551
-65.165049 20.930594
-64.836852 21.030671
-64.560689 21.209233
-64.254867 21.307864
-64.157580 21.154126
-63.969889 21.039805
-63.897100 21.003015
-63.741927 20.962802
-63.799690 20.831854
-63.930785 20.826070
-64.010971 20.841795
-64.200154 20.997933
-64.663116 21.044405
-65.204630 21.229563
-65.512873 21.212566
-65.907716 21.175773
-66.385223 21.207054
-66.844909 21.127925
-67.229738 21.023705
-67.796025 21.055780
-68.112344 21.170092
-68.397307 21.432609
-68.588430 21.644568
-68.734842 21.691349
-68.926903 21.810731
-68.924507 21.807064
-68.986976 21.828576
-69.192133 21.994741
-69.424119 22.542993
-69.488559 23.184266
-70.023413 23.086938
-70.506171 22.908767
-71.232716 23.100201
-71.472880 22.986874
-72.478211 23.103598
-71.297550 23.879896
-70.858739 23.920555
-70.788863 24.019131
-70.163792 24.260995
-68.818320 24.893912
-68.586037 24.480494
-68.299102 23.898042
-68.301784 24.309607
-68.282586 24.060143
-68.361531 23.316123
-68.424411 22.487061
-68.818152 21.239736
-68.554655 20.796110
-68.047051 19.673484
-67.937347 18.944954
-68.134111 18.593978
-67.336152 18.618497
-66.332068 18.277951
-65.631518 17.777824
-64.614567 17.257665
-63.415230 17.034125
-62.022527 17.310204
-61.055520 16.456019
-59.928154 15.522705
-59.653811 17.588885
-59.367039 18.293311
-60.753386 18.225431
-61.866938 19.287805
-62.621763 19.665142
-64.425462 20.250110
-65.350806 21.682565
-64.171989 21.293788
-63.339708 20.857865
-62.480803 20.402935
-62.223830 20.925222
-61.873598 20.907554
-61.116484 21.236095
-60.596155 21.180323
-60.032888 21.933866
-59.961961 22.611773
-59.346283 23.471665
-58.581248 24.226494
-58.298208 24.801965
-57.719018 25.289967
-57.574061 24.776530
-56.965542 24.195166
-56.529656 23.685294
-55.995057 23.784332
-55.586977 24.004456
-55.247986 23.645299
-53.891033 23.860134
-53.160829 23.266228
-52.873989 21.932765
-55.920215 20.417847
-59.218967 18.949332
-60.637793 18.445194
-63.473417 17.429065
-65.797241 16.107076
-68.759877 15.383672
-71.891917 14.507226
-74.528067 13.578730
-74.603141 13.860203
-75.355336 14.666999
-75.000150 15.266804
-74.358761 15.053917
-73.489139 14.895426
-72.739322 14.742950
-72.272321 14.517434
-71.704932 14.016041
-70.902333 13.377037
-71.326537 13.304374
-71.476136 12.941115
-71.284275 13.172620
-71.157039 13.615160
-70.846931 13.786045
-69.751664 14.014009
-69.954722 13.208180
-70.198242 12.749241
-70.487855 13.418189
-70.858978 13.663693
-71.012089 13.827338
-71.099981 13.527909
-71.346713 13.545436
-71.304764 13.271461
-71.099071 12.355406
-71.220824 11.724026
-71.097902 10.700926
-70.944963 10.026152
-70.915696 9.301101
-71.047235 8.445039
-71.152484 7.933350
-71.223875 7.742864
-71.146289 7.519098
-71.075717 7.450794
-71.191247 7.111231
-71.253267 7.060212
-71.283646 6.942049
-71.394099 6.786563
-71.425666 6.699737
-71.380919 6.522198
-71.389545 6.436804
-71.368330 6.396871
-71.413022 6.357620
-71.392423 6.362174
-71.413312 6.380173
-71.468052 6.425161
-71.501182 6.406226
-71.581004 6.346155
-71.669958 6.422301
-71.675741 6.445429
-71.641627 6.478797
-71.653320 6.440990
-71.651619 6.419550
-71.655417 6.445673
-71.636713 6.411376
-71.629856 6.350625
-71.543859 6.241054
-71.531253 6.169252
-71.531074 6.180001
-71.552504 6.117645
-71.505779 6.070616
-71.494999 6.027506
-71.425584 5.987690
-71.343681 5.881677
-71.341155 5.842220
-71.355063 5.798232
-71.375268 5.709640
-71.424016 5.689399
-71.468290 5.749721
-71.445219 5.751822
-71.489329 5.515831
-71.560450 5.499952
-71.511729 5.575203
-71.506312 5.517001
-71.547672 5.620201
-71.485170 5.755277
-71.476432 5.792857
-71.546519 5.994200
-71.639097 5.993761
-71.718945 6.148355
-71.865342 6.388840
-71.912346 6.407820
-71.931389 6.361243
-71.926119 6.406442
-71.926480 6.420794
-71.951359 6.396107
-71.922531 6.404877
-71.898273 6.459521
-71.902494 6.433505
-71.888739 6.337286
-71.858000 6.327293
-71.870178 6.339933
-71.816233 6.327762
-71.787875 6.303966
-71.750061 6.301680
-71.736683 6.263070
-71.731522 6.229245
-71.751322 6.321745
-71.699723 6.375295
-71.680627 6.424031
-71.641313 6.434463
-71.614735 6.425416
-71.529311 6.338427
-71.380484 5.943557
-71.339943 5.818485
-71.175562 5.216479
-71.052997 4.956226
-70.876335 4.683559
-70.679143 4.500719
-70.579131 4.418827
-70.379888 3.894601
-70.224203 3.596231
-70.074044 3.049283
-70.011360 2.939732
-69.855153 2.512949
-69.591084 2.087538
-69.427212 1.663781
-69.355381 1.530206
-69.205519 1.172928
-69.123700 0.861203
-69.061393 0.665180
-68.922578 0.250963
-68.921807 0.134504
-68.904677 -0.040843
-68.891603 -0.276322
-68.925785 -0.338244
-68.953155 -0.405006
-68.953892 -0.429822
-69.064332 -0.720047
-69.135985 -0.931081
-69.272942 -1.087054
-69.502676 -1.075868
-69.740204 -1.038808
-70.242922 -0.556554
-70.586995 -0.134084
-70.681189 -0.044111
-70.882612 0.550413
-71.059031 0.919165
-71.296358 1.392403
-71.324953 1.549341
-71.366109 1.641351
-71.307396 1.777516
-71.236084 2.102149
-71.272731 2.229781
-71.219235 2.281339
-71.115937 2.287566
-71.118723 2.388667
-71.113008 2.489110
-71.057829 2.494331
-71.010303 2.646124
-70.993711 2.694510
-70.939354 2.843022
-70.918982 2.855820
-70.953042 2.857824
-70.987153 2.890290
-71.015808 2.906009
-71.082070 2.913086
-71.137226 2.919926
-71.180585 2.958973
-71.196080 2.983153
-71.202830 3.012011
-71.189643 3.026718
-71.152182 3.002623
-71.149423 3.016542
-71.128368 3.026609
-71.109376 3.044860
-71.097290 3.134256
-71.099086 3.214380
-71.116830 3.788307
-71.068318 3.810033
-70.963912 3.910633
-70.839844 3.968216
-70.680463 3.927429
-70.474534 3.818561
-70.459250 3.712925
-70.402473 3.609360
-70.404519 3.566805
-70.408992 3.525110
-70.400126 3.524347
-70.396487 3.364806
-70.416041 3.341648
-70.417320 3.286795
-70.414282 3.224452
-70.419638 3.267622
-70.416925 3.297392
-70.381877 3.323151
-70.371488 3.364606
-70.343939 3.363783
-70.355642 3.366877
-70.340955 3.399564
-70.309959 3.487002
-70.298208 3.521727
-70.287545 3.526310
-70.282928 3.538643
-70.292653 3.581372
-70.268732 3.580745
-70.277173 3.596105
-70.265809 3.624549
-70.194921 3.631773
-70.191632 3.615150
-70.183280 3.600307
-70.172035 3.544438
-70.171823 3.553238
-70.151714 3.541785
-70.127518 3.523412
-70.062356 3.477271
-69.951693 3.512992
-69.914016 3.480182
-69.988484 3.500697
-70.018558 3.456574
-70.007357 3.424791
-70.009550 3.412257
-70.078506 3.433196
-70.080748 3.491730
-70.067634 3.492481
-70.032690 3.532654
-70.016474 3.586001
-69.992485 3.596497
-70.014689 3.600551
-70.016546 3.630265
-70.044573 3.633658
-70.046042 3.662762
-70.044930 3.661566
-70.049214 3.658956
-70.033372 3.641720
-70.022933 3.605588
-70.013960 3.573575
-69.994523 3.529174
-70.024373 3.497927
-70.036328 3.483410
-70.007155 3.491701
-70.010421 3.519176
-69.996053 3.541170
-70.028835 3.560247
-70.090941 3.597881
-70.116244 3.605889
-70.150375 3.612818
-70.182975 3.627072
-70.192587 3.621884
-70.196723 3.650072
-70.183248 3.647147
-70.158826 3.637119
-70.174997 3.642390
-70.184033 3.644672
-70.198618 3.664221
-70.201735 3.704580
-70.157545 3.692801
-70.144893 3.713287
-70.120807 3.746695
-70.118811 3.754177
-70.119754 3.770144
-70.128717 3.778593
-70.117379 3.771676
-70.132908 3.777207
-70.140727 3.779677
-70.143315 3.784071
-70.137677 3.790014
-70.088739 3.824494
-70.054815 3.843319
-70.059154 3.874751
-70.098491 3.911944
-70.230548 4.037473
-70.369579 4.263814
-70.438606 4.472739
-70.461679 4.665091
-70.405679 4.781376
-70.337857 4.814555
-70.275258 4.782787
-70.250542 4.795447
-70.241908 4.785778
-70.165157 4.685052
-70.094438 4.560276
-69.859233 4.093617
-69.719262 3.933335
-69.724915 3.917107
-69.723825 3.912734
-69.720355 3.910711
-69.725236 3.889598
-69.718511 3.873595
-69.720010 3.850896
-69.718434 3.831342
-69.711030 3.813157
-69.706531 3.798387
-69.707514 3.781090
-69.701250 3.766831
-69.696561 3.747408
-69.699568 3.736367
-69.697275 3.733622
-69.699857 3.718528
-69.703682 3.729101
-69.696939 3.741042
-69.698438 3.778663
-69.713980 3.816568
-69.710497 3.821547
-69.727054 3.872850
-69.736104 3.905297
-69.731297 3.936575
-69.737849 3.946790
-69.719796 3.982046
-69.726879 3.999392
-69.710225 4.017212
-69.708115 4.028645
-69.709217 4.038966
-69.695406 4.067747
-69.704048 4.088813
-69.684662 4.104865
-69.691997 4.127275
-69.695614 4.125254
-69.691044 4.099252
-69.698961 4.114415
-69.689123 4.092793
-69.686388 4.094837
-69.673759 4.088234
-69.669877 4.078402
-69.646569 4.053460
-69.615539 4.196223
-69.532232 4.243744
-69.419930 4.198014
-69.150948 4.008303
-69.027685 3.858845
-68.986747 3.427290
-68.999130 3.494068
-67.782914 2.886465
-67.084887 2.439848
-66.220561 2.134293
-65.315402 1.204707
-64.534190 1.025440
-64.034935 -0.051626
-63.604805 -0.327743
-63.091601 0.208066
-62.896452 0.818338
-63.003148 1.088391
-62.796606 1.920963
-63.045795 1.933767
-62.507242 3.151095
-62.935328 3.809910
-63.009506 4.642963
-63.418969 4.359261
-63.363901 3.992448
-63.027490 3.783028
-63.223059 2.735249
-63.687164 2.404165
-64.055880 2.101874
-64.138758 2.990002
-64.109423 2.932814
-64.314560 2.759036
-64.276196 2.604829
-64.287614 2.496420
-64.701787 2.929020
-65.322352 2.934233
-65.535026 2.539906
-65.802494 2.134386
-65.922689 1.605335
-65.939407 2.313605
-66.481926 2.558619
-65.706095 2.611015
-64.145736 2.193579
-63.517361 2.905305
-63.345776 3.012049
-63.170189 2.012265
-62.928176 1.203307
-63.520171 0.630724
-64.443694 -0.288986
-64.905854 -1.159347
-65.580206 -2.091553
-65.986265 -3.910280
-66.366473 -5.570090
-65.968038 -5.889996
-65.493725 -6.280569
-64.889430 -6.042213
-63.860621 -5.733335
-63.091441 -5.434330
-62.307826 -5.505265
-61.367987 -5.249966
-60.603077 -5.223993
-60.222356 -5.347894
-60.036595 -5.059299
-60.000194 -4.774689
-60.203022 -4.225299
-60.413491 -4.212752
-60.228597 -4.405186
-60.253125 -4.499608
-60.635936 -4.348122
-60.667222 -4.253776
-60.890904 -4.076419
-61.070104 -3.958530
-61.134104 -3.945694
-61.114716 -4.034223
-61.169399 -4.339378
-61.217596 -4.390897
-61.538647 -4.596254
-61.630553 -4.612258
-61.936169 -4.612658
-62.301081 -4.760584
-62.397981 -4.940547
-62.624420 -4.893253
-62.880822 -4.772415
-63.126758 -4.728663
-63.443661 -4.679953
-63.742079 -4.662249
-63.977652 -4.839819
-64.230913 -5.006270
-64.525904 -5.234937
-64.842325 -5.803180
-65.072111 -6.020649
-65.127818 -6.100948
-65.286677 -6.167031
-65.374869 -6.278541
-65.361145 -6.322604
-65.357067 -6.393664
-65.357461 -6.353986
-65.407981 -6.237566
-65.414931 -6.179481
-65.459939 -6.173050
-65.551377 -6.181982
-65.726740 -6.034503
-65.932272 -5.909190
-66.270674 -5.631062
-66.455517 -5.527650
-66.779510 -5.230621
-67.299285 -4.763425
-67.367723 -4.294316
-67.572844 -3.732647
-67.871538 -3.146221
-68.147249 -3.550091
-67.625069 -3.999171
-67.339189 -4.107562
-67.150554 -4.412221
-66.693897 -5.216374
-66.526218 -5.423685
-66.857227 -5.689809
-67.213043 -5.452097
-67.074688 -5.649283
-67.053508 -5.982444
-66.751359 -6.313301
-66.578343 -5.860821
-66.051777 -6.527449
-65.546959 -6.971724
-65.199780 -7.951285
-65.011611 -8.227930
-64.613995 -8.660168
-63.609722 -9.617409
-63.223759 -9.796205
-62.820359 -9.789210
-62.678345 -10.360978
-62.127077 -10.348369
-62.726893 -11.959312
-62.965928 -11.576701
-63.039098 -10.857605
-63.111876 -11.049635
-62.875095 -11.288117
-61.949168 -11.073778
-61.897987 -11.035402
-61.140723 -9.974707
-61.587980 -10.376869
-62.367826 -10.048289
-63.206972 -10.446409
-63.740652 -11.305099
-63.823148 -10.168774
-64.515354 -10.815897
-64.256690 -11.294699
-63.098104 -11.063405
-62.698352 -11.579719
-61.965637 -10.649933
-61.566071 -11.157283
-60.729787 -10.578464
-60.556248 -10.924107
-60.756272 -11.950242
-61.487286 -12.043441
-62.027072 -12.651819
-61.855602 -13.226113
-61.349940 -13.222980
-60.950701 -12.944622
-60.920833 -12.772388
-61.123297 -12.708320
-60.383920 -12.481328
-58.956288 -12.266887
-58.110857 -12.056321
-57.552924 -11.815800
-56.965621 -11.511391
-56.237902 -11.260605
-55.069666 -11.021993
-54.374764 -11.043619
-54.598345 -10.912995
-55.192317 -11.262668
-55.998221 -12.313530
-56.682441 -12.815470
-57.395870 -12.708075
-58.186885 -11.895098
-59.314764 -11.743062
-58.813144 -11.442536
-57.505923 -11.200437
-58.065222 -11.355484
-58.852234 -11.764351
-58.943419 -11.967394
-58.277515 -12.645794
-57.865453 -13.017472
-57.722290 -13.154344
-57.100856 -13.402738
-56.594443 -13.363285
-56.496018 -13.599259
-56.339337 -13.859804
-55.738706 -13.717571
-55.622290 -13.674123
-56.185183 -13.873549
-59.586063 -15.267112
-63.027236 -16.950035
-64.576997 -17.191965
-65.513516 -16.765061
-64.431126 -16.481356
-64.562504 -14.256410
-64.211926 -11.977806
-64.499815 -10.426035
-64.108318 -8.529176
-64.145387 -7.127341
-64.350331 -6.318066
-64.737104 -5.430169
-65.366885 -5.263768
-66.231821 -4.607963
-66.166726 -3.288326
-65.693631 -1.962929
-65.325750 -1.146620
-65.936880 -0.728184
-66.720359 -0.876106
-66.454353 -1.096567
-65.538333 -1.103620
-64.470897 -0.345427
-64.806860 0.648767
-65.713336 0.317773
-65.104307 1.275719
-64.783482 1.461709
-64.305877 1.722628
-63.984664 2.732817
-63.991277 3.500323
-64.039045 3.778653
-63.568606 4.630226
-63.199501 4.692870
-63.066309 3.693487
-62.516606 3.387205
-61.975972 3.297439
-61.765517 2.882336
-61.626177 2.680973
-61.508381 2.721869
-61.696802 2.747050
-62.051124 2.727686
-62.334684 2.749608
-62.325979 2.762716
-62.196771 2.859871
-61.964100 2.964600
-61.935196 2.877462
-61.936823 3.090465
-62.043222 3.161590
-62.087731 3.322218
-62.022481 3.445902
-61.945340 3.411589
-61.829113 3.460034
-61.839861 3.447516
-61.930415 3.451316
-61.975764 3.548176
-62.072199 3.518338
-62.107736 3.582650
-62.125394 3.501684
-62.235433 3.413100
-62.348515 3.289075
-62.427818 3.011887
-62.520632 3.089207
-62.569287 3.372880
-62.767253 3.158873
-62.774674 3.087348
-62.745656 3.211332
-62.852351 2.802951
-63.411048 1.891934
-63.365867 1.956044
-62.976256 2.749464
-63.191418 1.579963
-63.271673 2.165000
-63.472673 3.513704
-64.395335 3.901472
-65.074548 3.700710
-65.643571 3.470803
-66.118126 3.398361
-66.307395 3.260890
-66.247678 2.999275
-65.984369 3.053045
-65.929533 3.076114
-66.236076 2.793290
-66.560173 2.402904
-66.660684 1.986050
-66.860026 1.576277
-66.693665 1.209651
-65.891668 1.550795
-64.913685 2.051144
-64.236293 2.593174
-63.799540 2.565974
-63.305124 2.956242
-63.132291 2.817949
-62.776920 3.051230
-62.270955 3.286405
-61.296238 3.677429
-60.788838 3.447389
-60.831747 3.649849
-61.393697 3.851420
-61.474199 4.134057
-61.347689 4.073169
-61.410633 3.945792
-61.977327 3.744562
-62.526064 3.696783
-62.566318 3.909687
-62.441361 3.826903
-61.910963 3.630357
-61.101669 3.407896
-61.094502 3.752182
-62.180698 4.453059
-63.481945 5.311843
-64.465627 6.223118
-65.282594 6.863864
-66.161296 6.886599
-66.875154 7.320585
-67.310512 6.900805
-67.960265 7.477896
-68.915298 7.348798
-69.314787 7.439336
-69.797813 7.823385
-70.005405 7.906625
-70.201264 8.171365
-70.201652 7.934857
-70.079952 7.273652
-70.178747 6.839344
-70.327664 6.739814
-70.216979 6.544270
-69.648204 6.992053
-69.872785 7.664289
-69.841401 7.944491
-69.881500 7.913067
-70.094186 7.763367
-70.168844 7.682009
-70.325195 7.816215
-70.186045 7.514629
-70.214704 7.565954
-70.443297 7.479190
-70.208845 7.055216
-70.261173 7.154754
-70.268079 7.417719
-70.212956 7.733831
-70.167319 7.629406
-70.082920 7.003124
-69.924220 6.568688
-69.690995 5.880290
-68.