-0.889560 -14.862630 -127.579164
-0.889560 -14.862630 -127.579164
-0.889560 -14.862630 -127.579164
-0.889560 -14.862630 -127.579164
-0.889560 -14.862630 -127.579164
-0.889560 -14.862630 -127.579164
-0.897152 -15.213741 -127.469731
-0.897152 -15.213741 -127.469731
-0.897152 -15.213741 -127.469731
-0.897152 -15.213741 -127.469731
-0.897152 -15.213741 -127.469731
-0.897152 -15.213741 -127.469731
-0.897152 -15.213741 -127.469731
-0.897152 -15.213741 -127.469731
-0.897152 -15.213741 -127.469731
-0.897152 -15.213741 -127.469731
-0.917192 -15.420621 -127.428545
-0.917192 -15.420621 -127.428545
-0.917192 -15.420621 -127.428545
-0.917192 -15.420621 -127.428545
-0.917192 -15.420621 -127.428545
-0.917192 -15.420621 -127.428545
-0.917192 -15.420621 -127.428545
-0.917192 -15.420621 -127.428545
-0.917192 -15.420621 -127.428545
-0.917192 -15.420621 -127.428545
-0.935858 -15.538257 -127.407234
-0.935858 -15.538257 -127.407234
-0.935858 -15.538257 -127.407234
-0.935858 -15.538257 -127.407234
-0.935858 -15.538257 -127.407234
-0.935858 -15.538257 -127.407234
-0.935858 -15.538257 -127.407234
-0.935858 -15.538257 -127.407234
-0.935858 -15.538257 -127.407234
-0.935858 -15.538257 -127.407234
-0.935858 -15.538257 -127.407234
-0.933601 -15.629850 -127.336241
-0.933601 -15.629850 -127.336241
-0.933601 -15.629850 -127.336241
-0.933601 -15.629850 -127.336241
-0.933601 -15.629850 -127.336241
-0.933601 -15.629850 -127.336241
-0.933601 -15.629850 -127.336241
-0.933601 -15.629850 -127.336241
-0.933601 -15.629850 -127.336241
-0.933601 -15.629850 -127.336241
-0.933601 -15.629850 -127.336241
-0.953069 -15.695513 -127.316994
-0.953069 -15.695513 -127.316994
-0.953069 -15.695513 -127.316994
-0.953069 -15.695513 -127.316994
-0.953069 -15.695513 -127.316994
-0.953069 -15.695513 -127.316994
-0.953069 -15.695513 -127.316994
-0.953069 -15.695513 -127.316994
-0.953069 -15.695513 -127.316994
-0.953069 -15.695513 -127.316994
-0.957814 -15.737044 -127.299973
-0.957814 -15.737044 -127.299973
-0.957814 -15.737044 -127.299973
-0.957814 -15.737044 -127.299973
-0.957814 -15.737044 -127.299973
-0.957814 -15.737044 -127.299973
-0.957814 -15.737044 -127.299973
-0.957814 -15.737044 -127.299973
-0.957814 -15.737044 -127.299973
-0.957814 -15.737044 -127.299973
-0.957814 -15.737044 -127.299973
-0.966937 -15.767003 -127.252244
-0.966937 -15.767003 -127.252244
-0.966937 -15.767003 -127.252244
-0.966937 -15.767003 -127.252244
-0.966937 -15.767003 -127.252244
-0.966937 -15.767003 -127.252244
-0.966937 -15.767003 -127.252244
-0.966937 -15.767003 -127.252244
-0.966937 -15.767003 -127.252244
-0.966937 -15.767003 -127.252244
-0.981217 -15.779535 -127.263500
-0.981217 -15.779535 -127.263500
-0.981217 -15.779535 -127.263500
-0.981217 -15.779535 -127.263500
-0.981217 -15.779535 -127.263500
-0.981217 -15.779535 -127.263500
-0.981217 -15.779535 -127.263500
-0.981217 -15.779535 -127.263500
-0.981217 -15.779535 -127.263500
-0.981217 -15.779535 -127.263500
-0.984414 -15.790745 -127.256984
-0.984414 -15.790745 -127.256984
-0.984414 -15.790745 -127.256984
-0.984414 -15.790745 -127.256984
-0.984414 -15.790745 -127.256984
-0.984414 -15.790745 -127.256984
-0.984414 -15.790745 -127.256984
-0.984414 -15.790745 -127.256984
-0.984414 -15.790745 -127.256984
-0.984233 -15.785885 -127.247353
-0.984233 -15.785885 -127.247353
-0.984233 -15.785885 -127.247353
-0.984233 -15.785885 -127.247353
-0.984233 -15.785885 -127.247353
-0.984233 -15.785885 -127.247353
-0.984233 -15.785885 -127.247353
-0.984233 -15.785885 -127.247353
-0.984233 -15.785885 -127.247353
-0.984233 -15.785885 -127.247353
-0.984233 -15.785885 -127.247353
-0.977109 -15.801672 -127.231002
-0.977109 -15.801672 -127.231002
-0.977109 -15.801672 -127.231002
-0.977109 -15.801672 -127.231002
-0.977109 -15.801672 -127.231002
-0.977109 -15.801672 -127.231002
-0.977109 -15.801672 -127.231002
-0.977109 -15.801672 -127.231002
-0.977109 -15.801672 -127.231002
-0.981428 -15.804556 -127.238734
-0.981428 -15.804556 -127.238734
-0.981428 -15.804556 -127.238734
-0.981428 -15.804556 -127.238734
-0.981428 -15.804556 -127.238734
-0.981428 -15.804556 -127.238734
-0.981428 -15.804556 -127.238734
-0.981428 -15.804556 -127.238734
-0.981428 -15.804556 -127.238734
-0.981428 -15.804556 -127.238734
-0.991149 -15.768955 -127.242272
-0.991149 -15.768955 -127.242272
-0.991149 -15.768955 -127.242272
-0.991149 -15.768955 -127.242272
-0.991149 -15.768955 -127.242272
-0.991149 -15.768955 -127.242272
-0.991149 -15.768955 -127.242272
-0.991149 -15.768955 -127.242272
-0.991149 -15.768955 -127.242272
-0.991149 -15.768955 -127.242272
-0.991896 -15.755438 -127.226494
-0.991896 -15.755438 -127.226494
-0.991896 -15.755438 -127.226494
-0.991896 -15.755438 -127.226494
-0.991896 -15.755438 -127.226494
-0.991896 -15.755438 -127.226494
-0.991896 -15.755438 -127.226494
-0.991896 -15.755438 -127.226494
-0.991896 -15.755438 -127.226494
-0.991896 -15.755438 -127.226494
-0.991896 -15.755438 -127.226494
-1.372379 -5.654609 -130.414703
-1.372379 -5.654609 -130.414703
-1.372379 -5.654609 -130.414703
-1.372379 -5.654609 -130.414703
-1.372379 -5.654609 -130.414703
-1.372379 -5.654609 -130.414703
-1.372379 -5.654609 -130.414703
-1.372379 -5.654609 -130.414703
-1.372379 -5.654609 -130.414703
-1.372379 -5.654609 -130.414703
-2.861426 -2.611397 -151.659337
-2.861426 -2.611397 -151.659337
-2.861426 -2.611397 -151.659337
-2.861426 -2.611397 -151.659337
-2.861426 -2.611397 -151.659337
-2.861426 -2.611397 -151.659337
-2.861426 -2.611397 -151.659337
-2.861426 -2.611397 -151.659337
-2.861426 -2.611397 -151.659337
-0.575454 1.475381 -162.005421
-0.575454 1.475381 -162.005421
-0.575454 1.475381 -162.005421
-0.575454 1.475381 -162.005421
-0.575454 1.475381 -162.005421
-0.575454 1.475381 -162.005421
-0.575454 1.475381 -162.005421
-0.575454 1.475381 -162.005421
-0.575454 1.475381 -162.005421
-0.575454 1.475381 -162.005421
-0.942650 6.689319 -172.138758
-0.942650 6.689319 -172.138758
-0.942650 6.689319 -172.138758
-0.942650 6.689319 -172.138758
-0.942650 6.689319 -172.138758
-0.942650 6.689319 -172.138758
-0.942650 6.689319 -172.138758
-0.942650 6.689319 -172.138758
-0.942650 6.689319 -172.138758
-0.942650 6.689319 -172.138758
0.165297 6.967161 176.062387
0.165297 6.967161 176.062387
0.165297 6.967161 176.062387
0.165297 6.967161 176.062387
0.165297 6.967161 176.062387
0.165297 6.967161 176.062387
0.165297 6.967161 176.062387
0.165297 6.967161 176.062387
0.165297 6.967161 176.062387
0.165297 6.967161 176.062387
-1.344703 8.127435 164.293480
-1.344703 8.127435 164.293480
-1.344703 8.127435 164.293480
-1.344703 8.127435 164.293480
-1.344703 8.127435 164.293480
-1.344703 8.127435 164.293480
-1.344703 8.127435 164.293480
-1.344703 8.127435 164.293480
-1.344703 8.127435 164.293480
-1.344703 8.127435 164.293480
-3.963671 4.499988 160.313228
-3.963671 4.499988 160.313228
-3.963671 4.499988 160.313228
-3.963671 4.499988 160.313228
-3.963671 4.499988 160.313228
-3.963671 4.499988 160.313228
-3.963671 4.499988 160.313228
-3.963671 4.499988 160.313228
-3.963671 4.499988 160.313228
-3.963671 4.499988 160.313228
-0.928925 6.686035 155.321084
-0.928925 6.686035 155.321084
-0.928925 6.686035 155.321084
-0.928925 6.686035 155.321084
-0.928925 6.686035 155.321084
-0.928925 6.686035 155.321084
-0.928925 6.686035 155.321084
-0.928925 6.686035 155.321084
-0.928925 6.686035 155.321084
-0.928925 6.686035 155.321084
-2.571578 6.391522 153.552761
-2.571578 6.391522 153.552761
-2.571578 6.391522 153.552761
-2.571578 6.391522 153.552761
-2.571578 6.391522 153.552761
-2.571578 6.391522 153.552761
-2.571578 6.391522 153.552761
-2.571578 6.391522 153.552761
-2.571578 6.391522 153.552761
-2.571578 6.391522 153.552761
-2.501134 6.160917 152.424797
-2.501134 6.160917 152.424797
-2.501134 6.160917 152.424797
-2.501134 6.160917 152.424797
-2.501134 6.160917 152.424797
-2.501134 6.160917 152.424797
-2.501134 6.160917 152.424797
-2.501134 6.160917 152.424797
-2.501134 6.160917 152.424797
-2.501134 6.160917 152.424797
-2.501134 6.160917 152.424797
-3.696051 6.458496 151.770273
-3.696051 6.458496 151.770273
-3.696051 6.458496 151.770273
-3.696051 6.458496 151.770273
-3.696051 6.458496 151.770273
-3.696051 6.458496 151.770273
-3.696051 6.458496 151.770273
-3.696051 6.458496 151.770273
-3.696051 6.458496 151.770273
-4.374843 7.017615 151.194980
-4.374843 7.017615 151.194980
-4.374843 7.017615 151.194980
-4.374843 7.017615 151.194980
-4.374843 7.017615 151.194980
-4.374843 7.017615 151.194980
-4.374843 7.017615 151.194980
-4.374843 7.017615 151.194980
-4.374843 7.017615 151.194980
-4.374843 7.017615 151.194980
-3.794533 7.501006 150.294392
-3.794533 7.501006 150.294392
-3.794533 7.501006 150.294392
-3.794533 7.501006 150.294392
-3.794533 7.501006 150.294392
-3.794533 7.501006 150.294392
-3.794533 7.501006 150.294392
-3.794533 7.501006 150.294392
-3.794533 7.501006 150.294392
-3.794533 7.501006 150.294392
-0.488692 6.786942 149.191822
-0.488692 6.786942 149.191822
-0.488692 6.786942 149.191822
-0.488692 6.786942 149.191822
-0.488692 6.786942 149.191822
-0.488692 6.786942 149.191822
-0.488692 6.786942 149.191822
-0.488692 6.786942 149.191822
-0.488692 6.786942 149.191822
0.007755 4.180912 148.676307
0.007755 4.180912 148.676307
0.007755 4.180912 148.676307
0.007755 4.180912 148.676307
0.007755 4.180912 148.676307
0.007755 4.180912 148.676307
0.007755 4.180912 148.676307
0.007755 4.180912 148.676307
0.007755 4.180912 148.676307
0.007755 4.180912 148.676307
0.459383 3.801060 148.049200
0.459383 3.801060 148.049200
0.459383 3.801060 148.049200
0.459383 3.801060 148.049200
0.459383 3.801060 148.049200
0.459383 3.801060 148.049200
0.459383 3.801060 148.049200
0.459383 3.801060 148.049200
0.459383 3.801060 148.049200
0.459383 3.801060 148.049200
-0.124035 3.898955 147.657707
-0.124035 3.898955 147.657707
-0.124035 3.898955 147.657707
-0.124035 3.898955 147.657707
-0.124035 3.898955 147.657707
-0.124035 3.898955 147.657707
-0.124035 3.898955 147.657707
-0.124035 3.898955 147.657707
-0.124035 3.898955 147.657707
-0.124035 3.898955 147.657707
-0.074857 3.965498 147.619308
-0.074857 3.965498 147.619308
-0.074857 3.965498 147.619308
-0.074857 3.965498 147.619308
-0.074857 3.965498 147.619308
-0.074857 3.965498 147.619308
-0.074857 3.965498 147.619308
-0.074857 3.965498 147.619308
-0.074857 3.965498 147.619308
-0.074857 3.965498 147.619308
-0.000754 4.217727 146.995985
-0.000754 4.217727 146.995985
-0.000754 4.217727 146.995985
-0.000754 4.217727 146.995985
-0.000754 4.217727 146.995985
-0.000754 4.217727 146.995985
-0.000754 4.217727 146.995985
-0.000754 4.217727 146.995985
-0.000754 4.217727 146.995985
0.585702 4.150809 146.689801
0.585702 4.150809 146.689801
0.585702 4.150809 146.689801
0.585702 4.150809 146.689801
0.585702 4.150809 146.689801
0.585702 4.150809 146.689801
0.585702 4.150809 146.689801
0.585702 4.150809 146.689801
0.585702 4.150809 146.689801
0.585702 4.150809 146.689801
2.021733 3.365181 146.154929
2.021733 3.365181 146.154929
2.021733 3.365181 146.154929
2.021733 3.365181 146.154929
2.021733 3.365181 146.154929
2.021733 3.365181 146.154929
2.021733 3.365181 146.154929
2.021733 3.365181 146.154929
2.021733 3.365181 146.154929
2.021733 3.365181 146.154929
2.044261 3.154067 146.250989
2.044261 3.154067 146.250989
2.044261 3.154067 146.250989
2.044261 3.154067 146.250989
2.044261 3.154067 146.250989
2.044261 3.154067 146.250989
2.044261 3.154067 146.250989
2.044261 3.154067 146.250989
2.044261 3.154067 146.250989
2.044261 3.154067 146.250989
1.467493 1.801606 146.176348
1.467493 1.801606 146.176348
1.467493 1.801606 146.176348
1.467493 1.801606 146.176348
1.467493 1.801606 146.176348
1.467493 1.801606 146.176348
1.467493 1.801606 146.176348
1.467493 1.801606 146.176348
1.467493 1.801606 146.176348
1.467493 1.801606 146.176348
1.467493 1.801606 146.176348
1.846443 1.752447 145.764023
1.846443 1.752447 145.764023
1.846443 1.752447 145.764023
1.846443 1.752447 145.764023
1.846443 1.752447 145.764023
1.846443 1.752447 145.764023
1.846443 1.752447 145.764023
1.846443 1.752447 145.764023
1.846443 1.752447 145.764023
1.846443 1.752447 145.764023
1.846443 1.752447 145.764023
1.940810 1.268476 145.631327
1.940810 1.268476 145.631327
1.940810 1.268476 145.631327
1.940810 1.268476 145.631327
1.940810 1.268476 145.631327
1.940810 1.268476 145.631327
1.940810 1.268476 145.631327
1.940810 1.268476 145.