-1.340481 -14.115344 -178.135418
-1.329513 -14.444899 -179.164536
-1.329513 -14.444899 -179.164536
-1.329513 -14.444899 -179.164536
-1.329513 -14.444899 -179.164536
-1.329513 -14.444899 -179.164536
-1.329513 -14.444899 -179.164536
-1.329513 -14.444899 -179.164536
-1.329513 -14.444899 -179.164536
-1.329513 -14.444899 -179.164536
-1.275676 -14.650517 -179.992232
-1.275676 -14.650517 -179.992232
-1.275676 -14.650517 -179.992232
-1.275676 -14.650517 -179.992232
-1.275676 -14.650517 -179.992232
-1.275676 -14.650517 -179.992232
-1.275676 -14.650517 -179.992232
-1.275676 -14.650517 -179.992232
-1.202508 -14.771797 179.364033
-1.202508 -14.771797 179.364033
-1.202508 -14.771797 179.364033
-1.202508 -14.771797 179.364033
-1.202508 -14.771797 179.364033
-1.202508 -14.771797 179.364033
-1.202508 -14.771797 179.364033
-1.202508 -14.771797 179.364033
-1.129366 -14.862259 178.856454
-1.129366 -14.862259 178.856454
-1.129366 -14.862259 178.856454
-1.129366 -14.862259 178.856454
-1.129366 -14.862259 178.856454
-1.129366 -14.862259 178.856454
-1.129366 -14.862259 178.856454
-1.045060 -14.936411 178.464797
-1.045060 -14.936411 178.464797
-1.045060 -14.936411 178.464797
-1.045060 -14.936411 178.464797
-1.045060 -14.936411 178.464797
-1.045060 -14.936411 178.464797
-1.045060 -14.936411 178.464797
-1.045060 -14.936411 178.464797
-0.977656 -14.972914 178.167875
-0.977656 -14.972914 178.167875
-0.977656 -14.972914 178.167875
-0.977656 -14.972914 178.167875
-0.977656 -14.972914 178.167875
-0.977656 -14.972914 178.167875
-0.977656 -14.972914 178.167875
-0.977656 -14.972914 178.167875
-0.891505 -14.942335 177.950607
-0.891505 -14.942335 177.950607
-0.891505 -14.942335 177.950607
-0.891505 -14.942335 177.950607
-0.891505 -14.942335 177.950607
-0.891505 -14.942335 177.950607
-0.891505 -14.942335 177.950607
-0.891505 -14.942335 177.950607
-0.839308 -14.941838 177.795630
-0.839308 -14.941838 177.795630
-0.839308 -14.941838 177.795630
-0.839308 -14.941838 177.795630
-0.839308 -14.941838 177.795630
-0.839308 -14.941838 177.795630
-0.839308 -14.941838 177.795630
-0.839308 -14.941838 177.795630
-0.506224 -11.513049 -177.117379
-0.506224 -11.513049 -177.117379
-0.506224 -11.513049 -177.117379
-0.506224 -11.513049 -177.117379
-0.506224 -11.513049 -177.117379
-0.506224 -11.513049 -177.117379
-0.506224 -11.513049 -177.117379
-0.506224 -11.513049 -177.117379
2.773587 -2.086649 174.146820
2.773587 -2.086649 174.146820
2.773587 -2.086649 174.146820
2.773587 -2.086649 174.146820
2.773587 -2.086649 174.146820
2.773587 -2.086649 174.146820
2.773587 -2.086649 174.146820
2.773587 -2.086649 174.146820
2.773587 -2.086649 174.146820
2.773587 -2.086649 174.146820
-2.924059 5.943395 166.783480
-2.924059 5.943395 166.783480
-2.924059 5.943395 166.783480
-2.924059 5.943395 166.783480
-2.924059 5.943395 166.783480
-2.924059 5.943395 166.783480
-2.924059 5.943395 166.783480
-2.924059 5.943395 166.783480
-2.924059 5.943395 166.783480
-2.924059 5.943395 166.783480
0.703342 8.084094 161.196945
0.703342 8.084094 161.196945
0.703342 8.084094 161.196945
0.703342 8.084094 161.196945
0.703342 8.084094 161.196945
0.703342 8.084094 161.196945
0.703342 8.084094 161.196945
0.703342 8.084094 161.196945
0.703342 8.084094 161.196945
0.703342 8.084094 161.196945
0.601706 13.848917 159.553738
0.601706 13.848917 159.553738
0.601706 13.848917 159.553738
0.601706 13.848917 159.553738
0.601706 13.848917 159.553738
0.601706 13.848917 159.553738
0.601706 13.848917 159.553738
0.601706 13.848917 159.553738
0.601706 13.848917 159.553738
0.601706 13.848917 159.553738
-0.034315 15.771195 159.588477
-0.034315 15.771195 159.588477
-0.034315 15.771195 159.588477
-0.034315 15.771195 159.588477
-0.034315 15.771195 159.588477
-0.034315 15.771195 159.588477
-0.034315 15.771195 159.588477
-0.034315 15.771195 159.588477
-0.034315 15.771195 159.588477
-0.034315 15.771195 159.588477
-1.572086 14.010934 158.645255
-1.572086 14.010934 158.645255
-1.572086 14.010934 158.645255
-1.572086 14.010934 158.645255
-1.572086 14.010934 158.645255
-1.572086 14.010934 158.645255
-1.572086 14.010934 158.645255
-1.572086 14.010934 158.645255
-1.572086 14.010934 158.645255
-1.572086 14.010934 158.645255
-3.202480 14.609102 158.315616
-3.202480 14.609102 158.315616
-3.202480 14.609102 158.315616
-3.202480 14.609102 158.315616
-3.202480 14.609102 158.315616
-3.202480 14.609102 158.315616
-3.202480 14.609102 158.315616
-3.202480 14.609102 158.315616
-3.202480 14.609102 158.315616
-3.202480 14.609102 158.315616
-5.085646 13.698687 159.058659
-5.085646 13.698687 159.058659
-5.085646 13.698687 159.058659
-5.085646 13.698687 159.058659
-5.085646 13.698687 159.058659
-5.085646 13.698687 159.058659
-5.085646 13.698687 159.058659
-5.085646 13.698687 159.058659
-5.085646 13.698687 159.058659
-5.085646 13.698687 159.058659
-9.386502 12.008203 160.990182
-9.386502 12.008203 160.990182
-9.386502 12.008203 160.990182
-9.386502 12.008203 160.990182
-9.386502 12.008203 160.990182
-9.386502 12.008203 160.990182
-9.386502 12.008203 160.990182
-9.386502 12.008203 160.990182
-9.386502 12.008203 160.990182
-9.386502 12.008203 160.990182
-12.528528 11.756612 161.750860
-12.528528 11.756612 161.750860
-12.528528 11.756612 161.750860
-12.528528 11.756612 161.750860
-12.528528 11.756612 161.750860
-12.528528 11.756612 161.750860
-12.528528 11.756612 161.750860
-12.528528 11.756612 161.750860
-12.528528 11.756612 161.750860
-12.528528 11.756612 161.750860
-5.839067 10.754228 156.256642
-5.839067 10.754228 156.256642
-5.839067 10.754228 156.256642
-5.839067 10.754228 156.256642
-5.839067 10.754228 156.256642
-5.839067 10.754228 156.256642
-5.839067 10.754228 156.256642
-5.839067 10.754228 156.256642
-5.839067 10.754228 156.256642
0.871483 8.466179 150.127640
0.871483 8.466179 150.127640
0.871483 8.466179 150.127640
0.871483 8.466179 150.127640
0.871483 8.466179 150.127640
0.871483 8.466179 150.127640
0.871483 8.466179 150.127640
0.871483 8.466179 150.127640
0.871483 8.466179 150.127640
0.871483 8.466179 150.127640
2.368438 6.565653 148.327626
2.368438 6.565653 148.327626
2.368438 6.565653 148.327626
2.368438 6.565653 148.327626
2.368438 6.565653 148.327626
2.368438 6.565653 148.327626
2.368438 6.565653 148.327626
2.368438 6.565653 148.327626
2.368438 6.565653 148.327626
-1.496876 8.426024 150.905626
-1.496876 8.426024 150.905626
-1.496876 8.426024 150.905626
-1.496876 8.426024 150.905626
-1.496876 8.426024 150.905626
-1.496876 8.426024 150.905626
-1.496876 8.426024 150.905626
-1.496876 8.426024 150.905626
-1.496876 8.426024 150.905626
-1.496876 8.426024 150.905626
-0.378707 12.272853 151.833056
-0.378707 12.272853 151.833056
-0.378707 12.272853 151.833056
-0.378707 12.272853 151.833056
-0.378707 12.272853 151.833056
-0.378707 12.272853 151.833056
-0.378707 12.272853 151.833056
-0.378707 12.272853 151.833056
-0.378707 12.272853 151.833056
-0.378707 12.272853 151.833056
0.884551 13.079659 151.238584
0.884551 13.079659 151.238584
0.884551 13.079659 151.238584
0.884551 13.079659 151.238584
0.884551 13.079659 151.238584
0.884551 13.079659 151.238584
0.884551 13.079659 151.238584
0.884551 13.079659 151.238584
0.884551 13.079659 151.238584
0.884551 13.079659 151.238584
0.989115 12.556757 151.012518
0.989115 12.556757 151.012518
0.989115 12.556757 151.012518
0.989115 12.556757 151.012518
0.989115 12.556757 151.012518
0.989115 12.556757 151.012518
0.989115 12.556757 151.012518
0.989115 12.556757 151.012518
0.989115 12.556757 151.012518
6.820913 10.578220 147.483701
6.820913 10.578220 147.483701
6.820913 10.578220 147.483701
6.820913 10.578220 147.483701
6.820913 10.578220 147.483701
6.820913 10.578220 147.483701
6.820913 10.578220 147.483701
6.820913 10.578220 147.483701
6.820913 10.578220 147.483701
6.820913 10.578220 147.483701
3.479343 9.614736 148.820506
3.479343 9.614736 148.820506
3.479343 9.614736 148.820506
3.479343 9.614736 148.820506
3.479343 9.614736 148.820506
3.479343 9.614736 148.820506
3.479343 9.614736 148.820506
3.479343 9.614736 148.820506
3.479343 9.614736 148.820506
-11.267060 15.200786 157.086715
-11.267060 15.200786 157.086715
-11.267060 15.200786 157.086715
-11.267060 15.200786 157.086715
-11.267060 15.200786 157.086715
-11.267060 15.200786 157.086715
-11.267