-1.881377 -20.249358 110.341679
-1.881377 -20.249358 110.341679
-1.881377 -20.249358 110.341679
-1.906360 -20.260236 110.388233
-1.906360 -20.260236 110.388233
-1.906360 -20.260236 110.388233
-1.906360 -20.260236 110.388233
-1.906360 -20.260236 110.388233
-1.906360 -20.260236 110.388233
-1.906360 -20.260236 110.388233
-1.906360 -20.260236 110.388233
-1.919787 -20.273038 110.432035
-1.919787 -20.273038 110.432035
-1.919787 -20.273038 110.432035
-1.919787 -20.273038 110.432035
-1.919787 -20.273038 110.432035
-1.919787 -20.273038 110.432035
-1.919787 -20.273038 110.432035
-1.919787 -20.273038 110.432035
-1.919787 -20.273038 110.432035
-1.942859 -20.269978 110.452936
-1.942859 -20.269978 110.452936
-1.942859 -20.269978 110.452936
-1.942859 -20.269978 110.452936
-1.942859 -20.269978 110.452936
-1.942859 -20.269978 110.452936
-1.942859 -20.269978 110.452936
-1.942859 -20.269978 110.452936
-1.946530 -20.265793 110.498855
-1.946530 -20.265793 110.498855
-1.946530 -20.265793 110.498855
-1.946530 -20.265793 110.498855
-1.946530 -20.265793 110.498855
-1.946530 -20.265793 110.498855
-1.946530 -20.265793 110.498855
-1.946697 -20.266075 110.528526
-1.946697 -20.266075 110.528526
-1.946697 -20.266075 110.528526
-1.946697 -20.266075 110.528526
-1.946697 -20.266075 110.528526
-1.946697 -20.266075 110.528526
-1.946697 -20.266075 110.528526
-1.946697 -20.266075 110.528526
-1.941140 -20.256934 110.562123
-1.941140 -20.256934 110.562123
-1.941140 -20.256934 110.562123
-1.941140 -20.256934 110.562123
-1.941140 -20.256934 110.562123
-1.941140 -20.256934 110.562123
-1.941140 -20.256934 110.562123
-1.956306 -20.252788 110.571487
-1.956306 -20.252788 110.571487
-1.956306 -20.252788 110.571487
-1.956306 -20.252788 110.571487
-1.956306 -20.252788 110.571487
-1.956306 -20.252788 110.571487
-1.956306 -20.252788 110.571487
-1.956306 -20.252788 110.571487
-1.956306 -20.252788 110.571487
-1.964784 -20.262555 110.578208
-1.964784 -20.262555 110.578208
-1.964784 -20.262555 110.578208
-1.964784 -20.262555 110.578208
-1.964784 -20.262555 110.578208
-1.964784 -20.262555 110.578208
-1.964784 -20.262555 110.578208
-1.958635 -20.258698 110.604231
-1.958635 -20.258698 110.604231
-1.958635 -20.258698 110.604231
-1.958635 -20.258698 110.604231
-1.958635 -20.258698 110.604231
-1.958635 -20.258698 110.604231
-1.958635 -20.258698 110.604231
-1.958635 -20.258698 110.604231
-1.958635 -20.258698 110.604231
-1.963710 -20.268281 110.598835
-1.963710 -20.268281 110.598835
-1.963710 -20.268281 110.598835
-1.963710 -20.268281 110.598835
-1.963710 -20.268281 110.598835
-1.963710 -20.268281 110.598835
-1.963710 -20.268281 110.598835
-1.963710 -20.268281 110.598835
-1.963710 -20.268281 110.598835
-1.968725 -20.263771 110.611902
-1.968725 -20.263771 110.611902
-1.968725 -20.263771 110.611902
-1.968725 -20.263771 110.611902
-1.968725 -20.263771 110.611902
-1.968725 -20.263771 110.611902
-1.968725 -20.263771 110.611902
-1.968725 -20.263771 110.611902
-1.975976 -20.257375 110.609374
-1.975976 -20.257375 110.609374
-1.975976 -20.257375 110.609374
-1.975976 -20.257375 110.609374
-1.975976 -20.257375 110.609374
-1.975976 -20.257375 110.609374
-1.975976 -20.257375 110.609374
-1.975976 -20.257375 110.609374
-1.966185 -20.252370 110.648539
-1.966185 -20.252370 110.648539
-1.966185 -20.252370 110.648539
-1.966185 -20.252370 110.648539
-1.966185 -20.252370 110.648539
-1.966185 -20.252370 110.648539
-1.966185 -20.252370 110.648539
-1.966185 -20.252370 110.648539
-1.966185 -20.252370 110.648539
-1.984418 -20.246636 110.610952
-1.984418 -20.246636 110.610952
-1.984418 -20.246636 110.610952
-1.984418 -20.246636 110.610952
-1.984418 -20.246636 110.610952
-1.984418 -20.246636 110.610952
-1.984418 -20.246636 110.610952
-1.984418 -20.246636 110.610952
-1.532634 -19.025951 114.053231
-1.532634 -19.025951 114.053231
-1.532634 -19.025951 114.053231
-1.532634 -19.025951 114.053231
-1.532634 -19.025951 114.053231
-1.532634 -19.025951 114.053231
-1.532634 -19.025951 114.053231
-1.532634 -19.025951 114.053231
-19.721611 -13.335581 125.496735
-19.721611 -13.335581 125.496735
-19.721611 -13.335581 125.496735
-19.721611 -13.335581 125.496735
-19.721611 -13.335581 125.496735
-19.721611 -13.335581 125.496735
-19.721611 -13.335581 125.496735
-36.357425 -5.147235 138.879548
-36.357425 -5.147235 138.879548
-36.357425 -5.147235 138.879548
-36.357425 -5.147235 138.879548
-36.357425 -5.147235 138.879548
-36.357425 -5.147235 138.879548
-36.357425 -5.147235 138.879548
-36.357425 -5.147235 138.879548
-36.357425 -5.147235 138.879548
-34.488262 -3.488578 142.381741
-34.488262 -3.488578 142.381741
-34.488262 -3.488578 142.381741
-34.488262 -3.488578 142.381741
-34.488262 -3.488578 142.381741
-34.488262 -3.488578 142.381741
-34.488262 -3.488578 142.381741
-34.488262 -3.488578 142.381741
-34.488262 -3.488578 142.381741
-36.695639 -3.343666 144.179993
-36.695639 -3.343666 144.179993
-36.695639 -3.343666 144.179993
-36.695639 -3.343666 144.179993
-36.695639 -3.343666 144.179993
-36.695639 -3.343666 144.179993
-36.695639 -3.343666 144.179993
-36.695639 -3.343666 144.179993
-38.135695 -3.658419 145.232129
-38.135695 -3.658419 145.232129
-38.135695 -3.658419 145.232129
-38.135695 -3.658419 145.232129
-38.135695 -3.658419 145.232129
-38.135695 -3.658419 145.232129
-38.135695 -3.658419 145.232129
-38.135695 -3.658419 145.232129
-38.135695 -3.658419 145.232129
-44.267385 -5.353063 149.256682
-44.267385 -5.353063 149.256682
-44.267385 -5.353063 149.256682
-44.267385 -5.353063 149.256682
-44.267385 -5.353063 149.256682
-44.267385 -5.353063 149.256682
-44.267385 -5.353063 149.256682
-43.860289 -3.370150 151.096257
-43.860289 -3.370150 151.096257
-43.860289 -3.370150 151.096257
-43.860289 -3.370150 151.096257
-43.860289 -3.370150 151.096257
-43.860289 -3.370150 151.096257
-43.860289 -3.370150 151.096257
-43.860289 -3.370150 151.096257
-43.860289 -3.370150 151.096257
-41.828830 -3.244655 152.068561
-41.828830 -3.244655 152.068561
-41.828830 -3.244655 152.068561
-41.828830 -3.244655 152.068561
-41.828830 -3.244655 152.068561
-41.828830 -3.244655 152.068561
-41.828830 -3.244655 152.068561
-41.828830 -3.244655 152.068561
-41.821050 -5.512988 153.992188
-41.821050 -5.512988 153.992188
-41.821050 -5.512988 153.992188
-41.821050 -5.512988 153.992188
-41.821050 -5.512988 153.992188
-41.821050 -5.512988 153.992188
-41.821050 -5.512988 153.992188
-41.821050 -5.512988 153.992188
-41.525293 -7.538171 156.064782
-41.525293 -7.538171 156.064782
-41.525293 -7.538171 156.064782
-41.525293 -7.538171 156.064782
-41.525293 -7.538171 156.064782
-41.525293 -7.538171 156.064782
-41.525293 -7.538171 156.064782
-41.525293 -7.538171 156.064782
-41.525293 -7.538171 156.064782
-40.782465 -6.086144 153.903929
-40.782465 -6.086144 153.903929
-40.782465 -6.086144 153.903929
-40.782465 -6.086144 153.903929
-40.782465 -6.086144 153.903929
-40.782465 -6.086144 153.903929
-40.782465 -6.086144 153.903929
-40.782465 -6.086144 153.903929
-40.782465 -6.086144 153.903929
-40.123157 -4.888872 151.140612
-40.123157 -4.888872 151.140612
-40.123157 -4.888872 151.140612
-40.123157 -4.888872 151.140612
-40.123157 -4.888872 151.140612
-40.123157 -4.888872 151.140612
-40.123157 -4.888872 151.140612
-40.123157 -4.888872 151.140612
-40.123157 -4.888872 151.140612
-40.738308 -3.529791 149.034701
-40.738308 -3.529791 149.034701
-40.738308 -3.529791 149.034701
-40.738308 -3.529791 149.034701
-40.738308 -3.529791 149.034701
-40.738308 -3.529791 149.034701
-40.738308 -3.529791 149.034701
-40.738308 -3.529791 149.034701
-41.169003 -5.116610 149.711040
-41.169003 -5.116610 149.711040
-41.169003 -5.116610 149.711040
-41.169003 -5.116610 149.711040
-41.169003 -5.116610 149.711040
-41.169003 -5.116610 149.711040
-41.169003 -5.116610 149.711040
-41.169003 -5.116610 149.711040
-41.169003 -5.116610 149.711040
-41.579063 -4.850578 149.700098
-41.579063 -4.850578 149.700098
-41.579063 -4.850578 149.700098
-41.579063 -4.850578 149.700098
-41.579063 -4.850578 149.700098
-41.579063 -4.850578 149.700098
-41.579063 -4.850578 149.700098
-41.579063 -4.850578 149.700098
-41.579063 -4.850578 149.700098
-41.398941 -3.977777 148.898479
-41.398941 -3.977777 148.898479
-41.398941 -3.977777 148.898479
-41.398941 -3.977777 148.898479
-41.398941 -3.977777 148.898479
-41.398941 -3.977777 148.898479
-41.398941 -3.977777 148.898479
-41.398941 -3.977777 148.898479
-41.953648 -3.420674 148.287437
-41.953648 -3.420674 148.287437
-41.953648 -3.420674 148.287437
-41.953648 -3.420674 148.287437
-41.953648 -3.420674 148.287437
-41.953648 -3.420674 148.287437
-41.953648 -3.420674 148.287437
-41.953648 -3.420674 148.287437
-41.953648 -3.420674 148.287437
-42.709866 -3.934249 149.056994
-42.709866 -3.934249 149.056994
-42.709866 -3.934249 149.056994
-42.709866 -3.934249 149.056994
-42.709866 -3.934249 149.056994
-42.709866 -3.934249 149.056994
-42.709866 -3.934249 149.056994
-42.709866 -3.934249 149.056994
-42.709866 -3.934249 149.056994
-42.678550 -4.681535 149.566936
-42.678550 -4.681535 149.566936
-42.678550 -4.681535 149.566936
-42.678550 -4.681535 149.566936
-42.678550 -4.681535 149.566936
-42.678550 -4.681535 149.566936
-42.678550 -4.681535 149.566936
-42.678550 -4.681535 149.566936
-42.900234 -5.200410 150.300963
-42.900234 -5.200410 150.300963
-42.900234 -5.200410 150.300963
-42.900234 -5.200410 150.300963
-42.900234 -5.200410 150.300963
-42.900234 -5.200410 150.300963
-42.900234 -5.200410 150.300963
-42.900234 -5.200410 150.300963
-42.971305 -5.155458 149.804586
-42.971305 -5.155458 149.804586
-42.971305 -5.155458 149.804586
-42.971305 -5.155458 149.804586
-42.971305 -5.155458 149.804586
-42.971305 -5.155458 149.804586
-42.971305 -5.155458 149.804586
-42.971305 -5.155458 149.804586
-42.971305 -5.155458 149.804586
-42.971305 -5.155458 149.804586
-43.224439 -4.460481 149.446452
-43.224439 -4.460481 149.446452
-43.224439 -4.460481 149.446452
-43.224439 -4.460481 149.446452
-43.224439 -4.460481 149.446452
-43.224439 -4.460481 149.446452
-43.224439 -4.460481 149.446452
-43.224439 -4.460481 149.446452
-43.663634 -3.972428 148.990714
-43.663634 -3.972428 148.990714
-43.663634 -3.972428 148.990714
-43.663634 -3.972428 148.990714
-43.663634 -3.972428 148.990714
-43.663634 -3.972428 148.990714
-43.663634 -3.972428 148.990714
-43.663634 -3.972428 148.990714
-43.663634 -3.972428 148.990714
-43.236614 -3.746913 148.443575
-43.236614 -3.746913 148.443575
-43.236614 -3.746913 148.443575
-43.236614 -3.746913 148.443575
-43.236614 -3.746913 148.443575
-43.236614 -3.746913 148.443575
-43.236614 -3.746913 148.443575
-43.236614 -3.746913 148.443575
-43.642310 -2.536636 147.366400
-43.642310 -2.536636 147.366400
-43.642310 -2.536636 147.366400
-43.642310 -2.536636 147.366400
-43.642310 -2.536636 147.366400
-43.642310 -2.536636 147.366400
-43.642310 -2.536636 147.366400
-43.642310 -2.536636 147.366400
-44.662576 -1.841220 147.119652
-44.662576 -1.841220 147.119652
-44.662576 -1.841220 147.119652
-44.662576 -1.841220 147.119652
-44.662576 -1.841220 147.119652
-44.662576 -1.841220 147.119652
-44.662576 -1.841220 147.119652
-44.662576 -1.841220 147.119652
-44.662576 -1.841220 147.119652
-44.980641 -2.466926 147.927021
-44.980641 -2.466926 147.927021
-44.980641 -2.466926 147.927021
-44.980641 -2.466926 147.927021
-44.980641 -2.466926 147.927021
-44.980641 -2.466926 147.927021
-44.980641 -2.466926 147.927021
-44.980641 -2.466926 147.927021
-44.951090 -3.317995 148.682809
-44.951090 -3.317995 148.682809
-44.951090 -3.317995 148.682809
-44.951090 -3.317995 148.682809
-44.951090 -3.317995 148.682809
-44.951090 -3.317995 148.682809
-44.951090 -3.317995 148.682809
-44.951090 -3.317995 148.682809
-45.110077 -3.616452 149.367208
-45.110077 -3.616452 149.367208
-45.110077 -3.616452 149.367208
-45.110077 -3.616452 149.367208
-45.110077 -3.616452 149.367208
-45.110077 -3.616452 149.367208
-45.110077 -3.616452 149.367208
-45.110077 -3.616452 149.367208
-45.110077 -3.616452 149.367208
-45.623628 -4.012577 149.795392
-45.623628 -4.012577 149.795392
-45.623628 -4.012577 149.795392
-45.623628 -4.012577 149.795392
-45.623628 -4.012577 149.795392
-45.623628 -4.012577 149.795392
-45.623628 -4.012577 149.795392
-45.623628 -4.012577 149.795392
-45.623628 -4.012577 149.795392
-45.682658 -3.573685 149.658966
-45.682658 -3.573685 149.658966
-45.682658 -3.573685 149.658966
-45.682658 -3.573685 149.658966
-45.682658 -3.573685 149.658966
-45.682658 -3.573685 149.658966
-45.682658 -3.573685 149.658966
-45.168458 -4.052700 150.092205
-45.168458 -4.052700 150.092205
-45.168458 -4.052700 150.092205
-45.168458 -4.052700 150.092205
-45.168458 -4.052700 150.092205
-45.168458 -4.052700 150.092205
-45.168458 -4.052700 150.092205
-45.168458 -4.052700 150.092205
-45.168458 -4.052700 150.092205
-45.105992 -4.267820 150.081195
-45.105992 -4.267820 150.081195
-45.105992 -4.267820 150.081195
-45.105992 -4.267820 150.081195
-45.105992 -4.267820 150.081195
-45.105992 -4.267820 150.081195
-45.105992 -4.267820 150.081195
-45.105992 -4.267820 150.081195
-45.057129 -4.453462 150.189262
-45.057129 -4.453462 150.189262
-45.057129 -4.453462 150.189262
-45.057129 -4.453462 150.189262
-45.057129 -4.453462 150.189262
-45.057129 -4.453462 150.189262
-45.057129 -4.453462 150.189262
-45.057129 -4.453462 150.189262
-45.057129 -4.453462 150.189262
-45.210549 -4.483326 150.587517
-45.210549 -4.483326 150.587517
-45.210549 -4.483326 150.587517
-45.210549 -4.483326 150.587517
-45.210549 -4.483326 150.587517
-45.210549 -4.483326 150.587517
-45.210549 -4.483326 150.587517
-45.210549 -4.483326 150.587517
-44.956025 -4.331407 150.405970
-44.956025 -4.331407 150.405970
-44.956025 -4.331407 150.405970
-44.956025 -4.331407 150.405970
-44.956025 -4.331407 150.405970
-44.956025 -4.331407 150.405970
-44.956025 -4.331407 150.405970
-44.956025 -4.331407 150.405970
-44.956025 -4.331407 150.405970
-44.956025 -4.331407 150.405970
-45.235889 -4.182582 150.397706
-45.235889 -4.182582 150.397706
-45.235889 -4.182582 150.397706
-45.235889 -4.182582 150.397706
-45.235889 -4.182582 150.397706
-45.235889 -4.182582 150.397706
-45.235889 -4.182582 150.397706
-45.235889 -4.182582 150.397706
-45.516575 -4.543497 150.421448
-45.516575 -4.543497 150.421448
-45.516575 -4.543497 150.421448
-45.516575 -4.543497 150.421448
-45.516575 -4.543497 150.421448
-45.516575 -4.543497 150.421448
-45.516575 -4.543497 150.421448
-45.516575 -4.543497 150.421448
-45.516575 -4.543497 150.421448
-45.423029 -4.156210 150.262618
-45.423029 -4.156210 150.262618
-45.423029 -4.156210 150.262618
-45.423029 -4.156210 150.262618
-45.423029 -4.156210 150.262618
-45.423029 -4.156210 150.262618
-45.423029 -4.156210 150.262618
-45.423029 -4.156210 150.262618
-45.423029 -4.156210 150.262618
-45.427199 -3.653705 149.861071
-45.427199 -3.653705 149.861071
-45.427199 -3.653705 149.861071
-45.427199 -3.653705 149.861071
-45.427199 -3.653705 149.861071
-45.427199 -3.653705 149.861071
-45.427199 -3.653705 149.861071
-45.427199 -3.653705 149.861071
-45.427199 -3.653705 149.861071
-45.465626 -3.457070 149.762853
-45.465626 -3.457070 149.762853
-45.465626 -3.457070 149.762853
-45.465626 -3.457070 149.762853
-45.465626 -3.457070 149.762853
-45.465626 -3.457070 149.762853
-45.465626 -3.457070 149.762853
-45.465626 -3.457070 149.762853
-45.518464 -3.984049 150.030733
-45.518464 -3.984049 150.030733
-45.518464 -3.984049 150.030733
-45.518464 -3.984049 150.030733
-45.518464 -3.984049 150.030733
-45.518464 -3.984049 150.030733
-45.518464 -3.984049 150.030733
-45.518464 -3.984049 150.030733
-45.518464 -3.984049 150.030733
-45.044025 -3.811106 149.917325
-45.044025 -3.811106 149.917325
-45.044025 -3.811106 149.917325
-45.044025 -3.811106 149.917325
-45.044025 -3.811106 149.917325
-45.044025 -3.811106 149.917325
-45.044025 -3.811106 149.917325
-45.044025 -3.811106 149.917325
-45.034214 -3.845810 150.027605
-45.034214 -3.845810 150.027605
-45.034214 -3.845810 150.027605
-45.034214 -3.845810 150.027605
-45.034214 -3.845810 150.027605
-45.034214 -3.845810 150.027605
-45.034214 -3.845810 150.027605
-45.034214 -3.845810 150.027605
-45.135263 -4.029730 149.999806
-45.135263 -4.029730 149.999806
-45.135263 -4.029730 149.999806
-45.135263 -4.029730 149.999806
-45.135263 -4.029730 149.999806
-45.135263 -4.029730 149.999806
-45.135263 -4.029730 149.999806
-45.135263 -4.029730 149.999806
-45.135263 -4.029730 149.999806
-44.914067 -4.210227 150.197144
-44.914067 -4.210227 150.197144
-44.914067 -4.210227 150.197144
-44.914067 -4.210227 150.197144
-44.914067 -4.210227 150.197144
-44.914067 -4.210227 150.197144
-44.914067 -4.210227 150.197144
-45.223352 -3.606497 149.887545
-45.223352 -3.606497 149.887545
-45.223352 -3.606497 149.887545
-45.223352 -3.606497 149.887545
-45.223352 -3.606497 149.887545
-45.223352 -3.606497 149.887545
-45.223352 -3.606497 149.887545
-45.223352 -3.606497 149.887545
-45.223352 -3.606497 149.887545
-45.306001 -3.725434 150.338010
-45.306001 -3.725434 150.338010
-45.306001 -3.725434 150.338010
-45.306001 -3.725434 150.338010
-45.306001 -3.725434 150.338010
-45.306001 -3.725434 150.338010
-45.306001 -3.725434 150.338010
-45.306001 -3.725434 150.338010
-45.342487 -3.799637 150.107737
-45.342487 -3.799637 150.107737
-45.342487 -3.799637 150.107737
-45.342487 -3.799637 150.107737
-45.342487 -3.799637 150.107737
-45.342487 -3.799637 150.107737
-45.342487 -3.799637 150.107737
-45.342487 -3.799637 150.107737
-45.191076 -3.309100 149.698021
-45.191076 -3.309100 149.698021
-45.191076 -3.309100 149.698021
-45.191076 -3.309100 149.698021
-45.191076 -3.309100 149.698021
-45.191076 -3.309100 149.698021
-45.191076 -3.309100 149.698021
-45.191076 -3.309100 149.698021
-45.191076 -3.309100 149.698021
-45.415349 -3.904683 150.134361
-45.415349 -3.904683 150.134361
-45.415349 -3.904683 150.134361
-45.415349 -3.904683 150.134361
-45.415349 -3.904683 150.134361
-45.415349 -3.904683 150.134361
-45.415349 -3.904683 150.134361
-45.415349 -3.904683 150.134361
-45.829251 -4.132239 150.466308
-45.829251 -4.132239 150.466308
-45.829251 -4.132239 150.466308
-45.829251 -4.132239 150.466308
-45.829251 -4.132239 150.466308
-45.829251 -4.132239 150.466308
-45.829251 -4.132239 150.466308
-45.829251 -4.132239 150.466308
-45.829251 -4.132239 150.466308
-45.813678 -4.182763 150.846668
-45.813678 -4.182763 150.846668
-45.813678 -4.182763 150.846668
-45.813678 -4.182763 150.846668
-45.813678 -4.182763 150.846668
-45.813678 -4.182763 150.846668
-45.813678 -4.182763 150.846668
-45.813678 -4.182763 150.846668
-45.763524 -4.420335 151.094713
-45.763524 -4.420335 151.094713
-45.763524 -4.420335 151.094713
-45.763524 -4.420335 151.094713
-45.763524 -4.420335 151.094713
-45.763524 -4.420335 151.094713
-45.763524 -4.420335 151.094713
-45.763524 -4.420335 151.094713
-45.545730 -3.967769 150.740445
-45.545730 -3.967769 150.740445
-45.545730 -3.967769 150.740445
-45.545730 -3.967769 150.740445
-45.545730 -3.967769 150.740445
-45.545730 -3.967769 150.740445
-45.545730 -3.967769 150.740445
-45.545730 -3.967769 150.740445
-45.584314 -3.512682 150.541591
-45.584314 -3.512682 150.541591
-45.584314 -3.512682 150.541591
-45.584314 -3.512682 150.541591
-45.584314 -3.512682 150.541591
-45.584314 -3.512682 150.541591
-45.584314 -3.512682 150.541591
-45.584314 -3.512682 150.541591
-45.825454 -3.126595 150.385179
-45.825454 -3.126595 150.385179
-45.825454 -3.126595 150.385179
-45.825454 -3.126595 150.385179
-45.825454 -3.126595 150.385179
-45.825454 -3.126595 150.385179
-45.825454 -3.126595 150.385179
-45.825454 -3.126595 150.385179
-45.825454 -3.126595 150.385179
-45.814235 -2.777476 150.102054
-45.814235 -2.777476 150.102054
-45.814235 -2.777476 150.102054
-45.814235 -2.777476 150.102054
-45.814235 -2.777476 150.102054
-45.814235 -2.777476 150.102054
-45.814235 -2.777476 150.102054
-45.814235 -2.777476 150.102054
-45.814235 -2.777476 150.102054
-45.222010 -2.692406 149.897599
-45.222010 -2.692406 149.897599
-45.222010 -2.692406 149.897599
-45.222010 -2.692406 149.897599
-45.222010 -2.692406 149.897599
-45.222010 -2.692406 149.897599
-45.222010 -2.692406 149.897599
-45.256608 -2.497496 149.358848
-45.256608 -2.497496 149.358848
-45.256608 -2.497496 149.358848
-45.256608 -2.497496 149.358848
-45.256608 -2.497496 149.358848
-45.256608 -2.497496 149.358848
-45.256608 -2.497496 149.358848
-45.256608 -2.497496 149.358848
-45.619312 -2.568064 149.194746
-45.619312 -2.568064 149.194746
-45.619312 -2.568064 149.194746
-45.619312 -2.568064 149.194746
-45.619312 -2.568064 149.194746
-45.619312 -2.568064 149.194746
-45.619312 -2.568064 149.194746
-45.619312 -2.568064 149.194746
-46.226495 -2.233005 148.866377
-46.226495 -2.233005 148.866377
-46.226495 -2.233005 148.866377
-46.226495 -2.233005 148.866377
-46.226495 -2.233005 148.866377
-46.226495 -2.233005 148.866377
-46.226495 -2.233005 148.866377
-46.226495 -2.233005 148.866377
-46.226495 -2.233005 148.866377
-46.323914 -1.515822 148.358088
-46.323914 -1.515822 148.358088
-46.323914 -1.515822 148.358088
-46.323914 -1.515822 148.358088
-46.323914 -1.515822 148.358088
-46.323914 -1.515822 148.358088
-46.323914 -1.515822 148.358088
-46.323914 -1.515822 148.358088
-45.919942 -1.357153 148.123212
-45.919942 -1.357153 148.123212
-45.919942 -1.357153 148.123212
-45.919942 -1.357153 148.123212
-45.919942 -1.357153 148.123212
-45.919942 -1.357153 148.123212
-45.919942 -1.357153 148.123212
-45.919942 -1.357153 148.123212
-45.620271 -2.247135 148.612786
-45.620271 -2.247135 148.612786
-45.620271 -2.247135 148.612786
-45.620271 -2.247135 148.612786
-45.620271 -2.247135 148.612786
-45.620271 -2.247135 148.612786
-45.620271 -2.247135 148.612786
-45.620271 -2.247135 148.612786
-45.257909 -3.189792 148.983720
-45.257909 -3.189792 148.983720
-45.257909 -3.189792 148.983720
-45.257909 -3.189792 148.983720
-45.257909 -3.189792 148.983720
-45.257909 -3.189792 148.983720
-45.257909 -3.189792 148.983720
-45.257909 -3.189792 148.983720
-45.257909 -3.189792 148.983720
-45.654747 -2.709219 148.723681
-45.654747 -2.709219 148.723681
-45.654747 -2.709219 148.723681
-45.654747 -2.709219 148.723681
-45.654747 -2.709219 148.723681
-45.654747 -2.709219 148.723681
-45.654747 -2.709219 148.723681
-45.654747 -2.709219 148.723681
-45.948216 -2.217068 148.563786
-45.948216 -2.217068 148.563786
-45.948216 -2.217068 148.563786
-45.948216 -2.217068 148.563786
-45.948216 -2.217068 148.563786
-45.948216 -2.217068 148.563786
-45.948216 -2.217068 148.563786
-45.948216 -2.217068 148.563786
-45.948216 -2.217068 148.563786
-45.557901 -2.556992 148.869601
-45.557901 -2.556992 148.869601
-45.557901 -2.556992 148.869601
-45.557901 -2.556992 148.869601
-45.557901 -2.556992 148.869601
-45.557901 -2.556992 148.869601
-45.557901 -2.556992 148.869601
-45.557901 -2.556992 148.869601
-45.020939 -2.413525 148.468942
-45.020939 -2.413525 148.468942
-45.020939 -2.413525 148.468942
-45.020939 -2.413525 148.468942
-45.020939 -2.413525 148.468942
-45.020939 -2.413525 148.468942
-45.020939 -2.413525 148.468942
-45.020939 -2.413525 148.468942
-45.308944 -2.736741 148.480608
-45.308944 -2.736741 148.480608
-45.308944 -2.736741 148.480608
-45.308944 -2.736741 148.480608
-45.308944 -2.736741 148.480608
-45.308944 -2.736741 148.480608
-45.308944 -2.736741 148.480608
-45.308944 -2.736741 148.480608
-45.308944 -2.736741 148.480608
-45.143661 -2.377166 148.360725
-45.143661 -2.377166 148.360725
-45.143661 -2.377166 148.360725
-45.143661 -2.377166 148.360725
-45.143661 -2.377166 148.360725
-45.143661 -2.377166 148.360725
-45.143661 -2.377166 148.360725
-45.143661 -2.377166 148.360725
-45.417708 -2.031725 148.121436
-45.417708 -2.031725 148.121436
-45.417708 -2.031725 148.121436
-45.417708 -2.031725 148.121436
-45.417708 -2.031725 148.121436
-45.417708 -2.031725 148.121436
-45.417708 -2.031725 148.121436
-45.568061 -3.043947 149.170389
-45.568061 -3.043947 149.170389
-45.568061 -3.043947 149.170389
-45.568061 -3.043947 149.170389
-45.568061 -3.043947 149.170389
-45.568061 -3.043947 149.170389
-45.568061 -3.043947 149.170389
-45.568061 -3.043947 149.170389
-45.707022 -3.599532 149.525805
-45.707022 -3.599532 149.525805
-45.707022 -3.599532 149.525805
-45.707022 -3.599532 149.525805
-45.707022 -3.599532 149.525805
-45.707022 -3.599532 149.525805
-45.707022 -3.599532 149.525805
-46.090967 -3.652416 149.255548
-46.090967 -3.652416 149.255548
-46.090967 -3.652416 149.255548
-46.090967 -3.652416 149.255548
-46.090967 -3.652416 149.255548
-46.090967 -3.652416 149.255548
-46.090967 -3.652416 149.255548
-46.090967 -3.652416 149.255548
-46.152852 -4.332771 149.972089
-46.152852 -4.332771 149.972089
-46.152852 -4.332771 149.972089
-46.152852 -4.332771 149.972089
-46.152852 -4.332771 149.972089
-46.152852 -4.332771 149.972089
-46.152852 -4.332771 149.972089
-46.152852 -4.332771 149.972089
-46.152852 -4.332771 149.972089
-45.865321 -4.089603 149.915945
-45.865321 -4.089603 149.915945
-45.865321 -4.089603 149.915945
-45.865321 -4.089603 149.915945
-45.865321 -4.089603 149.915945
-45.865321 -4.089603 149.915945
-45.865321 -4.089603 149.915945
-45.865321 -4.089603 149.915945
-45.381597 -3.772451 149.747991
-45.381597 -3.772451 149.747991
-45.381597 -3.772451 149.747991
-45.381597 -3.772451 149.747991
-45.381597 -3.772451 149.747991
-45.381597 -3.772451 149.747991
-45.381597 -3.772451 149.747991
-45.381597 -3.772451 149.747991
-45.040422 -3.578787 149.558439
-45.040422 -3.578787 149.558439
-45.040422 -3.578787 149.558439
-45.040422 -3.578787 149.558439
-45.040422 -3.578787 149.558439
-45.040422 -3.578787 149.558439
-45.040422 -3.578787 149.558439
-45.040422 -3.578787 149.558439
-45.040422 -3.578787 149.558439
-45.040422 -3.578787 149.558439
-45.040422 -3.578787 149.558439
-45.040422 -3.578787 149.558439
-45.040422 -3.578787 149.558439
-45.040422 -3.578787 149.558439
-45.040422 -3.578787 149.558439
-45.040422 -3.578787 149.558439
-45.040422 -3.578787 149.558439
-12.288001 -36.391337 136.994252
-12.288001 -36.391337 136.994252
-12.288001 -36.391337 136.994252
-12.288001 -36.391337 136.994252
-12.288001 -36.391337 136.994252
-12.288001 -36.391337 136.994252
-12.288001 -36.391337 136.994252
-12.288001 -36.391337 136.994252
-12.288001 -36.391337 136.994252
-2.560734 -47.367966 138.366396
-2.560734 -47.367966 138.366396
-2.560734 -47.367966 138.366396
-2.560734 -47.367966 138.366396
-2.560734 -47.367966 138.366396
-2.560734 -47.367966 138.366396
-2.560734 -47.367966 138.366396
-2.560734 -47.367966 138.366396
-0.863516 -46.117847 140.987768
-0.863516 -46.117847 140.987768
-0.863516 -46.117847 140.987768
-0.863516 -46.117847 140.987768
-0.863516 -46.117847 140.987768
-0.863516 -46.117847 140.987768
-0.863516 -46.117847 140.987768
-0.863516 -46.117847 140.987768
-0.863516 -46.117847 140.987768
0.226495 -31.405982 144.508553
0.226495 -31.405982 144.508553
0.226495 -31.405982 144.508553
0.226495 -31.405982 144.508553
0.226495 -31.405982 144.508553
0.226495 -31.405982 144.508553
0.226495 -31.405982 144.508553
0.226495 -31.405982 144.508553
-1.765414 -32.955147 145.908974
-1.765414 -32.955147 145.908974
-1.765414 -32.955147 145.908974
-1.765414 -32.955147 145.908974
-1.765414 -32.955147 145.908974
-1.765414 -32.955147 145.908974
-1.765414 -32.955147 145.908974
-1.765414 -32.955147 145.908974
-1.312148 -35.468879 146.585791
-1.312148 -35.468879 146.585791
-1.312148 -35.468879 146.585791
-1.312148 -35.468879 146.585791
-1.312148 -35.468879 146.585791
-1.312148 -35.468879 146.585791
-1.312148 -35.468879 146.585791
-1.312148 -35.468879 146.585791
-1.385020 -37.568947 146.868110
-1.385020 -37.568947 146.868110
-1.385020 -37.568947 146.868110
-1.385020 -37.568947 146.868110
-1.385020 -37.568947 146.868110
-1.385020 -37.568947 146.868110
-1.385020 -37.568947 146.868110
-1.443068 -38.841558 147.081007
-1.443068 -38.841558 147.081007
-1.443068 -38.841558 147.081007
-1.443068 -38.841558 147.081007
-1.443068 -38.841558 147.081007
-1.443068 -38.841558 147.081007
-1.443068 -38.841558 147.081007
-1.443068 -38.841558 147.081007
-1.668288 -38.429356 147.427366
-1.668288 -38.429356 147.427366
-1.668288 -38.429356 147.427366
-1.668288 -38.429356 147.427366
-1.668288 -38.429356 147.427366
-1.668288 -38.429356 147.427366
-1.668288 -38.429356 147.427366
-1.668288 -38.429356 147.427366
-1.668288 -38.429356 147.427366
-2.033253 -38.927724 147.861001
-2.033253 -38.927724 147.861001
-2.033253 -38.927724 147.861001
-2.033253 -38.927724 147.861001
-2.033253 -38.927724 147.861001
-2.033253 -38.927724 147.861001
-2.033253 -38.927724 147.861001
-2.033253 -38.927724 147.861001
-2.033253 -38.927724 147.861001
-1.992189 -38.909617 147.854362
-1.992189 -38.909617 147.854362
-1.992189 -38.909617 147.854362
-1.992189 -38.909617 147.854362
-1.992189 -38.909617 147.854362
-1.992189 -38.909617 147.854362
-1.992189 -38.909617 147.854362
-1.992189 -38.909617 147.854362
-1.731110 -39.113608 148.430120
-1.731110 -39.113608 148.430120
-1.731110 -39.113608 148.430120
-1.731110 -39.113608 148.430120
-1.731110 -39.113608 148.430120
-1.731110 -39.113608 148.430120
-1.731110 -39.113608 148.430120
-1.731110 -39.113608 148.430120
-1.518816 -38.767577 148.575261
-1.518816 -38.767577 148.575261
-1.518816 -38.767577 148.575261
-1.518816 -38.767577 148.575261
-1.518816 -38.767577 148.575261
-1.518816 -38.767577 148.575261
-1.518816 -38.767577 148.575261
-1.518816 -38.767577 148.575261
-3.166253 -34.861067 149.827945
-3.166253 -34.861067 149.827945
-3.166253 -34.861067 149.827945
-3.166253 -34.861067 149.827945
-3.166253 -34.861067 149.827945
-3.166253 -34.861067 149.827945
-3.166253 -34.861067 149.827945
-7.171615 -21.184166 146.287899
-7.171615 -21.184166 146.287899
-7.171615 -21.184166 146.287899
-7.171615 -21.184166 146.287899
-7.171615 -21.184166 146.287899
-7.171615 -21.184166 146.287899
-7.171615 -21.184166 146.287899
-7.171615 -21.184166 146.287899
-10.660847 -4.431273 136.578334
-10.660847 -4.431273 136.578334
-10.660847 -4.431273 136.578334
-10.660847 -4.431273 136.578334
-10.660847 -4.431273 136.578334
-10.660847 -4.431273 136.578334
-10.660847 -4.431273 136.578334
-10.660847 -4.431273 136.578334
-6.631289 5.162425 126.008002
-6.631289 5.162425 126.008002
-6.631289 5.162425 126.008002
-6.631289 5.162425 126.008002
-6.631289 5.162425 126.008002
-6.631289 5.162425 126.008002
-6.631289 5.162425 126.008002
-0.630804 -10.290255 120.826620
-0.630804 -10.290255 120.826620
-0.630804 -10.290255 120.826620
-0.630804 -10.290255 120.826620
-0.630804 -10.290255 120.826620
-0.630804 -10.290255 120.826620
-0.630804 -10.290255 120.826620
-1.191452 -8.506037 113.212660
-1.191452 -8.506037 113.212660
-1.191452 -8.506037 113.212660
-1.191452 -8.506037 113.212660
-1.191452 -8.506037 113.212660
-1.191452 -8.506037 113.212660
-1.191452 -8.506037 113.212660
-1.191452 -8.506037 113.212660
-2.060193 -6.166824 108.180908
-2.060193 -6.166824 108.180908
-2.060193 -6.166824 108.180908
-2.060193 -6.166824 108.180908
-2.060193 -6.166824 108.180908
-2.060193 -6.166824 108.180908
-2.060193 -6.166824 108.180908
-2.060193 -6.166824 108.180908
-2.994311 -6.105177 100.958665
-2.994311 -6.105177 100.958665
-2.994311 -6.105177 100.958665
-2.994311 -6.105177 100.958665
-2.994311 -6.105177 100.958665
-2.994311 -6.105177 100.958665
-2.994311 -6.105177 100.958665
-2.994311 -6.105177 100.958665
-3.380458 -6.086500 95.543678
-3.380458 -6.086500 95.543678
-3.380458 -6.086500 95.543678
-3.380458 -6.086500 95.543678
-3.380458 -6.086500 95.543678
-3.380458 -6.086500 95.543678
-3.380458 -6.086500 95.543678
-3.380458 -6.086500 95.543678
-3.380458 -6.086500 95.543678
-3.477362 -6.128172 91.526741
-3.477362 -6.128172 91.526741
-3.477362 -6.128172 91.526741
-3.477362 -6.128172 91.526741
-3.477362 -6.128172 91.526741
-3.477362 -6.128172 91.526741
-3.477362 -6.128172 91.526741
-3.441815 -6.201720 88.552344
-3.441815 -6.201720 88.552344
-3.441815 -6.201720 88.552344
-3.441815 -6.201720 88.552344
-3.441815 -6.201720 88.552344
-3.441815 -6.201720 88.552344
-3.441815 -6.201720 88.552344
-3.340491 -6.298739 86.493206
-3.340491 -6.298739 86.493206
-3.340491 -6.298739 86.493206
-3.340491 -6.298739 86.493206
-3.340491 -6.298739 86.493206
-3.340491 -6.298739 86.493206
-3.340491 -6.298739 86.493206
-3.340491 -6.298739 86.493206
-3.227578 -6.402917 84.957820
-3.227578 -6.402917 84.957820
-3.227578 -6.402917 84.957820
-3.227578 -6.402917 84.957820
-3.227578 -6.402917 84.957820
-3.227578 -6.402917 84.957820
-3.227578 -6.402917 84.957820
-3.117621 -6.498492 83.856357
-3.117621 -6.498492 83.856357
-3.117621 -6.498492 83.856357
-3.117621 -6.498492 83.856357
-3.117621 -6.498492 83.856357
-3.117621 -6.498492 83.856357
-3.117621 -6.498492 83.856357
-3.117621 -6.498492 83.856357
-3.117621 -6.498492 83.856357
-3.011552 -6.567386 83.142943
-3.011552 -6.567386 83.142943
-3.011552 -6.567386 83.142943
-3.011552 -6.567386 83.142943
-3.011552 -6.567386 83.142943
-3.011552 -6.567386 83.142943
-3.011552 -6.567386 83.142943
-3.011552 -6.567386 83.142943
-2.923233 -6.620936 82.605312
-2.923233 -6.620936 82.605312
-2.923233 -6.620