-0.998633 -14.275283 -79.256976
-0.998633 -14.275283 -79.256976
-0.998633 -14.275283 -79.256976
-0.998633 -14.275283 -79.256976
-0.998633 -14.275283 -79.256976
-0.998633 -14.275283 -79.256976
-1.008830 -14.610094 -79.324239
-1.008830 -14.610094 -79.324239
-1.008830 -14.610094 -79.324239
-1.008830 -14.610094 -79.324239
-1.008830 -14.610094 -79.324239
-1.008830 -14.610094 -79.324239
-1.008830 -14.610094 -79.324239
-1.008830 -14.610094 -79.324239
-1.008830 -14.610094 -79.324239
-1.008830 -14.610094 -79.324239
-1.008830 -14.610094 -79.324239
-1.009898 -14.812686 -79.373574
-1.009898 -14.812686 -79.373574
-1.009898 -14.812686 -79.373574
-1.009898 -14.812686 -79.373574
-1.009898 -14.812686 -79.373574
-1.009898 -14.812686 -79.373574
-1.009898 -14.812686 -79.373574
-1.009898 -14.812686 -79.373574
-1.009898 -14.812686 -79.373574
-1.009898 -14.812686 -79.373574
-1.009898 -14.812686 -79.373574
-1.007788 -14.920519 -79.409542
-1.007788 -14.920519 -79.409542
-1.007788 -14.920519 -79.409542
-1.007788 -14.920519 -79.409542
-1.007788 -14.920519 -79.409542
-1.007788 -14.920519 -79.409542
-1.007788 -14.920519 -79.409542
-1.007788 -14.920519 -79.409542
-1.007788 -14.920519 -79.409542
-1.007788 -14.920519 -79.409542
-1.027870 -15.005027 -79.469613
-1.027870 -15.005027 -79.469613
-1.027870 -15.005027 -79.469613
-1.027870 -15.005027 -79.469613
-1.027870 -15.005027 -79.469613
-1.027870 -15.005027 -79.469613
-1.027870 -15.005027 -79.469613
-1.027870 -15.005027 -79.469613
-1.027870 -15.005027 -79.469613
-1.489151 -19.069106 -79.849699
-1.489151 -19.069106 -79.849699
-1.489151 -19.069106 -79.849699
-1.489151 -19.069106 -79.849699
-1.489151 -19.069106 -79.849699
-1.489151 -19.069106 -79.849699
-1.489151 -19.069106 -79.849699
-1.489151 -19.069106 -79.849699
-1.489151 -19.069106 -79.849699
-1.489151 -19.069106 -79.849699
-1.489151 -19.069106 -79.849699
-1.391766 -36.926479 -78.787612
-1.391766 -36.926479 -78.787612
-1.391766 -36.926479 -78.787612
-1.391766 -36.926479 -78.787612
-1.391766 -36.926479 -78.787612
-1.391766 -36.926479 -78.787612
-1.391766 -36.926479 -78.787612
-1.391766 -36.926479 -78.787612
-1.391766 -36.926479 -78.787612
-1.076448 -38.051691 -78.000719
-1.076448 -38.051691 -78.000719
-1.076448 -38.051691 -78.000719
-1.076448 -38.051691 -78.000719
-1.076448 -38.051691 -78.000719
-1.076448 -38.051691 -78.000719
-1.076448 -38.051691 -78.000719
-1.076448 -38.051691 -78.000719
-1.076448 -38.051691 -78.000719
-1.076448 -38.051691 -78.000719
-1.076448 -38.051691 -78.000719
-0.812016 -32.727179 -78.045519
-0.812016 -32.727179 -78.045519
-0.812016 -32.727179 -78.045519
-0.812016 -32.727179 -78.045519
-0.812016 -32.727179 -78.045519
-0.812016 -32.727179 -78.045519
-0.812016 -32.727179 -78.045519
-0.812016 -32.727179 -78.045519
-0.812016 -32.727179 -78.045519
-1.055679 -23.065605 -77.721208
-1.055679 -23.065605 -77.721208
-1.055679 -23.065605 -77.721208
-1.055679 -23.065605 -77.721208
-1.055679 -23.065605 -77.721208
-1.055679 -23.065605 -77.721208
-1.055679 -23.065605 -77.721208
-1.055679 -23.065605 -77.721208
-1.055679 -23.065605 -77.721208
-1.055679 -23.065605 -77.721208
-1.254714 -17.051185 -77.886915
-1.254714 -17.051185 -77.886915
-1.254714 -17.051185 -77.886915
-1.254714 -17.051185 -77.886915
-1.254714 -17.051185 -77.886915
-1.254714 -17.051185 -77.886915
-1.254714 -17.051185 -77.886915
-1.254714 -17.051185 -77.886915
-1.000380 -15.389746 -78.275279
-1.000380 -15.389746 -78.275279
-1.000380 -15.389746 -78.275279
-1.000380 -15.389746 -78.275279
-1.000380 -15.389746 -78.275279
-1.000380 -15.389746 -78.275279
-1.000380 -15.389746 -78.275279
-1.000380 -15.389746 -78.275279
-1.000380 -15.389746 -78.275279
-1.068726 -15.314017 -78.501891
-1.068726 -15.314017 -78.501891
-1.068726 -15.314017 -78.501891
-1.068726 -15.314017 -78.501891
-1.068726 -15.314017 -78.501891
-1.068726 -15.314017 -78.501891
-1.068726 -15.314017 -78.501891
-1.068726 -15.314017 -78.501891
-1.068726 -15.314017 -78.501891
-1.068726 -15.314017 -78.501891
-1.131499 -15.268623 -78.781383
-1.131499 -15.268623 -78.781383
-1.131499 -15.268623 -78.781383
-1.131499 -15.268623 -78.781383
-1.131499 -15.268623 -78.781383
-1.131499 -15.268623 -78.781383
-1.131499 -15.268623 -78.781383
-1.131499 -15.268623 -78.781383
-1.131499 -15.268623 -78.781383
-1.131499 -15.268623 -78.781383
-1.131499 -15.268623 -78.781383
-1.118131 -15.252299 -78.870216
-1.118131 -15.252299 -78.870216
-1.118131 -15.252299 -78.870216
-1.118131 -15.252299 -78.870216
-1.118131 -15.252299 -78.870216
-1.118131 -15.252299 -78.870216
-1.118131 -15.252299 -78.870216
-1.118131 -15.252299 -78.870216
-1.118131 -15.252299 -78.870216
-1.118131 -15.252299 -78.870216
-1.118131 -15.252299 -78.870216
-1.118306 -15.239602 -79.010973
-1.118306 -15.239602 -79.010973
-1.118306 -15.239602 -79.010973
-1.118306 -15.239602 -79.010973
-1.118306 -15.239602 -79.010973
-1.118306 -15.239602 -79.010973
-1.118306 -15.239602 -79.010973
-1.118306 -15.239602 -79.010973
-1.118306 -15.239602 -79.010973
-1.118306 -15.239602 -79.010973
-1.138688 -15.237913 -79.166838
-1.138688 -15.237913 -79.166838
-1.138688 -15.237913 -79.166838
-1.138688 -15.237913 -79.166838
-1.138688 -15.237913 -79.166838
-1.138688 -15.237913 -79.166838
-1.138688 -15.237913 -79.166838
-1.138688 -15.237913 -79.166838
-1.138688 -15.237913 -79.166838
-1.127179 -15.228031 -79.274270
-1.127179 -15.228031 -79.274270
-1.127179 -15.228031 -79.274270
-1.127179 -15.228031 -79.274270
-1.127179 -15.228031 -79.274270
-1.127179 -15.228031 -79.274270
-1.127179 -15.228031 -79.274270
-1.127179 -15.228031 -79.274270
-1.127179 -15.228031 -79.274270
-1.127179 -15.228031 -79.274270
-1.127179 -15.228031 -79.274270
-1.130063 -15.215363 -79.369428
-1.130063 -15.215363 -79.369428
-1.130063 -15.215363 -79.369428
-1.130063 -15.215363 -79.369428
-1.130063 -15.215363 -79.369428
-1.130063 -15.215363 -79.369428
-1.130063 -15.215363 -79.369428
-1.130063 -15.215363 -79.369428
-1.130063 -15.215363 -79.369428
-1.108014 -15.214489 -79.399870
-1.108014 -15.214489 -79.399870
-1.108014 -15.214489 -79.399870
-1.108014 -15.214489 -79.399870
-1.108014 -15.214489 -79.399870
-1.108014 -15.214489 -79.399870
-1.108014 -15.214489 -79.399870
-1.108014 -15.214489 -79.399870
-1.108014 -15.214489 -79.399870
-1.108014 -15.214489 -79.399870
-1.104070 -15.213473 -79.447476
-1.104070 -15.213473 -79.447476
-1.104070 -15.213473 -79.447476
-1.104070 -15.213473 -79.447476
-1.104070 -15.213473 -79.447476
-1.104070 -15.213473 -79.447476
-1.104070 -15.213473 -79.447476
-1.104070 -15.213473 -79.447476
-1.083078 -15.205109 -79.460980
-1.083078 -15.205109 -79.460980
-1.083078 -15.205109 -79.460980
-1.083078 -15.205109 -79.460980
-1.083078 -15.205109 -79.460980
-1.083078 -15.205109 -79.460980
-1.083078 -15.205109 -79.460980
-1.083078 -15.205109 -79.460980
-1.083078 -15.205109 -79.460980
-1.083078 -15.205109 -79.460980
-1.083078 -15.205109 -79.460980
-1.066166 -15.205683 -79.449826
-1.066166 -15.205683 -79.449826
-1.066166 -15.205683 -79.449826
-1.066166 -15.205683 -79.449826
-1.066166 -15.205683 -79.449826
-1.066166 -15.205683 -79.449826
-1.066166 -15.205683 -79.449826
-1.066166 -15.205683 -79.449826
-1.066166 -15.205683 -79.449826
-1.069367 -15.202586 -79.433270
-1.069367 -15.202586 -79.433270
-1.069367 -15.202586 -79.433270
-1.069367 -15.202586 -79.433270
-1.069367 -15.202586 -79.433270
-1.069367 -15.202586 -79.433270
-1.069367 -15.202586 -79.433270
-1.069367 -15.202586 -79.433270
-1.069367 -15.202586 -79.433270
-1.069367 -15.202586 -79.433270
-1.077355 -15.207625 -79.439444
-1.077355 -15.207625 -79.439444
-1.077355 -15.207625 -79.439444
-1.077355 -15.207625 -79.439444
-1.077355 -15.207625 -79.439444
-1.077355 -15.207625 -79.439444
-1.077355 -15.207625 -79.439444
-1.077355 -15.207625 -79.439444
-1.077355 -15.207625 -79.439444
-1.077355 -15.207625 -79.439444
-1.078730 -15.208991 -79.406290
-1.078730 -15.208991 -79.406290
-1.078730 -15.208991 -79.406290
-1.078730 -15.208991 -79.406290
-1.078730 -15.208991 -79.406290
-1.078730 -15.208991 -79.406290
-1.078730 -15.208991 -79.406290
-1.078730 -15.208991 -79.406290
-1.078730 -15.208991 -79.406290
-1.084290 -15.213167 -79.449136
-1.084290 -15.213167 -79.449136
-1.084290 -15.213167 -79.449136
-1.084290 -15.213167 -79.449136
-1.084290 -15.213167 -79.449136
-1.084290 -15.213167 -79.449136
-1.084290 -15.213167 -79.449136
-1.084290 -15.213167 -79.449136
-1.084290 -15.213167 -79.449136
-1.084290 -15.213167 -79.449136
-1.063009 -15.193447 -79.399761
-1.063009 -15.193447 -79.399761
-1.063009 -15.193447 -79.399761
-1.063009 -15.193447 -79.399761
-1.063009 -15.193447 -79.399761
-1.063009 -15.193447 -79.399761
-1.063009 -15.193447 -79.399761
-1.063009 -15.193447 -79.399761
-1.063009 -15.193447 -79.399761
-1.063009 -15.193447 -79.399761
-1.254254 -15.392856 -79.113207
-1.254254 -15.392856 -79.113207
-1.254254 -15.392856 -79.113207
-1.254254 -15.392856 -79.113207
-1.254254 -15.392856 -79.113207
-1.254254 -15.392856 -79.113207
-1.254254 -15.392856 -79.113207
-1.254254 -15.392856 -79.113207
-1.254254 -15.392856 -79.113207
-1.507369 -21.711034 -78.233533
-1.507369 -21.711034 -78.233533
-1.507369 -21.711034 -78.233533
-1.507369 -21.711034 -78.233533
-1.507369 -21.711034 -78.233533
-1.507369 -21.711034 -78.233533
-1.507369 -21.711034 -78.233533
-1.507369 -21.711034 -78.233533
-1.507369 -21.711034 -78.233533
-1.507369 -21.711034 -78.233533
-1.434774 -23.729996 -77.833448
-1.434774 -23.729996 -77.833448
-1.434774 -23.729996 -77.833448
-1.434774 -23.729996 -77.833448
-1.434774 -23.729996 -77.833448
-1.434774 -23.729996 -77.833448
-1.434774 -23.729996 -77.833448
-1.434774 -23.729996 -77.833448
-1.434774 -23.729996 -77.833448
-1.434774 -23.729996 -77.833448
-1.434774 -23.729996 -77.833448
-1.371053 -24.175914 -77.587261
-1.371053 -24.175914 -77.587261
-1.371053 -24.175914 -77.587261
-1.371053 -24.175914 -77.587261
-1.371053 -24.175914 -77.587261
-1.371053 -24.175914 -77.587261
-1.371053 -24.175914 -77.587261
-1.371053 -24.175914 -77.587261
-1.371053 -24.175914 -77.587261
-1.349097 -24.516167 -77.405824
-1.349097 -24.516167 -77.405824
-1.349097 -24.516167 -77.405824
-1.349097 -24.516167 -77.405824
-1.349097 -24.516167 -77.405824
-1.349097 -24.516167 -77.405824
-1.349097 -24.516167 -77.405824
-1.349097 -24.516167 -77.405824
-1.349097 -24.516167 -77.405824
-1.349097 -24.516167 -77.405824
-1.349097 -24.516167 -77.405824
-1.332969 -24.331347 -77.216901
-1.332969 -24.331347 -77.216901
-1.332969 -24.331347 -77.216901
-1.332969 -24.331347 -77.216901
-1.332969 -24.331347 -77.216901
-1.332969 -24.331347 -77.216901
-1.332969 -24.331347 -77.216901
-1.332969 -24.331347 -77.216901
-1.332969 -24.331347 -77.216901
-1.332969 -24.331347 -77.216901
-1.332969 -24.331347 -77.216901
-1.412874 -24.951345 -76.981266
-1.412874 -24.951345 -76.981266
-1.412874 -24.951345 -76.981266
-1.412874 -24.951345 -76.981266
-1.412874 -24.951345 -76.981266
-1.412874 -24.951345 -76.981266
-1.412874 -24.951345 -76.981266
-1.412874 -24.951345 -76.981266
-1.412874 -24.951345 -76.981266
-1.421489 -25.596120 -76.603433
-1.421489 -25.596120 -76.603433
-1.421489 -25.596120 -76.603433
-1.421489 -25.596120 -76.603433
-1.421489 -25.596120 -76.603433
-1.421489 -25.596120 -76.603433
-1.421489 -25.596120 -76.603433
-1.421489 -25.596120 -76.603433
-1.421489 -25.596120 -76.603433
-1.421489 -25.596120 -76.603433
-1.442007 -25.661024 -76.256071
-1.442007 -25.661024 -76.256071
-1.442007 -25.661024 -76.256071
-1.442007 -25.661024 -76.256071
-1.442007 -25.661024 -76.256071
-1.442007 -25.661024 -76.256071
-1.442007 -25.661024 -76.256071
-1.442007 -25.661024 -76.256071
-1.442007 -25.661024 -76.256071
-1.442007 -25.661024 -76.256071
-1.442007 -25.661024 -76.256071
-1.440067 -26.548114 -76.273180
-1.440067 -26.548114 -76.273180
-1.440067 -26.548114 -76.273180
-1.440067 -26.548114 -76.273180
-1.440067 -26.548114 -76.273180
-1.440067 -26.548114 -76.273180
-1.440067 -26.548114 -76.273180
-1.440067 -26.548114 -76.273180
-1.440067 -26.548114 -76.273180
-1.440067 -26.548114 -76.273180
-1.440067 -26.548114 -76.273180
-1.473789 -27.431317 -76.296335
-1.473789 -27.431317 -76.296335
-1.473789 -27.431317 -76.296335
-1.473789 -27.431317 -76.296335
-1.473789 -27.431317 -76.296335
-1.473789 -27.431317 -76.296335
-1.473789 -27.431317 -76.296335
-1.473789 -27.431317 -76.296335
-1.473789 -27.431317 -76.296335
-1.473789 -27.431317 -76.296335
-1.747779 -26.939933 -76.257191
-1.747779 -26.939933 -76.257191
-1.747779 -26.939933 -76.257191
-1.747779 -26.939933 -76.257191
-1.747779 -26.939933 -76.257191
-1.747779 -26.939933 -76.257191
-1.747779 -26.939933 -76.257191
-1.747779 -26.939933 -76.257191
-1.747779 -26.939933 -76.257191
-1.747779 -26.939933 -76.257191
-1.747779 -26.939933 -76.257191
-1.843309 -18.633668 -76.657030
-1.843309 -18.633668 -76.657030
-1.843309 -18.633668 -76.657030
-1.843309 -18.633668 -76.657030
-1.843309 -18.633668 -76.657030
-1.843309 -18.633668 -76.657030
-1.843309 -18.633668 -76.657030
-1.843309 -18.633668 -76.657030
-1.843309 -18.633668 -76.657030
-1.843309 -18.633668 -76.657030
-1.281158 -15.463635 -76.186567
-1.281158 -15.463635 -76.186567
-1.281158 -15.463635 -76.186567
-1.281158 -15.463635 -76.186567
-1.281158 -15.463635 -76.186567
-1.281158 -15.463635 -76.186567
-1.281158 -15.463635 -76.186567
-1.281158 -15.463635 -76.186567
-1.281158 -15.463635 -76.186567
-1.281158 -15.463635 -76.186567
-1.281158 -15.463635 -76.186567
-1.281158 -15.463635 -76.186567
-1.227304 -15.265722 -76.528199
-1.227304 -15.265722 -76.528199
-1.227304 -15.265722 -76.528199
-1.227304 -15.265722 -76.528199
-1.227304 -15.265722 -76.528199
-1.227304 -15.265722 -76.528199
-1.227304 -15.265722 -76.528199
-1.227304 -15.265722 -76.528199
-1.231621 -15.231313 -76.802486
-1.231621 -15.231313 -76.802486
-1.231621 -15.231313 -76.802486
-1.231621 -15.231313 -76.802486
-1.231621 -15.231313 -76.802486
-1.231621 -15.231313 -76.802486
-1.231621 -15.231313 -76.802486
-1.231621 -15.231313 -76.802486
-1.231621 -15.231313 -76.802486
-1.231621 -15.231313 -76.802486
-1.231621 -15.231313 -76.802486
-1.210143 -15.205958 -77.027308
-1.210143 -15.205958 -77.027308
-1.210143 -15.205958 -77.027308
-1.210143 -15.205958 -77.027308
-1.210143 -15.205958 -77.027308
-1.210143 -15.205958 -77.027308
-1.210143 -15.205958 -77.027308
-1.210143 -15.205958 -77.027308
-1.210143 -15.205958 -77.027308
-1.210143 -15.205958 -77.027308
-1.187842 -15.185575 -77.188869
-1.187842 -15.185575 -77.188869
-1.187842 -15.185575 -77.188869
-1.187842 -15.185575 -77.188869
-1.187842 -15.185575 -77.188869
-1.187842 -15.185575 -77.188869
-1.187842 -15.185575 -77.188869
-1.187842 -15.185575 -77.188869
-1.187842 -15.185575 -77.188869
-1.187842 -15.185575 -77.188869
-1.187842 -15.185575 -77.188869
-1.168622 -15.182978 -77.330015
-1.168622 -15.182978 -77.330015
-1.168622 -15.182978 -77.330015
-1.168622 -15.182978 -77.330015
-1.168622 -15.182978 -77.330015
-1.168622 -15.182978 -77.330015
-1.168622 -15.182978 -77.330015
-1.168622 -15.182978 -77.330015
-1.168622 -15.182978 -77.330015
-1.108070 -15.177592 -77.305693
-1.108070 -15.177592 -77.305693
-1.108070 -15.177592 -77.305693
-1.108070 -15.177592 -77.305693
-1.108070 -15.177592 -77.305693
-1.108070 -15.177592 -77.305693
-1.108070 -15.177592 -77.305693
-1.108070 -15.177592 -77.305693
-1.108070 -15.177592 -77.305693
-1.108070 -15.177592 -77.305693
-1.108070 -15.177592 -77.305693
-1.092452 -15.177461 -77.349393
-1.092452 -15.177461 -77.349393
-1.092452 -15.177461 -77.349393
-1.092452 -15.177461 -77.349393
-1.092452 -15.177461 -77.349393
-1.092452 -15.177461 -77.349393
-1.092452 -15.177461 -77.349393
-1.092452 -15.177461 -77.349393
-1.092452 -15.177461 -77.349393
-1.092452 -15.177461 -77.349393
-1.089169 -15.168535 -77.405701
-1.089169 -15.168535 -77.405701
-1.089169 -15.168535 -77.405701
-1.089169 -15.168535 -77.405701
-1.089169 -15.168535 -77.405701
-1.089169 -15.168535 -77.405701
-1.089169 -15.168535 -77.405701
-1.089169 -15.168535 -77.405701
-1.089169 -15.168535 -77.405701
-1.089169 -15.168535 -77.405701
-1.089169 -15.168535 -77.405701
-1.101619 -15.180041 -77.485409
-1.101619 -15.180041 -77.485409
-1.101619 -15.180041 -77.485409
-1.101619 -15.180041 -77.485409
-1.101619 -15.180041 -77.485409
-1.101619 -15.180041 -77.485409
-1.101619 -15.180041 -77.485409
-1.101619 -15.180041 -77.485409
-1.101619 -15.180041 -77.485409
-1.101619 -15.180041 -77.485409
-1.289474 -15.373240 -77.268120
-1.289474 -15.373240 -77.268120
-1.289474 -15.373240 -77.268120
-1.289474 -15.373240 -77.268120
-1.289474 -15.373240 -77.268120
-1.289474 -15.373240 -77.268120
-1.289474 -15.373240 -77.268120
-1.289474 -15.373240 -77.268120
-1.289474 -15.373240 -77.268120
-1.289474 -15.373240 -77.268120
-1.622746 -20.516749 -76.672336
-1.622746 -20.516749 -76.672336
-1.622746 -20.516749 -76.672336
-1.622746 -20.516749 -76.672336
-1.622746 -20.516749 -76.672336
-1.622746 -20.516749 -76.672336
-1.622746 -20.516749 -76.672336
-1.622746 -20.516749 -76.672336
-1.622746 -20.516749 -76.672336
-1.581419 -21.271634 -76.446503
-1.581419 -21.271634 -76.446503
-1.581419 -21.271634 -76.446503
-1.581419 -21.271634 -76.446503
-1.581419 -21.271634 -76.446503
-1.581419 -21.271634 -76.446503
-1.581419 -21.271634 -76.446503
-1.581419 -21.271634 -76.446503
-1.581419 -21.271634 -76.446503
-1.581419 -21.271634 -76.446503
-1.581419 -21.271634 -76.446503
-1.541878 -20.954826 -76.410624
-1.541878 -20.954826 -76.410624
-1.541878 -20.954826 -76.410624
-1.541878 -20.954826 -76.410624
-1.541878 -20.954826 -76.410624
-1.541878 -20.954826 -76.410624
-1.541878 -20.954826 -76.410624
-1.541878 -20.954826 -76.410624
-1.541878 -20.954826 -76.410624
-1.525859 -20.729711 -76.575081
-1.525859 -20.729711 -76.575081
-1.525859 -20.729711 -76.575081
-1.525859 -20.729711 -76.575081
-1.525859 -20.729711 -76.575081
-1.525859 -20.729711 -76.575081
-1.525859 -20.729711 -76.575081
-1.525859 -20.729711 -76.575081
-1.525859 -20.729711 -76.575081
-1.525859 -20.729711 -76.575081
-1.525859 -20.729711 -76.575081
-1.547610 -20.622793 -76.389751
-1.547610 -20.622793 -76.389751
-1.547610 -20.622793 -76.389751
-1.547610 -20.622793 -76.389751
-1.547610 -20.622793 -76.389751
-1.547610 -20.622793 -76.389751
-1.547610 -20.622793 -76.389751
-1.547610 -20.622793 -76.389751
-1.547610 -20.622793 -76.389751
-1.579654 -23.821014 -76.310336
-1.579654 -23.821014 -76.310336
-1.579654 -23.821014 -76.310336
-1.579654 -23.821014 -76.310336
-1.579654 -23.821014 -76.310336
-1.579654 -23.821014 -76.310336
-1.579654 -23.821014 -76.310336
-1.579654 -23.821014 -76.310336
-1.579654 -23.821014 -76.310336
-1.579654 -23.821014 -76.310336
-1.579654 -23.821014 -76.310336
-1.579654 -23.821014 -76.310336
-1.579654 -23.821014 -76.310336
-1.579654 -23.821014 -76.310336
-1.579654 -23.821014 -76.310336
-1.579654 -23.821014 -76.310336
-1.579654 -23.821014 -76.310336
-1.579654 -23.821014 -76.310336
-1.579654 -23.821014 -76.310336
-1.445280 -27.205217 -75.606301
-1.445280 -27.205217 -75.606301
-1.445280 -27.205217 -75.606301
-1.445280 -27.205217 -75.606301
-1.445280 -27.205217 -75.606301
-1.445280 -27.205217 -75.606301
-1.445280 -27.205217 -75.606301
-1.445280 -27.205217 -75.606301
-1.445280 -27.205217 -75.606301
-1.445280 -27.205217 -75.606301
-1.448264 -27.105309 -75.317725
-1.448264 -27.105309 -75.317725
-1.448264 -27.105309 -75.317725
-1.448264 -27.105309 -75.317725
-1.448264 -27.105309 -75.317725
-1.448264 -27.105309 -75.317725
-1.448264 -27.105309 -75.317725
-1.448264 -27.105309 -75.317725
-1.448264 -27.105309 -75.317725
-1.448264 -27.105309 -75.317725
-1.505101 -27.076700 -75.228421
-1.505101 -27.076700 -75.228421
-1.505101 -27.076700 -75.228421
-1.505101 -27.076700 -75.228421
-1.505101 -27.076700 -75.228421
-1.505101 -27.076700 -75.228421
-1.505101 -27.076700 -75.228421
-1.505101 -27.076700 -75.228421
-1.505101 -27.076700 -75.228421
-1.505101 -27.076700 -75.228421
-1.455241 -27.000945 -74.840698
-1.455241 -27.000945 -74.840698
-1.455241 -27.000945 -74.840698
-1.455241 -27.000945 -74.840698
-1.455241 -27.000945 -74.840698
-1.455241 -27.000945 -74.840698
-1.455241 -27.000945 -74.840698
-1.455241 -27.000945 -74.840698
-1.455241 -27.000945 -74.840698
-1.455241 -27.000945 -74.840698
-1.504830 -26.697224 -74.709354
-1.504830 -26.697224 -74.709354
-1.504830 -26.697224 -74.709354
-1.504830 -26.697224 -74.709354
-1.504830 -26.697224 -74.709354
-1.504830 -26.697224 -74.709354
-1.504830 -26.697224 -74.709354
-1.504830 -26.697224 -74.709354
-1.504830 -26.697224 -74.709354
-1.504830 -26.697224 -74.709354
-1.504830 -26.697224 -74.709354
-1.548875 -26.688182 -74.701492
-1.548875 -26.688182 -74.701492
-1.548875 -26.688182 -74.701492
-1.548875 -26.688182 -74.701492
-1.548875 -26.688182 -74.701492
-1.548875 -26.688182 -74.701492
-1.548875 -26.688182 -74.701492
-1.548875 -26.688182 -74.701492
-1.548875 -26.688182 -74.701492
-1.548875 -26.688182 -74.701492
-1.641490 -26.695506 -74.644303
-1.641490 -26.695506 -74.644303
-1.641490 -26.695506 -74.644303
-1.641490 -26.695506 -74.644303
-1.641490 -26.695506 -74.644303
-1.641490 -26.695506 -74.644303
-1.641490 -26.695506 -74.644303
-1.641490 -26.695506 -74.644303
-1.641490 -26.695506 -74.644303
-1.641490 -26.695506 -74.644303
-1.641490 -26.695506 -74.644303
-1.696324 -27.070079 -74.564110
-1.696324 -27.070079 -74.564110
-1.696324 -27.070079 -74.564110
-1.696324 -27.070079 -74.564110
-1.696324 -27.070079 -74.564110
-1.696324 -27.070079 -74.564110
-1.696324 -27.070079 -74.564110
-1.696324 -27.070079 -74.564110
-1.696324 -27.070079 -74.564110
-1.696324 -27.070079 -74.564110
-1.696324 -27.070079 -74.564110
-1.687584 -27.178863 -74.608342
-1.687584 -27.178863 -74.608342
-1.687584 -27.178863 -74.608342
-1.687584 -27.178863 -74.608342
-1.687584 -27.178863 -74.608342
-1.687584 -27.178863 -74.608342
-1.687584 -27.178863 -74.608342
-1.687584 -27.178863 -74.608342
-1.687584 -27.178863 -74.608342
-1.687584 -27.178863 -74.608342
-1.693835 -26.859792 -74.747446
-1.693835 -26.859792 -74.747446
-1.693835 -26.859792 -74.747446
-1.693835 -26.859792 -74.747446
-1.693835 -26.859792 -74.747446
-1.693835 -26.859792 -74.747446
-1.693835 -26.859792 -74.747446
-1.693835 -26.859792 -74.747446
-1.693835 -26.859792 -74.747446
-1.693835 -26.859792 -74.747446
-1.719595 -26.667482 -74.836272
-1.719595 -26.667482 -74.836272
-1.719595 -26.667482 -74.836272
-1.719595 -26.667482 -74.836272
-1.719595 -26.667482 -74.836272
-1.719595 -26.667482 -74.836272
-1.719595 -26.667482 -74.836272
-1.719595 -26.667482 -74.836272
-1.719595 -26.667482 -74.836272
-1.852718 -26.071052 -74.774807
-1.852718 -26.071052 -74.774807
-1.852718 -26.071052 -74.774807
-1.852718 -26.071052 -74.774807
-1.852718 -26.071052 -74.774807
-1.852718 -26.071052 -74.774807
-1.852718 -26.071052 -74.774807
-1.852718 -26.071052 -74.774807
-1.812331 -25.143171 -74.700078
-1.812331 -25.143171 -74.700078
-1.812331 -25.143171 -74.700078
-1.812331 -25.143171 -74.700078
-1.812331 -25.143171 -74.700078
-1.812331 -25.143171 -74.700078
-1.812331 -25.143171 -74.700078
-1.496388 -15.694786 -75.058936
-1.496388 -15.694786 -75.058936
-1.496388 -15.694786 -75.058936
-1.496388 -15.694786 -75.058936
-1.496388 -15.694786 -75.058936
-1.496388 -15.694786 -75.058936
-1.496388 -15.694786 -75.058936
-1.496388 -15.694786 -75.058936
-1.496388 -15.694786 -75.058936
-1.496388 -15.694786 -75.058936
-1.257125 -15.287259 -75.504565
-1.257125 -15.287259 -75.504565
-1.257125 -15.287259 -75.504565
-1.257125 -15.287259 -75.504565
-1.257125 -15.287259 -75.504565
-1.257125 -15.287259 -75.504565
-1.257125 -15.287259 -75.504565
-1.257125 -15.287259 -75.504565
-1.257125 -15.287259 -75.504565
-1.257125 -15.287259 -75.504565
-1.257125 -15.287259 -75.504565
-1.273663 -15.229020 -75.965453
-1.273663 -15.229020 -75.965453
-1.273663 -15.229020 -75.965453
-1.273663 -15.229020 -75.965453
-1.273663 -15.229020 -75.965453
-1.273663 -15.229020 -75.965453
-1.273663 -15.229020 -75.965453
-1.273663 -15.229020 -75.965453
-1.273663 -15.229020 -75.965453
-1.273663 -15.229020 -75.965453
-1.263552 -15.205029 -76.284505
-1.263552 -15.205029 -76.284505
-1.263552 -15.205029 -76.284505
-1.263552 -15.205029 -76.284505
-1.263552 -15.205029 -76.284505
-1.263552 -15.205029 -76.284505
-1.263552 -15.205029 -76.284505
-1.263552 -15.205029 -76.284505
-1.263552 -15.205029 -76.284505
-1.263552 -15.205029 -76.284505
-1.234674 -15.186400 -76.536696
-1.234674 -15.186400 -76.536696
-1.234674 -15.186400 -76.536696
-1.234674 -15.186400 -76.536696
-1.234674 -15.186400 -76.536696
-1.234674 -15.186400 -76.536696
-1.234674 -15.186400 -76.536696
-1.234674 -15.186400 -76.536696
-1.234674 -15.186400 -76.536696
-1.234674 -15.186400 -76.536696
-1.199517 -15.174706 -76.699001
-1.199517 -15.174706 -76.699001
-1.199517 -15.174706 -76.699001
-1.199517 -15.174706 -76.699001
-1.199517 -15.174706 -76.699001
-1.199517 -15.174706 -76.699001
-1.199517 -15.174706 -76.699001
-1.199517 -15.174706 -76.699001
-1.199517 -15.174706 -76.699001
-1.165277 -15.157230 -76.808291
-1.165277 -15.157230 -76.808291
-1.165277 -15.157230 -76.808291
-1.165277 -15.157230 -76.808291
-1.165277 -15.157230 -76.808291
-1.165277 -15.157230 -76.808291
-1.165277 -15.157230 -76.808291
-1.165277 -15.157230 -76.808291
-1.165277 -15.157230 -76.808291
-1.165277 -15.157230 -76.808291
-1.165277 -15.157230 -76.808291
-1.130003 -15.161338 -76.903224
-1.130003 -15.161338 -76.903224
-1.130003 -15.161338 -76.903224
-1.130003 -15.161338 -76.903224
-1.130003 -15.161338 -76.903224
-1.130003 -15.161338 -76.903224
-1.130003 -15.161338 -76.903224
-1.130003 -15.161338 -76.903224
-1.130003 -15.161338 -76.903224
-1.130003 -15.161338 -76.903224
-1.092510 -15.171283 -76.898129
-1.092510 -15.171283 -76.898129
-1.092510 -15.171283 -76.898129
-1.092510 -15.171283 -76.898129
-1.092510 -15.171283 -76.898129
-1.092510 -15.171283 -76.898129
-1.092510 -15.171283 -76.898129
-1.092510 -15.171283 -76.898129
-1.092510 -15.171283 -76.898129
-1.068117 -15.174976 -76.879872
-1.068117 -15.174976 -76.879872
-1.068117 -15.174976 -76.879872
-1.068117 -15.174976 -76.879872
-1.068117 -15.174976 -76.879872
-1.068117 -15.174976 -76.879872
-1.068117 -15.174976 -76.879872
-1.068117 -15.174976 -76.879872
-1.068117 -15.174976 -76.879872
-1.068117 -15.174976 -76.879872
-1.068117 -15.174976 -76.879872
-1.062531 -15.172488 -76.921201
-1.062531 -15.172488 -76.921201
-1.062531 -15.172488 -76.921201
-1.062531 -15.172488 -76.921201
-1.062531 -15.172488 -76.921201
-1.062531 -15.172488 -76.921201
-1.062531 -15.172488 -76.921201
-1.062531 -15.172488 -76.921201
-1.062531 -15.172488 -76.921201
-1.062531 -15.172488 -76.921201
-1.062531 -15.172488 -76.921201
-1.052576 -15.170055 -76.924446
-1.052576 -15.170055 -76.924446
-1.052576 -15.170055 -76.924446
-1.052576 -15.170055 -76.924446
-1.052576 -15.170055 -76.924446
-1.052576 -15.170055 -76.924446
-1.052576 -15.170055 -76.924446
-1.052576 -15.170055 -76.924446
-1.052576 -15.170055 -76.924446
-1.052576 -15.170055 -76.924446
-1.052576 -15.170055 -76.924446
-1.045116 -15.174896 -76.953788
-1.045116 -15.174896 -76.953788
-1.045116 -15.174896 -76.953788
-1.045116 -15.174896 -76.953788
-1.045116 -15.174896 -76.953788
-1.045116 -15.174896 -76.953788
-1.045116 -15.174896 -76.953788
-1.045116 -15.174896 -76.953788
-1.045116 -15.174896 -76.953788
-1.045116 -15.174896 -76.953788
-1.045116 -15.174896 -76.953788
-1.033569 -15.176110 -76.950373
-1.033569 -15.176110 -76.950373
-1.033569 -15.176110 -76.950373
-1.033569 -15.176110 -76.950373
-1.033569 -15.176110 -76.950373
-1.033569 -15.176110 -76.950373
-1.033569 -15.176110 -76.950373
-1.033569 -15.176110 -76.950373
-1.033569 -15.176110 -76.950373
-1.033569 -15.176110 -76.950373
-1.017535 -15.170557 -76.897794
-1.017535 -15.170557 -76.897794
-1.017535 -15.170557 -76.897794
-1.017535 -15.170557 -76.897794
-1.017535 -15.170557 -76.897794
-1.017535 -15.170557 -76.897794
-1.017535 -15.170557 -76.897794
-1.017535 -15.170557 -76.897794
-1.017535 -15.170557 -76.897794
-1.017535 -15.170557 -76.897794
-1.011036 -15.162007 -76.894167
-1.011036 -15.162007 -76.894167
-1.011036 -15.162007 -76.894167
-1.011036 -15.162007 -76.894167
-1.011036 -15.162007 -76.894167
-1.011036 -15.162007 -76.894167
-1.011036 -15.162007 -76.894167
-1.011036 -15.162007 -76.894167
-1.011036 -15.162007 -76.894167
-1.011036 -15.162007 -76.894167
-1.025400 -15.160235 -76.933748
-1.025400 -15.160235 -76.933748
-1.025400 -15.160235 -76.933748
-1.025400 -15.160235 -76.933748
-1.025400 -15.160235 -76.933748
-1.025400 -15.160235 -76.933748
-1.025400 -15.160235 -76.933748
-1.025400 -15.160235 -76.933748
-1.025400 -15.160235 -76.933748
-1.025400 -15.160235 -76.933748
-1.057559 -15.177864 -76.996367
-1.057559 -15.177864 -76.996367
-1.057559 -15.177864 -76.996367
-1.057559 -15.177864 -76.996367
-1.057559 -15.177864 -76.996367
-1.057559 -15.177864 -76.996367
-1.057559 -15.177864 -76.996367
-1.057559 -15.177864 -76.996367
-1.057559 -15.177864 -76.996367
-1.052414 -15.169406 -77.011612
-1.052414 -15.169406 -77.011612
-1.052414 -15.169406 -77.011612
-1.052414 -15.169406 -77.011612
-1.052414 -15.169406 -77.011612
-1.052414 -15.169406 -77.011612
-1.052414 -15.169406 -77.011612
-1.052414 -15.169406 -77.011612
-1.052414 -15.169406 -77.011612
-1.052414 -15.169406 -77.011612
-1.052414 -15.169406 -77.011612
-1.044448 -15.167717 -77.026024
-1.044448 -15.167717 -77.026024
-1.044448 -15.167717 -77.026024
-1.044448 -15.167717 -77.026024
-1.044448 -15.167717 -77.026024
-1.044448 -15.167717 -77.026024
-1.044448 -15.167717 -77.026024
-1.044448 -15.167717 -77.026024
-1.044448 -15.167717 -77.026024
-1.044448 -15.167717 -77.026024
-1.044448 -15.167717 -77.026024
-1.037847 -15.165885 -77.031270
-1.037847 -15.165885 -77.031270
-1.037847 -15.165885 -77.031270
-1.037847 -15.165885 -77.031270
-1.037847 -15.165885 -77.031270
-1.037847 -15.165885 -77.031270
-1.037847 -15.165885 -77.031270
-1.037847 -15.165885 -77.031270
-1.037847 -15.165885 -77.031270
-1.037847 -15.165885 -77.031270
-1.042525 -15.168628 -77.039725
-1.042525 -15.168628 -77.039725
-1.042525 -15.168628 -77.039725
-1.042525 -15.168628 -77.039725
-1.042525 -15.168628 -77.039725
-1.042525 -15.168628 -77.039725
-1.042525 -15.168628 -77.039725
-1.042525 -15.168628 -77.039725
-1.042525 -15.168628 -77.039725
-1.042525 -15.168628 -77.039725
-1.034516 -15.164111 -77.006538
-1.034516 -15.164111 -77.006538
-1.034516 -15.164111 -77.006538
-1.034516 -15.164111 -77.006538
-1.034516 -15.164111 -77.006538
-1.034516 -15.164111 -77.006538
-1.034516 -15.164111 -77.006538
-1.034516 -15.164111 -77.006538
-1.034516 -15.164111 -77.006538
-1.034516 -15.164111 -77.006538
-1.016530 -15.164757 -76.925081
-1.016530 -15.164757 -76.925081
-1.016530 -15.164757 -76.925081
-1.016530 -15.164757 -76.925081
-1.016530 -15.164757 -76.925081
-1.016530 -15.164757 -76.925081
-1.016530 -15.164757 -76.925081
-1.016530 -15.164757 -76.925081
-1.016530 -15.164757 -76.925081
-1.016530 -15.164757 -76.925081
-1.016530 -15.164757 -76.925081
-1.016530 -15.164757 -76.925081
-1.031336 -15.171436 -76.957797
-1.031336 -15.171436 -76.957797
-1.031336 -15.171436 -76.957797
-1.031336 -15.171436 -76.957797
-1.031336 -15.171436 -76.957797
-1.031336 -15.171436 -76.957797
-1.031336 -15.171436 -76.957797
-1.031336 -15.171436 -76.957797
-1.031336 -15.171436 -76.957797
-1.052532 -15.165696 -77.047587
-1.052532 -15.165696 -77.047587
-1.052532 -15.165696 -77.047587
-1.052532 -15.165696 -77.047587
-1.052532 -15.165696 -77.047587
-1.052532 -15.165696 -77.047587
-1.052532 -15.165696 -77.047587
-1.052532 -15.165696 -77.047587
-1.052532 -15.165696 -77.047587
-1.052532 -15.165696 -77.047587
-1.052532 -15.165696 -77.047587
-1.041838 -15.161149 -77.041734
-1.041838 -15.161149 -77.041734
-1.041838 -15.161149 -77.041734
-1.041838 -15.161149 -77.041734
-1.041838 -15.161149 -77.041734
-1.041838 -15.161149 -77.041734
-1.041838 -15.161149 -77.041734
-1.041838 -15.161149 -77.041734
-1.041838 -15.161149 -77.041734
-1.041838 -15.161149 -77.041734
-1.043877 -15.156292 -77.069614
-1.043877 -15.156292 -77.069614
-1.043877 -15.156292 -77.069614
-1.043877 -15.156292 -77.069614
-1.043877 -15.156292 -77.069614
-1.043877 -15.156292 -77.069614
-1.043877 -15.156292 -77.069614
-1.043877 -15.156292 -77.069614
-1.043877 -15.156292 -77.069614
-1.043877 -15.156292 -77.069614
-1.043877 -15.156292 -77.069614
-1.053336 -15.155012 -77.114134
-1.053336 -15.155012 -77.114134
-1.053336 -15.155012 -77.114134
-1.053336 -15.155012 -77.114134
-1.053336 -15.155012 -77.114134
-1.053336 -15.155012 -77.114134
-1.053336 -15.155012 -77.114134
-1.053336 -15.155012 -77.114134
-1.053336 -15.155012 -77.114134
-1.053336 -15.155012 -77.114134
-1.056400 -15.153591 -77.139672
-1.056400 -15.153591 -77.139672
-1.056400 -15.153591 -77.139672
-1.056400 -15.153591 -77.139672
-1.056400 -15.153591 -77.139672
-1.056400 -15.153591 -77.139672
-1.056400 -15.153591 -77.139672
-1.056400 -15.153591 -77.139672
-1.056400 -15.153591 -77.139672
-1.056400 -15.153591 -77.139672
-1.056400 -15.153591 -77.139672
-1.037830 -15.150632 -77.118853
-1.037830 -15.150632 -77.118853
-1.037830 -15.150632 -77.118853
-1.037830 -15.150632 -77.118853
-1.037830 -15.150632 -77.118853
-1.037830 -15.150632 -77.118853
-1.037830 -15.150632 -77.118853
-1.037830 -15.150632 -77.118853
-1.037830 -15.150632 -77.118853
-1.037830 -15.150632 -77.118853
-1.037830 -15.150632 -77.118853
-1.027360 -15.144946 -77.119762
-1.027360 -15.144946 -77.119762
-1.027360 -15.144946 -77.119762
-1.027360 -15.144946 -77.119762
-1.027360 -15.144946 -77.119762
-1.027360 -15.144946 -77.119762
-1.027360 -15.144946 -77.119762
-1.027360 -15.144946 -77.119762
-1.027360 -15.144946 -77.119762
-1.027360 -15.144946 -77.119762
-1.027360 -15.144946 -77.119762
-1.010975 -15.150159 -77.047314
-1.010975 -15.150159 -77.047314
-1.010975 -15.150159 -77.047314
-1.010975 -15.150159 -77.047314
-1.010975 -15.150159 -77.047314
-1.010975 -15.150159 -77.047314
-1.010975 -15.150159 -77.047314
-1.010975 -15.150159 -77.047314
-1.010975 -15.150159 -77.047314
-1.010975 -15.150159 -77.047314
-1.025735 -15.156323 -77.073487
-1.025735 -15.156323 -77.073487
-1.025735 -15.156323 -77.073487
-1.025735 -15.156323 -77.073487
-1.025735 -15.156323 -77.073487
-1.025735 -15.156323 -77.073487
-1.025735 -15.156323 -77.073487
-1.025735 -15.156323 -77.073487
-1.025735 -15.156323 -77.073487
-1.025735 -15.156323 -77.073487
-1.001926 -15.146445 -77.036884
-1.001926 -15.146445 -77.036884
-1.001926 -15.146445 -77.036884
-1.001926 -15.146445 -77.036884
-1.001926 -15.146445 -77.036884
-1.001926 -15.146445 -77.036884
-1.001926 -15.146445 -77.036884
-1.001926 -15.146445 -77.036884
-1.001926 -15.146445 -77.036884
-1.001926 -15.146445 -77.036884
-1.009269 -15.147780 -76.984319
-1.009269 -15.147780 -76.984319
-1.009269 -15.147780 -76.984319
-1.009269 -15.147780 -76.984319
-1.009269 -15.147780 -76.984319
-1.009269 -15.147780 -76.984319
-1.009269 -15.147780 -76.984319
-1.009269 -15.147780 -76.984319
-1.009269 -15.147780 -76.984319
-1.009269 -15.147780 -76.984319
-1.020765 -15.143578 -77.023374
-1.020765 -15.143578 -77.023374
-1.020765 -15.143578 -77.023374
-1.020765 -15.143578 -77.023374
-1.020765 -15.143578 -77.023374
-1.020765 -15.143578 -77.023374
-1.020765 -15.143578 -77.023374
-1.020765 -15.143578 -77.023374
-1.020765 -15.143578 -77.023374
-1.020765 -15.143578 -77.023374
-1.020765 -15.143578 -77.023374
-1.010476 -15.141088 -76.980774
-1.010476 -15.141088 -76.980774
-1.010476 -15.141088 -76.980774
-1.010476 -15.141088 -76.980774
-1.010476 -15.141088 -76.980774
-1.010476 -15.141088 -76.980774
-1.010476 -15.141088 -76.980774
-1.010476 -15.141088 -76.980774
-1.010476 -15.141088 -76.980774
-1.010476 -15.141088 -76.980774
-1.000939 -15.139828 -76.954410
-1.000939 -15.139828 -76.954410
-1.000939 -15.139828 -76.954410
-1.000939 -15.139828 -76.954410
-1.000939 -15.139828 -76.954410
-1.000939 -15.139828 -76.954410
-1.000939 -15.139828 -76.954410
-1.000939 -15.139828 -76.954410
-1.000939 -15.139828 -76.954410
-1.015237 -15.153859 -76.989257
-1.015237 -15.153859 -76.989257
-1.015237 -15.153859 -76.989257
-1.015237 -15.153859 -76.989257
-1.015237 -15.153859 -76.989257
-1.015237 -15.153859 -76.989257
-1.015237 -15.153859 -76.989257
-1.015237 -15.153859 -76.989257
-1.015237 -15.153859 -76.989257
-1.015237 -15.153859 -76.989257
-1.014054 -15.161801 -76.965447
-1.014054 -15.161801 -76.965447
-1.014054 -15.161801 -76.965447
-1.014054 -15.161801 -76.965447
-1.014054 -15.161801 -76.965447
-1.014054 -15.161801 -76.965447
-1.014054 -15.161801 -76.965447
-1.014054 -15.161801 -76.965447
-1.014054 -15.161801 -76.965447
-1.021468 -15.163015 -77.007815
-1.021468 -15.163015 -77.007815
-1.021468 -15.163015 -77.007815
-1.021468 -15.163015 -77.007815
-1.021468 -15.163015 -77.007815
-1.021468 -15.163015 -77.007815
-1.021468 -15.163015 -77.007815
-1.021468 -15.163015 -77.007815
-1.021468 -15.163015 -77.007815
-1.021468 -15.163015 -77.007815
-1.021468 -15.163015 -77.007815
-1.017996 -15.164108 -77.014734
-1.017996 -15.164108 -77.014734
-1.017996 -15.164108 -77.014734
-1.017996 -15.164108 -77.014734
-1.017996 -15.164108 -77.014734
-1.017996 -15.164108 -77.014734
-1.017996 -15.164108 -77.014734
-1.017996 -15.164108 -77.014734
-1.017996 -15.164108 -77.014734
-1.022081 -15.164094 -77.007644
-1.022081 -15.164094 -77.007644
-1.022081 -15.164094 -77.007644
-1.022081 -15.164094 -77.007644
-1.022081 -15.164094 -77.007644
-1.022081 -15.164094 -77.007644
-1.022081 -15.164094 -77.007644
-1.022081 -15.164094 -77.007644
-1.022081 -15.164094 -77.007644
-1.022081 -15.164094 -77.007644
-1.022081 -15.164094 -77.007644
-1.022081 -15.164094 -77.007644
-1.034183 -15.160477 -77.030805
-1.034183 -15.160477 -77.030805
-1.034183 -15.160477 -77.030805
-1.034183 -15.160477 -77.030805
-1.034183 -15.160477 -77.030805
-1.034183 -15.160477 -77.030805
-1.034183 -15.160477 -77.030805
-1.034183 -15.160477 -77.030805
-1.034183 -15.160477 -77.030805
-1.025302 -15.157995 -77.024269
-1.025302 -15.157995 -77.024269
-1.025302 -15.157995 -77.024269
-1.025302 -15.157995 -77.024269
-1.025302 -15.157995 -77.024269
-1.025302 -15.157995 -77.024269
-1.025302 -15.157995 -77.024269
-1.025302 -15.157995 -77.024269
-1.025302 -15.157995 -77.024269
-1.025302 -15.157995 -77.024269
-1.030001 -15.150440 -77.020273
-1.030001 -15.150440 -77.020273
-1.030001 -15.150440 -77.020273
-1.030001 -15.150440 -77.020273
-1.030001 -15.150440 -77.020273
-1.030001 -15.150440 -77.020273
-1.030001 -15.150440 -77.020273
-1.030001 -15.150440 -77.020273
-1.030001 -15.150440 -77.020273
-1.030001 -15.150440 -77.020273
-1.027824 -15.143994 -77.019549
-1.027824 -15.143994 -77.019549
-1.027824 -15.143994 -77.019549
-1.027824 -15.143994 -77.019549
-1.027824 -15.143994 -77.019549
-1.027824 -15.143994 -77.019549
-1.027824 -15.143994 -77.019549
-1.027824 -15.143994 -77.019549
-1.027824 -15.143994 -77.019549
-1.027824 -15.143994 -77.019549
-1.029012 -15.149056 -77.015984
-1.029012 -15.149056 -77.015984
-1.029012 -15.149056 -77.015984
-1.029012 -15.149056 -77.015984
-1.029012 -15.149056 -77.015984
-1.029012 -15.149056 -77.015984
-1.029012 -15.149056 -77.015984
-1.029012 -15.149056 -77.015984
-1.029012 -15.149056 -77.015984
-1.029012 -15.149056 -77.015984
-1.029012 -15.149056 -77.015984
-1.032951 -15.143837 -77.050135
-1.032951 -15.143837 -77.050135
-1.032951 -15.143837 -77.050135
-1.032951 -15.143837 -77.050135
-1.032951 -15.143837 -77.050135
-1.032951 -15.143837 -77.050135
-1.032951 -15.143837 -77.050135
-1.032951 -15.143837 -77.050135
-1.032951 -15.143837 -77.050135
-1.038477 -15.144473 -77.053652
-1.038477 -15.144473 -77.053652
-1.038477 -15.144473 -77.053652
-1.038477 -15.144473 -77.053652
-1.038477 -15.144473 -77.053652
-1.038477 -15.144473 -77.053652
-1.038477 -15.144473 -77.053652
-1.038477 -15.144473 -77.053652
-1.038477 -15.144473 -77.053652
-1.038477 -15.144473 -77.053652
-1.038477 -15.144473 -77.053652
-1.039778 -15.139702 -77.094886
-1.039778 -15.139702 -77.094886
-1.039778 -15.139702 -77.094886
-1.039778 -15.139702 -77.094886
-1.039778 -15.139702 -77.094886
-1.039778 -15.139702 -77.094886
-1.039778 -15.139702 -77.094886
-1.039778 -15.139702 -77.094886
-1.039778 -15.139702 -77.094886
-1.039778 -15.139702 -77.094886
-1.031910 -15.146803 -77.125076
-1.031910 -15.146803 -77.125076
-1.031910 -15.146803 -77.125076
-1.031910 -15.146803 -77.125076
-1.031910 -15.146803 -77.125076
-1.031910 -15.146803 -77.125076
-1.031910 -15.146803 -77.125076
-1.031910 -15.146803 -77.125076
-1.031910 -15.146803 -77.125076
-1.030198 -15.154470 -77.137015
-1.030198 -15.154470 -77.137015
-1.030198 -15.154470 -77.137015
-1.030198 -15.154470 -77.137015
-1.030198 -15.154470 -77.137015
-1.030198 -15.154470 -77.137015
-1.030198 -15.154470 -77.137015
-1.030198 -15.154470 -77.137015
-1.030198 -15.154470 -77.137015
-1.030198 -15.154470 -77.137015
-1.034974 -15.156699 -77.130635
-1.034974 -15.156699 -77.130635
-1.034974 -15.156699 -77.130635
-1.034974 -15.156699 -77.130635
-1.034974 -15.156699 -77.130635
-1.034974 -15.156699 -77.130635
-1.034974 -15.156699 -77.130635
-1.034974 -15.156699 -77.130635
-1.034974 -15.156699 -77.130635
-1.034974 -15.156699 -77.130635
-1.034974 -15.156699 -77.130635
-1.022568 -15.148414 -77.107372
-1.022568 -15.148414 -77.107372
-1.022568 -15.148414 -77.107372
-1.022568 -15.148414 -77.107372
-1.022568 -15.148414 -77.107372
-1.022568 -15.148414 -77.107372
-1.022568 -15.148414 -77.107372
-1.022568 -15.148414 -77.107372
-1.022568 -15.148414 -77.107372
-1.022568 -15.148414 -77.107372
-1.016059 -15.143626 -77.077647
-1.016059 -15.143626 -77.077647
-1.016059 -15.143626 -77.077647
-1.016059 -15.143626 -77.077647
-1.016059 -15.143626 -77.077647
-1.016059 -15.143626 -77.077647
-1.016059 -15.143626 -77.077647
-1.016059 -15.143626 -77.077647
-1.016059 -15.143626 -77.077647
-1.016059 -15.143626 -77.077647
-1.021438 -15.150775 -77.086615
-1.021438 -15.150775 -77.086615
-1.021438 -15.150775 -77.086615
-1.021438 -15.150775 -77.086615
-1.021438 -15.150775 -77.086615
-1.021438 -15.150775 -77.086615
-1.021438 -15.150775 -77.086615
-1.021438 -15.150775 -77.086615
-1.021438 -15.150775 -77.086615
-1.019474 -15.154001 -77.087421
-1.019474 -15.154001 -77.087421
-1.019474 -15.154001 -77.087421
-1.019474 -15.154001 -77.087421
-1.019474 -15.154001 -77.087421
-1.019474 -15.154001 -77.087421
-1.019474 -15.154001 -77.087421
-1.019474 -15.154001 -77.087421
-1.019474 -15.154001 -77.087421
-1.019474 -15.154001 -77.087421
-1.019474 -15.154001 -77.087421
-1.013557 -15.156661 -77.073651
-1.013557 -15.156661 -77.073651
-1.013557 -15.156661 -77.073651
-1.013557 -15.156661 -77.073651
-1.013557 -15.156661 -77.073651
-1.013557 -15.156661 -77.073651
-1.013557 -15.156661 -77.073651
-1.013557 -15.156661 -77.073651
-1.013557 -15.156661 -77.073651
-1.013573 -15.150741 -77.059178
-1.013573 -15.150741 -77.059178
-1.013573 -15.150741 -77.059178
-1.013573 -15.150741 -77.059178
-1.013573 -15.150741 -77.059178
-1.013573 -15.150741 -77.059178
-1.013573 -15.150741 -77.059178
-1.013573 -15.150741 -77.059178
-1.013573 -15.150741 -77.059178
-1.013573 -15.150741 -77.059178
-1.001016 -15.147734 -77.011469
-1.001016 -15.147734 -77.011469
-1.001016 -15.147734 -77.011469
-1.001016 -15.147734 -77.011469
-1.001016 -15.147734 -77.011469
-1.001016 -15.147734 -77.011469
-1.001016 -15.147734 -77.011469
-1.001016 -15.147734 -77.011469
-1.001016 -15.147734 -77.011469
-0.997624 -15.139688 -76.961650
-0.997624 -15.139688 -76.961650
-0.997624 -15.139688 -76.961650
-0.997624 -15.139688 -76.961650
-0.997624 -15.139688 -76.961650
-0.997624 -15.139688 -76.961650
-0.997624 -15.139688 -76.961650
-0.997624 -15.139688 -76.961650
-0.997624 -15.139688 -76.961650
-0.997624 -15.139688 -76.961650
-1.013158 -15.141752 -76.985425
-1.013158 -15.141752 -76.985425
-1.013158 -15.141752 -76.985425
-1.013158 -15.141752 -76.985425
-1.013158 -15.141752 -76.985425
-1.013158 -15.141752 -76.985425
-1.013158 -15.141752 -76.985425
-1.013158 -15.141752 -76.985425
-1.013158 -15.141752 -76.985425
-1.013158 -15.141752 -76.985425
-1.019404 -15.143329 -76.975986
-1.019404 -15.143329 -76.975986
-1.019404 -15.143329 -76.975986
-1.019404 -15.143329 -76.975986
-1.019404 -15.143329 -76.975986
-1.019404 -15.143329 -76.975986
-1.019404 -15.143329 -76.975986
-1.019404 -15.143329 -76.975986
-1.019404 -15.143329 -76.975986
-1.019404 -15.143329 -76.975986
-1.030173 -15.136649 -77.033954
-1.030173 -15.136649 -77.033954
-1.030173 -15.136649 -77.033954
-1.030173 -15.136649 -77.033954
-1.030173 -15.136649 -77.033954
-1.030173 -15.136649 -77.033954
-1.030173 -15.136649 -77.033954
-1.030173 -15.136649 -77.033954
-1.030173 -15.136649 -77.033954
-1.013386 -15.136157 -76.979995
-1.013386 -15.136157 -76.979995
-1.013386 -15.136157 -76.979995
-1.013386 -15.136157 -76.979995
-1.013386 -15.136157 -76.979995
-1.013386 -15.136157 -76.979995
-1.013386 -15.136157 -76.979995
-1.013386 -15.136157 -76.979995
-1.013386 -15.136157 -76.979995
-1.013386 -15.136157 -76.979995
-1.013386 -15.136157 -76.979995
-1.026917 -15.135411 -77.034295
-1.026917 -15.135411 -77.034295
-1.026917 -15.135411 -77.034295
-1.026917 -15.135411 -77.034295
-1.026917 -15.135411 -77.034295
-1.026917 -15.135411 -77.034295
-1.026917 -15.135411 -77.034295
-1.026917 -15.135411 -77.034295
-1.026917 -15.135411 -77.034295
-1.026917 -15.135411 -77.034295
-1.014963 -15.129289 -77.010506
-1.014963 -15.129289 -77.010506
-1.014963 -15.129289 -77.010506
-1.014963 -15.129289 -77.010506
-1.014963 -15.129289 -77.010506
-1.014963 -15.129289 -77.010506
-1.014963 -15.129289 -77.010506
-1.014963 -15.129289 -77.010506
-1.014963 -15.129289 -77.010506
-1.024089 -15.138805 -77.011776
-1.024089 -15.138805 -77.011776
-1.024089 -15.138805 -77.011776
-1.024089 -15.138805 -77.011776
-1.024089 -15.138805 -77.011776
-1.024089 -15.138805 -77.011776
-1.024089 -15.138805 -77.011776
-1.024089 -15.138805 -77.011776
-1.024089 -15.138805 -77.011776
-1.024089 -15.138805 -77.011776
-1.022438 -15.140800 -77.000472
-1.022438 -15.140800 -77.000472
-1.022438 -15.140800 -77.000472
-1.022438 -15.140800 -77.000472
-1.022438 -15.140800 -77.000472
-1.022438 -15.140800 -77.000472
-1.022438 -15.140800 -77.000472
-1.022438 -15.140800 -77.000472
-1.022438 -15.140800 -77.000472
-0.998780 -15.135093 -76.909276
-0.998780 -15.135093 -76.909276
-0.998780 -15.135093 -76.909276
-0.998780 -15.135093 -76.909276
-0.998780 -15.135093 -76.909276
-0.998780 -15.135093 -76.909276
-0.998780 -15.135093 -76.909276
-0.998780 -15.135093 -76.909276
-0.998780 -15.135093 -76.909276
-1.022272 -15.144167 -76.966479
-1.022272 -15.144167 -76.966479
-1.022272 -15.144167 -76.966479
-1.022272 -15.144167 -76.966479
-1.022272 -15.144167 -76.966479
-1.022272 -15.144167 -76.966479
-1.022272 -15.144167 -76.966479
-1.022272 -15.144167 -76.966479
-1.022272 -15.144167 -76.966479
-1.031510 -15.143692 -76.992597
-1.031510 -15.143692 -76.992597
-1.031510 -15.143692 -76.992597
-1.031510 -15.143692 -76.992597
-1.031510 -15.143692 -76.992597
-1.031510 -15.143692 -76.992597
-1.031510 -15.143692 -76.992597
-1.031510 -15.143692 -76.992597
-1.031510 -15.143692 -76.992597
-1.038775 -15.144806 -76.993007
-1.038775 -15.144806 -76.993007
-1.038775 -15.144806 -76.993007
-1.038775 -15.144806 -76.993007
-1.038775 -15.144806 -76.993007
-1.038775 -15.144806 -76.993007
-1.038775 -15.144806 -76.993007
-1.038775 -15.144806 -76.993007
-1.038775 -15.144806 -76.993007
-1.038775 -15.144806 -76.993007
-1.038775 -15.144806 -76.993007
-1.043749 -15.140914 -77.045176
-1.043749 -15.140914 -77.045176
-1.043749 -15.140914 -77.045176
-1.043749 -15.140914 -77.045176
-1.043749 -15.140914 -77.045176
-1.043749 -15.140914 -77.045176
-1.043749 -15.140914 -77.045176
-1.043749 -15.140914 -77.045176
-1.043749 -15.140914 -77.045176
-1.040431 -15.141336 -77.042082
-1.040431 -15.141336 -77.042082
-1.040431 -15.141336 -77.042082
-1.040431 -15.141336 -77.042082
-1.040431 -15.141336 -77.042082
-1.040431 -15.141336 -77.042082
-1.040431 -15.141336 -77.042082
-1.040431 -15.141336 -77.042082
-1.040431 -15.141336 -77.042082
-1.040431 -15.141336 -77.042082
-1.038467 -15.146436 -77.032424
-1.038467 -15.146436 -77.032424
-1.038467 -15.146436 -77.032424
-1.038467 -15.146436 -77.032424
-1.038467 -15.146436 -77.032424
-1.038467 -15.146436 -77.032424
-1.038467 -15.146436 -77.032424
-1.038467 -15.146436 -77.032424
-1.038467 -15.146436 -77.032424
-1.027846 -15.140123 -77.039828
-1.027846 -15.140123 -77.039828
-1.027846 -15.140123 -77.039828
-1.027846 -15.140123 -77.039828
-1.027846 -15.140123 -77.039828
-1.027846 -15.140123 -77.039828
-1.027846 -15.140123 -77.039828
-1.027846 -15.140123 -77.039828
-1.027846 -15.140123 -77.039828
-1.027846 -15.140123 -77.039828
-1.027846 -15.140123 -77.039828
-1.008680 -15.129376 -76.998731
-1.008680 -15.129376 -76.998731
-1.008680 -15.129376 -76.998731
-1.008680 -15.129376 -76.998731
-1.008680 -15.129376 -76.998731
-1.008680 -15.129376 -76.998731
-1.008680 -15.129376 -76.998731
-1.008680 -15.129376 -76.998731
-1.008680 -15.129376 -76.998731
-1.008680 -15.129376 -76.998731
-1.008680 -15.129376 -76.998731
-1.017647 -15.134108 -76.997672
-1.017647 -15.134108 -76.997672
-1.017647 -15.134108 -76.997672
-1.017647 -15.134108 -76.997672
-1.017647 -15.134108 -76.997672
-1.017647 -15.134108 -76.997672
-1.017647 -15.134108 -76.997672
-1.017647 -15.134108 -76.997672
-1.017647 -15.134108 -76.997672
-1.016774 -15.136287 -77.009884
-1.016774 -15.136287 -77.009884
-1.016774 -15.136287 -77.009884
-1.016774 -15.136287 -77.009884
-1.016774 -15.136287 -77.009884
-1.016774 -15.136287 -77.009884
-1.016774 -15.136287 -77.009884
-1.016774 -15.136287 -77.009884
-1.016774 -15.136287 -77.009884
-1.016774 -15.136287 -77.009884
-1.013288 -15.134951 -77.014426
-1.013288 -15.134951 -77.014426
-1.013288 -15.134951 -77.014426
-1.013288 -15.134951 -77.014426
-1.013288 -15.134951 -77.014426
-1.013288 -15.134951 -77.014426
-1.013288 -15.134951 -77.014426
-1.013288 -15.134951 -77.014426
-1.013288 -15.134951 -77.014426
-1.013288 -15.134951 -77.014426
-1.010795 -15.147200 -76.972482
-1.010795 -15.147200 -76.972482
-1.010795 -15.147200 -76.972482
-1.010795 -15.147200 -76.972482
-1.010795 -15.147200 -76.972482
-1.010795 -15.147200 -76.972482
-1.010795 -15.147200 -76.972482
-1.010795 -15.147200 -76.972482
-1.010795 -15.147200 -76.972482
-1.010795 -15.147200 -76.972482
-1.028407 -15.147534 -77.006476
-1.028407 -15.147534 -77.006476
-1.028407 -15.147534 -77.006476
-1.028407 -15.147534 -77.006476
-1.028407 -15.147534 -77.006476
-1.028407 -15.147534 -77.006476
-1.028407 -15.147534 -77.006476
-1.028407 -15.147534 -77.006476
-1.028407 -15.147534 -77.006476
-1.028407 -15.147534 -77.006476
-1.005613 -15.152609 -76.926652
-1.005613 -15.152609 -76.926652
-1.005613 -15.152609 -76.926652
-1.005613 -15.152609 -76.926652
-1.005613 -15.152609 -76.926652
-1.005613 -15.152609 -76.926652
-1.005613 -15.152609 -76.926652
-1.020763 -15.157035 -76.966963
-1.020763 -15.157035 -76.966963
-1.020763 -15.157035 -76.966963
-1.020763 -15.157035 -76.966963
-1.020763 -15.157035 -76.966963
-1.020763 -15.157035 -76.966963
-1.020763 -15.157035 -76.966963
-1.020763 -15.157035 -76.966963
-1.020763 -15.157035 -76.966963
-1.020763 -15.157035 -76.966963
-1.017204 -15.153424 -76.981375
-1.017204 -15.153424 -76.981375
-1.017204 -15.153424 -76.981375
-1.017204 -15.153424 -76.981375
-1.017204 -15.153424 -76.981375
-1.017204 -15.153424 -76.981375
-1.017204 -15.153424 -76.981375
-1.017204 -15.153424 -76.981375
-1.017204 -15.153424 -76.981375
-1.017204 -15.153424 -76.981375
-1.017204 -15.153424 -76.981375
-1.011334 -15.142103 -77.014522
-1.011334 -15.142103 -77.014522
-1.011334 -15.142103 -77.014522
-1.011334 -15.142103 -77.014522
-1.011334 -15.142103 -77.014522
-1.011334 -15.142103 -77.014522
-1.011334 -15.142103 -77.014522
-1.011334 -15.142103 -77.014522
-1.011334 -15.142103 -77.014522
-1.003781 -15.139287 -77.003163
-1.003781 -15.139287 -77.003163
-1.003781 -15.139287 -77.003163
-1.003781 -15.139287 -77.003163
-1.003781 -15.139287 -77.003163
-1.003781 -15.139287 -77.003163
-1.003781 -15.139287 -77.003163
-1.003781 -15.139287 -77.003163
-1.003781 -15.139287 -77.003163
-1.003781 -15.139287 -77.003163
-1.017088 -15.145236 -77.038701
-1.017088 -15.145236 -77.038701
-1.017088 -15.145236 -77.038701
-1.017088 -15.145236 -77.038701
-1.017088 -15.145236 -77.038701
-1.017088 -15.145236 -77.038701
-1.017088 -15.145236 -77.038701
-1.017088 -15.145236 -77.038701
-1.017088 -15.145236 -77.038701
-1.022032 -15.135798 -77.051760
-1.022032 -15.135798 -77.051760
-1.022032 -15.135798 -77.051760
-1.022032 -15.135798 -77.051760
-1.022032 -15.135798 -77.051760
-1.022032 -15.135798 -77.051760
-1.022032 -15.135798 -77.051760
-1.022032 -15.135798 -77.051760
-1.022032 -15.135798 -77.051760
-1.022032 -15.135798 -77.051760
-1.022108 -15.133396 -77.052826
-1.022108 -15.133396 -77.052826
-1.022108 -15.133396 -77.052826
-1.022108 -15.133396 -77.052826
-1.022108 -15.133396 -77.052826
-1.022108 -15.133396 -77.052826
-1.022108 -15.133396 -77.052826
-1.022108 -15.133396 -77.052826
-1.022108 -15.133396 -77.052826
-1.022108 -15.133396 -77.052826
-1.021134 -15.130192 -77.020041
-1.021134 -15.130192 -77.020041
-1.021134 -15.130192 -77.020041
-1.021134 -15.130192 -77.020041
-1.021134 -15.130192 -77.020041
-1.021134 -15.130192 -77.020041
-1.021134 -15.130192 -77.020041
-1.021134 -15.130192 -77.020041
-1.021134 -15.130192 -77.020041
-0.996560 -15.131108 -76.931590
-0.996560 -15.131108 -76.931590
-0.996560 -15.131108 -76.931590
-0.996560 -15.131108 -76.931590
-0.996560 -15.131108 -76.931590
-0.996560 -15.131108 -76.931590
-0.996560 -15.131108 -76.931590
-0.996560 -15.131108 -76.931590
-0.996560 -15.131108 -76.931590
-1.005958 -15.133432 -76.968282
-1.005958 -15.133432 -76.968282
-1.005958 -15.133432 -76.968282
-1.005958 -15.133432 -76.968282
-1.005958 -15.133432 -76.968282
-1.005958 -15.133432 -76.968282
-1.005958 -15.133432 -76.968282
-1.005958 -15.133432 -76.968282
-1.005958 -15.133432 -76.968282
-1.005958 -15.133432 -76.968282
-1.021657 -15.130659 -77.021789
-1.021657 -15.130659 -77.021789
-1.021657 -15.130659 -77.021789
-1.021657 -15.130659 -77.021789
-1.021657 -15.130659 -77.021789
-1.021657 -15.130659 -77.021789
-1.021657 -15.130659 -77.021789
-1.021657 -15.130659 -77.021789
-1.021657 -15.130659 -77.021789
-1.021657 -15.130659 -77.021789
-1.034666 -15.133741 -77.049213
-1.034666 -15.133741 -77.049213
-1.034666 -15.133741 -77.049213
-1.034666 -15.133741 -77.049213
-1.034666 -15.133741 -77.049213
-1.034666 -15.133741 -77.049213
-1.034666 -15.133741 -77.049213
-1.034666 -15.133741 -77.049213
-1.034666 -15.133741 -77.049213
-1.034666 -15.133741 -77.049213
-1.033333 -15.130110 -77.074518
-1.033333 -15.130110 -77.074518
-1.033333 -15.130110 -77.074518
-1.033333 -15.130110 -77.074518
-1.033333 -15.130110 -77.074518
-1.033333 -15.130110 -77.074518
-1.033333 -15.130110 -77.074518
-1.033333 -15.130110 -77.074518
-1.033333 -15.130110 -77.074518
-1.033333 -15.130110 -77.074518
-1.032372 -15.142188 -77.078459
-1.032372 -15.142188 -77.078459
-1.032372 -15.142188 -77.078459
-1.032372 -15.142188 -77.078459
-1.032372 -15.142188 -77.078459
-1.032372 -15.142188 -77.078459
-1.032372 -15.142188 -77.078459
-1.032372 -15.142188 -77.078459
-1.032372 -15.142188 -77.078459
-1.035609 -15.141023 -77.081492
-1.035609 -15.141023 -77.081492
-1.035609 -15.141023 -77.081492
-1.035609 -15.141023 -77.081492
-1.035609 -15.141023 -77.081492
-1.035609 -15.141023 -77.081492
-1.035609 -15.141023 -77.081492
-1.035609 -15.141023 -77.081492
-1.035609 -15.141023 -77.081492
-1.035609 -15.141023 -77.081492
-1.025892 -15.141203 -77.079211
-1.025892 -15.141203 -77.079211
-1.025892 -15.141203 -77.079211
-1.025892 -15.141203 -77.079211
-1.025892 -15.141203 -77.079211
-1.025892 -15.141203 -77.079211
-1.025892 -15.141203 -77.079211
-1.025892 -15.141203 -77.079211
-1.025892 -15.141203 -77.079211
-1.025892 -15.141203 -77.079211
-1.032529 -15.140441 -77.086137
-1.032529 -15.140441 -77.086137
-1.032529 -15.140441 -77.086137
-1.032529 -15.140441 -77.086137
-1.032529 -15.140441 -77.086137
-1.032529 -15.140441 -77.086137
-1.032529 -15.140441 -77.086137
-1.032529 -15.140441 -77.086137
-0.980347 -15.145243 -76.935333
-0.980347 -15.145243 -76.935333
-0.980347 -15.145243 -76.935333
-0.980347 -15.145243 -76.935333
-0.980347 -15.145243 -76.935333
-0.980347 -15.145243 -76.935333
-0.980347 -15.145243 -76.935333
-0.980347 -15.145243 -76.935333
-0.980347 -15.145243 -76.935333
-0.980347 -15.145243 -76.935333
-0.980347 -15.145243 -76.935333
-1.010642 -15.141128 -76.994551
-1.010642 -15.141128 -76.994551
-1.010642 -15.141128 -76.994551
-1.010642 -15.141128 -76.994551
-1.010642 -15.141128 -76.994551
-1.010642 -15.141128 -76.994551
-1.010642 -15.141128 -76.994551
-1.010642 -15.141128 -76.994551
-1.010642 -15.141128 -76.994551
-1.010642 -15.141128 -76.994551
-1.011250 -15.144546 -76.990282
-1.011250 -15.144546 -76.990282
-1.011250 -15.144546 -76.990282
-1.011250 -15.144546 -76.990282
-1.011250 -15.144546 -76.990282
-1.011250 -15.144546 -76.990282
-1.011250 -15.144546 -76.990282
-1.011250 -15.144546 -76.990282
-1.011250 -15.144546 -76.990282
-1.011250 -15.144546 -76.990282
-1.012178 -15.143709 -76.961001
-1.012178 -15.143709 -76.961001
-1.012178 -15.143709 -76.961001
-1.012178 -15.143709 -76.961001
-1.012178 -15.143709 -76.961001
-1.012178 -15.143709 -76.961001
-1.012178 -15.143709 -76.961001
-1.012178 -15.143709 -76.961001
-1.012178 -15.143709 -76.961001
-1.012178 -15.143709 -76.961001
-1.021109 -15.144035 -76.998936
-1.021109 -15.144035 -76.998936
-1.021109 -15.144035 -76.998936
-1.021109 -15.144035 -76.998936
-1.021109 -15.144035 -76.998936
-1.021109 -15.144035 -76.998936
-1.021109 -15.144035 -76.998936
-1.021109 -15.144035 -76.998936
-1.021109 -15.144035 -76.998936
-1.021109 -15.144035 -76.998936
-1.021109 -15.144035 -76.998936
-1.021109 -15.144035 -76.998936
-1.020225 -15.136374 -77.004263
-1.020225 -15.136374 -77.004263
-1.020225 -15.136374 -77.004263
-1.020225 -15.136374 -77.004263
-1.020225 -15.136374 -77.004263
-1.020225 -15.136374 -77.004263
-1.020225 -15.136374 -77.004263
-1.020225 -15.136374 -77.004263
-1.020225 -15.136374 -77.004263
-1.020225 -15.136374 -77.004263
-1.011697 -15.139569 -76.956718
-1.011697 -15.139569 -76.956718
-1.011697 -15.139569 -76.956718
-1.011697 -15.139569 -76.956718
-1.011697 -15.139569 -76.956718
-1.011697 -15.139569 -76.956718
-1.011697 -15.139569 -76.956718
-1.011697 -15.139569 -76.956718
-1.011697 -15.139569 -76.956718
-1.011697 -15.139569 -76.956718
-1.003164 -15.138361 -76.941876
-1.003164 -15.138361 -76.941876
-1.003164 -15.138361 -76.941876
-1.003164 -15.138361 -76.941876
-1.003164 -15.138361 -76.941876
-1.003164 -15.138361 -76.941876
-1.003164 -15.138361 -76.941876
-1.003164 -15.138361 -76.941876
-1.003164 -15.138361 -76.941876
-1.014778 -15.148239 -76.944376
-1.014778 -15.148239 -76.944376
-1.014778 -15.148239 -76.944376
-1.014778 -15.148239 -76.944376
-1.014778 -15.148239 -76.944376
-1.014778 -15.148239 -76.944376
-1.014778 -15.148239 -76.944376
-1.014778 -15.148239 -76.944376
-1.014778 -15.148239 -76.944376
-1.014778 -15.148239 -76.944376
-1.038627 -15.150797 -76.959430
-1.038627 -15.150797 -76.959430
-1.038627 -15.150797 -76.959430
-1.038627 -15.150797 -76.959430
-1.038627 -15.150797 -76.959430
-1.038627 -15.150797 -76.959430
-1.038627 -15.150797 -76.959430
-1.038627 -15.150797 -76.959430
-1.033176 -15.150739 -76.955052
-1.033176 -15.150739 -76.955052
-1.033176 -15.150739 -76.955052
-1.033176 -15.150739 -76.955052
-1.033176 -15.150739 -76.955052
-1.033176 -15.150739 -76.955052
-1.033176 -15.150739 -76.955052
-1.033176 -15.150739 -76.955052
-1.033176 -15.150739 -76.955052
-1.033176 -15.150739 -76.955052
-1.037298 -15.152978 -76.984804
-1.037298 -15.152978 -76.984804
-1.037298 -15.152978 -76.984804
-1.037298 -15.152978 -76.984804
-1.037298 -15.152978 -76.984804
-1.037298 -15.152978 -76.984804
-1.037298 -15.152978 -76.984804
-1.037298 -15.152978 -76.984804
-1.037298 -15.152978 -76.984804
-1.010333 -15.131179 -77.015267
-1.010333 -15.131179 -77.015267
-1.010333 -15.131179 -77.015267
-1.010333 -15.131179 -77.015267
-1.010333 -15.131179 -77.015267
-1.010333 -15.131179 -77.015267
-1.010333 -15.131179 -77.015267
-1.010333 -15.131179 -77.015267
-0.971246 -15.102127 -77.049991
-0.971246 -15.102127 -77.049991
-0.971246 -15.102127 -77.049991
-0.971246 -15.102127 -77.049991
-0.971246 -15.102127 -77.049991
-0.971246 -15.102127 -77.049991
-0.971246 -15.102127 -77.049991
-0.971246 -15.102127 -77.049991
-0.843410 -15.026626 -77.012009
-0.843410 -15.026626 -77.012009
-0.843410 -15.026626 -77.012009
-0.843410 -15.026626 -77.012009
-0.843410 -15.026626 -77.012009
-0.843410 -15.026626 -77.012009
-0.843410 -15.026626 -77.012009
-0.843410 -15.026626 -77.012009
-0.843410 -15.026626 -77.012009
-0.843410 -15.026626 -77.012009
-0.939683 -15.101086 -76.923011
-0.939683 -15.101086 -76.923011
-0.939683 -15.101086 -76.923011
-0.939683 -15.101086 -76.923011
-0.939683 -15.101086 -76.923011
-0.939683 -15.101086 -76.923011
-0.939683 -15.101086 -76.923011
-0.939683 -15.101086 -76.923011
-0.921399 -15.100203 -76.851294
-0.921399 -15.100203 -76.851294
-0.921399 -15.100203 -76.851294
-0.921399 -15.100203 -76.851294
-0.921399 -15.100203 -76.851294
-0.921399 -15.100203 -76.851294
-0.921399 -15.100203 -76.851294
-0.921399 -15.100203 -76.851294
-0.921399 -15.100203 -76.851294
-0.939671 -15.120956 -76.818024
-0.939671 -15.120956 -76.818024
-0.939671 -15.120956 -76.818024
-0.939671 -15.120956 -76.818024
-0.939671 -15.120956 -76.818024
-0.939671 -15.120956 -76.818024
-0.939671 -15.120956 -76.818024
-0.939671 -15.120956 -76.818024
-0.939671 -15.120956 -76.818024
-0.939671 -15.120956 -76.818024
-0.939374 -15.123886 -76.779454
-0.939374 -15.123886 -76.779454
-0.939374 -15.123886 -76.779454
-0.939374 -15.123886 -76.779454
-0.939374 -15.123886 -76.779454
-0.939374 -15.123886 -76.779454
-0.939374 -15.123886 -76.779454
-0.939374 -15.123886 -76.779454
-0.939374 -15.123886 -76.779454
-0.939374 -15.123886 -76.779454
-0.937393 -15.112477 -76.766552
-0.937393 -15.112477 -76.766552
-0.937393 -15.112477 -76.766552
-0.937393 -15.112477 -76.766552
-0.937393 -15.112477 -76.766552
-0.937393 -15.112477 -76.766552
-0.937393 -15.112477 -76.766552
-0.937393 -15.112477 -76.766552
-0.937393 -15.112477 -76.766552
-0.957414 -15.116052 -76.744429
-0.957414 -15.116052 -76.744429
-0.957414 -15.116052 -76.744429
-0.957414 -15.116052 -76.744429
-0.957414 -15.116052 -76.744429
-0.957414 -15.116052 -76.744429
-0.957414 -15.116052 -76.744429
-0.957414 -15.116052 -76.744429
-0.957414 -15.116052 -76.744429
-0.957414 -15.116052 -76.744429
-0.957414 -15.116052 -76.744429
-0.962702 -15.111814 -76.781121
-0.962702 -15.111814 -76.781121
-0.962702 -15.111814 -76.781121
-0.962702 -15.111814 -76.781121
-0.962702 -15.111814 -76.781121
-0.962702 -15.111814 -76.781121
-0.962702 -15.111814 -76.781121
-0.962702 -15.111814 -76.781121
-0.962702 -15.111814 -76.781121
-0.974090 -15.126654 -76.781824
-0.974090 -15.126654 -76.781824
-0.974090 -15.126654 -76.781824
-0.974090 -15.126654 -76.781824
-0.974090 -15.126654 -76.781824
-0.974090 -15.126654 -76.781824
-0.974090 -15.126654 -76.781824
-0.974090 -15.126654 -76.781824
-0.974090 -15.126654 -76.781824
-0.994642 -15.125550 -76.787726
-0.994642 -15.125550 -76.787726
-0.994642 -15.125550 -76.787726
-0.994642 -15.125550 -76.787726
-0.994642 -15.125550 -76.787726
-0.994642 -15.125550 -76.787726
-0.994642 -15.125550 -76.787726
-0.994642 -15.125550 -76.787726
-0.994642 -15.125550 -76.787726
-0.994642 -15.125550 -76.787726
-0.977601 -15.117350 -76.803920
-0.977601 -15.117350 -76.803920
-0.977601 -15.117350 -76.803920
-0.977601 -15.117350 -76.803920
-0.977601 -15.117350 -76.803920
-0.977601 -15.117350 -76.803920
-0.977601 -15.117350 -76.803920
-0.977601 -15.117350 -76.803920
-0.977601 -15.117350 -76.803920
-0.977601 -15.117350 -76.803920
-0.990030 -15.115371 -76.858500
-0.990030 -15.115371 -76.858500
-0.990030 -15.115371 -76.858500
-0.990030 -15.115371 -76.858500
-0.990030 -15.115371 -76.858500
-0.990030 -15.115371 -76.858500
-0.990030 -15.115371 -76.858500
-0.990030 -15.115371 -76.858500
-0.990030 -15.115371 -76.858500
-0.990030 -15.115371 -76.858500
-0.984640 -15.112446 -76.883615
-0.984640 -15.112446 -76.883615
-0.984640 -15.112446 -76.883615
-0.984640 -15.112446 -76.883615
-0.984640 -15.112446 -76.883615
-0.984640 -15.112446 -76.883615
-0.984640 -15.112446 -76.883615
-0.984640 -15.112446 -76.883615
-0.984640 -15.112446 -76.883615
-0.970827 -15.119723 -76.859470
-0.970827 -15.119723 -76.859470
-0.970827 -15.119723 -76.859470
-0.970827 -15.119723 -76.859470
-0.970827 -15.119723 -76.859470
-0.970827 -15.119723 -76.859470
-0.970827 -15.119723 -76.859470
-0.970827 -15.119723 -76.859470
-0.970827 -15.119723 -76.859470
-0.970827 -15.119723 -76.859470
-0.975412 -15.114833 -76.910758
-0.975412 -15.114833 -76.910758
-0.975412 -15.114833 -76.910758
-0.975412 -15.114833 -76.910758
-0.975412 -15.114833 -76.910758
-0.975412 -15.114833 -76.910758
-0.975412 -15.114833 -76.910758
-0.975412 -15.114833 -76.910758
-0.975412 -15.114833 -76.910758
-0.975412 -15.114833 -76.910758
-0.970475 -15.109553 -76.877563
-0.970475 -15.109553 -76.877563
-0.970475 -15.109553 -76.877563
-0.970475 -15.109553 -76.877563
-0.970475 -15.109553 -76.877563
-0.970475 -15.109553 -76.877563
-0.970475 -15.109553 -76.877563
-0.970475 -15.109553 -76.877563
-0.970475 -15.109553 -76.877563
-0.965009 -15.103988 -76.858391
-0.965009 -15.103988 -76.858391
-0.965009 -15.103988 -76.858391
-0.965009 -15.103988 -76.858391
-0.965009 -15.103988 -76.858391
-0.965009 -15.103988 -76.858391
-0.965009 -15.103988 -76.858391
-0.985352 -15.111292 -76.933031
-0.985352 -15.111292 -76.933031
-0.985352 -15.111292 -76.933031
-0.985352 -15.111292 -76.933031
-0.985352 -15.111292 -76.933031
-0.985352 -15.111292 -76.933031
-0.985352 -15.111292 -76.933031
-0.985352 -15.111292 -76.933031
-0.985352 -15.111292 -76.933031
-0.994943 -15.105836 -76.984988
-0.994943 -15.105836 -76.984988
-0.994943 -15.105836 -76.984988
-0.994943 -15.105836 -76.984988
-0.994943 -15.105836 -76.984988
-0.994943 -15.105836 -76.984988
-0.994943 -15.105836 -76.984988
-0.994943 -15.105836 -76.984988
-0.994943 -15.105836 -76.984988
-0.994943 -15.105836 -76.984988
-0.991963 -15.111727 -77.003553
-0.991963 -15.111727 -77.003553
-0.991963 -15.111727 -77.003553
-0.991963 -15.111727 -77.003553
-0.991963 -15.111727 -77.003553
-0.991963 -15.111727 -77.003553
-0.991963 -15.111727 -77.003553
-0.991963 -15.111727 -77.003553
-0.991963 -15.111727 -77.003553
-0.990275 -15.113564 -77.011640
-0.990275 -15.113564 -77.011640
-0.990275 -15.113564 -77.011640
-0.990275 -15.113564 -77.011640
-0.990275 -15.113564 -77.011640
-0.990275 -15.113564 -77.011640
-0.990275 -15.113564 -77.011640
-0.990275 -15.113564 -77.011640
-0.990275 -15.113564 -77.011640
-0.990275 -15.113564 -77.011640
-0.981770 -15.106848 -77.020116
-0.981770 -15.106848 -77.020116
-0.981770 -15.106848 -77.020116
-0.981770 -15.106848 -77.020116
-0.981770 -15.106848 -77.020116
-0.981770 -15.106848 -77.020116
-0.981770 -15.106848 -77.020116
-0.981770 -15.106848 -77.020116
-0.981770 -15.106848 -77.020116
-0.981770 -15.106848 -77.020116
-0.981770 -15.106848 -77.020116
-0.981770 -15.106848 -77.020116
-0.969844 -15.102325 -76.982707
-0.969844 -15.102325 -76.982707
-0.969844 -15.102325 -76.982707
-0.969844 -15.102325 -76.982707
-0.969844 -15.102325 -76.982707
-0.969844 -15.102325 -76.982707
-0.969844 -15.102325 -76.982707
-0.969844 -15.102325 -76.982707
-0.969844 -15.102325 -76.982707
-0.969844 -15.102325 -76.982707
-0.967151 -15.107660 -76.991853
-0.967151 -15.107660 -76.991853
-0.967151 -15.107660 -76.991853
-0.967151 -15.107660 -76.991853
-0.967151 -15.107660 -76.991853
-0.967151 -15.107660 -76.991853
-0.967151 -15.107660 -76.991853
-0.967151 -15.107660 -76.991853
-0.967151 -15.107660 -76.991853
-0.946704 -15.102875 -76.904174
-0.946704 -15.102875 -76.904174
-0.946704 -15.102875 -76.904174
-0.946704 -15.102875 -76.904174
-0.946704 -15.102875 -76.904174
-0.946704 -15.102875 -76.904174
-0.946704 -15.102875 -76.904174
-0.946704 -15.102875 -76.904174
-0.946704 -15.102875 -76.904174
-0.946704 -15.102875 -76.904174
-0.962662 -15.115943 -76.864716
-0.962662 -15.115943 -76.864716
-0.962662 -15.115943 -76.864716
-0.962662 -15.115943 -76.864716
-0.962662 -15.115943 -76.864716
-0.962662 -15.115943 -76.864716
-0.962662 -15.115943 -76.864716
-0.962662 -15.115943 -76.864716
-0.962662 -15.115943 -76.864716
-0.962662 -15.115943 -76.864716
-0.962662 -15.115943 -76.864716
-0.975814 -15.113940 -76.880760
-0.975814 -15.113940 -76.880760
-0.975814 -15.113940 -76.880760
-0.975814 -15.113940 -76.880760
-0.975814 -15.113940 -76.880760
-0.975814 -15.113940 -76.880760
-0.975814 -15.113940 -76.880760
-0.975814 -15.113940 -76.880760
-0.975814 -15.113940 -76.880760
-0.975814 -15.113940 -76.880760
-0.975814 -15.113940 -76.880760
-0.998555 -15.119889 -76.900574
-0.998555 -15.119889 -76.900574
-0.998555 -15.119889 -76.900574
-0.998555 -15.119889 -76.900574
-0.998555 -15.119889 -76.900574
-0.998555 -15.119889 -76.900574
-0.998555 -15.119889 -76.900574
-0.998555 -15.119889 -76.900574
-0.989756 -15.123362 -76.870111
-0.989756 -15.123362 -76.870111
-0.989756 -15.123362 -76.870111
-0.989756 -15.123362 -76.870111
-0.989756 -15.123362 -76.870111
-0.989756 -15.123362 -76.870111
-0.989756 -15.123362 -76.870111
-0.989756 -15.123362 -76.870111
-0.989756 -15.123362 -76.870111
-0.989756 -15.123362 -76.870111
-0.991900 -15.113525 -76.891121
-0.991900 -15.113525 -76.891121
-0.991900 -15.113525 -76.891121
-0.991900 -15.113525 -76.891121
-0.991900 -15.113525 -76.891121
-0.991900 -15.113525 -76.891121
-0.991900 -15.113525 -76.891121
-0.991900 -15.113525 -76.891121
-0.991900 -15.113525 -76.891121
-0.991900 -15.113525 -76.891121
-0.986001 -15.119216 -76.874449
-0.986001 -15.119216 -76.874449
-0.986001 -15.119216 -76.874449
-0.986001 -15.119216 -76.874449
-0.986001 -15.119216 -76.874449
-0.986001 -15.119216 -76.874449
-0.986001 -15.119216 -76.874449
-0.986001 -15.119216 -76.874449
-0.986001 -15.119216 -76.874449
-0.986001 -15.119216 -76.874449
-0.986001 -15.119216 -76.874449
-0.999742 -15.124404 -76.926057
-0.999742 -15.124404 -76.926057
-0.999742 -15.124404 -76.926057
-0.999742 -15.124404 -76.926057
-0.999742 -15.124404 -76.926057
-0.999742 -15.124404 -76.926057
-0.999742 -15.124404 -76.926057
-1.001729 -15.124431 -76.960741
-1.001729 -15.124431 -76.960741
-1.001729 -15.124431 -76.960741
-1.001729 -15.124431 -76.960741
-1.001729 -15.124431 -76.960741
-1.001729 -15.124431 -76.960741
-1.001729 -15.124431 -76.960741
-1.001729 -15.124431 -76.960741
-1.001729 -15.124431 -76.960741
-1.001729 -15.124431 -76.960741
-0.990494 -15.121178 -76.924603
-0.990494 -15.121178 -76.924603
-0.990494 -15.121178 -76.924603
-0.990494 -15.121178 -76.924603
-0.990494 -15.121178 -76.924603
-0.990494 -15.121178 -76.924603
-0.990494 -15.121178 -76.924603
-0.990494 -15.121178 -76.924603
-0.990494 -15.121178 -76.924603
-0.990494 -15.121178 -76.924603
-0.990494 -15.121178 -76.924603
-0.998991 -15.132938 -76.956254
-0.998991 -15.132938 -76.956254
-0.998991 -15.132938 -76.956254
-0.998991 -15.132938 -76.956254
-0.998991 -15.132938 -76.956254
-0.998991 -15.132938 -76.956254
-0.998991 -15.132938 -76.956254
-0.998991 -15.132938 -76.956254
-0.998991 -15.132938 -76.956254
-1.017204 -15.129180 -76.972687
-1.017204 -15.129180 -76.972687
-1.017204 -15.129180 -76.972687
-1.017204 -15.129180 -76.972687
-1.017204 -15.129180 -76.972687
-1.017204 -15.129180 -76.972687
-1.017204 -15.129180 -76.972687
-1.017204 -15.129180 -76.972687
-1.017204 -15.129180 -76.972687
-1.017204 -15.129180 -76.972687
-1.022430 -15.118383 -77.009768
-1.022430 -15.118383 -77.009768
-1.022430 -15.118383 -77.009768
-1.022430 -15.118383 -77.009768
-1.022430 -15.118383 -77.009768
-1.022430 -15.118383 -77.009768
-1.022430 -15.118383 -77.009768
-1.022430 -15.118383 -77.009768
-1.022430 -15.118383 -77.009768
-1.022430 -15.118383 -77.009768
-1.002841 -15.113371 -77.012978
-1.002841 -15.113371 -77.012978
-1.002841 -15.113371 -77.012978
-1.002841 -15.113371 -77.012978
-1.002841 -15.113371 -77.012978
-1.002841 -15.113371 -77.012978
-1.002841 -15.113371 -77.012978
-1.002841 -15.113371 -77.012978
-1.002841 -15.113371 -77.012978
-1.002841 -15.113371 -77.012978
-1.011377 -15.122203 -77.061384
-1.011377 -15.122203 -77.061384
-1.011377 -15.122203 -77.061384
-1.011377 -15.122203 -77.061384
-1.011377 -15.122203 -77.061384
-1.011377 -15.122203 -77.061384
-1.011377 -15.122203 -77.061384
-1.011377 -15.122203 -77.061384
-1.011377 -15.122203 -77.061384
-1.011377 -15.122203 -77.061384
-1.011377 -15.122203 -77.061384
-0.983373 -15.111059 -77.063863
-0.983373 -15.111059 -77.063863
-0.983373 -15.111059 -77.063863
-0.983373 -15.111059 -77.063863
-0.983373 -15.111059 -77.063863
-0.983373 -15.111059 -77.063863
-0.983373 -15.111059 -77.063863
-0.983373 -15.111059 -77.063863
-0.983373 -15.111059 -77.063863
-0.983373 -15.111059 -77.063863
-0.996708 -15.136833 -77.029323
-0.996708 -15.136833 -77.029323
-0.996708 -15.136833 -77.029323
-0.996708 -15.136833 -77.029323
-0.996708 -15.136833 -77.029323
-0.996708 -15.136833 -77.029323
-0.996708 -15.136833 -77.029323
-0.996708 -15.136833 -77.029323
-0.996708 -15.136833 -77.029323
-1.011963 -15.125700 -77.057183
-1.011963 -15.125700 -77.057183
-1.011963 -15.125700 -77.057183
-1.011963 -15.125700 -77.057183
-1.011963 -15.125700 -77.057183
-1.011963 -15.125700 -77.057183
-1.011963 -15.125700 -77.057183
-1.011963 -15.125700 -77.057183
-1.011963 -15.125700 -77.057183
-1.009665 -15.131465 -77.059642
-1.009665 -15.131465 -77.059642
-1.009665 -15.131465 -77.059642
-1.009665 -15.131465 -77.059642
-1.009665 -15.131465 -77.059642
-1.009665 -15.131465 -77.059642
-1.009665 -15.131465 -77.059642
-1.009665 -15.131465 -77.059642
-1.007303 -15.133420 -77.064137
-1.007303 -15.133420 -77.064137
-1.007303 -15.133420 -77.064137
-1.007303 -15.133420 -77.064137
-1.007303 -15.133420 -77.064137
-1.007303 -15.133420 -77.064137
-1.007303 -15.133420 -77.064137
-1.007303 -15.133420 -77.064137
-1.007303 -15.133420 -77.064137
-1.007303 -15.133420 -77.064137
-1.007177 -15.136807 -77.055865
-1.007177 -15.136807 -77.055865
-1.007177 -15.136807 -77.055865
-1.007177 -15.136807 -77.055865
-1.007177 -15.136807 -77.055865
-1.007177 -15.136807 -77.055865
-1.007177 -15.136807 -77.055865
-1.007177 -15.136807 -77.055865
-1.007177 -15.136807 -77.055865
-1.005834 -15.130406 -77.069259
-1.005834 -15.130406 -77.069259
-1.005834 -15.130406 -77.069259
-1.005834 -15.130406 -77.069259
-1.005834 -15.130406 -77.069259
-1.005834 -15.130406 -77.069259
-1.005834 -15.130406 -77.069259
-1.005834 -15.130406 -77.069259
-1.005834 -15.130406 -77.069259
-0.978450 -15.110617 -77.051514
-0.978450 -15.110617 -77.051514
-0.978450 -15.110617 -77.051514
-0.978450 -15.110617 -77.051514
-0.978450 -15.110617 -77.051514
-0.978450 -15.110617 -77.051514
-0.978450 -15.110617 -77.051514
-0.978450 -15.110617 -77.051514
-0.978450 -15.110617 -77.051514
-0.978450 -15.110617 -77.051514
-0.968104 -15.112099 -77.034029
-0.968104 -15.112099 -77.034029
-0.968104 -15.112099 -77.034029
-0.968104 -15.112099 -77.034029
-0.968104 -15.112099 -77.034029
-0.968104 -15.112099 -77.034029
-0.968104 -15.112099 -77.034029
-0.968104 -15.112099 -77.034029
-0.968104 -15.112099 -77.034029
-0.968104 -15.112099 -77.034029
-0.946064 -15.110916 -76.924295
-0.946064 -15.110916 -76.924295
-0.946064 -15.110916 -76.924295
-0.946064 -15.110916 -76.924295
-0.946064 -15.110916 -76.924295
-0.946064 -15.110916 -76.924295
-0.946064 -15.110916 -76.924295
-0.946064 -15.110916 -76.924295
-0.946064 -15.110916 -76.924295
-0.964544 -15.114369 -76.944328
-0.964544 -15.114369 -76.944328
-0.964544 -15.114369 -76.944328
-0.964544 -15.114369 -76.944328
-0.964544 -15.114369 -76.944328
-0.964544 -15.114369 -76.944328
-0.964544 -15.114369 -76.944328
-0.964544 -15.114369 -76.944328
-0.964544 -15.114369 -76.944328
-0.964544 -15.114369 -76.944328
-0.966856 -15.117418 -76.930552
-0.966856 -15.117418 -76.930552
-0.966856 -15.117418 -76.930552
-0.966856 -15.117418 -76.930552
-0.966856 -15.117418 -76.930552
-0.966856 -15.117418 -76.930552
-0.966856 -15.117418 -76.930552
-0.966856 -15.117418 -76.930552
-0.966856 -15.117418 -76.930552
-0.966856 -15.117418 -76.930552
-0.977638 -15.120292 -76.979278
-0.977638 -15.120292 -76.979278
-0.977638 -15.120292 -76.979278
-0.977638 -15.120292 -76.979278
-0.977638 -15.120292 -76.979278
-0.977638 -15.120292 -76.979278
-0.977638 -15.120292 -76.979278
-0.977638 -15.120292 -76.979278
-0.977638 -15.120292 -76.979278
-0.977638 -15.120292 -76.979278
-0.977638 -15.120292 -76.979278
-0.977638 -15.120292 -76.979278
-0.977638 -15.120292 -76.979278
-0.977638 -15.120292 -76.979278
-0.977638 -15.120292 -76.979278
-0.977638 -15.120292 -76.979278
-0.977638 -15.120292 -76.979278
-0.977638 -15.120292 -76.979278
-0.977638 -15.120292 -76.979278
-0.977638 -15.120292 -76.979278
-1.007523 -15.141035 -76.971137
-1.007523 -15.141035 -76.971137
-1.007523 -15.141035 -76.971137
-1.007523 -15.141035 -76.971137
-1.007523 -15.141035 -76.971137
-1.007523 -15.141035 -76.971137
-1.007523 -15.141035 -76.971137
-1.007523 -15.141035 -76.971137
-1.007523 -15.141035 -76.971137
-1.006922 -15.141023 -76.964115
-1.006922 -15.141023 -76.964115
-1.006922 -15.141023 -76.964115
-1.006922 -15.141023 -76.964115
-1.006922 -15.141023 -76.964115
-1.006922 -15.141023 -76.964115
-1.006922 -15.141023 -76.964115
-1.006922 -15.141023 -76.964115
-1.006922 -15.141023 -76.964115
-1.006922 -15.141023 -76.964115
-1.005379 -15.141952 -76.965543
-1.005379 -15.141952 -76.965543
-1.005379 -15.141952 -76.965543
-1.005379 -15.141952 -76.965543
-1.005379 -15.141952 -76.965543
-1.005379 -15.141952 -76.965543
-1.005379 -15.141952 -76.965543
-1.005379 -15.141952 -76.965543
-1.005379 -15.141952 -76.965543
-1.005379 -15.141952 -76.965543
-1.005654 -15.141390 -76.957995
-1.005654 -15.141390 -76.957995
-1.005654 -15.141390 -76.957995
-1.005654 -15.141390 -76.957995
-1.005654 -15.141390 -76.957995
-1.005654 -15.141390 -76.957995
-1.005654 -15.141390 -76.957995
-1.005654 -15.141390 -76.957995
-1.005654 -15.141390 -76.957995
-1.005654 -15.141390 -76.957995
-1.004383 -15.140574 -76.960454
-1.004383 -15.140574 -76.960454
-1.004383 -15.140574 -76.960454
-1.004383 -15.140574 -76.960454
-1.004383 -15.140574 -76.960454
-1.004383 -15.140574 -76.960454
-1.004383 -15.140574 -76.960454
-1.004383 -15.140574 -76.960454
-1.004383 -15.140574 -76.960454
-0.999940 -15.133039 -76.957927
-0.999940 -15.133039 -76.957927
-0.999940 -15.133039 -76.957927
-0.999940 -15.133039 -76.957927
-0.999940 -15.133039 -76.957927
-0.999940 -15.133039 -76.957927
-0.999940 -15.133039 -76.957927
-0.999940 -15.133039 -76.957927
-0.999940 -15.133039 -76.957927
-0.999940 -15.133039 -76.957927
-0.999940 -15.133039 -76.957927
-0.996315 -15.129771 -76.942846
-0.996315 -15.129771 -76.942846
-0.996315 -15.129771 -76.942846
-0.996315 -15.129771 -76.942846
-0.996315 -15.129771 -76.942846
-0.996315 -15.129771 -76.942846
-0.996315 -15.129771 -76.942846
-0.996315 -15.129771 -76.942846
-0.996315 -15.129771 -76.942846
-0.996315 -15.129771 -76.942846
-0.996315 -15.129771 -76.942846
-1.004982 -15.133148 -76.948256
-1.004982 -15.133148 -76.948256
-1.004982 -15.133148 -76.948256
-1.004982 -15.133148 -76.948256
-1.004982 -15.133148 -76.948256
-1.004982 -15.133148 -76.948256
-1.004982 -15.133148 -76.948256
-1.004982 -15.133148 -76.948256
-1.004982 -15.133148 -76.948256
-0.997431 -15.137868 -76.929985
-0.997431 -15.137868 -76.929985
-0.997431 -15.137868 -76.929985
-0.997431 -15.137868 -76.929985
-0.997431 -15.137868 -76.929985
-0.997431 -15.137868 -76.929985
-0.997431 -15.137868 -76.929985
-0.997431 -15.137868 -76.929985
-0.997431 -15.137868 -76.929985
-0.997431 -15.137868 -76.929985
-0.997431 -15.137868 -76.929985
-1.009955 -15.134224 -76.943987
-1.009955 -15.134224 -76.943987
-1.009955 -15.134224 -76.943987
-1.009955 -15.134224 -76.943987
-1.009955 -15.134224 -76.943987
-1.009955 -15.134224 -76.943987
-1.009955 -15.134224 -76.943987
-1.009955 -15.134224 -76.943987
-1.009955 -15.134224 -76.943987
-1.009955 -15.134224 -76.943987
-1.028388 -15.136497 -76.994107
-1.028388 -15.136497 -76.994107
-1.028388 -15.136497 -76.994107
-1.028388 -15.136497 -76.994107
-1.028388 -15.136497 -76.994107
-1.028388 -15.136497 -76.994107
-1.028388 -15.136497 -76.994107
-1.028388 -15.136497 -76.994107
-1.028388 -15.136497 -76.994107
-1.012650 -15.137555 -76.987488
-1.012650 -15.137555 -76.987488
-1.012650 -15.137555 -76.987488
-1.012650 -15.137555 -76.987488
-1.012650 -15.137555 -76.987488
-1.012650 -15.137555 -76.987488
-1.012650 -15.137555 -76.987488
-1.012650 -15.137555 -76.987488
-1.012650 -15.137555 -76.987488
-1.012650 -15.137555 -76.987488
-1.012258 -15.135066 -76.991272
-1.012258 -15.135066 -76.991272
-1.012258 -15.135066 -76.991272
-1.012258 -15.135066 -76.991272
-1.012258 -15.135066 -76.991272
-1.012258 -15.135066 -76.991272
-1.012258 -15.135066 -76.991272
-1.012258 -15.135066 -76.991272
-1.012258 -15.135066 -76.991272
-1.012258 -15.135066 -76.991272
-1.020081 -15.127050 -77.039862
-1.020081 -15.127050 -77.039862
-1.020081 -15.127050 -77.039862
-1.020081 -15.127050 -77.039862
-1.020081 -15.127050 -77.039862
-1.020081 -15.127050 -77.039862
-1.020081 -15.127050 -77.039862
-1.020081 -15.127050 -77.039862
-1.020081 -15.127050 -77.039862
-1.020081 -15.127050 -77.039862
-1.020081 -15.127050 -77.039862
-1.008235 -15.119921 -77.016312
-1.008235 -15.119921 -77.016312
-1.008235 -15.119921 -77.016312
-1.008235 -15.119921 -77.016312
-1.008235 -15.119921 -77.016312
-1.008235 -15.119921 -77.016312
-1.008235 -15.119921 -77.016312
-1.008235 -15.119921 -77.016312
-1.008235 -15.119921 -77.016312
-1.008235 -15.119921 -77.016312
-1.019800 -15.132417 -77.067716
-1.019800 -15.132417 -77.067716
-1.019800 -15.132417 -77.067716
-1.019800 -15.132417 -77.067716
-1.019800 -15.132417 -77.067716
-1.019800 -15.132417 -77.067716
-1.019800 -15.132417 -77.067716
-1.019800 -15.132417 -77.067716
-1.019800 -15.132417 -77.067716
-1.019800 -15.132417 -77.067716
-1.019800 -15.132417 -77.067716
-1.018675 -15.122969 -77.074484
-1.018675 -15.122969 -77.074484
-1.018675 -15.122969 -77.074484
-1.018675 -15.122969 -77.074484
-1.018675 -15.122969 -77.074484
-1.018675 -15.122969 -77.074484
-1.018675 -15.122969 -77.074484
-1.018675 -15.122969 -77.074484
-1.018675 -15.122969 -77.074484
-1.013478 -15.116534 -77.077920
-1.013478 -15.116534 -77.077920
-1.013478 -15.116534 -77.077920
-1.013478 -15.116534 -77.077920
-1.013478 -15.116534 -77.077920
-1.013478 -15.116534 -77.077920
-1.013478 -15.116534 -77.077920
-1.013478 -15.116534 -77.077920
-1.013478 -15.116534 -77.077920
-1.013478 -15.116534 -77.077920
-0.991650 -15.118059 -77.005677
-0.991650 -15.118059 -77.005677
-0.991650 -15.118059 -77.005677
-0.991650 -15.118059 -77.005677
-0.991650 -15.118059 -77.005677
-0.991650 -15.118059 -77.005677
-0.991650 -15.118059 -77.005677
-0.991650 -15.118059 -77.005677
-0.991650 -15.118059 -77.005677
-0.991650 -15.118059 -77.005677
-0.991650 -15.118059 -77.005677
-0.978882 -15.112835 -76.945701
-0.978882 -15.112835 -76.945701
-0.978882 -15.112835 -76.945701
-0.978882 -15.112835 -76.945701
-0.978882 -15.112835 -76.945701
-0.978882 -15.112835 -76.945701
-0.978882 -15.112835 -76.945701
-0.978882 -15.112835 -76.945701
-0.978882 -15.112835 -76.945701
-1.003119 -15.121928 -77.004249
-1.003119 -15.121928 -77.004249
-1.003119 -15.121928 -77.004249
-1.003119 -15.121928 -77.004249
-1.003119 -15.121928 -77.004249
-1.003119 -15.121928 -77.004249
-1.003119 -15.121928 -77.004249
-1.003119 -15.121928 -77.004249
-1.003119 -15.121928 -77.004249
-1.003119 -15.121928 -77.004249
-0.993707 -15.118991 -76.978363
-0.993707 -15.118991 -76.978363
-0.993707 -15.118991 -76.978363
-0.993707 -15.118991 -76.978363
-0.993707 -15.118991 -76.978363
-0.993707 -15.118991 -76.978363
-0.993707 -15.118991 -76.978363
-0.993707 -15.118991 -76.978363
-0.993707 -15.118991 -76.978363
-0.993707 -15.118991 -76.978363
-0.993707 -15.118991 -76.978363
-0.995454 -15.119387 -76.989360
-0.995454 -15.119387 -76.989360
-0.995454 -15.119387 -76.989360
-0.995454 -15.119387 -76.989360
-0.995454 -15.119387 -76.989360
-0.995454 -15.119387 -76.989360
-0.995454 -15.119387 -76.989360
-0.995454 -15.119387 -76.989360
-0.995454 -15.119387 -76.989360
-0.995454 -15.119387 -76.989360
-1.005051 -15.120975 -76.997597
-1.005051 -15.120975 -76.997597
-1.005051 -15.120975 -76.997597
-1.005051 -15.120975 -76.997597
-1.005051 -15.120975 -76.997597
-1.005051 -15.120975 -76.997597
-1.005051 -15.120975 -76.997597
-1.005051 -15.120975 -76.997597
-1.005051 -15.120975 -76.997597
-1.005051 -15.120975 -76.997597
-1.001214 -15.126777 -76.981628
-1.001214 -15.126777 -76.981628
-1.001214 -15.126777 -76.981628
-1.001214 -15.126777 -76.981628
-1.001214 -15.126777 -76.981628
-1.001214 -15.126777 -76.981628
-1.001214 -15.126777 -76.981628
-1.001214 -15.126777 -76.981628
-1.001214 -15.126777 -76.981628
-1.001214 -15.126777 -76.981628
-0.998267 -15.128285 -76.966499
-0.998267 -15.128285 -76.966499
-0.998267 -15.128285 -76.966499
-0.998267 -15.128285 -76.966499
-0.998267 -15.128285 -76.966499
-0.998267 -15.128285 -76.966499
-0.998267 -15.128285 -76.966499
-0.998267 -15.128285 -76.966499
-0.998267 -15.128285 -76.966499
-0.998267 -15.128285 -76.966499
-0.998267 -15.128285 -76.966499
-1.003791 -15.117980 -76.971526
-1.003791 -15.117980 -76.971526
-1.003791 -15.117980 -76.971526
-1.003791 -15.117980 -76.971526
-1.003791 -15.117980 -76.971526
-1.003791 -15.117980 -76.971526
-1.003791 -15.117980 -76.971526
-1.003791 -15.117980 -76.971526
-1.003791 -15.117980 -76.971526
-1.003791 -15.117980 -76.971526
-1.009045 -15.121776 -76.958009
-1.009045 -15.121776 -76.958009
-1.009045 -15.121776 -76.958009
-1.009045 -15.121776 -76.958009
-1.009045 -15.121776 -76.958009
-1.009045 -15.121776 -76.958009
-1.009045 -15.121776 -76.958009
-1.009045 -15.121776 -76.958009
-1.009045 -15.121776 -76.958009
-1.009045 -15.121776 -76.958009
-1.004337 -15.112700 -76.960666
-1.004337 -15.112700 -76.960666
-1.004337 -15.112700 -76.960666
-1.004337 -15.112700 -76.960666
-1.004337 -15.112700 -76.960666
-1.004337 -15.112700 -76.960666
-1.004337 -15.112700 -76.960666
-1.004337 -15.112700 -76.960666
-1.004337 -15.112700 -76.960666
-1.004337 -15.112700 -76.960666
-1.000291 -15.114614 -76.929104
-1.000291 -15.114614 -76.929104
-1.000291 -15.114614 -76.929104
-1.000291 -15.114614 -76.929104
-1.000291 -15.114614 -76.929104
-1.000291 -15.114614 -76.929104
-1.000291 -15.114614 -76.929104
-1.000291 -15.114614 -76.929104
-1.000291 -15.114614 -76.929104
-1.006896 -15.123871 -76.942805
-1.006896 -15.123871 -76.942805
-1.006896 -15.123871 -76.942805
-1.006896 -15.123871 -76.942805
-1.006896 -15.123871 -76.942805
-1.006896 -15.123871 -76.942805
-1.006896 -15.123871 -76.942805
-1.006896 -15.123871 -76.942805
-1.006896 -15.123871 -76.942805
-1.006896 -15.123871 -76.942805
-0.995271 -15.122778 -76.923182
-0.995271 -15.122778 -76.923182
-0.995271 -15.122778 -76.923182
-0.995271 -15.122778 -76.923182
-0.995271 -15.122778 -76.923182
-0.995271 -15.122778 -76.923182
-0.995271 -15.122778 -76.923182
-0.995271 -15.122778 -76.923182
-0.995271 -15.122778 -76.923182
-0.995271 -15.122778 -76.923182
-0.995271 -15.122778 -76.923182
-1.005770 -15.116824 -76.957879
-1.005770 -15.116824 -76.957879
-1.005770 -15.116824 -76.957879
-1.005770 -15.116824 -76.957879
-1.005770 -15.116824 -76.957879
-1.005770 -15.116824 -76.957879
-1.005770 -15.116824 -76.957879
-1.005770 -15.116824 -76.957879
-1.005770 -15.116824 -76.957879
-1.003578 -15.111365 -76.975098
-1.003578 -15.111365 -76.975098
-1.003578 -15.111365 -76.975098
-1.003578 -15.111365 -76.975098
-1.003578 -15.111365 -76.975098
-1.003578 -15.111365 -76.975098
-1.003578 -15.111365 -76.975098
-1.003578 -15.111365 -76.975098
-1.003578 -15.111365 -76.975098
-1.003578 -15.111365 -76.975098
-0.997507 -15.113720 -76.973097
-0.997507 -15.113720 -76.973097
-0.997507 -15.113720 -76.973097
-0.997507 -15.113720 -76.973097
-0.997507 -15.113720 -76.973097
-0.997507 -15.113720 -76.973097
-0.997507 -15.113720 -76.973097
-0.997507 -15.113720 -76.973097
-0.997507 -15.113720 -76.973097
-0.997507 -15.113720 -76.973097
-1.008356 -15.113887 -76.995029
-1.008356 -15.113887 -76.995029
-1.008356 -15.113887 -76.995029
-1.008356 -15.113887 -76.995029
-1.008356 -15.113887 -76.995029
-1.008356 -15.113887 -76.995029
-1.008356 -15.113887 -76.995029
-1.008356 -15.113887 -76.995029
-1.008356 -15.113887 -76.995029
-1.012757 -15.108237 -77.016421
-1.012757 -15.108237 -77.016421
-1.012757 -15.108237 -77.016421
-1.012757 -15.108237 -77.016421
-1.012757 -15.108237 -77.016421
-1.012757 -15.108237 -77.016421
-1.012757 -15.108237 -77.016421
-1.012757 -15.108237 -77.016421
-1.012757 -15.108237 -77.016421
-1.012757 -15.108237 -77.016421
-1.006751 -15.108599 -77.032731
-1.006751 -15.108599 -77.032731
-1.006751 -15.108599 -77.032731
-1.006751 -15.108599 -77.032731
-1.006751 -15.108599 -77.032731
-1.006751 -15.108599 -77.032731
-1.006751 -15.108599 -77.032731
-1.006751 -15.108599 -77.032731
-1.006751 -15.108599 -77.032731
-1.006751 -15.108599 -77.032731
-1.004448 -15.111160 -77.033763
-1.004448 -15.111160 -77.033763
-1.004448 -15.111160 -77.033763
-1.004448 -15.111160 -77.033763
-1.004448 -15.111160 -77.033763
-1.004448 -15.111160 -77.033763
-1.004448 -15.111160 -77.033763
-1.004448 -15.111160 -77.033763
-1.004448 -15.111160 -77.033763
-1.014462 -15.123471 -77.052088
-1.014462 -15.123471 -77.052088
-1.014462 -15.123471 -77.052088
-1.014462 -15.123471 -77.052088
-1.014462 -15.123471 -77.052088
-1.014462 -15.123471 -77.052088
-1.014462 -15.123471 -77.052088
-1.014462 -15.123471 -77.052088
-1.014462 -15.123471 -77.052088
-1.014462 -15.123471 -77.052088
-1.000195 -15.116925 -77.049096
-1.000195 -15.116925 -77.049096
-1.000195 -15.116925 -77.049096
-1.000195 -15.116925 -77.049096
-1.000195 -15.116925 -77.049096
-1.000195 -15.116925 -77.049096
-1.000195 -15.116925 -77.049096
-1.000195 -15.116925 -77.049096
-1.000195 -15.116925 -77.049096
-1.005976 -15.118894 -77.051023
-1.005976 -15.118894 -77.051023
-1.005976 -15.118894 -77.051023
-1.005976 -15.118894 -77.051023
-1.005976 -15.118894 -77.051023
-1.005976 -15.118894 -77.051023
-1.005976 -15.118894 -77.051023
-1.005976 -15.118894 -77.051023
-1.005976 -15.118894 -77.051023
-1.005976 -15.118894 -77.051023
-0.955290 -15.119437 -76.882406
-0.955290 -15.119437 -76.882406
-0.955290 -15.119437 -76.882406
-0.955290 -15.119437 -76.882406
-0.955290 -15.119437 -76.882406
-0.955290 -15.119437 -76.882406
-0.955290 -15.119437 -76.882406
-0.955290 -15.119437 -76.882406
-0.955290 -15.119437 -76.882406
-0.955290 -15.119437 -76.882406
-0.967919 -15.120782 -76.867420
-0.967919 -15.120782 -76.867420
-0.967919 -15.120782 -76.867420
-0.967919 -15.120782 -76.867420
-0.967919 -15.120782 -76.867420
-0.967919 -15.120782 -76.867420
-0.967919 -15.120782 -76.867420
-0.967919 -15.120782 -76.867420
-0.967919 -15.120782 -76.867420
-0.967919 -15.120782 -76.867420
-1.000432 -15.121301 -76.917615
-1.000432 -15.121301 -76.917615
-1.000432 -15.121301 -76.917615
-1.000432 -15.121301 -76.917615
-1.000432 -15.121301 -76.917615
-1.000432 -15.121301 -76.917615
-1.000432 -15.121301 -76.917615
-1.000432 -15.121301 -76.917615
-1.000432 -15.121301 -76.917615
-1.011252 -15.118772 -76.956302
-1.011252 -15.118772 -76.956302
-1.011252 -15.118772 -76.956302
-1.011252 -15.118772 -76.956302
-1.011252 -15.118772 -76.956302
-1.011252 -15.118772 -76.956302
-1.011252 -15.118772 -76.956302
-1.011252 -15.118772 -76.956302
-1.011252 -15.118772 -76.956302
-1.012008 -15.114421 -76.964409
-1.012008 -15.114421 -76.964409
-1.012008 -15.114421 -76.964409
-1.012008 -15.114421 -76.964409
-1.012008 -15.114421 -76.964409
-1.012008 -15.114421 -76.964409
-1.012008 -15.114421 -76.964409
-1.012008 -15.114421 -76.964409
-1.012008 -15.114421 -76.964409
-1.016873 -15.110846 -76.997884
-1.016873 -15.110846 -76.997884
-1.016873 -15.110846 -76.997884
-1.016873 -15.110846 -76.997884
-1.016873 -15.110846 -76.997884
-1.016873 -15.110846 -76.997884
-1.016873 -15.110846 -76.997884
-1.016873 -15.110846 -76.997884
-1.016873 -15.110846 -76.997884
-1.016873 -15.110846 -76.997884
-1.016873 -15.110846 -76.997884
-0.997312 -15.121614 -76.965891
-0.997312 -15.121614 -76.965891
-0.997312 -15.121614 -76.965891
-0.997312 -15.121614 -76.965891
-0.997312 -15.121614 -76.965891
-0.997312 -15.121614 -76.965891
-0.997312 -15.121614 -76.965891
-0.997312 -15.121614 -76.965891
-0.997312 -15.121614 -76.965891
-1.001706 -15.116471 -76.997802
-1.001706 -15.116471 -76.997802
-1.001706 -15.116471 -76.997802
-1.001706 -15.116471 -76.997802
-1.001706 -15.116471 -76.997802
-1.001706 -15.116471 -76.997802
-1.001706 -15.116471 -76.997802
-1.001706 -15.116471 -76.997802
-1.001706 -15.116471 -76.997802
-1.001706 -15.116471 -76.997802
-0.998711 -15.117394 -76.989387
-0.998711 -15.117394 -76.989387
-0.998711 -15.117394 -76.989387
-0.998711 -15.117394 -76.989387
-0.998711 -15.117394 -76.989387
-0.998711 -15.117394 -76.989387
-0.998711 -15.117394 -76.989387
-0.998711 -15.117394 -76.989387
-0.998711 -15.117394 -76.989387
-0.988250 -15.118748 -76.929882
-0.988250 -15.118748 -76.929882
-0.988250 -15.118748 -76.929882
-0.988250 -15.118748 -76.929882
-0.988250 -15.118748 -76.929882
-0.988250 -15.118748 -76.929882
-0.988250 -15.118748 -76.929882
-0.988250 -15.118748 -76.929882
-0.988250 -15.118748 -76.929882
-0.988250 -15.118748 -76.929882
-0.990664 -15.118318 -76.902808
-0.990664 -15.118318 -76.902808
-0.990664 -15.118318 -76.902808
-0.990664 -15.118318 -76.902808
-0.990664 -15.118318 -76.902808
-0.990664 -15.118318 -76.902808
-0.990664 -15.118318 -76.902808
-0.990664 -15.118318 -76.902808
-0.990664 -15.118318 -76.902808
-0.996095 -15.124371 -76.921591
-0.996095 -15.124371 -76.921591
-0.996095 -15.124371 -76.921591
-0.996095 -15.124371 -76.921591
-0.996095 -15.124371 -76.921591
-0.996095 -15.124371 -76.921591
-0.996095 -15.124371 -76.921591
-0.996095 -15.124371 -76.921591
-0.996095 -15.124371 -76.921591
-0.996095 -15.124371 -76.921591
-0.995692 -15.126685 -76.913367
-0.995692 -15.126685 -76.913367
-0.995692 -15.126685 -76.913367
-0.995692 -15.126685 -76.913367
-0.995692 -15.126685 -76.913367
-0.995692 -15.126685 -76.913367
-0.995692 -15.126685 -76.913367
-0.995692 -15.126685 -76.913367
-0.995692 -15.126685 -76.913367
-0.995692 -15.126685 -76.913367
-0.996911 -15.119232 -76.907104
-0.996911 -15.119232 -76.907104
-0.996911 -15.119232 -76.907104
-0.996911 -15.119232 -76.907104
-0.996911 -15.119232 -76.907104
-0.996911 -15.119232 -76.907104
-0.996911 -15.119232 -76.907104
-0.996911 -15.119232 -76.907104
-0.996911 -15.119232 -76.907104
-1.008440 -15.115385 -76.933707
-1.008440 -15.115385 -76.933707
-1.008440 -15.115385 -76.933707
-1.008440 -15.115385 -76.933707
-1.008440 -15.115385 -76.933707
-1.008440 -15.115385 -76.933707
-1.008440 -15.115385 -76.933707
-1.008440 -15.115385 -76.933707
-1.008440 -15.115385 -76.933707
-1.008440 -15.115385 -76.933707
-0.994618 -15.109053 -76.920805
-0.994618 -15.109053 -76.920805
-0.994618 -15.109053 -76.920805
-0.994618 -15.109053 -76.920805
-0.994618 -15.109053 -76.920805
-0.994618 -15.109053 -76.920805
-0.994618 -15.109053 -76.920805
-0.994618 -15.109053 -76.920805
-0.994618 -15.109053 -76.920805
-0.994111 -15.119382 -76.917253
-0.994111 -15.119382 -76.917253
-0.994111 -15.119382 -76.917253
-0.994111 -15.119382 -76.917253
-0.994111 -15.119382 -76.917253
-0.994111 -15.119382 -76.917253
-0.994111 -15.119382 -76.917253
-0.994111 -15.119382 -76.917253
-0.994111 -15.119382 -76.917253
-0.994111 -15.119382 -76.917253
-1.010237 -15.123996 -76.954225
-1.010237 -15.123996 -76.954225
-1.010237 -15.123996 -76.954225
-1.010237 -15.123996 -76.954225
-1.010237 -15.123996 -76.954225
-1.010237 -15.123996 -76.954225
-1.010237 -15.123996 -76.954225
-1.010237 -15.123996 -76.954225
-1.010237 -15.123996 -76.954225
-1.011072 -15.125222 -76.965488
-1.011072 -15.125222 -76.965488
-1.011072 -15.125222 -76.965488
-1.011072 -15.125222 -76.965488
-1.011072 -15.125222 -76.965488
-1.011072 -15.125222 -76.965488
-1.011072 -15.125222 -76.965488
-1.011072 -15.125222 -76.965488
-1.011072 -15.125222 -76.965488
-1.011072 -15.125222 -76.965488
-1.019680 -15.121066 -77.013368
-1.019680 -15.121066 -77.013368
-1.019680 -15.121066 -77.013368
-1.019680 -15.121066 -77.013368
-1.019680 -15.121066 -77.013368
-1.019680 -15.121066 -77.013368
-1.019680 -15.121066 -77.013368
-1.019680 -15.121066 -77.013368
-1.019680 -15.121066 -77.013368
-1.007913 -15.126330 -77.015410
-1.007913 -15.126330 -77.015410
-1.007913 -15.126330 -77.015410
-1.007913 -15.126330 -77.015410
-1.007913 -15.126330 -77.015410
-1.007913 -15.126330 -77.015410
-1.007913 -15.126330 -77.015410
-1.007913 -15.126330 -77.015410
-1.007913 -15.126330 -77.015410
-1.007913 -15.126330 -77.015410
-1.007913 -15.126330 -77.015410
-1.012443 -15.125415 -77.062525
-1.012443 -15.125415 -77.062525
-1.012443 -15.125415 -77.062525
-1.012443 -15.125415 -77.062525
-1.012443 -15.125415 -77.062525
-1.012443 -15.125415 -77.062525
-1.012443 -15.125415 -77.062525
-1.012443 -15.125415 -77.062525
-1.012443 -15.125415 -77.062525
-1.012443 -15.125415 -77.062525
-1.007536 -15.118740 -77.055175
-1.007536 -15.118740 -77.055175
-1.007536 -15.118740 -77.055175
-1.007536 -15.118740 -77.055175
-1.007536 -15.118740 -77.055175
-1.007536 -15.118740 -77.055175
-1.007536 -15.118740 -77.055175
-1.007536 -15.118740 -77.055175
-1.007536 -15.118740 -77.055175
-1.009924 -15.114597 -77.091020
-1.009924 -15.114597 -77.091020
-1.009924 -15.114597 -77.091020
-1.009924 -15.114597 -77.091020
-1.009924 -15.114597 -77.091020
-1.009924 -15.114597 -77.091020
-1.009924 -15.114597 -77.091020
-1.009924 -15.114597 -77.091020
-0.980565 -15.130834 -76.949417
-0.980565 -15.130834 -76.949417
-0.980565 -15.130834 -76.949417
-0.980565 -15.130834 -76.949417
-0.980565 -15.130834 -76.949417
-0.980565 -15.130834 -76.949417
-0.980565 -15.130834 -76.949417
-0.980565 -15.130834 -76.949417
-0.980565 -15.130834 -76.949417
-0.980565 -15.130834 -76.949417
-1.000604 -15.132066 -76.949266
-1.000604 -15.132066 -76.949266
-1.000604 -15.132066 -76.949266
-1.000604 -15.132066 -76.949266
-1.000604 -15.132066 -76.949266
-1.000604 -15.132066 -76.949266
-1.000604 -15.132066 -76.949266
-1.000604 -15.132066 -76.949266
-1.000604 -15.132066 -76.949266
-1.000604 -15.132066 -76.949266
-0.990521 -15.126547 -76.971915
-0.990521 -15.126547 -76.971915
-0.990521 -15.126547 -76.971915
-0.990521 -15.126547 -76.971915
-0.990521 -15.126547 -76.971915
-0.990521 -15.126547 -76.971915
-0.990521 -15.126547 -76.971915
-0.990521 -15.126547 -76.971915
-0.990521 -15.126547 -76.971915
-0.990521 -15.126547 -76.971915
-0.999924 -15.123292 -77.004898
-0.999924 -15.123292 -77.004898
-0.999924 -15.123292 -77.004898
-0.999924 -15.123292 -77.004898
-0.999924 -15.123292 -77.004898
-0.999924 -15.123292 -77.004898
-0.999924 -15.123292 -77.004898
-0.999924 -15.123292 -77.004898
-0.999924 -15.123292 -77.004898
-0.999924 -15.123292 -77.004898
