-1.134038 -14.191263 -151.225306
-1.134038 -14.191263 -151.225306
-1.134038 -14.191263 -151.225306
-1.134038 -14.191263 -151.225306
-1.134038 -14.191263 -151.225306
-1.165638 -14.767849 -151.446181
-1.165638 -14.767849 -151.446181
-1.165638 -14.767849 -151.446181
-1.165638 -14.767849 -151.446181
-1.165638 -14.767849 -151.446181
-1.165638 -14.767849 -151.446181
-1.165638 -14.767849 -151.446181
-1.165638 -14.767849 -151.446181
-1.165638 -14.767849 -151.446181
-1.165638 -14.767849 -151.446181
-1.177860 -15.105887 -151.638177
-1.177860 -15.105887 -151.638177
-1.177860 -15.105887 -151.638177
-1.177860 -15.105887 -151.638177
-1.177860 -15.105887 -151.638177
-1.177860 -15.105887 -151.638177
-1.177860 -15.105887 -151.638177
-1.177860 -15.105887 -151.638177
-1.177860 -15.105887 -151.638177
-1.177860 -15.105887 -151.638177
-1.177860 -15.105887 -151.638177
-1.180159 -15.315444 -151.787649
-1.180159 -15.315444 -151.787649
-1.180159 -15.315444 -151.787649
-1.180159 -15.315444 -151.787649
-1.180159 -15.315444 -151.787649
-1.180159 -15.315444 -151.787649
-1.180159 -15.315444 -151.787649
-1.180159 -15.315444 -151.787649
-1.180159 -15.315444 -151.787649
-1.180159 -15.315444 -151.787649
-1.180159 -15.315444 -151.787649
-1.175915 -15.476304 -151.902642
-1.175915 -15.476304 -151.902642
-1.175915 -15.476304 -151.902642
-1.175915 -15.476304 -151.902642
-1.175915 -15.476304 -151.902642
-1.175915 -15.476304 -151.902642
-1.175915 -15.476304 -151.902642
-1.175915 -15.476304 -151.902642
-1.175915 -15.476304 -151.902642
-1.175915 -15.476304 -151.902642
-1.175915 -15.476304 -151.902642
-1.156139 -15.573779 -152.000888
-1.156139 -15.573779 -152.000888
-1.156139 -15.573779 -152.000888
-1.156139 -15.573779 -152.000888
-1.156139 -15.573779 -152.000888
-1.156139 -15.573779 -152.000888
-1.156139 -15.573779 -152.000888
-1.156139 -15.573779 -152.000888
-1.156139 -15.573779 -152.000888
-1.156139 -15.573779 -152.000888
-1.148773 -15.633917 -152.053070
-1.148773 -15.633917 -152.053070
-1.148773 -15.633917 -152.053070
-1.148773 -15.633917 -152.053070
-1.148773 -15.633917 -152.053070
-1.148773 -15.633917 -152.053070
-1.148773 -15.633917 -152.053070
-1.148773 -15.633917 -152.053070
-1.148773 -15.633917 -152.053070
-1.133786 -15.667605 -152.037580
-1.133786 -15.667605 -152.037580
-1.133786 -15.667605 -152.037580
-1.133786 -15.667605 -152.037580
-1.133786 -15.667605 -152.037580
-1.133786 -15.667605 -152.037580
-1.133786 -15.667605 -152.037580
-1.133786 -15.667605 -152.037580
-1.133786 -15.667605 -152.037580
-1.133786 -15.667605 -152.037580
-1.119802 -15.691446 -152.026761
-1.119802 -15.691446 -152.026761
-1.119802 -15.691446 -152.026761
-1.119802 -15.691446 -152.026761
-1.119802 -15.691446 -152.026761
-1.119802 -15.691446 -152.026761
-1.119802 -15.691446 -152.026761
-1.119802 -15.691446 -152.026761
-1.119802 -15.691446 -152.026761
-1.119802 -15.691446 -152.026761
-1.119802 -15.691446 -152.026761
-1.104826 -15.717679 -152.025449
-1.104826 -15.717679 -152.025449
-1.104826 -15.717679 -152.025449
-1.104826 -15.717679 -152.025449
-1.104826 -15.717679 -152.025449
-1.104826 -15.717679 -152.025449
-1.104826 -15.717679 -152.025449
-1.104826 -15.717679 -152.025449
-1.104826 -15.717679 -152.025449
-1.104826 -15.717679 -152.025449
-1.104826 -15.717679 -152.025449
-1.104826 -15.717679 -152.025449
-1.101315 -15.722838 -152.040639
-1.101315 -15.722838 -152.040639
-1.101315 -15.722838 -152.040639
-1.101315 -15.722838 -152.040639
-1.101315 -15.722838 -152.040639
-1.101315 -15.722838 -152.040639
-1.101315 -15.722838 -152.040639
-1.101315 -15.722838 -152.040639
-1.101315 -15.722838 -152.040639
-1.101315 -15.722838 -152.040639
-1.106867 -15.732263 -152.049929
-1.106867 -15.732263 -152.049929
-1.106867 -15.732263 -152.049929
-1.106867 -15.732263 -152.049929
-1.106867 -15.732263 -152.049929
-1.106867 -15.732263 -152.049929
-1.106867 -15.732263 -152.049929
-1.106867 -15.732263 -152.049929
-1.106867 -15.732263 -152.049929
-1.106867 -15.732263 -152.049929
-1.097948 -15.723055 -152.048016
-1.097948 -15.723055 -152.048016
-1.097948 -15.723055 -152.048016
-1.097948 -15.723055 -152.048016
-1.097948 -15.723055 -152.048016
-1.097948 -15.723055 -152.048016
-1.097948 -15.723055 -152.048016
-1.097948 -15.723055 -152.048016
-1.097948 -15.723055 -152.048016
-1.097948 -15.723055 -152.048016
-1.097948 -15.723055 -152.048016
-1.097447 -15.721224 -152.048207
-1.097447 -15.721224 -152.048207
-1.097447 -15.721224 -152.048207
-1.097447 -15.721224 -152.048207
-1.097447 -15.721224 -152.048207
-1.097447 -15.721224 -152.048207
-1.097447 -15.721224 -152.048207
-1.097447 -15.721224 -152.048207
-1.097447 -15.721224 -152.048207
-1.098833 -15.727207 -152.046227
-1.098833 -15.727207 -152.046227
-1.098833 -15.727207 -152.046227
-1.098833 -15.727207 -152.046227
-1.098833 -15.727207 -152.046227
-1.098833 -15.727207 -152.046227
-1.098833 -15.727207 -152.046227
-1.098833 -15.727207 -152.046227
-1.098833 -15.727207 -152.046227
-1.098833 -15.727207 -152.046227
-1.087924 -15.731329 -152.056854
-1.087924 -15.731329 -152.056854
-1.087924 -15.731329 -152.056854
-1.087924 -15.731329 -152.056854
-1.087924 -15.731329 -152.056854
-1.087924 -15.731329 -152.056854
-1.087924 -15.731329 -152.056854
-1.087924 -15.731329 -152.056854
-1.087924 -15.731329 -152.056854
-1.087924 -15.731329 -152.056854
-1.087924 -15.731329 -152.056854
-1.087024 -15.736554 -152.057087
-1.087024 -15.736554 -152.057087
-1.087024 -15.736554 -152.057087
-1.087024 -15.736554 -152.057087
-1.087024 -15.736554 -152.057087
-1.087024 -15.736554 -152.057087
-1.087024 -15.736554 -152.057087
-1.087024 -15.736554 -152.057087
-1.087024 -15.736554 -152.057087
-1.087024 -15.736554 -152.057087
-1.075677 -15.727810 -152.060338
-1.075677 -15.727810 -152.060338
-1.075677 -15.727810 -152.060338
-1.075677 -15.727810 -152.060338
-1.075677 -15.727810 -152.060338
-1.075677 -15.727810 -152.060338
-1.075677 -15.727810 -152.060338
-1.075677 -15.727810 -152.060338
-1.075677 -15.727810 -152.060338
-1.075677 -15.727810 -152.060338
-1.084141 -15.733568 -152.053221
-1.084141 -15.733568 -152.053221
-1.084141 -15.733568 -152.053221
-1.084141 -15.733568 -152.053221
-1.084141 -15.733568 -152.053221
-1.084141 -15.733568 -152.053221
-1.084141 -15.733568 -152.053221
-1.084141 -15.733568 -152.053221
-1.084141 -15.733568 -152.053221
-1.084141 -15.733568 -152.053221
-1.078678 -15.734632 -152.050448
-1.078678 -15.734632 -152.050448
-1.078678 -15.734632 -152.050448
-1.078678 -15.734632 -152.050448
-1.078678 -15.734632 -152.050448
-1.078678 -15.734632 -152.050448
-1.078678 -15.734632 -152.050448
-1.078678 -15.734632 -152.050448
-1.078678 -15.734632 -152.050448
-1.078678 -15.734632 -152.050448
-1.078678 -15.734632 -152.050448
-1.085610 -15.736273 -152.054382
-1.085610 -15.736273 -152.054382
-1.085610 -15.736273 -152.054382
-1.085610 -15.736273 -152.054382
-1.085610 -15.736273 -152.054382
-1.085610 -15.736273 -152.054382
-1.085610 -15.736273 -152.054382
-1.085610 -15.736273 -152.054382
-1.085610 -15.736273 -152.054382
-1.085610 -15.736273 -152.054382
-1.087547 -15.737473 -152.045120
-1.087547 -15.737473 -152.045120
-1.087547 -15.737473 -152.045120
-1.087547 -15.737473 -152.045120
-1.087547 -15.737473 -152.045120
-1.087547 -15.737473 -152.045120
-1.087547 -15.737473 -152.045120
-1.087547 -15.737473 -152.045120
-1.087547 -15.737473 -152.045120
-1.087547 -15.737473 -152.045120
-1.087547 -15.737473 -152.045120
-1.089229 -15.743405 -152.033154
-1.089229 -15.743405 -152.033154
-1.089229 -15.743405 -152.033154
-1.089229 -15.743405 -152.033154
-1.089229 -15.743405 -152.033154
-1.089229 -15.743405 -152.033154
-1.089229 -15.743405 -152.033154
-1.089229 -15.743405 -152.033154
-1.089229 -15.743405 -152.033154
-1.089229 -15.743405 -152.033154
-1.076393 -15.735921 -152.011898
-1.076393 -15.735921 -152.011898
-1.076393 -15.735921 -152.011898
-1.076393 -15.735921 -152.011898
-1.076393 -15.735921 -152.011898
-1.076393 -15.735921 -152.011898
-1.076393 -15.735921 -152.011898
-1.076393 -15.735921 -152.011898
-1.076393 -15.735921 -152.011898
-1.076393 -15.735921 -152.011898
-1.069713 -15.723374 -151.996380
-1.069713 -15.723374 -151.996380
-1.069713 -15.723374 -151.996380
-1.069713 -15.723374 -151.996380
-1.069713 -15.723374 -151.996380
-1.069713 -15.723374 -151.996380
-1.069713 -15.723374 -151.996380
-1.069713 -15.723374 -151.996380
-1.069713 -15.723374 -151.996380
-1.065752 -15.722110 -151.980930
-1.065752 -15.722110 -151.980930
-1.065752 -15.722110 -151.980930
-1.065752 -15.722110 -151.980930
-1.065752 -15.722110 -151.980930
-1.065752 -15.722110 -151.980930
-1.065752 -15.722110 -151.980930
-1.065752 -15.722110 -151.980930
-1.065752 -15.722110 -151.980930
-1.065752 -15.722110 -151.980930
-1.065752 -15.722110 -151.980930
-1.070355 -15.724444 -151.990123
-1.070355 -15.724444 -151.990123
-1.070355 -15.724444 -151.990123
-1.070355 -15.724444 -151.990123
-1.070355 -15.724444 -151.990123
-1.070355 -15.724444 -151.990123
-1.070355 -15.724444 -151.990123
-1.070355 -15.724444 -151.990123
-1.070355 -15.724444 -151.990123
-1.070355 -15.724444 -151.990123
-1.072672 -15.733201 -151.981053
-1.072672 -15.733201 -151.981053
-1.072672 -15.733201 -151.981053
-1.072672 -15.733201 -151.981053
-1.072672 -15.733201 -151.981053
-1.072672 -15.733201 -151.981053
-1.072672 -15.733201 -151.981053
-1.072672 -15.733201 -151.981053
-1.072672 -15.733201 -151.981053
-1.072672 -15.733201 -151.981053
-1.076938 -15.740212 -151.976968
-1.076938 -15.740212 -151.976968
-1.076938 -15.740212 -151.976968
-1.076938 -15.740212 -151.976968
-1.076938 -15.740212 -151.976968
-1.076938 -15.740212 -151.976968
-1.076938 -15.740212 -151.976968
-1.076938 -15.740212 -151.976968
-1.076938 -15.740212 -151.976968
-1.078842 -15.720258 -151.985506
-1.078842 -15.720258 -151.985506
-1.078842 -15.720258 -151.985506
-1.078842 -15.720258 -151.985506
-1.078842 -15.720258 -151.985506
-1.078842 -15.720258 -151.985506
-1.078842 -15.720258 -151.985506
-1.078842 -15.720258 -151.985506
-1.078842 -15.720258 -151.985506
-1.078842 -15.720258 -151.985506
-1.080340 -15.721075 -151.985779
-1.080340 -15.721075 -151.985779
-1.080340 -15.721075 -151.985779
-1.080340 -15.721075 -151.985779
-1.080340 -15.721075 -151.985779
-1.080340 -15.721075 -151.985779
-1.080340 -15.721075 -151.985779
-1.080340 -15.721075 -151.985779
-1.080340 -15.721075 -151.985779
-1.080340 -15.721075 -151.985779
-20.184720 -10.233188 -148.893220
-20.184720 -10.233188 -148.893220
-20.184720 -10.233188 -148.893220
-20.184720 -10.233188 -148.893220
-20.184720 -10.233188 -148.893220
-20.184720 -10.233188 -148.893220
-20.184720 -10.233188 -148.893220
-20.184720 -10.233188 -148.893220
-20.184720 -10.233188 -148.893220
-1.009779 2.563638 173.651508
-1.009779 2.563638 173.651508
-1.009779 2.563638 173.651508
-1.009779 2.563638 173.651508
-1.009779 2.563638 173.651508
-1.009779 2.563638 173.651508
-1.009779 2.563638 173.651508
-1.009779 2.563638 173.651508
-1.009779 2.563638 173.651508
-1.009779 2.563638 173.651508
-1.009779 2.563638 173.651508
-6.711733 -1.526155 163.594041
-6.711733 -1.526155 163.594041
-6.711733 -1.526155 163.594041
-6.711733 -1.526155 163.594041
-6.711733 -1.526155 163.594041
-6.711733 -1.526155 163.594041
-6.711733 -1.526155 163.594041
-6.711733 -1.526155 163.594041
-6.711733 -1.526155 163.594041
-6.711733 -1.526155 163.594041
-6.711733 -1.526155 163.594041
-5.356816 5.844192 157.837011
-5.356816 5.844192 157.837011
-5.356816 5.844192 157.837011
-5.356816 5.844192 157.837011
-5.356816 5.844192 157.837011
-5.356816 5.844192 157.837011
-5.356816 5.844192 157.837011
-5.356816 5.844192 157.837011
-5.356816 5.844192 157.837011
-3.799502 5.796347 154.446792
-3.799502 5.796347 154.446792
-3.799502 5.796347 154.446792
-3.799502 5.796347 154.446792
-3.799502 5.796347 154.446792
-3.799502 5.796347 154.446792
-3.799502 5.796347 154.446792
-3.799502 5.796347 154.446792
-3.799502 5.796347 154.446792
-3.799502 5.796347 154.446792
-3.224726 4.761503 151.074154
-3.224726 4.761503 151.074154
-3.224726 4.761503 151.074154
-3.224726 4.761503 151.074154
-3.224726 4.761503 151.074154
-3.224726 4.761503 151.074154
-3.224726 4.761503 151.074154
-3.224726 4.761503 151.074154
-3.224726 4.761503 151.074154
-3.224726 4.761503 151.074154
-3.379082 4.096713 148.239434
-3.379082 4.096713 148.239434
-3.379082 4.096713 148.239434
-3.379082 4.096713 148.239434
-3.379082 4.096713 148.239434
-3.379082 4.096713 148.239434
-3.379082 4.096713 148.239434
-3.379082 4.096713 148.239434
-3.379082 4.096713 148.239434
-3.379082 4.096713 148.239434
-3.915070 3.652238 145.975145
-3.915070 3.652238 145.975145
-3.915070 3.652238 145.975145
-3.915070 3.652238 145.975145
-3.915070 3.652238 145.975145
-3.915070 3.652238 145.975145
-3.915070 3.652238 145.975145
-3.915070 3.652238 145.975145
-3.915070 3.652238 145.975145
-4.087549 3.237681 144.335421
-4.087549 3.237681 144.335421
-4.087549 3.237681 144.335421
-4.087549 3.237681 144.335421
-4.087549 3.237681 144.335421
-4.087549 3.237681 144.335421
-4.087549 3.237681 144.335421
-4.087549 3.237681 144.335421
-4.087549 3.237681 144.335421
-4.087549 3.237681 144.335421
-4.087549 3.237681 144.335421
-4.285952 2.963388 143.049119
-4.285952 2.963388 143.049119
-4.285952 2.963388 143.049119
-4.285952 2.963388 143.049119
-4.285952 2.963388 143.049119
-4.285952 2.963388 143.049119
-4.285952 2.963388 143.049119
-4.285952 2.963388 143.049119
-4.285952 2.963388 143.049119
-4.285952 2.963388 143.049119
-4.285952 2.963388 143.049119
-4.160691 1.112805 142.599774
-4.160691 1.112805 142.599774
-4.160691 1.112805 142.599774
-4.160691 1.112805 142.599774
-4.160691 1.112805 142.599774
-4.160691 1.112805 142.599774
-4.160691 1.112805 142.599774
-4.160691 1.112805 142.599774
-4.160691 1.112805 142.599774
-7.751047 -0.249186 139.462272
-7.751047 -0.249186 139.462272
-7.751047 -0.249186 139.462272
-7.751047 -0.249186 139.462272
-7.751047 -0.249186 139.462272
-7.751047 -0.249186 139.462272
-7.751047 -0.249186 139.462272
-7.751047 -0.249186 139.462272
-7.751047 -0.249186 139.462272
-7.751047 -0.249186 139.462272
-8.333089 -1.302885 137.088372
-8.333089 -1.302885 137.088372
-8.333089 -1.302885 137.088372
-8.333089 -1.302885 137.088372
-8.333089 -1.302885 137.088372
-8.333089 -1.302885 137.088372
-8.333089 -1.302885 137.088372
-8.333089 -1.302885 137.088372
-8.333089 -1.302885 137.088372
-5.306747 -2.557543 136.281631
-5.306747 -2.557543 136.281631
-5.306747 -2.557543 136.281631
-5.306747 -2.557543 136.281631
-5.306747 -2.557543 136.281631
-5.306747 -2.557543 136.281631
-5.306747 -2.557543 136.281631
-5.306747 -2.557543 136.281631
-5.306747 -2.557543 136.281631
-5.306747 -2.557543 136.281631
-4.518399 0.308976 135.943974
-4.518399 0.308976 135.943974
-4.518399 0.308976 135.943974
-4.518399 0.308976 135.943974
-4.518399 0.308976 135.943974
-4.518399 0.308976 135.943974
-4.518399 0.308976 135.943974
-4.518399 0.308976 135.943974
-4.518399 0.308976 135.943974
-4.591985 4.394510 136.577255
-4.591985 4.394510 136.577255
-4.591985 4.394510 136.577255
-4.591985 4.394510 136.577255
-4.591985 4.394510 136.577255
-4.591985 4.394510 136.577255
-4.591985 4.394510 136.577255
-4.591985 4.394510 136.577255
-4.591985 4.394510 136.577255
-5.472225 6.911588 137.800050
-5.472225 6.911588 137.800050
-5.472225 6.911588 137.800050
-5.472225 6.911588 137.800050
-5.472225 6.911588 137.800050
-5.472225 6.911588 137.800050
-5.472225 6.911588 137.800050
-5.472225 6.911588 137.800050
-5.472225 6.911588 137.800050
-5.472225 6.911588 137.800050
-5.472225 6.911588 137.800050
-6.262098 6.869194 138.129101
-6.262098 6.869194 138.129101
-6.262098 6.869194 138.129101
-6.262098 6.869194 138.129101
-6.262098 6.869194 138.129101
-6.262098 6.869194 138.129101
-6.262098 6.869194 138.129101
-6.262098 6.869194 138.129101
-6.262098 6.869194 138.129101
-6.001340 7.059646 137.921928
-6.001340 7.059646 137.921928
-6.001340 7.059646 137.921928
-6.001340 7.059646 137.921928
-6.001340 7.059646 137.921928
-6.001340 7.059646 137.921928
-6.001340 7.059646 137.921928
-6.001340 7.059646 137.921928
-6.001340 7.059646 137.921928
-6.258590 7.584844 137.387671
-6.258590 7.584844 137.387671
-6.258590 7.584844 137.387671
-6.258590 7.584844 137.387671
-6.258590 7.584844 137.387671
-6.258590 7.584844 137.387671
-6.258590 7.584844 137.387671
-6.258590 7.584844 137.387671
-6.258590 7.584844 137.387671
-6.258590 7.584844 137.387671
-6.258590 7.584844 137.387671
-6.258590 7.584844 137.387671
-6.565118 7.243369 136.984498
-6.565118 7.243369 136.984498
-6.565118 7.243369 136.984498
-6.565118 7.243369 136.984498
-6.565118 7.243369 136.984498
-6.565118 7.243369 136.984498
-6.565118 7.243369 136.984498
-6.565118 7.243369 136.984498
-6.565118 7.243369 136.984498
-6.565118 7.243369 136.984498
-6.204432 6.763803 136.724391
-6.204432 6.763803 136.724391
-6.204432 6.763803 136.724391
-6.204432 6.763803 136.724391
-6.204432 6.763803 136.724391
-6.204432 6.763803 136.724391
-6.204432 6.763803 136.724391
-6.204432 6.763803 136.724391
-6.204432 6.763803 136.724391
-6.204432 6.763803 136.724391
-5.999774 7.921427 136.456006
-5.999774 7.921427 136.456006
-5.999774 7.921427 136.456006
-5.999774 7.921427 136.456006
-5.999774 7.921427 136.456006
-5.999774 7.921427 136.456006
-5.999774 7.921427 136.456006
-5.999774 7.921427 136.456006
-5.999774 7.921427 136.456006
-5.787890 8.028455 136.304416
-5.787890 8.028455 136.304416
-5.787890 8.028455 136.304416
-5.787890 8.028455 136.304416
-5.787890 8.028455 136.304416
-5.787890 8.028455 136.304416
-5.787890 8.028455 136.304416
-5.787890 8.028455 136.304416
-5.787890 8.028455 136.304416
-5.787890 8.028455 136.304416
-5.657340 7.773624 136.510784
-5.657340 7.773624 136.510784
-5.657340 7.773624 136.510784
-5.657340 7.773624 136.510784
-5.657340 7.773624 136.510784
-5.657340 7.773624 136.510784
-5.657340 7.773624 136.510784
-5.657340 7.773624 136.510784
-5.657340 7.773624 136.510784
-5.216801 7.513486 137.121648
-5.216801 7.513486 137.121648
-5.216801 7.513486 137.121648
-5.216801 7.513486 137.121648
-5.216801 7.513486 137.121648
-5.216801 7.513486 137.121648
-5.216801 7.513486 137.121648
-5.216801 7.513486 137.121648
-5.216801 7.513486 137.121648
-5.216801 7.513486 137.121648
-5.151142 7.573538 137.187000
-5.151142 7.573538 137.187000
-5.151142 7.573538 137.187000
-5.151142 7.573538 137.187000
-5.151142 7.573538 137.187000
-5.151142 7.573538 137.187000
-5.151142 7.573538 137.187000
-5.263383 7.466590 137.169569
-5.263383 7.466590 137.169569
-5.263383 7.466590 137.169569
-5.263383 7.466590 137.169569
-5.263383 7.466590 137.169569
-5.263383 7.466590 137.169569
-5.263383 7.466590 137.169569
-5.114918 7.298522 137.253061
-5.114918 7.298522 137.253061
-5.114918 7.298522 137.253061
-5.114918 7.298522 137.253061
-5.114918 7.298522 137.253061
-5.114918 7.298522 137.253061
-5.114918 7.298522 137.253061
-5.114918 7.298522 137.253061
-4.938906 7.352697 137.421084
-4.938906 7.352697 137.421084
-4.938906 7.352697 137.421084
-4.938906 7.352697 137.421084
-4.938906 7.352697 137.421084
-4.938906 7.352697 137.421084
-4.938906 7.352697 137.421084
-4.938906 7.352697 137.421084
-4.938906 7.352697 137.421084
-4.938906 7.352697 137.421084
-4.852386 6.949088 138.029545
-4.852386 6.949088 138.029545
-4.852386 6.949088 138.029545
-4.852386 6.949088 138.029545
-4.852386 6.949088 138.029545
-4.852386 6.949088 138.029545
-4.852386 6.949088 138.029545
-4.852386 6.949088 138.029545
-4.852386 6.949088 138.029545
-4.852386 6.949088 138.029545
-5.421580 4.674688 139.531913
-5.421580 4.674688 139.531913
-5.421580 4.674688 139.531913
-5.421580 4.674688 139.531913
-5.421580 4.674688 139.531913
-5.421580 4.674688 139.531913
-5.421580 4.674688 139.531913
-5.421580 4.674688 139.531913
-5.421580 4.674688 139.531913
-16.622141 -7.588955 118.841795
-16.622141 -7.588955 118.841795
-16.622141 -7.588955 118.841795
-16.622141 -7.588955 118.841795
-16.622141 -7.588955 118.841795
-16.622141 -7.588955 118.841795
-16.622141 -7.588955 118.841795
-16.622141 -7.588955 118.841795
-16.622141 -7.588955 118.841795
-16.622141 -7.588955 118.841795
1.480031 0.903799 112.840872
1.480031 0.903799 112.840872
1.480031 0.903799 112.840872
1.480031 0.903799 112.840872
1.480031 0.903799 112.840872
1.480031 0.903799 112.840872
1.480031 0.903799 112.840872
1.480031 0.903799 112.840872
1.480031 0.903799 112.840872
5.440440 -8.928161 131.526112
5.440440 -8.928161 131.526112
5.440440 -8.928161 131.526112
5.440440 -8.928161 131.526112
5.440440 -8.928161 131.526112
5.440440 -8.928161 131.526112
5.440440 -8.928161 131.526112
5.440440 -8.928161 131.526112
5.440440 -8.928161 131.526112
0.625804 -14.992438 142.586865
0.625804 -14.992438 142.586865
0.625804 -14.992438 142.586865
0.625804 -14.992438 142.586865
0.625804 -14.992438 142.586865
0.625804 -14.992438 142.586865
0.625804 -14.992438 142.586865
0.625804 -14.992438 142.586865
0.625804 -14.992438 142.586865
0.625804 -14.992438 142.586865
0.947103 -15.222750 147.217652
0.947103 -15.222750 147.217652
0.947103 -15.222750 147.217652
0.947103 -15.222750 147.217652
0.947103 -15.222750 147.217652
0.947103 -15.222750 147.217652
0.947103 -15.222750 147.217652
0.947103 -15.222750 147.217652
0.947103 -15.222750 147.217652
0.947103 -15.222750 147.217652
0.892420 -15.371838 150.719585
0.892420 -15.371838 150.719585
0.892420 -15.371838 150.719585
0.892420 -15.371838 150.719585
0.892420 -15.371838 150.719585
0.892420 -15.371838 150.719585
0.892420 -15.371838 150.719585
0.892420 -15.371838 150.719585
0.892420 -15.371838 150.719585
0.892420 -15.371838 150.719585
0.620355 -15.515932 153.343006
0.620355 -15.515932 153.343006
0.620355 -15.515932 153.343006
0.620355 -15.515932 153.343006
0.620355 -15.515932 153.343006
0.620355 -15.515932 153.343006
0.620355 -15.515932 153.343006
0.620355 -15.515932 153.343006
0.620355 -15.515932 153.343006
0.620355 -15.515932 153.343006
0.299521 -15.604498 155.311562
0.299521 -15.604498 155.311562
0.299521 -15.604498 155.311562
0.299521 -15.604498 155.311562
0.299521 -15.604498 155.311562
0.299521 -15.604498 155.311562
0.299521 -15.604498 155.311562
0.299521 -15.604498 155.311562
0.299521 -15.604498 155.311562
0.299521 -15.604498 155.311562
-0.017722 -15.663396 156.830747
-0.017722 -15.663396 156.830747
-0.017722 -15.663396 156.830747
-0.017722 -15.663396 156.830747
-0.017722 -15.663396 156.830747
-0.017722 -15.663396 156.830747
-0.017722 -15.663396 156.830747
-0.017722 -15.663396 156.830747
-0.319669 -15.721431 158.033420
-0.319669 -15.721431 158.033420
-0.319669 -15.721431 158.033420
-0.319669 -15.721431 158.033420
-0.319669 -15.721431 158.033420
-0.319669 -15.721431 158.033420
-0.564376 -15.738704 158.950482
-0.564376 -15.738704 158.950482
-0.564376 -15.738704 158.950482
-0.564376 -15.738704 158.950482
-0.564376 -15.738704 158.950482
-0.564376 -15.738704 158.950482
-0.564376 -15.738704 158.950482
-0.564376 -15.738704 158.950482
-0.564376 -15.738704 158.950482
-0.780301 -15.768878 159.620783
-0.780301 -15.768878 159.620783
-0.780301 -15.768878 159.620783
-0.780301 -15.768878 159.620783
-0.780301 -15.768878 159.620783
-0.780301 -15.768878 159.620783
-0.780301 -15.768878 159.620783
-0.780301 -15.768878 159.620783
-0.780301 -15.768878 159.620783
-0.780301 -15.768878 159.620783
-0.950004 -15.766197 160.109033
-0.950004 -15.766197 160.109033
-0.950004 -15.766197 160.109033
-0.950004 -15.766197 160.109033
-0.950004 -15.766197 160.109033
-0.950004 -15.766197 160.109033
-0.950004 -15.766197 160.109033
-0.950004 -15.766197 160.109033
-0.950004 -15.766197 160.109033
-0.950004 -15.766197 160.109033
-1.082907 -15.778671 160.494911
-1.082907 -15.778671 160.494911
-1.082907 -15.778671 160.494911
-1.082907 -15.778671 160.494911
-1.082907 -15.778671 160.494911
-1.082907 -15.778671 160.494911
-1.082907 -15.778671 160.494911
-1.082907 -15.778671 160.494911
-1.082907 -15.778671 160.494911
-1.199125 -15.780927 160.722739
-1.199125 -15.780927 160.722739
-1.199125 -15.780927 160.722739
-1.199125 -15.780927 160.722739
-1.199125 -15.780927 160.722739
-1.199125 -15.780927 160.722739
-1.199125 -15.780927 160.722739
-1.199125 -15.780927 160.722739
-1.199125 -15.780927 160.722739
-1.199125 -15.780927 160.722739
-1.285986 -15.825799 161.024824
-1.285986 -15.825799 161.024824
-1.285986 -15.825799 161.024824
-1.285986 -15.825799 161.024824
-1.285986 -15.825799 161.024824
-1.285986 -15.825799 161.024824
-1.285986 -15.825799 161.024824
-1.285986 -15.825799 161.024824
-1.285986 -15.825799 161.024824
-1.364758 -15.833476 161.181632
-1.364758 -15.833476 161.181632
-1.364758 -15.833476 161.181632
-1.364758 -15.833476 161.181632
-1.364758 -15.833476 161.181632
-1.364758 -15.833476 161.181632
-1.364758 -15.833476 161.181632
-1.364758 -15.833476 161.181632
-1.364758 -15.833476 161.181632
-1.418072 -15.833340 161.253772
-1.418072 -15.833340 161.253772
-1.418072 -15.833340 161.253772
-1.418072 -15.833340 161.253772
-1.418072 -15.833340 161.253772
-1.418072 -15.833340 161.253772
-1.418072 -15.833340 161.253772
-1.418072 -15.833340 161.253772
-1.418072 -15.833340 161.253772
-1.418072 -15.833340 161.253772
-1.436294 -15.825144 161.366552
-1.436294 -15.825144 161.366552
-1.436294 -15.825144 161.366552
-1.436294 -15.825144 161.366552
-1.436294 -15.825144 161.366552
-1.436294 -15.825144 161.366552
-1.436294 -15.825144 161.366552
-1.436294 -15.825144 161.366552
-1.474274 -15.827719 161.454853
-1.474274 -15.827719 161.454853
-1.474274 -15.827719 161.454853
-1.474274 -15.827719 161.454853
-1.474274 -15.827719 161.454853
-1.474274 -15.827719 161.454853
-1.474274 -15.827719 161.454853
-1.474274 -15.827719 161.454853
-1.474274 -15.827719 161.454853
-1.490818 -15.827900 161.530286
-1.490818 -15.827900 161.530286
-1.490818 -15.827900 161.530286
-1.490818 -15.827900 161.530286
-1.490818 -15.827900 161.530286
-1.490818 -15.827900 161.530286
-1.490818 -15.827900 161.530286
-1.490818 -15.827900 161.530286
-1.490818 -15.827900 161.530286
-1.513705 -15.829018 161.580269
-1.513705 -15.829018 161.580269
-1.513705 -15.829018 161.580269
-1.513705 -15.829018 161.580269
-1.513705 -15.829018 161.580269
-1.513705 -15.829018 161.580269
-1.513705 -15.829018 161.580269
-1.519367 -15.831987 161.634310
-1.519367 -15.831987 161.634310
-1.519367 -15.831987 161.634310
-1.519367 -15.831987 161.634310
-1.519367 -15.831987 161.634310
-1.519367 -15.831987 161.634310
-1.519367 -15.831987 161.634310
-1.519367 -15.831987 161.634310
-1.545539 -15.831772 161.657450
-1.545539 -15.831772 161.657450
-1.545539 -15.831772 161.657450
-1.545539 -15.831772 161.657450
-1.545539 -15.831772 161.657450
-1.545539 -15.831772 161.657450
-1.545539 -15.831772 161.657450
-1.545539 -15.831772 161.657450
-1.564858 -15.828601 161.684785
-1.564858 -15.828601 161.684785
-1.564858 -15.828601 161.684785
-1.564858 -15.828601 161.684785
-1.564858 -15.828601 161.684785
-1.564858 -15.828601 161.684785
-1.564858 -15.828601 161.684785
-1.564858 -15.828601 161.684785
-1.562635 -15.826600 161.722556
-1.562635 -15.826600 161.722556
-1.562635 -15.826600 161.722556
-1.562635 -15.826600 161.722556
-1.562635 -15.826600 161.722556
-1.562635 -15.826600 161.722556
-1.562635 -15.826600 161.722556
-1.568913 -15.832935 161.734850
-1.568913 -15.832935 161.734850
-1.568913 -15.832935 161.734850
-1.568913 -15.832935 161.734850
-1.568913 -15.832935 161.734850
-1.568913 -15.832935 161.734850
-1.568913 -15.832935 161.734850
-1.568913 -15.832935 161.734850
-1.565955 -15.824508 161.748565
-1.565955 -15.824508 161.748565
-1.565955 -15.824508 161.748565
-1.565955 -15.824508 161.748565
-1.565955 -15.824508 161.748565
-1.565955 -15.824508 161.748565
-1.565955 -15.824508 161.748565
-1.565955 -15.824508 161.748565
-1.565955 -15.824508 161.748565
-1.560435 -15.825434 161.770217
-1.560435 -15.825434 161.770217
-1.560435 -15.825434 161.770217
-1.560435 -15.825434 161.770217
-1.560435 -15.825434 161.770217
-1.560435 -15.825434 161.770217
-1.560435 -15.825434 161.770217
-1.560435 -15.825434 161.770217
-1.572291 -15.819787 161.760613
-1.572291 -15.819787 161.760613
-1.572291 -15.819787 161.760613
-1.572291 -15.819787 161.760613
-1.572291 -15.819787 161.760613
-1.572291 -15.819787 161.760613
-1.572291 -15.819787 161.760613
-1.572291 -15.819787 161.760613
-1.571747 -15.818271 161.775899
-1.571747 -15.818271 161.775899
-1.571747 -15.818271 161.775899
-1.571747 -15.818271 161.775899
-1.571747 -15.818271 161.775899
-1.571747 -15.818271 161.775899
-1.571747 -15.818271 161.775899
-1.571747 -15.818271 161.775899
-1.571747 -15.818271 161.775899
-1.571747 -15.818271 161.775899
-1.571747 -15.818271 161.775899
-1.571747 -15.818271 161.775899
-1.571747 -15.818271 161.775899
-1.571747 -15.818271 161.775899
-1.571747 -15.818271 161.775899
-1.571747 -15.818271 161.775899
-1.571747 -15.818271 161.775899
-1.572128 -15.824032 161.815747
-1.572128 -15.824032 161.815747
-1.572128 -15.824032 161.815747
-1.572128 -15.824032 161.815747
-1.572128 -15.824032 161.815747
-1.572128 -15.824032 161.815747
-1.572128 -15.824032 161.815747
-1.572128 -15.824032 161.815747
-1.566989 -15.815602 161.828902
-1.566989 -15.815602 161.828902
-1.566989 -15.815602 161.828902
-1.566989 -15.815602 161.828902
-1.566989 -15.815602 161.828902
-1.566989 -15.815602 161.828902
-1.566989 -15.815602 161.828902
-1.566989 -15.815602 161.828902
-1.568245 -15.816135 161.817618
-1.568245 -15.816135 161.817618
-1.568245 -15.816135 161.817618
-1.568245 -15.816135 161.817618
-1.568245 -15.816135 161.817618
-1.568245 -15.816135 161.817618
-1.568245 -15.816135 161.817618
-1.568245 -15.816135 161.817618
-1.568245 -15.816135 161.817618
-1.568245 -15.816135 161.817618
-1.580003 -15.817528 161.769834
-1.580003 -15.817528 161.769834
-1.580003 -15.817528 161.769834
-1.580003 -15.817528 161.769834
-1.580003 -15.817528 161.769834
-1.580003 -15.817528 161.769834
-1.580003 -15.817528 161.769834
-1.580003 -15.817528 161.769834
-1.580003 -15.817528 161.769834
-1.580003 -15.817528 161.769834
-1.579975 -15.816599 161.792101
-1.579975 -15.816599 161.792101
-1.579975 -15.816599 161.792101
-1.579975 -15.816599 161.792101
-1.579975 -15.816599 161.792101
-1.579975 -15.816599 161.792101
-1.579975 -15.816599 161.792101
-1.579975 -15.816599 161.792101
-1.586276 -15.813000 161.778754
-1.586276 -15.813000 161.778754
-1.586276 -15.813000 161.778754
-1.586276 -15.813000 161.778754
-1.586276 -15.813000 161.778754
-1.586276 -15.813000 161.778754
-1.586276 -15.813000 161.778754
-1.586276 -15.813000 161.778754
-1.586276 -15.813000 161.778754
-1.586276 -15.813000 161.778754
-1.598494 -15.812605 161.742268
-1.598494 -15.812605 161.742268
-1.598494 -15.812605 161.742268
-1.598494 -15.812605 161.742268
-1.598494 -15.812605 161.742268
-1.598494 -15.812605 161.742268
-1.598494 -15.812605 161.742268
-1.598494 -15.812605 161.742268
-1.598494 -15.812605 161.742268
-1.576340 -15.807674 161.787196
-1.576340 -15.807674 161.787196
-1.576340 -15.807674 161.787196
-1.576340 -15.807674 161.787196
-1.576340 -15.807674 161.787196
-1.576340 -15.807674 161.787196
-1.576340 -15.807674 161.787196
-1.576340 -15.807674 161.787196
-1.576340 -15.807674 161.787196
-1.593100 -15.809567 161.768318
-1.593100 -15.809567 161.768318
-1.593100 -15.809567 161.768318
-1.593100 -15.809567 161.768318
-1.593100 -15.809567 161.768318
-1.593100 -15.809567 161.768318
-1.593100 -15.809567 161.768318
-1.593100 -15.809567 161.768318
-1.593100 -15.809567 161.768318
-1.593100 -15.809567 161.768318
-1.595330 -15.817352 161.738320
-1.595330 -15.817352 161.738320
-1.595330 -15.817352 161.738320
-1.595330 -15.817352 161.738320
-1.595330 -15.817352 161.738320
-1.595330 -15.817352 161.738320
-1.595330 -15.817352 161.738320
-1.595330 -15.817352 161.738320
-1.585383 -15.818962 161.767334
-1.585383 -15.818962 161.767334
-1.585383 -15.818962 161.767334
-1.585383 -15.818962 161.767334
-1.585383 -15.818962 161.767334
-1.585383 -15.818962 161.767334
-1.585383 -15.818962 161.767334
-1.585383 -15.818962 161.767334
-1.585383 -15.818962 161.767334
-1.568956 -15.816442 161.798220
-1.568956 -15.816442 161.798220
-1.568956 -15.816442 161.798220
-1.568956 -15.816442 161.798220
-1.568956 -15.816442 161.798220
-1.568956 -15.816442 161.798220
-1.568956 -15.816442 161.798220
-1.568956 -15.816442 161.798220
-1.568956 -15.816442 161.798220
-1.575539 -15.812906 161.802660
-1.575539 -15.812906 161.802660
-1.575539 -15.812906 161.802660
-1.575539 -15.812906 161.802660
-1.575539 -15.812906 161.802660
-1.575539 -15.812906 161.802660
-1.575539 -15.812906 161.802660
-1.575539 -15.812906 161.802660
-1.578033 -15.816471 161.817714
-1.578033 -15.816471 161.817714
-1.578033 -15.816471 161.817714
-1.578033 -15.816471 161.817714
-1.578033 -15.816471 161.817714
-1.578033 -15.816471 161.817714
-1.578033 -15.816471 161.817714
-1.578033 -15.816471 161.817714
-1.578033 -15.816471 161.817714
-1.577869 -15.816500 161.833000
-1.577869 -15.816500 161.833000
-1.577869 -15.816500 161.833000
-1.577869 -15.816500 161.833000
-1.577869 -15.816500 161.833000
-1.577869 -15.816500 161.833000
-1.577869 -15.816500 161.833000
-1.577869 -15.816500 161.833000
-1.577869 -15.816500 161.833000
-1.577869 -15.816500 161.833000
-1.571509 -15.815633 161.851291
-1.571509 -15.815633 161.851291
-1.571509 -15.815633 161.851291
-1.571509 -15.815633 161.851291
-1.571509 -15.815633 161.851291
-1.571509 -15.815633 161.851291
-1.571509 -15.815633 161.851291
-1.571509 -15.815633 161.851291
-1.571509 -15.815633 161.851291
-1.570161 -15.809453 161.843805
-1.570161 -15.809453 161.843805
-1.570161 -15.809453 161.843805
-1.570161 -15.809453 161.843805
-1.570161 -15.809453 161.843805
-1.570161 -15.809453 161.843805
-1.570161 -15.809453 161.843805
-1.570161 -15.809453 161.843805
-1.570161 -15.809453 161.843805
-1.570866 -15.806309 161.854556
-1.570866 -15.806309 161.854556
-1.570866 -15.806309 161.854556
-1.570866 -15.806309 161.854556
-1.570866 -15.806309 161.854556
-1.570866 -15.806309 161.854556
-1.570866 -15.806309 161.854556
-1.570866 -15.806309 161.854556
-1.565251 -15.801887 161.856960
-1.565251 -15.801887 161.856960
-1.565251 -15.801887 161.856960
-1.565251 -15.801887 161.856960
-1.565251 -15.801887 161.856960
-1.565251 -15.801887 161.856960
-1.565251 -15.801887 161.856960
-1.565251 -15.801887 161.856960
-1.565251 -15.801887 161.856960
-1.570891 -15.805457 161.859064
-1.570891 -15.805457 161.859064
-1.570891 -15.805457 161.859064
-1.570891 -15.805457 161.859064
-1.570891 -15.805457 161.859064
-1.570891 -15.805457 161.859064
-1.570891 -15.805457 161.859064
-1.570891 -15.805457 161.859064
-1.570891 -15.805457 161.859064
-1.572401 -15.807819 161.875183
-1.572401 -15.807819 161.875183
-1.572401 -15.807819 161.875183
-1.572401 -15.807819 161.875183
-1.572401 -15.807819 161.875183
-1.572401 -15.807819 161.875183
-1.572401 -15.807819 161.875183
-1.572401 -15.807819 161.875183
-1.572401 -15.807819 161.875183
-1.572401 -15.807819 161.875183
-1.575528 -15.812342 161.881084
-1.575528 -15.812342 161.881084
-1.575528 -15.812342 161.881084
-1.575528 -15.812342 161.881084
-1.575528 -15.812342 161.881084
-1.575528 -15.812342 161.881084
-1.575528 -15.812342 161.881084
-1.575528 -15.812342 161.881084
-1.575528 -15.812342 161.881084
-1.575528 -15.812342 161.881084
-1.570799 -15.814728 161.887190
-1.570799 -15.814728 161.887190
-1.570799 -15.814728 161.887190
-1.570799 -15.814728 161.887190
-1.570799 -15.814728 161.887190
-1.570799 -15.814728 161.887190
-1.570799 -15.814728 161.887190
-1.570799 -15.814728 161.887190
-1.570799 -15.814728 161.887190
-1.570799 -15.814728 161.887190
-1.571952 -15.824843 161.902996
-1.571952 -15.824843 161.902996
-1.571952 -15.824843 161.902996
-1.571952 -15.824843 161.902996
-1.571952 -15.824843 161.902996
-1.571952 -15.824843 161.902996
-1.571952 -15.824843 161.902996
-1.571952 -15.824843 161.902996
-1.567263 -15.818576 161.904594
-1.567263 -15.818576 161.904594
-1.567263 -15.818576 161.904594
-1.567263 -15.818576 161.904594
-1.567263 -15.818576 161.904594
-1.567263 -15.818576 161.904594
-1.567263 -15.818576 161.904594
-1.567263 -15.818576 161.904594
-1.568288 -15.809905 161.906902
-1.568288 -15.809905 161.906902
-1.568288 -15.809905 161.906902
-1.568288 -15.809905 161.906902
-1.568288 -15.809905 161.906902
-1.568288 -15.809905 161.906902
-1.577435 -15.810834 161.888693
-1.577435 -15.810834 161.888693
-1.577435 -15.810834 161.888693
-1.577435 -15.810834 161.888693
-1.577435 -15.810834 161.888693
-1.577435 -15.810834 161.888693
-1.580865 -15.811092 161.850362
-1.580865 -15.811092 161.850362
-1.580865 -15.811092 161.850362
-1.580865 -15.811092 161.850362
-1.580865 -15.811092 161.850362
-1.580865 -15.811092 161.850362
-1.580865 -15.811092 161.850362
-1.580865 -15.811092 161.850362
-1.580865 -15.811092 161.850362
-1.572805 -15.816708 161.865047
-1.572805 -15.816708 161.865047
-1.572805 -15.816708 161.865047
-1.572805 -15.816708 161.865047
-1.572805 -15.816708 161.865047
-1.572805 -15.816708 161.865047
-1.572805 -15.816708 161.865047
-1.572805 -15.816708 161.865047
-1.580598 -15.806601 161.840035
-1.580598 -15.806601 161.840035
-1.580598 -15.806601 161.840035
-1.580598 -15.806601 161.840035
-1.580598 -15.806601 161.840035
-1.580598 -15.806601 161.840035
-1.580598 -15.806601 161.840035
-1.580598 -15.806601 161.840035
-1.580598 -15.806601 161.840035
-1.584233 -15.803840 161.822263
-1.584233 -15.803840 161.822263
-1.584233 -15.803840 161.822263
-1.584233 -15.803840 161.822263
-1.584233 -15.803840 161.822263
-1.584233 -15.803840 161.822263
-1.584233 -15.803840 161.822263
-1.584233 -15.803840 161.822263
-1.584233 -15.803840 161.822263
-1.555686 -15.786953 161.847739
-1.555686 -15.786953 161.847739
-1.555686 -15.786953 161.847739
-1.555686 -15.786953 161.847739
-1.555686 -15.786953 161.847739
-1.555686 -15.786953 161.847739
-1.555686 -15.786953 161.847739
-1.555686 -15.786953 161.847739
-1.555686 -15.786953 161.847739
-1.555686 -15.786953 161.847739
-1.552863 -15.765210 161.810296
-1.552863 -15.765210 161.810296
-1.552863 -15.765210 161.810296
-1.552863 -15.765210 161.810296
-1.552863 -15.765210 161.810296
-1.552863 -15.765210 161.810296
-1.552863 -15.765210 161.810296
-1.552863 -15.765210 161.810296
-1.546818 -15.749668 161.802988
-1.546818 -15.749668 161.802988
-1.546818 -15.749668 161.802988
-1.546818 -15.749668 161.802988
-1.546818 -15.749668 161.802988
-1.546818 -15.749668 161.802988
-1.546818 -15.749668 161.802988
-1.546818 -15.749668 161.802988
-1.546818 -15.749668 161.802988
-1.546818 -15.749668 161.802988
-1.528690 -15.759089 161.834598
-1.528690 -15.759089 161.834598
-1.528690 -15.759089 161.834598
-1.528690 -15.759089 161.834598
-1.528690 -15.759089 161.834598
-1.528690 -15.759089 161.834598
-1.528690 -15.759089 161.834598
-1.528690 -15.759089 161.834598
-1.528690 -15.759089 161.834598
-1.528690 -15.759089 161.834598
-1.538461 -15.763189 161.828628
-1.538461 -15.763189 161.828628
-1.538461 -15.763189 161.828628
-1.538461 -15.763189 161.828628
-1.538461 -15.763189 161.828628
-1.538461 -15.763189 161.828628
-1.538461 -15.763189 161.828628
-1.538461 -15.763189 161.828628
-1.538461 -15.763189 161.828628
-1.531653 -15.759268 161.826101
-1.531653 -15.759268 161.826101
-1.531653 -15.759268 161.826101
-1.531653 -15.759268 161.826101
-1.531653 -15.759268 161.826101
-1.531653 -15.759268 161.826101
-1.531653 -15.759268 161.826101
-1.531653 -15.759268 161.826101
-1.531653 -15.759268 161.826101
-1.541002 -15.747339 161.799095
-1.541002 -15.747339 161.799095
-1.541002 -15.747339 161.799095
-1.541002 -15.747339 161.799095
-1.541002 -15.747339 161.799095
-1.541002 -15.747339 161.799095
-1.541002 -15.747339 161.799095
-1.541002 -15.747339 161.799095
-1.541002 -15.747339 161.799095
-1.531143 -15.743323 161.806717
-1.531143 -15.743323 161.806717
-1.531143 -15.743323 161.806717
-1.531143 -15.743323 161.806717
-1.531143 -15.743323 161.806717
-1.531143 -15.743323 161.806717
-1.531143 -15.743323 161.806717
-1.531143 -15.743323 161.806717
-1.536467 -15.750456 161.811389
-1.536467 -15.750456 161.811389
-1.536467 -15.750456 161.811389
-1.536467 -15.750456 161.811389
-1.536467 -15.750456 161.811389
-1.536467 -15.750456 161.811389
-1.536467 -15.750456 161.811389
-1.536467 -15.750456 161.811389
-1.536467 -15.750456 161.811389
-1.538759 -15.749422 161.801868
-1.538759 -15.749422 161.801868
-1.538759 -15.749422 161.801868
-1.538759 -15.749422 161.801868
-1.538759 -15.749422 161.801868
-1.538759 -15.749422 161.801868
-1.538759 -15.749422 161.801868
-1.538759 -15.749422 161.801868
-1.538759 -15.749422 161.801868
-1.540842 -15.744846 161.799040
-1.540842 -15.744846 161.799040
-1.540842 -15.744846 161.799040
-1.540842 -15.744846 161.799040
-1.540842 -15.744846 161.799040
-1.540842 -15.744846 161.799040
-1.540842 -15.744846 161.799040
-1.540842 -15.744846 161.799040
-1.540842 -15.744846 161.799040
-1.547098 -15.750179 161.776582
-1.547098 -15.750179 161.776582
-1.547098 -15.750179 161.776582
-1.547098 -15.750179 161.776582
-1.547098 -15.750179 161.776582
-1.547098 -15.750179 161.776582
-1.547098 -15.750179 161.776582
-1.547098 -15.750179 161.776582
-1.547098 -15.750179 161.776582
-1.551126 -15.748367 161.789328
-1.551126 -15.748367 161.789328
-1.551126 -15.748367 161.789328
-1.551126 -15.748367 161.789328
-1.551126 -15.748367 161.789328
-1.551126 -15.748367 161.789328
-1.551126 -15.748367 161.789328
-1.551126 -15.748367 161.789328
-1.551126 -15.748367 161.789328
-1.551126 -15.748367 161.789328
-1.543473 -15.741440 161.800925
-1.543473 -15.741440 161.800925
-1.543473 -15.741440 161.800925
-1.543473 -15.741440 161.800925
-1.543473 -15.741440 161.800925
-1.543473 -15.741440 161.800925
-1.543473 -15.741440 161.800925
-1.543473 -15.741440 161.800925
-1.543473 -15.741440 161.800925
-1.537901 -15.746825 161.805296
-1.537901 -15.746825 161.805296
-1.537901 -15.746825 161.805296
-1.537901 -15.746825 161.805296
-1.537901 -15.746825 161.805296
-1.537901 -15.746825 161.805296
-1.537901 -15.746825 161.805296
-1.537901 -15.746825 161.805296
-1.537901 -15.746825 161.805296
-1.537901 -15.746825 161.805296
-1.537901 -15.746825 161.805296
-1.539730 -15.753223 161.818971
-1.539730 -15.753223 161.818971
-1.539730 -15.753223 161.818971
-1.539730 -15.753223 161.818971
-1.539730 -15.753223 161.818971
-1.539730 -15.753223 161.818971
-1.539730 -15.753223 161.818971
-1.539730 -15.753223 161.818971
-1.539730 -15.753223 161.818971
-1.543312 -15.747078 161.815801
-1.543312 -15.747078 161.815801
-1.543312 -15.747078 161.815801
-1.543312 -15.747078 161.815801
-1.543312 -15.747078 161.815801
-1.543312 -15.747078 161.815801
-1.543312 -15.747078 161.815801
-1.543312 -15.747078 161.815801
-1.543312 -15.747078 161.815801
-1.543312 -15.747078 161.815801
-1.539882 -15.747544 161.811416
-1.539882 -15.747544 161.811416
-1.539882 -15.747544 161.811416
-1.539882 -15.747544 161.811416
-1.539882 -15.747544 161.811416
-1.539882 -15.747544 161.811416
-1.539882 -15.747544 161.811416
-1.539882 -15.747544 161.811416
-1.539882 -15.747544 161.811416
-1.532586 -15.734720 161.806826
-1.532586 -15.734720 161.806826
-1.532586 -15.734720 161.806826
-1.532586 -15.734720 161.806826
-1.532586 -15.734720 161.806826
-1.532586 -15.734720 161.806826
-1.532586 -15.734720 161.806826
-1.532586 -15.734720 161.806826
-1.532586 -15.734720 161.806826
-1.529667 -15.736358 161.784751
-1.529667 -15.736358 161.784751
-1.529667 -15.736358 161.784751
-1.529667 -15.736358 161.784751
-1.529667 -15.736358 161.784751
-1.529667 -15.736358 161.784751
-1.529667 -15.736358 161.784751
-1.529667 -15.736358 161.784751
-1.529667 -15.736358 161.784751
-1.529667 -15.736358 161.784751
-1.536098 -15.739985 161.770476
-1.536098 -15.739985 161.770476
-1.536098 -15.739985 161.770476
-1.536098 -15.739985 161.770476
-1.536098 -15.739985 161.770476
-1.536098 -15.739985 161.770476
-1.536098 -15.739985 161.770476
-1.536098 -15.739985 161.770476
-1.536098 -15.739985 161.770476
-1.536098 -15.739985 161.770476
-1.536098 -15.739985 161.770476
-1.525563 -15.740622 161.788808
-1.525563 -15.740622 161.788808
-1.525563 -15.740622 161.788808
-1.525563 -15.740622 161.788808
-1.525563 -15.740622 161.788808
-1.525563 -15.740622 161.788808
-1.525563 -15.740622 161.788808
-1.525563 -15.740622 161.788808
-1.525563 -15.740622 161.788808
-1.524300 -15.746050 161.756242
-1.524300 -15.746050 161.756242
-1.524300 -15.746050 161.756242
-1.524300 -15.746050 161.756242
-1.524300 -15.746050 161.756242
-1.524300 -15.746050 161.756242
-1.524300 -15.746050 161.756242
-1.524300 -15.746050 161.756242
-1.524300 -15.746050 161.756242
-1.530550 -15.749448 161.738183
-1.530550 -15.749448 161.738183
-1.530550 -15.749448 161.738183
-1.530550 -15.749448 161.738183
-1.530550 -15.749448 161.738183
-1.530550 -15.749448 161.738183
-1.530550 -15.749448 161.738183
-1.530550 -15.749448 161.738183
-1.530550 -15.749448 161.738183
-1.530550 -15.749448 161.738183
-1.531987 -15.749124 161.753660
-1.531987 -15.749124 161.753660
-1.531987 -15.749124 161.753660
-1.531987 -15.749124 161.753660
-1.531987 -15.749124 161.753660
-1.531987 -15.749124 161.753660
-1.531987 -15.749124 161.753660
-1.531987 -15.749124 161.753660
-1.531987 -15.749124 161.753660
-1.552450 -15.760846 161.725315
-1.552450 -15.760846 161.725315
-1.552450 -15.760846 161.725315
-1.552450 -15.760846 161.725315
-1.552450 -15.760846 161.725315
-1.552450 -15.760846 161.725315
-1.552450 -15.760846 161.725315
-1.552450 -15.760846 161.725315
-1.552450 -15.760846 161.725315
-1.552450 -15.760846 161.725315
-1.451780 -15.830125 168.030372
-1.451780 -15.830125 168.030372
-1.451780 -15.830125 168.030372
-1.451780 -15.830125 168.030372
-1.451780 -15.830125 168.030372
-1.451780 -15.830125 168.030372
-1.451780 -15.830125 168.030372
-1.451780 -15.830125 168.030372
-1.451780 -15.830125 168.030372
-1.280392 -15.868684 168.817319
-1.280392 -15.868684 168.817319
-1.280392 -15.868684 168.817319
-1.280392 -15.868684 168.817319
-1.280392 -15.868684 168.817319
-1.280392 -15.868684 168.817319
-1.280392 -15.868684 168.817319
-1.280392 -15.868684 168.817319
-1.224604 -15.854501 169.359991
-1.224604 -15.854501 169.359991
-1.224604 -15.854501 169.359991
-1.224604 -15.854501 169.359991
-1.224604 -15.854501 169.359991
-1.224604 -15.854501 169.359991
-1.224604 -15.854501 169.359991
-1.224604 -15.854501 169.359991
-1.224604 -15.854501 169.359991
-1.219954 -15.858917 169.758492
-1.219954 -15.858917 169.758492
-1.219954 -15.858917 169.758492
-1.219954 -15.858917 169.758492
-1.219954 -15.858917 169.758492
-1.219954 -15.858917 169.758492
-1.219954 -15.858917 169.758492
-1.219954 -15.858917 169.758492
-1.219954 -15.858917 169.758492
-1.219954 -15.858917 169.758492
-1.264964 -15.890027 170.062831
-1.264964 -15.890027 170.062831
-1.264964 -15.890027 170.062831
-1.264964 -15.890027 170.062831
-1.264964 -15.890027 170.062831
-1.264964 -15.890027 170.062831
-1.264964 -15.890027 170.062831
-1.264964 -15.890027 170.062831
-1.264964 -15.890027 170.062831
-1.264964 -15.890027 170.062831
-1.285938 -15.869601 170.344235
-1.285938 -15.869601 170.344235
-1.285938 -15.869601 170.344235
-1.285938 -15.869601 170.344235
-1.285938 -15.869601 170.344235
-1.285938 -15.869601 170.344235
-1.285938 -15.869601 170.344235
-1.285938 -15.869601 170.344235
-1.285938 -15.869601 170.344235
-1.285938 -15.869601 170.344235
-1.317521 -15.861887 170.581325
-1.317521 -15.861887 170.581325
-1.317521 -15.861887 170.581325
-1.317521 -15.861887 170.581325
-1.317521 -15.861887 170.581325
-1.317521 -15.861887 170.581325
-1.317521 -15.861887 170.581325
-1.317521 -15.861887 170.581325
-1.317521 -15.861887 170.581325
-1.348299 -15.877830 170.810013
-1.348299 -15.877830 170.810013
-1.348299 -15.877830 170.810013
-1.348299 -15.877830 170.810013
-1.348299 -15.877830 170.810013
-1.348299 -15.877830 170.810013
-1.348299 -15.877830 170.810013
-1.348299 -15.877830 170.810013
-1.348299 -15.877830 170.810013
-1.387478 -15.878812 170.940852
-1.387478 -15.878812 170.940852
-1.387478 -15.878812 170.940852
-1.387478 -15.878812 170.940852
-1.387478 -15.878812 170.940852
-1.387478 -15.878812 170.940852
-1.387478 -15.878812 170.940852
-1.387478 -15.878812 170.940852
-1.387478 -15.878812 170.940852
-1.408669 -15.870189 171.058564
-1.408669 -15.870189 171.058564
-1.408669 -15.870189 171.058564
-1.408669 -15.870189 171.058564
-1.408669 -15.870189 171.058564
-1.408669 -15.870189 171.058564
-1.408669 -15.870189 171.058564
-1.408669 -15.870189 171.058564
-1.420651 -15.864965 171.124407
-1.420651 -15.864965 171.124407
-1.420651 -15.864965 171.124407
-1.420651 -15.864965 171.124407
-1.420651 -15.864965 171.124407
-1.420651 -15.864965 171.124407
-1.420651 -15.864965 171.124407
-1.420651 -15.864965 171.124407
-1.439410 -15.867165 171.188638
-1.439410 -15.867165 171.188638
-1.439410 -15.867165 171.188638
-1.439410 -15.867165 171.188638
-1.439410 -15.867165 171.188638
-1.439410 -15.867165 171.188638
-1.439410 -15.867165 171.188638
-1.439410 -15.867165 171.188638
-1.439410 -15.867165 171.188638
-1.439410 -15.867165 171.188638
-1.453700 -15.864100 171.239031
-1.453700 -15.864100 171.239031
-1.453700 -15.864100 171.239031
-1.453700 -15.864100 171.239031
-1.453700 -15.864100 171.239031
-1.453700 -15.864100 171.239031
-1.453700 -15.864100 171.239031
-1.453700 -15.864100 171.239031
-1.453700 -15.864100 171.239031
-1.472444 -15.834349 171.248798
-1.472444 -15.834349 171.248798
-1.472444 -15.834349 171.248798
-1.472444 -15.834349 171.248798
-1.472444 -15.834349 171.248798
-1.472444 -15.834349 171.248798
-1.472444 -15.834349 171.248798
-1.472444 -15.834349 171.248798
-1.484047 -15.818279 171.236832
-1.484047 -15.818279 171.236832
-1.484047 -15.818279 171.236832
-1.484047 -15.818279 171.236832
-1.484047 -15.818279 171.236832
-1.484047 -15.818279 171.236832
-1.484047 -15.818279 171.236832
-1.492723 -15.813961 171.210276
-1.492723 -15.813961 171.210276
-1.492723 -15.813961 171.210276
-1.492723 -15.813961 171.210276
-1.492723 -15.813961 171.210276
-1.492723 -15.813961 171.210276
-1.492723 -15.813961 171.210276
-1.497385 -15.818452 171.205385
-1.497385 -15.818452 171.205385
-1.497385 -15.818452 171.205385
-1.497385 -15.818452 171.205385
-1.497385 -15.818452 171.205385
-1.497385 -15.818452 171.205385
-1.497385 -15.818452 171.205385
-1.497385 -15.818452 171.205385
-1.497385 -15.818452 171.205385
-1.518032 -15.813315 171.158530
-1.518032 -15.813315 171.158530
-1.518032 -15.813315 171.158530
-1.518032 -15.813315 171.158530
-1.518032 -15.813315 171.158530
-1.518032 -15.813315 171.158530
-1.518032 -15.813315 171.158530
-1.518032 -15.813315 171.158530
-1.518032 -15.813315 171.158530
-1.525158 -15.813997 171.120582
-1.525158 -15.813997 171.120582
-1.525158 -15.813997 171.120582
-1.525158 -15.813997 171.120582
-1.525158 -15.813997 171.120582
-1.525158 -15.813997 171.120582
-1.525158 -15.813997 171.120582
-1.525158 -15.813997 171.120582
-1.525158 -15.813997 171.120582
-1.525158 -15.813997 171.120582
-1.525158 -15.813997 171.120582
-1.525158 -15.813997 171.120582
-1.525158 -15.813997 171.120582
-1.525158 -15.813997 171.120582
-1.525158 -15.813997 171.120582
-1.525158 -15.813997 171.120582
-1.525158 -15.813997 171.120582
-1.525158 -15.813997 171.120582
-1.515291 -15.810319 171.098971
-1.515291 -15.810319 171.098971
-1.515291 -15.810319 171.098971
-1.515291 -15.810319 171.098971
-1.515291 -15.810319 171.098971
-1.515291 -15.810319 171.098971
-1.515291 -15.810319 171.098971
-1.515291 -15.810319 171.098971
-1.515291 -15.810319 171.098971
-1.515291 -15.810319 171.098971
-1.511916 -15.808109 171.098998
-1.511916 -15.808109 171.098998
-1.511916 -15.808109 171.098998
-1.511916 -15.808109 171.098998
-1.511916 -15.808109 171.098998
-1.511916 -15.808109 171.098998
-1.511916 -15.808109 171.098998
-1.507203 -15.820834 171.113765
-1.507203 -15.820834 171.113765
-1.507203 -15.820834 171.113765
-1.507203 -15.820834 171.113765
-1.507203 -15.820834 171.113765
-1.507203 -15.820834 171.113765
-1.507203 -15.820834 171.113765
-1.507203 -15.820834 171.113765
-1.507203 -15.820834 171.113765
-1.507203 -15.820834 171.113765
-1.510980 -15.820158 171.089095
-1.510980 -15.820158 171.089095
-1.510980 -15.820158 171.089095
-1.510980 -15.820158 171.089095
-1.510980 -15.820158 171.089095
-1.510980 -15.820158 171.089095
-1.510980 -15.820158 171.089095
-1.510980 -15.820158 171.089095
-1.510980 -15.820158 171.089095
-1.510825 -15.822256 171.071664
-1.510825 -15.822256 171.071664
-1.510825 -15.822256 171.071664
-1.510825 -15.822256 171.071664
-1.510825 -15.822256 171.071664
-1.510825 -15.822256 171.071664
-1.510825 -15.822256 171.071664
-1.510825 -15.822256 171.071664
-1.510825 -15.822256 171.071664
-1.510825 -15.822256 171.071664
-1.508406 -15.831137 171.092032
-1.508406 -15.831137 171.092032
-1.508406 -15.831137 171.092032
-1.508406 -15.831137 171.092032
-1.508406 -15.831137 171.092032
-1.508406 -15.831137 171.092032
-1.508406 -15.831137 171.092032
-1.508406 -15.831137 171.092032
-1.508406 -15.831137 171.092032
-1.510287 -15.837462 171.059014
-1.510287 -15.837462 171.059014
-1.510287 -15.837462 171.059014
-1.510287 -15.837462 171.059014
-1.510287 -15.837462 171.059014
-1.510287 -15.837462 171.059014
-1.510287 -15.837462 171.059014
-1.510287 -15.837462 171.059014
-1.504186 -15.852587 171.061296
-1.504186 -15.852587 171.061296
-1.504186 -15.852587 171.061296
-1.504186 -15.852587 171.061296
-1.504186 -15.852587 171.061296
-1.504186 -15.852587 171.061296
-1.504186 -15.852587 171.061296
-1.504186 -15.852587 171.061296
-1.504186 -15.852587 171.061296
-1.492399 -15.850236 171.077633
-1.492399 -15.850236 171.077633
-1.492399 -15.850236 171.077633
-1.492399 -15.850236 171.077633
-1.492399 -15.850236 171.077633
-1.492399 -15.850236 171.077633
-1.492399 -15.850236 171.077633
-1.492399 -15.850236 171.077633
-1.492399 -15.850236 171.077633
-1.492399 -15.850236 171.077633
-1.498571 -15.863826 171.084682
-1.498571 -15.863826 171.084682
-1.498571 -15.863826 171.084682
-1.498571 -15.863826 171.084682
-1.498571 -15.863826 171.084682
-1.498571 -15.863826 171.084682
-1.498571 -15.863826 171.084682
-1.498571 -15.863826 171.084682
-1.498571 -15.863826 171.084682
-1.501407 -15.860883 171.079764
-1.501407 -15.860883 171.079764
-1.501407 -15.860883 171.079764
-1.501407 -15.860883 171.079764
-1.501407 -15.860883 171.079764
-1.501407 -15.860883 171.079764
-1.501407 -15.860883 171.079764
-1.501407 -15.860883 171.079764
-1.493280 -15.856243 171.086622
-1.493280 -15.856243 171.086622
-1.493280 -15.856243 171.086622
-1.493280 -15.856243 171.086622
-1.493280 -15.856243 171.086622
-1.493280 -15.856243 171.086622
-1.493280 -15.856243 171.086622
-1.493280 -15.856243 171.086622
-1.487914 -15.850098 171.077729
-1.487914 -15.850098 171.077729
-1.487914 -15.850098 171.077729
-1.487914 -15.850098 171.077729
-1.487914 -15.850098 171.077729
-1.487914 -15.850098 171.077729
-1.487914 -15.850098 171.077729
-1.487914 -15.850098 171.077729
-1.502892 -15.847034 171.075871
-1.502892 -15.847034 171.075871
-1.502892 -15.847034 171.075871
-1.502892 -15.847034 171.075871
-1.502892 -15.847034 171.075871
-1.502892 -15.847034 171.075871
-1.502892 -15.847034 171.075871
-1.502892 -15.847034 171.075871
-1.503621 -15.845494 171.073617
-1.503621 -15.845494 171.073617
-1.503621 -15.845494 171.073617
-1.503621 -15.845494 171.073617
-1.503621 -15.845494 171.073617
-1.503621 -15.845494 171.073617
-1.503621 -15.845494 171.073617
-1.503621 -15.845494 171.073617
-1.503621 -15.845494 171.073617
-1.503621 -15.845494 171.073617
-1.493885 -15.835795 171.086499
-1.493885 -15.835795 171.086499
-1.493885 -15.835795 171.086499
-1.493885 -15.835795 171.086499
-1.493885 -15.835795 171.086499
-1.493885 -15.835795 171.086499
-1.493885 -15.835795 171.086499
-1.493885 -15.835795 171.086499
-1.493885 -15.835795 171.086499
-1.507299 -15.840621 171.084901
-1.507299 -15.840621 171.084901
-1.507299 -15.840621 171.084901
-1.507299 -15.840621 171.084901
-1.507299 -15.840621 171.084901
-1.507299 -15.840621 171.084901
-1.507299 -15.840621 171.084901
-1.507299 -15.840621 171.084901
-1.507299 -15.840621 171.084901
-1.493034 -15.828301 171.092960
-1.493034 -15.828301 171.092960
-1.493034 -15.828301 171.092960
-1.493034 -15.828301 171.092960
-1.493034 -15.828301 171.092960
-1.493034 -15.828301 171.092960
-1.493034 -15.828301 171.092960
-1.493034 -15.828301 171.092960
-1.493034 -15.828301 171.092960
-1.489086 -15.824667 171.075475
-1.489086 -15.824667 171.075475
-1.489086 -15.824667 171.075475
-1.489086 -15.824667 171.075475
-1.489086 -15.824667 171.075475
-1.489086 -15.824667 171.075475
-1.489086 -15.824667 171.075475
-1.489086 -15.824667 171.075475
-1.489086 -15.824667 171.075475
-1.491464 -15.823083 171.069533
-1.491464 -15.823083 171.069533
-1.491464 -15.823083 171.069533
-1.491464 -15.823083 171.069533
-1.491464 -15.823083 171.069533
-1.491464 -15.823083 171.069533
-1.491464 -15.823083 171.069533
-1.491464 -15.823083 171.069533
-1.491464 -15.823083 171.069533
-1.493879 -15.827690 171.068727
-1.493879 -15.827690 171.068727
-1.493879 -15.827690 171.068727
-1.493879 -15.827690 171.068727
-1.493879 -15.827690 171.068727
-1.493879 -15.827690 171.068727
-1.493879 -15.827690 171.068727
-1.493879 -15.827690 171.068727
-1.493879 -15.827690 171.068727
-1.493879 -15.827690 171.068727
-1.493879 -15.827690 171.068727
-1.492007 -15.817475 171.045777
-1.492007 -15.817475 171.045777
-1.492007 -15.817475 171.045777
-1.492007 -15.817475 171.045777
-1.492007 -15.817475 171.045777
-1.492007 -15.817475 171.045777
-1.492007 -15.817475 171.045777
-1.492007 -15.817475 171.045777
-1.492007 -15.817475 171.045777
-1.492007 -15.817475 171.045777
-1.495397 -15.804158 171.021844
-1.495397 -15.804158 171.021844
-1.495397 -15.804158 171.021844
-1.495397 -15.804158 171.021844
-1.495397 -15.804158 171.021844
-1.495397 -15.804158 171.021844
-1.495397 -15.804158 171.021844
-1.495397 -15.804158 171.021844
-1.495397 -15.804158 171.021844
-1.483619 -15.805601 171.041556
-1.483619 -15.805601 171.041556
-1.483619 -15.805601 171.041556
-1.483619 -15.805601 171.041556
-1.483619 -15.805601 171.041556
-1.483619 -15.805601 171.041556
-1.483619 -15.805601 171.041556
-1.483619 -15.805601 171.041556
-1.489548 -15.806128 171.020164
-1.489548 -15.806128 171.020164
-1.489548 -15.806128 171.020164
-1.489548 -15.806128 171.020164
-1.489548 -15.806128 171.020164
-1.489548 -15.806128 171.020164
-1.489548 -15.806128 171.020164
-1.489548 -15.806128 171.020164
-1.494109 -15.806443 170.995576
-1.494109 -15.806443 170.995576
-1.494109 -15.806443 170.995576
-1.494109 -15.806443 170.995576
-1.494109 -15.806443 170.995576
-1.494109 -15.806443 170.995576
-1.494109 -15.806443 170.995576
-1.494109 -15.806443 170.995576
-1.494109 -15.806443 170.995576
-1.487238 -15.817386 171.019126
-1.487238 -15.817386 171.019126
-1.487238 -15.817386 171.019126
-1.487238 -15.817386 171.019126
-1.487238 -15.817386 171.019126
-1.487238 -15.817386 171.019126
-1.487238 -15.817386 171.019126
-1.487238 -15.817386 171.019126
-1.487238 -15.817386 171.019126
-1.493363 -15.810892 170.981259
-1.493363 -15.810892 170.981259
-1.493363 -15.810892 170.981259
-1.493363 -15.810892 170.981259
-1.493363 -15.810892 170.981259
-1.493363 -15.810892 170.981259
-1.493363 -15.810892 170.981259
-1.493363 -15.810892 170.981259
-1.493363 -15.810892 170.981259
-1.481505 -15.806333 170.988008
-1.481505 -15.806333 170.988008
-1.481505 -15.806333 170.988008
-1.481505 -15.806333 170.988008
-1.481505 -15.806333 170.988008
-1.481505 -15.806333 170.988008
-1.481505 -15.806333 170.988008
-1.481505 -15.806333 170.988008
-1.481505 -15.806333 170.988008
-1.476057 -15.813604 171.010944
-1.476057 -15.813604 171.010944
-1.476057 -15.813604 171.010944
-1.476057 -15.813604 171.010944
-1.476057 -15.813604 171.010944
-1.476057 -15.813604 171.010944
-1.476057 -15.813604 171.010944
-1.476057 -15.813604 171.010944
-1.476057 -15.813604 171.010944
-1.472958 -15.807009 171.027199
-1.472958 -15.807009 171.027199
-1.472958 -15.807009 171.027199
-1.472958 -15.807009 171.027199
-1.472958 -15.807009 171.027199
-1.472958 -15.807009 171.027199
-1.472958 -15.807009 171.027199
-1.472958 -15.807009 171.027199
-1.472958 -15.807009 171.027199
-1.494121 -15.808872 171.022609
-1.494121 -15.808872 171.022609
-1.494121 -15.808872 171.022609
-1.494121 -15.808872 171.022609
-1.494121 -15.808872 171.022609
-1.494121 -15.808872 171.022609
-1.494121 -15.808872 171.022609
-1.494121 -15.808872 171.022609
-1.494121 -15.808872 171.022609
-1.493068 -15.819046 171.030123
-1.493068 -15.819046 171.030123
-1.493068 -15.819046 171.030123
-1.493068 -15.819046 171.030123
-1.493068 -15.819046 171.030123
-1.493068 -15.819046 171.030123
-1.493068 -15.819046 171.030123
-1.493068 -15.819046 171.030123
-1.487315 -15.821831 171.025205
-1.487315 -15.821831 171.025205
-1.487315 -15.821831 171.025205
-1.487315 -15.821831 171.025205
-1.487315 -15.821831 171.025205
-1.487315 -15.821831 171.025205
-1.487315 -15.821831 171.025205
-1.487315 -15.821831 171.025205
-1.487315 -15.821831 171.025205
-1.487315 -15.821831 171.025205
-1.476360 -15.816606 171.041966
-1.476360 -15.816606 171.041966
-1.476360 -15.816606 171.041966
-1.476360 -15.816606 171.041966
-1.476360 -15.816606 171.041966
-1.476360 -15.816606 171.041966
-1.476360 -15.816606 171.041966
-1.476360 -15.816606 171.041966
-1.479486 -15.814659 171.047526
-1.479486 -15.814659 171.047526
-1.479486 -15.814659 171.047526
-1.479486 -15.814659 171.047526
-1.479486 -15.814659 171.047526
-1.479486 -15.814659 171.047526
-1.479486 -15.814659 171.047526
-1.479486 -15.814659 171.047526
-1.479486 -15.814659 171.047526
-1.475704 -15.813148 171.035491
-1.475704 -15.813148 171.035491
-1.475704 -15.813148 171.035491
-1.475704 -15.813148 171.035491
-1.475704 -15.813148 171.035491
-1.475704 -15.813148 171.035491
-1.475704 -15.813148 171.035491
-1.475704 -15.813148 171.035491
-1.475704 -15.813148 171.035491
-1.475704 -15.813148 171.035491
-1.478942 -15.811152 171.026967
-1.478942 -15.811152 171.026967
-1.478942 -15.811152 171.026967
-1.478942 -15.811152 171.026967
-1.478942 -15.811152 171.026967
-1.478942 -15.811152 171.026967
-1.478942 -15.811152 171.026967
-1.478942 -15.811152 171.026967
-1.478942 -15.811152 171.026967
-1.482482 -15.810300 171.003294
-1.482482 -15.810300 171.003294
-1.482482 -15.810300 171.003294
-1.482482 -15.810300 171.003294
-1.482482 -15.810300 171.003294
-1.482482 -15.810300 171.003294
-1.482482 -15.810300 171.003294
-1.482482 -15.810300 171.003294
-1.482482 -15.810300 171.003294
-1.482482 -15.810300 171.003294
-1.474661 -15.830989 171.016339
-1.474661 -15.830989 171.016339
-1.474661 -15.830989 171.016339
-1.474661 -15.830989 171.016339
-1.474661 -15.830989 171.016339
-1.474661 -15.830989 171.016339
-1.474661 -15.830989 171.016339
-1.474661 -15.830989 171.016339
-1.474661 -15.830989 171.016339
-1.474661 -15.830989 171.016339
-1.440247 -15.839224 171.051269
-1.440247 -15.839224 171.051269
-1.440247 -15.839224 171.051269
-1.440247 -15.839224 171.051269
-1.440247 -15.839224 171.051269
-1.440247 -15.839224 171.051269
-1.440247 -15.839224 171.051269
-1.440247 -15.839224 171.051269
-1.440247 -15.839224 171.051269
-1.431996 -15.835893 171.128805
-1.431996 -15.835893 171.128805
-1.431996 -15.835893 171.128805
-1.431996 -15.835893 171.128805
-1.431996 -15.835893 171.128805
-1.431996 -15.835893 171.128805
-1.431996 -15.835893 171.128805
-1.431996 -15.835893 171.128805
-1.431996 -15.835893 171.128805
-1.431996 -15.835893 171.128805
-1.431996 -15.835893 171.128805
-1.427864 -15.837218 171.195441
-1.427864 -15.837218 171.195441
-1.427864 -15.837218 171.195441
-1.427864 -15.837218 171.195441
-1.427864 -15.837218 171.195441
-1.427864 -15.837218 171.195441
-1.427864 -15.837218 171.195441
-1.427864 -15.837218 171.195441
-1.433724 -15.842002 171.249495
-1.433724 -15.842002 171.249495
-1.433724 -15.842002 171.249495
-1.433724 -15.842002 171.249495
-1.433724 -15.842002 171.249495
-1.433724 -15.842002 171.249495
-1.433724 -15.842002 171.249495
-1.433724 -15.842002 171.249495
-1.433724 -15.842002 171.249495
-1.433724 -15.842002 171.249495
-1.444702 -15.843607 171.290845
-1.444702 -15.843607 171.290845
-1.444702 -15.843607 171.290845
-1.444702 -15.843607 171.290845
-1.444702 -15.843607 171.290845
-1.444702 -15.843607 171.290845
-1.444702 -15.843607 171.290845
-1.444702 -15.843607 171.290845
-1.444702 -15.843607 171.290845
-1.457877 -15.847641 171.302620
-1.457877 -15.847641 171.302620
-1.457877 -15.847641 171.302620
-1.457877 -15.847641 171.302620
-1.457877 -15.847641 171.302620
-1.457877 -15.847641 171.302620
-1.457877 -15.847641 171.302620
-1.457877 -15.847641 171.302620
-1.464632 -15.838503 171.325515
-1.464632 -15.838503 171.325515
-1.464632 -15.838503 171.325515
-1.464632 -15.838503 171.325515
-1.464632 -15.838503 171.325515
-1.464632 -15.838503 171.325515
-1.464632 -15.838503 171.325515
-1.464632 -15.838503 171.325515
-1.459424 -15.843334 171.373449
-1.459424 -15.843334 171.373449
-1.459424 -15.843334 171.373449
-1.459424 -15.843334 171.373449
-1.459424 -15.843334 171.373449
-1.459424 -15.843334 171.373449
-1.459424 -15.843334 171.373449
-1.459424 -15.843334 171.373449
-1.459424 -15.843334 171.373449
-1.466283 -15.842521 171.362794
-1.466283 -15.842521 171.362794
-1.466283 -15.842521 171.362794
-1.466283 -15.842521 171.362794
-1.466283 -15.842521 171.362794
-1.466283 -15.842521 171.362794
-1.466283 -15.842521 171.362794
-1.466283 -15.842521 171.362794
-1.466283 -15.842521 171.362794
-1.456381 -15.828941 171.384514
-1.456381 -15.828941 171.384514
-1.456381 -15.828941 171.384514
-1.456381 -15.828941 171.384514
-1.456381 -15.828941 171.384514
-1.456381 -15.828941 171.384514
-1.456381 -15.828941 171.384514
-1.456381 -15.828941 171.384514
-1.456381 -15.828941 171.384514
-1.464454 -15.809564 171.404321
-1.464454 -15.809564 171.404321
-1.464454 -15.809564 171.404321
-1.464454 -15.809564 171.404321
-1.464454 -15.809564 171.404321
-1.464454 -15.809564 171.404321
-1.464454 -15.809564 171.404321
-1.464454 -15.809564 171.404321
-1.468479 -15.807515 171.347740
-1.468479 -15.807515 171.347740
-1.468479 -15.807515 171.347740
-1.468479 -15.807515 171.347740
-1.468479 -15.807515 171.347740
-1.468479 -15.807515 171.347740
-