0.008694 -0.003708
0.017590 -0.007395
0.026428 -0.010945
0.025206 -0.009974
0.024259 -0.008845
0.023310 -0.007692
0.022304 -0.006759
0.021288 -0.005654
0.020448 -0.004648
0.019504 -0.003642
0.018388 -0.002508
0.027158 0.003054
0.035797 0.008734
0.044330 0.014407
0.052819 0.020073
0.061559 0.025766
0.070420 0.031530
0.079055 0.037101
0.087786 0.042731
0.092046 0.048456
0.095766 0.054054
0.099464 0.059801
0.103314 0.065552
0.107228 0.071108
0.111182 0.076865
0.115007 0.082548
0.109309 0.078694
0.103425 0.074997
0.097573 0.071380
0.091540 0.067592
0.085586 0.064035
0.079910 0.060280
0.073988 0.056495
0.073121 0.057675
0.072145 0.058722
0.071164 0.059705
0.070118 0.060735
0.069141 0.061801
0.068139 0.062533
0.067179 0.063502
0.056715 0.059823
0.045909 0.056260
0.035375 0.052404
0.024707 0.048784
0.013952 0.045064
0.003289 0.041201
-0.007152 0.037470
-0.017817 0.033603
-0.018805 0.044023
-0.019669 0.054370
-0.020407 0.064823
-0.021344 0.075143
-0.022332 0.085443
-0.023688 0.095703
-0.024672 0.106161
-0.025605 0.116734
-0.026629 0.127106
-0.037367 0.114141
-0.047972 0.101004
-0.058482 0.087899
-0.069168 0.074891
-0.079851 0.061936
-0.071124 0.058345
-0.062351 0.054643
-0.053696 0.051067
-0.044844 0.047255
-0.035985 0.043700
-0.027571 0.039902
-0.018747 0.036356
-0.010062 0.032477
-0.001401 0.028746
-0.007229 0.029576
-0.012863 0.030637
-0.018578 0.031691
-0.024510 0.032770
-0.030128 0.033832
-0.035852 0.034796
-0.041666 0.035670
-0.052291 0.041306
-0.062968 0.047102
-0.073543 0.052743
-0.084423 0.058503
-0.094994 0.064138
-0.105381 0.069695
-0.115923 0.075389
-0.126518 0.080960
-0.103426 0.063076
-0.080141 0.045464
-0.057058 0.027633
-0.034002 0.009809
-0.011030 -0.007985
0.012210 -0.026030
0.035341 -0.043685
0.058425 -0.061484
0.057415 -0.050920
0.056563 -0.040441
0.055536 -0.030135
0.054643 -0.019637
0.053536 -0.009230
0.052516 0.001342
-0.083356 0.142859
-0.086322 0.145938
-0.089288 0.149029
-0.092248 0.152123
-0.095212 0.155208
-0.098177 0.158300
-0.101135 0.161382
-0.104100 0.164472
-0.105905 0.163065
-0.108704 0.160895
-0.111493 0.158717
-0.114285 0.156538
-0.117076 0.154359
-0.119871 0.152176
-0.122666 0.150001
-0.125453 0.147828
-0.128240 0.145655
-0.157301 0.011867
-0.186362 -0.121923
-0.215426 -0.255714
-0.244488 -0.389505
-0.273550 -0.523293
-0.302615 -0.657079
-0.331673 -0.790862
-0.461295 -0.526922
-0.590799 -0.262262
-0.724202 0.026564
-0.778878 0.269092
-0.496235 0.340978
-0.198727 0.599275
-0.086326 0.780642
-0.021550 1.068733
0.181561 1.655958
0.465359 2.222056
0.491786 2.827597
0.285049 3.125237
0.252854 3.849929
0.499686 4.742241
0.401755 5.624375
-0.242303 6.515963
-0.735264 7.454961
-2.404135 8.602966
-3.540535 9.622477
-2.631014 11.115144
-2.032827 12.173255
-1.468840 13.274626
-2.012070 14.019485
-4.876777 14.917874
-5.061962 15.888662
-6.493307 17.075157
-6.619205 18.316024
-7.890000 19.770124
-9.386356 20.730679
-10.843563 21.376720
-12.588654 21.849622
-12.991573 22.115985
-12.307096 21.989684
-11.848752 21.423064
-11.514712 20.249605
-11.564202 19.455740
-12.020596 19.099101
-12.360523 18.739537
-12.296882 18.081662
-11.521551 17.465541
-11.203802 16.793999
-11.404493 16.449164
-10.784044 15.215018
-9.968922 13.867970
-11.084705 13.385359
-11.564192 13.030344
-12.442894 13.346854
-11.770353 12.719772
-10.954836 12.350834
-10.887666 12.476958
-10.514708 12.328393
-10.661073 12.424264
-10.982047 12.035568
-10.958763 11.650358
-10.291991 11.153468
-9.512185 11.153686
-9.212615 11.180417
-8.729244 11.372073
-8.416250 11.935949
-8.208111 12.146039
-7.883903 11.923788
-7.670579 11.240182
-7.537337 10.558264
-7.504259 9.864294
-7.492831 9.015044
-7.467895 8.439761
-7.080690 7.626011
-6.916847 7.292969
-6.838025 7.250406
-6.814138 7.714073
-6.764634 7.939146
-6.538150 8.218479
-6.132285 8.466427
-5.876156 8.577532
-5.656260 8.657790
-5.524724 8.752259
-5.494504 8.715240
-5.442759 8.671270
-5.353202 8.695682
-5.315408 8.677296
-5.279572 8.524211
-5.271364 8.334065
-5.245727 8.266399
-5.146676 8.403689
-5.058097 8.316570
-4.814775 8.067621
-4.564833 8.237844
-4.664428 8.345637
-4.684225 8.330052
-4.578113 8.324292
-4.327298 8.512663
-4.115392 8.933954
-3.811209 9.133389
-3.632672 9.045096
-3.568969 8.952508
-3.598832 8.989013
-3.687528 8.984979
-3.741818 9.179487
-3.767577 9.947655
-3.800446 10.180943
-3.920900 9.957785
-3.913756 9.682562
-3.921819 9.692216
-3.950687 9.872078
-3.975485 9.904474
-3.998072 9.899558
-3.971352 10.097328
-3.926963 10.393908
-3.906104 10.472067
-3.897192 10.398671
-3.883057 10.310514
-3.864438 10.335191
-3.833669 10.309335
-3.799354 10.073019
-3.773128 10.119959
-3.780545 10.270237
-3.738559 10.504685
-3.724168 10.550969
-3.742988 10.620517
-3.752359 10.672674
-3.791784 10.638554
-3.781448 10.640946
-3.770572 10.730052
-3.782270 10.766459
-3.798026 10.554644
-3.794742 10.526309
-3.788484 10.659267
-3.794982 10.644399
-3.800628 10.398836
-3.817598 10.411009
-3.819239 10.501521
-3.844939 10.799613
-3.865171 10.913863
-3.888941 11.076527
-3.899612 11.170754
-3.912905 11.269035
-3.914097 11.351836
-3.997799 11.092223
-3.981285 10.637509
-3.962895 10.605008
-3.978699 10.831389
-3.999713 11.170778
-4.038406 11.416988
-4.118957 11.631881
-4.162803 11.762047
-4.222363 11.816124
-4.232356 11.844367
-4.243580 11.906293
-4.234511 11.855585
-4.228529 11.749970
-4.206082 11.688970
-4.161900 11.606444
-4.131180 11.526425
-4.075392 11.444968
-4.068889 11.380690
-4.081021 11.343322
-4.101147 11.256651
-4.121611 11.150706
-4.144630 11.124802
-4.133815 11.275615
-4.125103 11.292639
-4.094483 11.202836
-4.077698 11.049652
-4.057766 10.994897
-4.054652 10.990838
-4.051345 10.984877
-4.065060 11.004340
-4.084450 11.130000
-4.091294 11.194700
-4.089931 11.147875
-4.092650 11.091712
-4.092850 11.012324
-4.093619 11.012091
-4.108282 11.045954
-4.118598 11.051213
-4.119340 11.062210
-4.136939 11.088852
-4.156883 11.379537
-4.159966 11.339533
-4.172431 11.433750
-4.157505 11.549187
-4.143309 11.543917
-4.137829 11.532842
-4.132142 11.576588
-4.152885 11.583415
-4.166567 11.576828
-4.174601 11.604919
-4.182269 11.668263
-4.175864 11.719057
-4.187648 11.826457
-4.217946 11.874953
-4.222232 12.011258
-4.227547 12.229832
-4.255321 12.468236
-4.300082 12.590274
-4.326016 12.756121
-4.337334 12.898779
-4.351246 13.076379
-4.379895 13.031115
-4.381067 12.920817
-4.360224 12.988464
-4.329339 13.026611
-4.317273 13.057345
-4.320971 13.081759
-4.327015 13.130774
-4.352521 13.196871
-4.356767 13.258312
-4.331036 13.538024
-4.313374 13.667341
-4.320591 13.707246
-4.337389 13.652472
-4.343162 13.610338
-4.357257 13.640211
-4.364037 13.704659
-4.376999 13.753001
-4.380560 13.765483
-4.391572 13.800421
-4.387471 13.803840
-4.392104 13.845102
-4.405452 13.920847
-4.434518 14.008993
-4.459626 14.050606
-4.466241 14.048382
-4.460672 13.975832
-4.469275 13.857577
-4.466062 13.831745
-4.458046 13.776738
-4.465680 13.755512
-4.471859 13.759308
-4.472396 13.748259
-4.469729 13.661431
-4.473431 13.559120
-4.481116 13.433237
-4.487644 13.363045
-4.507963 13.323487
-4.504984 13.400733
-4.497400 13.367502
-4.493491 13.274732
-4.476197 13.314916
-4.473590 13.230787
-4.470113 13.187297
-4.465935 13.147018
-4.451692 13.180688
-4.444650 13.105089
-4.455916 13.274886
-4.465467 13.422778
-4.472660 13.514891
-4.477684 13.595443
-4.479679 13.621175
-4.479730 13.649877
-4.489440 13.686669
-4.494401 13.722166
-4.518925 13.774234
-4.536411 13.895755
-4.546216 13.889724
-4.536177 13.819212
-4.530571 13.767477
-4.504235 13.700459
-4.485240 13.697785
-4.454925 13.689573
-4.410706 13.615780
-4.387668 13.342046
-4.395446 13.268672
-4.430533 13.241440
-4.452970 13.269610
-4.572412 13.421611
-4.630071 13.224054
-4.772911 13.189810
-4.992570 12.730996
-4.959473 12.424599
-4.803634 12.807427
-4.580825 12.387882
-4.329834 12.249351
-4.132761 12.275136
-3.569966 12.027719
-3.811240 11.795689
-4.355619 11.428543
-4.708082 10.728415
-5.026823 10.182893
-5.093702 9.958043
-5.122416 9.910077
-5.133202 9.919417
-5.167891 9.894738
-5.202487 10.053206
-5.277094 10.079424
-5.347200 9.917518
-5.461027 9.423824
-5.690507 9.089762
-5.819727 9.065171
-5.963516 9.026548
-5.981684 9.309689
-5.836175 9.799778
-5.722713 9.883620
-5.704596 9.889346
-5.680256 9.675488
-5.751185 9.365381
-5.538892 9.384679
-6.122337 9.514129
-5.930077 9.738866
-5.823493 9.884921
-5.940359 9.847898
-6.028078 9.804071
-6.122724 9.716342
-6.220423 9.667924
-6.390286 9.481646
-6.491178 9.245044
-6.667755 8.847915
-6.794647 8.658259
-7.082601 8.262334
-7.308976 8.160443
-7.335072 8.256215
-7.338848 8.486419
-7.378518 8.678582
-7.387645 8.779983
-7.359509 8.875794
-7.267078 9.000912
-7.222229 9.077852
-7.218826 9.147321
-7.213786 9.198796
-7.235010 9.214662
-7.252317 9.301246
-7.309913 9.364355
-7.363427 9.312143
-7.351178 9.284836
-7.352482 9.235528
-7.342996 9.162359
-7.326544 9.120553
-7.316862 9.024232
-7.305128 8.941257
-7.314374 8.883298
-7.314382 8.779807
-7.302632 8.723035
-7.293617 8.743701
-7.292304 8.456315
-7.311469 8.193168
-6.871357 7.421087
-6.745838 6.586294
-6.667156 5.747180
-6.660326 5.210432
-6.401338 4.415207
-6.342019 3.472185
-5.770141 1.494957
-5.741559 0.541158
-6.878709 0.631376
-8.724876 1.830685
-8.916643 0.791905
-9.665212 1.073987
-12.061936 1.655624
-14.339426 1.651973
-16.217568 1.405386
-17.936481 1.207262
-19.645975 1.135033
-19.827303 0.453822
-21.453029 -0.359814
-21.598497 -1.782058
-22.009163 -3.219531
-22.619706 -3.647065
-23.109505 -3.711553
-24.291032 -4.455782
-25.521487 -5.540004
-25.930335 -6.170864
-26.487362 -6.877982
-27.335024 -7.257649
-27.709820 -7.216812
-26.988710 -7.238039
-26.600352 -7.362960
-26.165950 -7.194849
-26.126036 -7.252151
-25.823746 -7.092711
-25.823880 -6.880432
-25.655343 -6.588795
-25.424934 -6.561389
-25.228551 -6.456663
-25.008881 -6.417449
-24.789522 -6.085249
-24.681736 -6.060498
-24.189223 -6.120230
-23.788475 -6.083191
-23.244500 -6.105265
-22.792712 -6.117074
-22.277437 -5.996888
-21.039097 -5.940009
-20.539825 -6.033784
-20.139042 -5.955168
-19.868325 -6.043333
-19.934577 -5.982471
-19.730520 -5.877306
-19.171551 -5.709024
-19.012179 -5.572105
-18.415624 -5.506329
-18.098393 -5.557167
-17.568072 -5.214358
-15.914018 -4.622670
-14.927216 -4.089881
-14.201120 -3.824353
-13.434233 -3.542659
-12.519349 -2.990076
-11.249683 -2.362609
-9.810167 -1.486779
-8.810122 -1.304204
-8.448264 -0.995338
-8.033631 -1.006660
-7.759545 -0.825276
-7.504757 -0.876401
-7.433109 -0.880595
-7.480429 -0.911398
-8.006995 -0.613265
-8.761497 0.257398
-9.120000 1.197942
-9.607539 2.665939
-9.955676 3.474432
-10.369640 3.822816
-9.698107 3.611040
-10.096529 3.787164
-9.775841 3.786535
-10.523643 4.375594
-10.577725 4.307168
-10.792716 4.248579
-11.620941 3.831983
-11.373279 3.605202
-11.125674 3.378412
-10.878009 3.151658
-10.662283 3.046398
-10.628719 3.030046
-10.595157 3.013783
-10.561679 2.997505
-10.528225 2.981101
-10.494625 2.964858
-10.461071 2.948576
-10.427579 2.932179
-10.438158 2.929822
-10.448735 2.927472
-10.459329 2.925093
-10.469924 2.922727
-10.480511 2.920359
-10.491097 2.917994
-10.501689 2.915618
-10.502035 2.915195
-10.502371 2.914777
-10.502719 2.914351
-10.503063 2.913921
-10.503402 2.913502
-10.503749 2.913079
-10.504088 2.912668
-10.503296 2.913483
-10.502500 2.914305
-10.501705 2.915126
-10.500908 2.915952
-10.500110 2.916775
-10.499321 2.917594
-10.498532 2.918409
-10.497738 2.919226
-10.497437 2.919144
-10.497134 2.919066
-10.496833 2.918990
-10.496534 2.918905
-10.496236 2.918824
-10.495935 2.918748
-10.495633 2.918667
-10.495337 2.918591
-10.495446 2.918328
-10.495558 2.918072
-10.495669 2.917815
-10.495784 2.917550
-10.495893 2.917296
-10.496004 2.917039
-10.496114 2.916782
-10.496229 2.916524
-10.496335 2.916269
-10.496459 2.915986
-10.496586 2.915697
-10.496716 2.915409
-10.496842 2.915114
-10.496969 2.914824
-10.497103 2.914530
-10.497237 2.914232
-10.497366 2.913939
-10.497587 2.913672
-10.497802 2.913406
-10.498019 2.913139
-10.498231 2.912871
-10.498447 2.912608
-10.498659 2.912343
-10.498871 2.912083
-10.499084 2.911820
-10.499422 2.911014
-10.499761 2.910209
-10.500098 2.909412
-10.500440 2.908602
-10.500780 2.907790
-10.501125 2.906977
-10.501462 2.906163
-10.501584 2.905994
-10.501707 2.905820
-10.501826 2.905653
-10.501945 2.905483
-10.502060 2.905310
-10.502180 2.905140
-10.502294 2.904975
-10.502534 2.904785
-10.502769 2.904598
-10.503002 2.904411
-10.503233 2.904224
-10.503467 2.904037
-10.503701 2.903847
-10.503944 2.903649
-10.503860 2.903566
-10.503785 2.903473
-10.503703 2.903390
-10.503620 2.903310
-10.503536 2.903230
-10.503457 2.903136
-10.503377 2.903048
-10.503297 2.902963
-10.503607 2.902704
-10.503917 2.902443
-10.504228 2.902180
-10.504541 2.901908
-10.504850 2.901640
-10.505160 2.901377
-10.505474 2.901111
-10.505789 2.900844
-10.505492 2.901371
-10.505187 2.901917
-10.504887 2.902455
-10.504592 2.902996
-10.504292 2.903542
-10.503994 2.904089
-10.503705 2.904630
-10.503830 2.904960
-10.503959 2.905294
-10.504087 2.905625
-10.504214 2.905955
-10.504341 2.906285
-10.504471 2.906613
-10.504602 2.906944
-10.504734 2.907274
-10.504860 2.907611
-10.504666 2.907735
-10.504472 2.907867
-10.504282 2.907995
-10.504087 2.908122
-10.503900 2.908245
-10.503709 2.908369
-10.503514 2.908497
-10.503319 2.908622
-10.503553 2.908642
-10.503795 2.908665
-10.504024 2.908687
-10.504261 2.908707
-10.504497 2.908731
-10.504732 2.908757
-10.504971 2.908774
-10.505200 2.908799
-10.505221 2.908725
-10.505241 2.908651
-10.505262 2.908575
-10.505277 2.908500
-10.505295 2.908422
-10.505314 2.908348
-10.505333 2.908274
-10.505352 2.908197
-10.505195 2.908387
-10.505039 2.908573
-10.504882 2.908763
-10.504726 2.908949
-10.504565 2.909139
-10.504405 2.909326
-10.504247 2.909516
-10.504091 2.909704
-10.504109 2.909721
-10.504129 2.909743
-10.504147 2.909762
-10.504169 2.909777
-10.504183 2.909801
-10.504197 2.909819
-10.504221 2.909838
-10.504238 2.909858
-10.504255 2.909880
-10.504272 2.909897
-10.504291 2.909916
-10.504310 2.909936
-10.504326 2.909960
-10.504347 2.909981
-10.504363 2.909903
-10.504385 2.909830
-10.504403 2.909755
-10.504422 2.909680
-10.504444 2.909605
-10.504460 2.909537
-10.504479 2.909465
-10.504604 2.909380
-10.504739 2.909298
-10.504868 2.909219
-10.504991 2.909137
-10.505122 2.909050
-10.505246 2.908974
-10.505373 2.908894
-10.505497 2.908815
-10.505625 2.908730
-10.505752 2.908651
-10.505882 2.908569
-10.506010 2.908490
-10.506138 2.908410
-10.506270 2.908329
-10.506295 2.908351
-10.506319 2.908377
-10.506338 2.908400
-10.506362 2.908418
-10.506389 2.908434
-10.506412 2.908461
-10.506433 2.908487
-10.506455 2.908513
-10.506480 2.908326
-10.506505 2.908140
-10.506522 2.907956
-10.506544 2.907769
-10.506566 2.907581
-10.506589 2.907402
-10.506611 2.907216
-10.506634 2.907031
-10.506759 2.906849
-10.506884 2.906662
-10.507013 2.906474
-10.507139 2.906287
-10.507268 2.906101
-10.507399 2.905913
-10.507523 2.905731
-10.507649 2.905542
-10.508138 2.905340
-10.508631 2.905138
-10.509122 2.904935
-10.509615 2.904732
-10.510103 2.904533
-10.510598 2.904327
-10.511086 2.904127
-10.511342 2.904035
-10.511557 2.903962
-10.511769 2.903888
-10.511982 2.903814
-10.512193 2.903743
-10.512408 2.903666
-10.512622 2.903591
-10.512842 2.903516
-10.512653 2.903853
-10.512457 2.904187
-10.512269 2.904519
-10.512078 2.904852
-10.511887 2.905190
-10.511699 2.905524
-10.511505 2.905858
-10.511532 2.905984
-10.511548 2.906100
-10.511566 2.906212
-10.511584 2.906332
-10.511603 2.906447
-10.511620 2.906561
-10.511643 2.906671
-10.511664 2.906600
-10.511687 2.906528
-10.511705 2.906449
-10.511724 2.906375
-10.511744 2.906302
-10.511757 2.906225
-10.511775 2.906149
-10.511794 2.906074
-10.511616 2.906091
-10.511445 2.906110
-10.511276 2.906125
-10.511105 2.906145
-10.510928 2.906162
-10.510755 2.906182
-10.510577 2.906201
-10.511084 2.906034
-10.511591 2.905860
-10.512099 2.905697
-10.512602 2.905527
-10.513106 2.905358
-10.513612 2.905189
-10.514119 2.905020
-10.514621 2.904853
-10.514546 2.904868
-10.514469 2.904892
-10.514385 2.904905
-10.514305 2.904925
-10.514230 2.904949
-10.514152 2.904969
-10.514071 2.904991
-10.513994 2.905007
-10.513925 2.904853
-10.513856 2.904701
-10.513782 2.904551
-10.513711 2.904403
-10.513642 2.904251
-10.513575 2.904096
-10.513512 2.903943
-10.513446 2.903790
-10.513367 2.903808
-10.513288 2.903832
-10.513205 2.903852
-10.513135 2.903872
-10.513053 2.903885
-10.512980 2.903904
-10.512905 2.903923
-10.512928 2.903833
-10.512953 2.903748
-10.512979 2.903652
-10.512999 2.903567
-10.513024 2.903470
-10.513044 2.903379
-10.513063 2.903289
-10.512971 2.903082
-10.512866 2.902861
-10.512769 2.902638
-10.512669 2.902415
-10.512570 2.902194
-10.512467 2.901981
-10.512367 2.901761
-10.512276 2.901545
-10.512612 2.901360
-10.512954 2.901170
-10.513297 2.900989
-10.513629 2.900802
-10.513966 2.900617
-10.514308 2.900432
-10.513908 2.900669
-10.513578 2.900853
-10.513248 2.901042
-10.512917 2.901229
-10.512587 2.901417
-10.512251 2.901608
-10.511917 2.901792
-10.511583 2.901982
-10.511777 2.902087
-10.512007 2.902211
-10.512247 2.902340
-10.512478 2.902470
-10.512707 2.902601
-10.512949 2.902723
-10.513186 2.902846
-10.513422 2.902972
-10.513355 2.902813
-10.513283 2.902656
-10.513215 2.902501
-10.513145 2.902347
-10.513077 2.902194
-10.513006 2.902048
-10.512938 2.901891
-10.512872 2.901740
-10.512797 2.901590
-10.512815 2.901609
-10.512838 2.901620
-10.512852 2.901641
-10.512873 2.901659
-10.512890 2.901679
-10.512910 2.901695
-10.512936 2.901718
-10.512956 2.901736
-10.513439 2.901079
-10.513924 2.900424
-10.514413 2.899774
-10.514904 2.899123
-10.515397 2.898469
-10.515876 2.897815
-10.516364 2.897166
-10.516277 2.897521
-10.516192 2.897856
-10.516106 2.898186
-10.516016 2.898520
-10.515932 2.898848
-10.515849 2.899175
-10.515762 2.899514
-10.515666 2.899851
-10.516222 2.898835
-10.516772 2.897825
-10.517323 2.896813
-10.517875 2.895800
-10.518427 2.894786
-10.518979 2.893778
-10.519535 2.892762
-10.519366 2.893062
-10.519191 2.893362
-10.519018 2.893664
-10.518849 2.893966
-10.518677 2.894268
-10.518502 2.894566
-10.518326 2.894877
-10.518155 2.895178
-10.517862 2.894987
-10.517566 2.894801
-10.517264 2.894615
-10.516972 2.894434
-10.516673 2.894251
-10.516372 2.894064
-10.516076 2.893879
-10.515775 2.893691
-10.515472 2.893506
-10.515604 2.893326
-10.515731 2.893143
-10.515860 2.892962
-10.515991 2.892774
-10.516121 2.892585
-10.516249 2.892395
-10.516386 2.892210
-10.516301 2.892231
-10.516218 2.892256
-10.516133 2.892280
-10.516052 2.892299
-10.515967 2.892316
-10.515885 2.892341
-10.515800 2.892363
-10.515711 2.892379
-10.515827 2.892612
-10.515960 2.892839
-10.516089 2.893062
-10.516219 2.893296
-10.516355 2.893524
-10.516484 2.893753
-10.516616 2.893983
-10.516744 2.894218
-10.516874 2.894441
-10.516574 2.894883
-10.516275 2.895320
-10.515982 2.895752
-10.515674 2.896184
-10.515382 2.896621
-10.515091 2.897053
-10.514797 2.897485
-10.514818 2.897594
-10.514837 2.897708
-10.514859 2.897818
-10.514877 2.897929
-10.514897 2.898036
-10.514912 2.898150
-10.514928 2.898265
-10.514948 2.898382
-10.514966 2.898610
-10.514986 2.898839
-10.515008 2.899071
-10.515027 2.899303
-10.515047 2.899530
-10.515066 2.899757
-10.515088 2.899989
-10.515109 2.900218
-10.515233 2.900237
-10.515372 2.900267
-10.515511 2.900292
-10.515655 2.900319
-10.515798 2.900346
-10.515935 2.900372
-10.516072 2.900395
-10.515658 2.900622
-10.515257 2.900856
-10.514845 2.901090
-10.514435 2.901318
-10.514030 2.901548
-10.513624 2.901778
-10.513216 2.902008
-10.512917 2.902446
-10.512621 2.902883
-10.512325 2.903322
-10.512033 2.903760
-10.511738 2.904200
-10.511439 2.904634
-10.511145 2.905070
-10.510845 2.905508
-10.510599 2.905697
-10.510355 2.905886
-10.510114 2.906073
-10.509869 2.906262
-10.509629 2.906451
-10.509384 2.906639
-10.509142 2.906826
-10.508967 2.906847
-10.508794 2.906866
-10.508614 2.906885
-10.508444 2.906906
-10.508271 2.906923
-10.508095 2.906941
-10.507920 2.906957
-10.508046 2.907089
-10.508169 2.907211
-10.508295 2.907336
-10.508422 2.907461
-10.508547 2.907587
-10.508675 2.907708
-10.508798 2.907834
-10.509035 2.907542
-10.509267 2.907250
-10.509499 2.906961
-10.509735 2.906668
-10.509967 2.906380
-10.510205 2.906090
-10.510439 2.905803
-10.510558 2.905546
-10.510678 2.905282
-10.510795 2.905020
-10.510915 2.904757
-10.511030 2.904496
-10.511152 2.904228
-10.510961 2.904562
-10.510774 2.904893
-10.510578 2.905226
-10.510385 2.905560
-10.510196 2.905898
-10.510001 2.906228
-10.509808 2.906563
-10.509729 2.906681
-10.509648 2.906795
-10.509564 2.906909
-10.509485 2.907022
-10.509405 2.907132
-10.509331 2.907247
-10.509453 2.907169
-10.509584 2.907086
-10.509711 2.907001
-10.509840 2.906923
-10.509973 2.906838
-10.510103 2.906756
-10.510234 2.906683
-10.510147 2.906707
-10.510050 2.906728
-10.509962 2.906752
-10.509872 2.906775
-10.509778 2.906798
-10.509684 2.906823
-10.509590 2.906843
-10.509706 2.906862
-10.509824 2.906885
-10.509939 2.906906
-10.510055 2.906929
-10.510174 2.906950
-10.510295 2.906969
-10.510410 2.906993
-10.510430 2.906910
-10.510448 2.906828
-10.510469 2.906745
-10.510488 2.906665
-10.510510 2.906578
-10.510533 2.906495
-10.510549 2.906414
-10.510663 2.906528
-10.510778 2.906644
-10.510893 2.906759
-10.511013 2.906873
-10.511126 2.906986
-10.511244 2.907102
-10.511361 2.907221
-10.511476 2.907331
-10.511607 2.907248
-10.511740 2.907165
-10.511870 2.907084
-10.511997 2.906998
-10.512130 2.906915
-10.512256 2.906842
-10.512384 2.906763
-10.512518 2.906888
-10.512650 2.907009
-10.512783 2.907135
-10.512908 2.907260
-10.513038 2.907380
-10.513176 2.907504
-10.513303 2.907625
-10.513430 2.907546
-10.513559 2.907463
-10.513689 2.907377
-10.513809 2.907290
-10.513934 2.907211
-10.514066 2.907130
-10.514189 2.907048
-10.514316 2.906968
-10.514120 2.906987
-10.513930 2.907013
-10.513744 2.907034
-10.513551 2.907057
-10.513358 2.907077
-10.513164 2.907098
-10.512972 2.907117
-10.512792 2.907044
-10.512617 2.906970
-10.512445 2.906889
-10.512269 2.906815
-10.512090 2.906741
-10.511917 2.906671
-10.511839 2.906878
-10.511749 2.907108
-10.511663 2.907340
-10.511577 2.907568
-10.511495 2.907799
-10.511413 2.908028
-10.511330 2.908256
-10.511540 2.908282
-10.511754 2.908305
-10.511966 2.908328
-10.512176 2.908345
-10.512392 2.908368
-10.512604 2.908381
-10.512819 2.908405
-10.513035 2.908327
-10.513245 2.908255
-10.513457 2.908181
-10.513672 2.908102
-10.513875 2.908030
-10.514095 2.907955
-10.514314 2.907875
-10.514138 2.908090
-10.513965 2.908295
-10.513790 2.908509
-10.513616 2.908718
-10.513446 2.908927
-10.513274 2.909135
-10.513101 2.909346
-10.513011 2.909574
-10.512925 2.909804
-10.512846 2.910026
-10.512759 2.910259
-10.512678 2.910486
-10.512589 2.910720
-10.512504 2.910947
-10.512413 2.911079
-10.512323 2.911211
-10.512229 2.911346
-10.512135 2.911487
-10.512043 2.911620
-10.511948 2.911760
-10.511848 2.911901
-10.511742 2.912039
-10.511676 2.911802
-10.511604 2.911569
-10.511534 2.911331
-10.511461 2.911096
-10.511399 2.910856
-10.511321 2.910621
-10.511255 2.910384
-10.511180 2.910147
-10.511112 2.909912
-10.510279 2.910861
-10.509441 2.911820
-10.508603 2.912776
-10.507774 2.913735
-10.506936 2.914691
-10.506107 2.915650
-10.505268 2.916604
-10.504435 2.917559
-10.504573 2.917806
-10.504717 2.918054
-10.504862 2.918300
-10.505002 2.918551
-10.505145 2.918801
-10.505291 2.919049
-10.505433 2.919309
-10.505567 2.919552
-10.505386 2.919680
-10.505196 2.919803
-10.505005 2.919930
-10.504819 2.920055
-10.504633 2.920178
-10.504434 2.920303
-10.504239 2.920432
-10.504333 2.920446
-10.504428 2.920462
-10.504522 2.920480
-10.504616 2.920494
-10.504706 2.920513
-10.504802 2.920528
-10.504893 2.920545
-10.504989 2.920561
-10.505114 2.920686
-10.505237 2.920813
-10.505365 2.920942
-10.505491 2.921063
-10.505622 2.921198
-10.505754 2.921320
-10.505682 2.921345
-10.505603 2.921366
-10.505525 2.921391
-10.505445 2.921407
-10.505370 2.921431
-10.505289 2.921451
-10.505207 2.921467
-10.505132 2.921489
-10.505151 2.921514
-10.505168 2.921536
-10.505195 2.921560
-10.505216 2.921582
-10.505227 2.921604
-10.505252 2.921622
-10.505275 2.921640
-10.505282 2.921659
-10.505299 2.921674
-10.505311 2.921692
-10.505330 2.921712
-10.505345 2.921729
-10.505357 2.921751
-10.505376 2.921768
-10.505399 2.921789
-10.505416 2.921815
-10.505433 2.921840
-10.505453 2.921860
-10.505475 2.921881
-10.505498 2.921902
-10.505526 2.921925
-10.505445 2.922047
-10.505371 2.922168
-10.505291 2.922281
-10.505215 2.922392
-10.505135 2.922500
-10.505056 2.922615
-10.504977 2.922734
-10.504806 2.922566
-10.504598 2.922366
-10.504393 2.922162
-10.504179 2.921956
-10.503973 2.921751
-10.503755 2.921555
-10.503547 2.921349
-10.503333 2.921147
-10.503129 2.920945
-10.503256 2.920963
-10.503388 2.920986
-10.503513 2.921014
-10.503643 2.921033
-10.503775 2.921056
-10.503900 2.921082
-10.504028 2.921109
-10.504155 2.921134
-10.504180 2.921153
-10.504202 2.921178
-10.504221 2.921203
-10.504235 2.921236
-10.504250 2.921264
-10.504271 2.921285
-10.504300 2.921304
-10.504324 2.921335
-10.504669 2.921248
-10.505015 2.921168
-10.505355 2.921082
-10.505694 2.920992
-10.506040 2.920905
-10.506378 2.920827
-10.506718 2.920732
-10.507062 2.920655
-10.507201 2.920791
-10.507339 2.920922
-10.507483 2.921065
-10.507625 2.921211
-10.507769 2.921346
-10.507915 2.921484
-10.507934 2.921617
-10.507955 2.921745
-10.507973 2.921876
-10.507991 2.921999
-10.508013 2.922118
-10.508043 2.922242
-10.508062 2.922365
-10.508084 2.922488
-10.508208 2.922408
-10.508339 2.922326
-10.508462 2.922243
-10.508594 2.922159
-10.508722 2.922080
-10.508851 2.921996
-10.508978 2.921914
-10.509001 2.921940
-10.509019 2.921959
-10.509038 2.921976
-10.509060 2.921995
-10.509082 2.922012
-10.509108 2.922035
-10.509124 2.922053
-10.509142 2.922077
-10.509052 2.921990
-10.508966 2.921912
-10.508888 2.921836
-10.508800 2.921750
-10.508718 2.921672
-10.508633 2.921591
-10.508553 2.921514
-10.508468 2.921434
-10.508388 2.921357
-10.508304 2.921284
-10.508233 2.921207
-10.508156 2.921128
-10.508076 2.921056
-10.507995 2.920978
-10.507924 2.920910
-10.507841 2.920837
-10.507662 2.920949
-10.507490 2.921058
-10.507318 2.921172
-10.507141 2.921287
-10.506974 2.921397
-10.506793 2.921517
-10.506618 2.921630
-10.506442 2.921747
-10.506467 2.921859
-10.506481 2.921971
-10.506501 2.922086
-10.506524 2.922198
-10.506542 2.922312
-10.506562 2.922425
-10.506587 2.922538
-10.506600 2.922649
-10.506232 2.922669
-10.505858 2.922687
-10.505488 2.922706
-10.505128 2.922720
-10.504755 2.922737
-10.504392 2.922758
-10.504025 2.922775
-10.503652 2.922794
-10.504640 2.921261
-10.505619 2.919729
-10.506597 2.918204
-10.507569 2.916664
-10.508547 2.915124
-10.509533 2.913586
-10.510507 2.912050
-10.510812 2.911777
-10.511124 2.911505
-10.511432 2.911244
-10.511744 2.910978
-10.512051 2.910724
-10.512364 2.910458
-10.512670 2.910196
-10.512492 2.910025
-10.512319 2.909856
-10.512143 2.909693
-10.511968 2.909523
-10.511798 2.909348
-10.511629 2.909178
-10.511455 2.909014
-10.511282 2.908851
-10.511407 2.908553
-10.511536 2.908262
-10.511659 2.907977
-10.511785 2.907688
-10.511914 2.907392
-10.512046 2.907091
-10.512168 2.906812
-10.512181 2.906839
-10.512208 2.906864
-10.512230 2.906880
-10.512252 2.906904
-10.512279 2.906922
-10.512301 2.906942
-10.512325 2.906967
-10.512028 2.907085
-10.511733 2.907205
-10.511439 2.907332
-10.511142 2.907456
-10.510844 2.907581
-10.510540 2.907699
-10.510243 2.907824
-10.509940 2.907950
-10.509643 2.908078
-10.505294 2.906027
-10.500940 2.903973
-10.496586 2.901921
-10.492232 2.899861
-10.487888 2.897801
-10.483541 2.895740
-10.479185 2.893690
-10.479369 2.894390
-10.479559 2.895091
-10.479746 2.895784
-10.479943 2.896480
-10.480132 2.897175
-10.480321 2.897871
-10.480512 2.898570
-10.480702 2.899266
-10.480634 2.899113
-10.480572 2.898953
-10.480507 2.898801
-10.480433 2.898657
-10.480364 2.898511
-10.480288 2.898364
-10.480216 2.898216
-10.480151 2.898058
-10.480059 2.897775
-10.479971 2.897480
-10.479893 2.897194
-10.479799 2.896900
-10.479720 2.896610
-10.479641 2.896311
-10.479550 2.896024
-10.479464 2.895729
-10.479489 2.895852
-10.479504 2.895984
-10.479524 2.896107
-10.479548 2.896232
-10.479566 2.896362
-10.479594 2.896490
-10.479612 2.896611
-10.479634 2.896639
-10.479659 2.896663
-10.479670 2.896683
-10.479692 2.896703
-10.479716 2.896729
-10.479737 2.896745
-10.479761 2.896770
-10.479779 2.896790
-10.479480 2.897125
-10.479181 2.897454
-10.478886 2.897788
-10.478586 2.898126
-10.478288 2.898455
-10.477987 2.898788
-10.477688 2.899123
-10.477610 2.899040
-10.477530 2.898978
-10.477450 2.898905
-10.477377 2.898826
-10.477299 2.898752
-10.477223 2.898680
-10.477145 2.898607
-10.477070 2.898532
-10.477097 2.898550
-10.477114 2.898568
-10.477132 2.898584
-10.477158 2.898602
-10.477178 2.898621
-10.477198 2.898649
-10.477212 2.898669
-10.477334 2.898779
-10.477461 2.898903
-10.477594 2.899029
-10.477713 2.899152
-10.477836 2.899276
-10.477967 2.899401
-10.478095 2.899516
-10.477908 2.899652
-10.477748 2.899754
-10.477592 2.899852
-10.477435 2.899957
-10.477276 2.900059
-10.477119 2.900157
-10.476961 2.900261
-10.476767 2.900074
-10.476572 2.899890
-10.476387 2.899701
-10.476195 2.899510
-10.476000 2.899330
-10.475812 2.899142
-10.475620 2.898949
-10.475428 2.898768
-10.475445 2.898790
-10.475469 2.898811
-10.475485 2.898830
-10.475501 2.898843
-10.475520 2.898862
-10.475539 2.898882
-10.475563 2.898905
-10.475583 2.898921
-10.475609 2.898948
-10.475627 2.898971
-10.475648 2.898996
-10.475668 2.899021
-10.475686 2.899044
-10.475703 2.899064
-10.475724 2.899082
-10.475747 2.899107
-10.475877 2.899234
-10.475999 2.899361
-10.476130 2.899485
-10.476259 2.899610
-10.476383 2.899728
-10.476511 2.899859
-10.476644 2.899774
-10.476767 2.899691
-10.476893 2.899606
-10.477023 2.899517
-10.477151 2.899443
-10.477276 2.899360
-10.477406 2.899275
-10.477532 2.899189
-10.477660 2.899207
-10.477791 2.899231
-10.477923 2.899252
-10.478056 2.899273
-10.478189 2.899301
-10.478315 2.899326
-10.478452 2.899349
-10.478584 2.899370
-10.478396 2.899494
-10.478208 2.899616
-10.478021 2.899742
-10.477826 2.899873
-10.477627 2.899997
-10.477437 2.900123
-10.477243 2.900255
-10.477053 2.900382
-10.477076 2.900609
-10.477101 2.900839
-10.477123 2.901074
-10.477137 2.901300
-10.477165 2.901526
-10.477185 2.901756
-10.477210 2.901989
-10.477231 2.902209
-10.477339 2.902230
-10.477440 2.902250
-10.477548 2.902264
-10.477652 2.902280
-10.477755 2.902294
-10.477867 2.902312
-10.477970 2.902334
-10.478071 2.902353
-10.477999 2.902287
-10.477922 2.902216
-10.477847 2.902144
-10.477768 2.902065
-10.477692 2.901992
-10.477615 2.901916
-10.477540 2.901843
-10.477464 2.901765
-10.477382 2.901693
-10.477401 2.901604
-10.477424 2.901526
-10.477442 2.901438
-10.477463 2.901362
-10.477487 2.901281
-10.477508 2.901203
-10.477528 2.901119
-10.477656 2.901452
-10.477771 2.901756
-10.477889 2.902061
-10.478008 2.902363
-10.478128 2.902666
-10.478237 2.902972
-10.478357 2.903275
-10.478470 2.903581
-10.478392 2.903604
-10.478320 2.903621
-10.478245 2.903643
-10.478169 2.903665
-10.478092 2.903685
-10.478016 2.903704
-10.477936 2.903724
-10.477856 2.903743
-10.477988 2.903868
-10.478117 2.903989
-10.478245 2.904114
-10.478375 2.904241
-10.478503 2.904369
-10.478632 2.904494
-10.478759 2.904620
-10.478886 2.904747
-10.479018 2.904561
-10.479138 2.904384
-10.479254 2.904214
-10.479370 2.904056
-10.479488 2.903889
-10.479600 2.903731
-10.479718 2.903565
-10.479832 2.903401
-10.480069 2.903432
-10.480305 2.903450
-10.480537 2.903477
-10.480767 2.903502
-10.481001 2.903531
-10.481235 2.903548
-10.481470 2.903574
-10.481492 2.903283
-10.481507 2.903022
-10.481524 2.902761
-10.481542 2.902497
-10.481558 2.902235
-10.481578 2.901970
-10.481600 2.901704
-10.481618 2.901444
-10.481350 2.901648
-10.481024 2.901901
-10.480692 2.902155
-10.480368 2.902410
-10.480042 2.902666
-10.479722 2.902917
-10.479395 2.903168
-10.479070 2.903420
-10.478987 2.903442
-10.478908 2.903467
-10.478820 2.903484
-10.478733 2.903507
-10.478653 2.903529
-10.478563 2.903551
-10.478472 2.903577
-10.478384 2.903600
-10.478405 2.903435
-10.478427 2.903263
-10.478441 2.903095
-10.478459 2.902923
-10.478480 2.902751
-10.478498 2.902587
-10.478426 2.902506
-10.478357 2.902441
-10.478290 2.902369
-10.478219 2.902306
-10.478154 2.902229
-10.478091 2.902154
-10.478026 2.902077
-10.477954 2.902019
-10.477776 2.902039
-10.477602 2.902060
-10.477429 2.902084
-10.477250 2.902105
-10.477071 2.902127
-10.476897 2.902148
-10.476724 2.902167
-10.476484 2.902267
-10.476242 2.902372
-10.475997 2.902474
-10.475755 2.902577
-10.475513 2.902675
-10.475265 2.902779
-10.475021 2.902881
-10.474778 2.902990
-10.474530 2.903091
-10.474558 2.903108
-10.474573 2.903138
-10.474599 2.903159
-10.474625 2.903171
-10.474643 2.903202
-10.474660 2.903221
-10.474684 2.903244
-10.474921 2.902850
-10.475112 2.902529
-10.475304 2.902209
-10.475490 2.901897
-10.475676 2.901580
-10.475871 2.901256
-10.476069 2.900934
-10.476263 2.900612
-10.476108 2.900711
-10.475920 2.900840
-10.475723 2.900965
-10.475530 2.901095
-10.475341 2.901219
-10.475152 2.901340
-10.474957 2.901473
-10.474972 2.901588
-10.474993 2.901696
-10.475016 2.901809
-10.475038 2.901926
-10.475057 2.902041
-10.475072 2.902157
-10.475097 2.902272
-10.475114 2.902384
-10.475132 2.902551
-10.475148 2.902716
-10.475168 2.902879
-10.475182 2.903049
-10.475196 2.903219
-10.475211 2.903383
-10.475226 2.903550
-10.475050 2.903474
-10.474873 2.903395
-10.474693 2.903329
-10.474521 2.903256
-10.474346 2.903177
-10.474173 2.903102
-10.473992 2.903032
-10.473820 2.902956
-10.473641 2.902889
-10.374084 2.878923
-10.274528 2.854956
-10.174968 2.830998
-10.075416 2.807027
-9.975861 2.783058
-9.880514 2.756533
-9.780966 2.732566
-9.681416 2.708586
-9.530716 2.570954
-9.380015 2.433333
-9.229318 2.295714
-9.078618 2.158096
-8.927913 2.020479
-8.777213 1.882872
-8.738363 1.666968
-8.792704 1.542274
-8.703963 1.438760
-8.614229 1.335639
-8.505619 1.220894
-8.411182 1.149510
-8.254903 1.035056
-8.111162 1.107144
-7.969765 1.123969
-7.791038 1.176116
-7.306975 0.990894
-7.208372 0.999804
-6.900474 0.931745
-6.783409 1.124065
-6.217557 0.648295
-5.745341 0.247038
-5.292766 0.020678
-5.157433 0.428532
-4.611437 1.032072
-3.706735 1.063540
-4.548548 1.403363
-4.217808 1.489653
-3.777273 1.525506
-3.947283 1.768567
-4.091737 2.245821
-3.879521 1.724853
-3.858966 1.752027
-4.163323 1.978155
-3.685987 1.934941
-3.572771 2.036455
-3.508337 2.340731
-3.439954 2.134968
-3.655056 1.951555
-3.716195 2.293077
-3.558431 2.307798
-3.519230 2.683689
-3.292641 3.075546
-3.246333 3.564792
-4.412065 4.007137
-5.871729 4.377720
-7.930215 4.744239
-9.284303 5.085536
-10.400949 5.276673
-11.385014 5.390289
-12.296073 5.496547
-13.021012 5.447689
-15.389903 2.822715
-16.313299 2.695368
-17.513960 2.535275
-18.922598 2.370859
-20.604933 2.189177
-22.400216 2.055530
-24.199804 1.670062
-25.865891 1.559266
-26.964792 1.759728
-28.244217 1.800053
-29.549962 1.947490
-30.995655 1.877014
-32.635192 2.243788
-33.990200 2.088685
-35.492986 2.343177
-36.499805 2.405853
-37.405611 2.487139
-38.419233 2.391421
-38.995429 2.287689
-39.810083 2.345411
-40.901290 2.455796
-41.344639 2.560242
-41.706188 2.729421
-41.381689 2.496539
-41.406631 2.665282
-41.369326 2.607080
-41.274709 2.528727
-41.212376 2.460845
-41.131632 2.353393
-41.021963 2.324576
-40.906621 2.343670
-40.763967 2.311864
-40.503105 2.278802
-39.984416 2.231990
-39.397338 2.278874
-38.940336 2.324933
-38.149159 2.388102
-37.819959 2.409000
-37.186055 2.353908
-36.456779 2.488861
-35.115080 2.423282
-34.131198 3.271690
-32.582948 3.387935
-31.403194 3.455557
-29.475182 3.442098
-27.626702 3.512114
-25.814583 3.754521
-24.272876 3.744221
-23.273662 1.461607
-21.525219 1.467525
-19.402284 1.710138
-17.849238 1.891839
-16.544401 1.999582
-15.727330 2.137973
-14.185954 2.212808
-12.828743 2.528716
-12.048434 2.897458
-10.822344 2.949548
-9.700147 3.205859
-8.300436 3.469891
-6.829841 3.663476
-5.915622 3.784266
-4.641055 4.001567
-3.510977 4.246346
-2.155785 4.161119
-0.793852 4.113321
0.492726 3.824869
1.604188 3.699461
2.950810 3.412262
4.307105 3.252735
5.510697 3.246708
6.314802 3.393277
7.535893 3.295789
8.379825 3.254261
9.136369 3.271512
9.945179 3.231014
10.273998 3.361108
10.787843 3.445866
10.946717 3.528499
11.140107 3.661064
11.274296 3.743568
11.281761 3.732251
11.319146 3.681495
11.378333 3.646366
11.423768 3.619197
11.488279 3.598974
11.679493 3.651789
11.795312 3.667923
12.117986 3.510166
12.647982 3.334058
12.882824 3.262517
13.527719 3.095594
14.592949 2.940569
15.137584 3.119005
15.534844 3.283222
16.091717 3.549305
16.927752 3.963212
17.806406 4.505464
18.682229 4.583474
19.969719 4.507325
20.774329 4.529050
21.820347 4.622706
22.783476 4.947847
24.115676 5.290191
25.865596 5.374961
26.759877 5.500894
28.044047 5.607418
28.467109 5.716420
29.315676 5.825329
29.733010 5.882396
30.204476 5.922415
31.087448 6.065105
31.824368 6.215350
32.563958 6.346240
33.401318 6.476115
34.024236 6.398594
34.663003 6.439625
35.734311 6.347330
36.592696 6.196693
37.668081 5.920379
38.378227 5.782360
38.514882 5.811979
38.628699 5.818457
38.800079 5.716605
38.975226 5.512044
39.042066 5.374126
39.100421 5.300263
39.083770 5.205180
38.988523 4.979778
39.024766 4.884070
39.099800 4.913365
39.176491 4.965796
39.225476 4.922398
39.100527 4.872875
38.982429 4.855972
37.615049 5.094797
36.135492 5.094284
34.646890 5.087886
33.055076 5.355270
31.528549 5.401437
29.866912 5.515469
28.480467 5.145229
27.049230 5.063440
25.685042 4.977374
25.005075 5.312358
23.867359 5.291128
22.843610 5.257070
21.915310 5.232615
21.076270 5.216554
20.274539 5.183666
19.347169 5.033691
18.413998 4.919432
17.701163 4.789134
17.130773 4.730348
16.406688 4.678228
15.835765 4.595469
15.306021 4.516782
14.386025 4.371698
13.218130 3.999019
11.959831 3.568805
10.632164 3.712005
9.865353 3.683203
9.014374 3.632395
7.514045 3.588023
6.341142 3.423414
5.581194 3.387495
5.450234 3.394620
4.860751 3.369982
4.760241 3.305615
4.166893 3.377150
4.497895 3.387897
5.250756 3.407304
5.384718 3.431077
5.550571 3.477416
5.844819 3.592586
5.938800 3.689002
6.274413 3.760919
6.458428 3.854705
6.462214 3.864861
6.816087 3.775813
7.021590 3.882004
8.021425 3.766582
9.427821 3.675568
10.211878 3.526395
11.147656 3.490128
11.883190 3.349166
12.560514 3.226844
13.198015 3.117485
13.757925 3.170439
14.399797 3.192599
15.009801 3.246547
15.989768 3.396152
17.006240 3.480450
18.431659 3.613826
19.630282 3.935668
20.902849 4.153193
21.955062 4.494014
22.789276 4.616913
23.925453 4.862205
25.544917 4.999218
26.132974 5.290184
26.736313 5.191425
27.315241 5.165168
29.089037 5.257656
30.187854 5.323064
32.044026 5.413897
33.449054 5.549786
34.871163 5.710359
36.132624 5.791990
37.412068 5.622737
37.763711 5.484045
38.539259 5.143640
38.963973 5.164393
40.061517 5.183332
40.630368 5.173410
41.058452 5.146604
41.354237 4.958223
41.681468 4.881413
42.217065 4.829716
42.921997 4.803464
43.388860 4.800296
44.297802 4.923507
44.828492 5.138833
45.497951 5.304849
46.202514 5.526177
46.182014 5.516505
46.307070 5.428673
46.294221 5.383842
46.346794 5.331829
46.384906 5.334889
46.489952 5.360639
46.537566 5.407282
46.612436 5.401630
46.568810 5.423283
46.718167 5.442680
46.777909 5.530859
46.846195 5.667845
46.892048 5.760084
46.854160 5.777162
46.926390 5.794150
46.867388 5.903241
46.754480 5.966243
46.525474 6.075840
46.436275 6.035258
46.145635 5.938991
46.006976 5.607976
45.773707 5.441473
45.632751 5.404815
45.432024 5.486606
45.290715 5.400250
44.809738 5.291840
44.332203 5.254110
43.973875 5.351316
43.469778 5.573478
43.013896 5.557842
42.693880 5.278659
42.725856 4.871821
42.818312 4.531984
42.839134 4.615485
43.011082 5.140745
43.114889 5.493122
43.083778 5.377368
43.000600 5.176496
43.068102 5.165547
42.983517 5.216146
42.964002 5.259429
42.895484 5.316566
42.824879 5.270536
42.711030 5.368705
42.564433 5.544740
42.518733 5.670389
42.415543 5.751082
42.327723 5.692214
42.328650 5.600465
42.296458 5.500906
42.170216 5.475815
42.216135 5.329516
42.108621 5.131371
42.037452 4.753291
41.918898 4.793467
41.652299 4.907012
41.431374 4.952734
40.666223 5.064768
40.275050 4.955863
40.036654 4.947799
39.859716 5.040808
39.216698 5.150628
38.136788 5.278968
36.632651 5.382110
34.971543 5.410117
34.144799 5.170103
33.766637 5.040415
32.976812 5.203122
31.996806 5.390824
31.092966 5.411101
29.560137 5.231101
28.876893 5.252498
28.064176 5.321758
27.439959 5.200315
26.589123 5.149660
25.498009 5.122741
24.645871 5.077502
23.463699 5.161385
21.665351 5.255746
19.860416 5.426668
18.465998 5.445087
17.344238 5.594765
15.713211 5.821912
15.092042 5.736745
13.928654 5.799103
12.528212 5.700832
11.748245 5.552564
10.389625 5.510456
9.482998 5.626247
8.181472 5.709874
7.351102 5.645983
5.989166 5.762596
4.882752 5.973007
4.075566 6.137557
3.190622 6.171808
1.827235 6.537499
0.982487 6.686342
0.103258 6.545037
-0.391492 6.535810
-1.223416 6.823338
-1.401853 6.775066
-2.266161 6.899559
-2.973491 6.885956
-3.488861 6.786975
-3.918167 6.868343
-4.327311 6.812678
-4.552641 6.783151
-4.755763 6.782004
-5.489453 6.916229
-6.719213 7.190770
-7.169054 7.070474
-7.702188 6.954621
-7.790422 6.861210
-7.889668 6.761616
-7.656752 6.549248
-7.470362 6.429380
-7.338879 6.441150
-7.269550 6.516834
-6.906825 6.598734
-6.407009 6.575264
-6.008419 6.694037
-5.202377 6.684965
-3.236668 6.532963
-2.329539 6.734456
-0.606633 6.405705
0.414176 6.616806
1.425626 6.418522
2.278182 6.291348
2.459032 6.235090
3.089869 6.092097
3.707492 5.949199
4.687435 6.074638
5.552918 5.841360
5.791349 5.752634
6.493581 5.708379
6.844367 5.565866
6.888687 5.495262
7.201830 5.391674
7.510038 5.270121
7.606400 5.180972
7.767329 5.081091
7.784870 5.102927
7.917075 5.071767
7.972648 4.957404
8.077321 4.843610
8.097914 4.794003
8.144287 4.726218
8.232685 4.629110
8.316804 4.600484
8.438080 4.566199
8.520166 4.554975
8.485201 4.456481
8.503565 4.348105
8.614827 4.300605
8.644047 4.281323
8.635039 4.258989
8.669168 4.286562
8.601420 4.159033
8.528373 3.937703
8.591707 3.995713
8.536881 4.053822
8.491448 4.027795
8.494004 4.031524
8.400767 3.909402
8.396218 3.886719
8.460593 3.957700
8.489304 3.953641
8.479134 3.894683
8.526036 3.822841
8.485053 3.806846
8.570088 3.891380
8.635996 4.067339
8.660343 4.129587
8.692087 4.210681
8.745785 4.236755
8.779634 4.249285
8.756588 4.236857
8.765802 4.206145
8.718702 4.204682
8.762504 4.249707
8.794008 4.319656
8.900665 4.354599
8.935625 4.455537
8.959102 4.337955
8.913078 4.190850
8.894308 4.240227
8.830662 4.287665
8.636551 4.212370
8.550229 4.198791
8.616619 4.237328
8.599652 4.265381
8.597059 4.224188
8.528599 4.190303
8.521810 4.154523
8.505580 4.166403
8.491654 4.126065
8.547626 4.059277
8.511703 4.074439
8.564732 3.990694
8.516938 3.958749
8.567610 3.899625
8.574430 3.867144
8.626085 3.676144
8.634277 3.610639
8.611371 3.688975
8.591647 3.705743
8.596229 3.665916
8.549816 3.674242
8.460405 3.739271
8.493959 3.723097
8.379801 3.649126
8.404353 3.583672
8.374439 3.578831
8.428301 3.541731
8.405255 3.493612
8.388105 3.493262
8.455036 3.513309
8.433083 3.478750
8.386918 3.484323
8.444668 3.604528
8.456471 3.688058
8.461862 3.726239
8.431901 3.809264
8.407842 3.885375
8.471612 3.927202
8.486076 4.039332
8.539787 4.104877
8.569803 4.123755
8.494635 4.224060
8.538612 4.279981
8.480913 4.320619
8.444894 4.389839
8.411901 4.398485
8.292073 4.305755
8.366582 4.269688
8.372969 4.254867
8.360015 4.247050
8.448749 4.229577
8.333704 3.879198
8.258261 3.290292
8.306507 3.132447
8.235245 3.262842
8.358714 3.465297
8.511892 3.676844
8.432480 3.373200
8.470026 2.988692
8.450921 2.843163
8.405763 2.684253
8.387989 2.623129
8.565121 2.609149
8.495627 2.653972
8.604232 2.520148
8.567510 2.446411
8.579233 2.369741
8.636312 2.284425
8.546692 2.288037
8.729837 2.167657
8.710363 2.237101
8.757762 2.316379
8.872051 2.611057
8.852424 2.711471
8.945406 2.802759
9.034243 2.908634
9.125641 2.806902
9.187124 2.780375
9.534068 3.004453
9.595075 3.155473
9.631854 3.331769
9.686101 3.258672
9.721120 3.157677
9.848819 3.011949
9.972771 2.845257
10.042092 2.465362
9.979841 2.078271
10.015972 1.809689
9.963885 1.860299
9.883764 2.074832
9.973149 2.209713
9.804395 2.008660
9.758877 1.789419
9.710790 1.857399
9.676055 2.070969
9.668589 2.145368
9.557753 2.222791
9.626045 2.231065
9.625798 2.173367
9.622629 2.155022
9.664355 2.171996
9.727508 2.206053
9.713821 2.274576
9.744180 2.282295
9.791207 2.249614
9.725508 2.140593
9.760274 2.146639
9.661425 2.217675
9.539549 2.228312
9.534220 2.351186
9.564523 2.454878
9.601845 2.536341
9.632889 2.588190
9.634780 2.636866
9.707031 2.716999
9.659934 2.829945
9.658451 2.984119
9.697194 3.117047
9.710504 3.150354
9.658080 3.186636
9.680919 3.213465
9.707711 3.232096
9.661810 3.202108
9.649336 3.106724
9.622336 3.054869
9.581623 3.019205
9.562189 2.909913
9.540536 2.758097
9.466490 2.641128
9.509468 2.564805
9.499220 2.620436
9.534024 2.627882
9.543031 2.578087
9.525265 2.608079
9.502996 2.614964
9.401173 2.561769
9.342351 2.509517
9.316412 2.436069
9.153716 2.391099
9.127231 2.356218
9.069631 2.395759
9.065495 2.379770
9.212413 2.217676
9.349099 2.056985
9.482408 2.032185
11.089756 1.357292
11.719685 0.916197
11.820165 0.845955
11.794634 1.091819
11.277133 1.936031
11.149447 0.350688
11.917676 0.475728
12.591980 0.021126
13.682114 -0.251761
13.260818 1.348690
13.959669 1.954634
15.249243 0.647961
13.950011 0.903411
13.618753 1.632861
14.417736 2.072259
14.987468 3.109156
15.545613 3.452239
15.386011 3.347914
15.153972 3.029694
15.199288 2.365845
15.477528 2.334985
15.478158 2.314452
15.598870 2.344833
15.557074 2.037937
15.687539 1.964669
15.415267 1.847150
15.443619 1.347120
15.267525 0.276400
15.012202 -0.150758
14.563208 -1.066599
14.324667 -0.956052
14.686098 -1.064528
13.973004 -0.859249
13.815785 0.040842
14.304204 0.412215
13.915020 0.368613
13.452516 0.391806
13.721336 0.682778
13.848609 1.003895
13.365283 1.276996
12.822810 1.107614
12.605246 1.743192
12.095845 3.019770
11.705484 3.462810
10.895680 3.705587
10.270942 3.931988
10.215217 4.542712
9.813649 5.771705
10.250938 6.700619
11.095892 6.889875
10.532000 7.323195
11.568396 8.569927
11.929472 9.124729
11.511503 8.323696
11.398825 7.404886
11.196442 6.760387
11.276583 6.721576
11.115903 6.272109
10.881359 5.501841
10.775608 5.293878
10.852973 5.343276
10.708905 5.340933
10.821394 5.224145
10.783323 4.985021
10.900211 4.645189
10.911192 4.640152
11.003367 4.569902
11.128900 4.400094
11.143520 4.253373
11.290318 4.087400
11.478464 3.830458
11.551705 3.643559
11.766258 3.498640
11.747422 3.389969
11.738399 3.340298
11.668519 3.260243
11.793630 3.003962
11.935257 2.662995
11.737998 2.536845
11.817285 2.494110
12.078189 2.457906
12.168555 2.212623
12.071407 1.451053
11.789461 1.621092
11.850347 1.852611
11.750880 1.784971
11.712695 1.637315
11.465985 1.647547
11.394289 1.477253
11.313726 1.365450
11.424631 1.352093
11.522380 1.329065
11.451835 1.410479
11.473817 1.346747
11.514904 1.444943
11.519641 1.533509
11.483385 1.562407
11.465408 1.519418
11.436080 1.533633
11.425196 1.418208
11.382977 1.222817
11.373425 1.284940
11.446577 1.429411
11.290377 1.316200
11.185430 1.236443
11.136785 1.468018
11.137476 1.490453
10.681719 1.714454
10.457448 2.843004
10.880649 3.413323
10.923192 3.819304
10.606973 3.185801
9.841674 2.277994
10.023842 2.024151
10.374317 1.507041
10.006816 1.414445
9.844157 0.855493
10.402250 0.610100
11.317244 1.390401
12.340821 0.403777
12.592140 0.691316
13.276495 0.924570
14.673592 0.150538
14.406072 -0.387165
15.062071 -1.085097
15.406522 -1.562621
15.861288 -1.513425
15.805726 -1.922866
15.797680 -2.458185
16.136503 -2.225337
16.136361 -2.260633
16.072970 -2.122948
16.389773 -1.125568
16.806573 -0.510165
16.447778 -0.921635
16.088546 -1.675951
16.250190 -1.508123
16.946769 -0.899655
16.817649 -0.987824
16.350921 -1.338871
16.286378 -1.189002
16.431438 -0.912038
16.181550 -0.993521
15.830641 -1.080888
15.803566 -1.185162
15.854869 -1.100545
15.803113 -1.015089
15.667390 -1.043120
15.492161 -1.102797
15.400769 -1.006205
15.153846 -1.184077
14.783818 -1.414129
14.594944 -1.501305
14.591740 -1.662816
14.587332 -1.646933
14.791132 -1.655871
14.580506 -1.602581
14.605272 -1.277751
14.521264 -1.371479
14.393970 -1.239795
13.832770 -2.172766
13.515101 -2.089355
13.619674 -1.540807
14.088410 -1.036074
13.771805 -0.713208
14.354312 -0.477871
13.835926 -1.286821
13.815538 -1.100417
14.376780 -1.381578
14.570986 -1.611392
14.172451 -1.522455
14.536820 -0.733149
14.892982 -0.194921
15.127194 0.176173
14.729190 0.272905
14.408052 0.484728
14.890467 1.045472
14.909626 1.542835
14.865957 1.465547
14.769069 1.839807
14.929439 2.736650
15.023999 3.191017
14.870065 3.201660
14.860486 3.520367
15.071716 3.038205
14.662320 3.130123
15.103122 3.356193
15.007781 3.559104
15.148860 3.919267
15.225313 4.415794
15.570311 4.381585
15.295118 4.092159
14.933639 3.584825
15.106103 3.825519
15.641886 3.222611
15.135557 3.066351
15.347662 2.757180
15.345824 2.176081
15.012563 1.613730
15.219861 1.103279
15.113297 0.908218
15.212195 0.779382
15.291866 0.755524
15.501774 0.640685
15.430085 0.606968
15.696477 0.349634
15.844781 0.286756
16.111129 0.002629
16.171785 -0.285931
16.234236 -0.315514
16.439673 -0.073157
16.465986 0.184454
16.325930 0.219406
16.247110 -0.142553
15.906194 -0.296746
15.605903 -0.141875
15.592084 -0.088130
15.276217 -0.400966
14.952843 -1.382456
14.375060 -0.945749
14.014722 -1.255600
13.690279 -1.436815
13.216938 -2.410115
12.248180 -3.109795
11.503433 -3.168977
11.032903 -2.896119
11.274495 -2.511994
10.817926 -2.125550
10.242044 -1.390107
9.908676 -1.486212
9.519516 -1.231222
9.202222 -0.704446
8.769526 -0.060995
8.273565 -0.042219
8.048274 -0.778371
7.173751 -0.416363
6.388616 0.051619
5.478280 -0.625847
4.745994 -1.375982
4.177570 -1.790443
3.307169 -1.797455
2.898719 -1.328574
2.499774 -1.066012
1.121876 -1.121110
0.701254 -1.689187
0.305175 -2.119749
-0.537447 -2.363707
-1.481482 -1.878933
-2.162268 -1.476439
-2.867501 -1.500822
-3.180241 -2.067327
-3.929858 -2.574220
-4.484160 -2.681071
-5.167654 -2.906998
-5.975315 -2.753643
-6.214496 -3.252497
-6.949497 -2.957675
-7.012903 -2.525864
-6.863257 -1.356026
-6.705960 -0.626802
-6.100424 -0.944371
-6.136652 -0.609117
-6.204224 -1.190668
-6.336708 -1.455205
-6.509785 -1.674308
-6.702137 -1.683519
-6.419767 -1.906452
-6.958423 -1.925184
-6.553334 -2.223096
-6.546184 -2.260291
-6.337100 -2.212271
-6.198692 -2.378731
-6.283672 -2.521667
-6.619892 -2.686622
-6.615901 -2.335294
-6.307174 -1.985628
-5.946701 -1.874379
-5.823675 -1.628003
-5.113465 -1.868135
-4.818165 -1.924488
-4.631252 -1.879248
-3.924846 -1.519613
-3.014708 -1.223358
-2.069707 -1.452094
-1.224868 -1.150313
-0.508250 -1.533320
-0.208205 -1.829220
0.433095 -2.498108
1.407482 -2.885150
2.015335 -2.320644
2.665112 -2.270818
3.428692 -2.307054
4.530076 -2.382156
5.402149 -2.613734
6.555459 -3.045544
7.696839 -3.498566
8.482431 -3.651381
9.294862 -3.694948
10.236765 -3.560212
11.464684 -3.622665
12.297310 -3.502575
12.739497 -3.053464
13.904943 -2.225947
14.288025 -2.163826
14.389364 -2.545793
14.363064 -2.894873
14.237058 -2.700903
14.561270 -2.253600
15.309447 -1.766235
15.631048 -1.428034
15.993917 -1.348068
16.201436 -1.156606
16.063520 -0.905826
15.982867 -0.563296
16.274815 0.290844
16.725012 0.898837
16.937936 1.160391
17.025062 1.434612
16.511203 1.745775
16.461579 1.336915
16.485489 1.194979
16.324443 1.244055
16.203920 1.325286
16.300093 1.443664
16.509884 1.407944
16.816385 0.533470
17.103203 -0.175055
16.708110 -0.556177
15.680258 -0.390289
15.653075 -0.508762
16.207879 -1.103864
15.726858 -1.009347
14.759458 -0.704992
14.714634 -1.131648
15.669885 -1.241542
16.063229 -0.828547
16.298911 -0.791115
16.492059 -0.650766
17.545753 -0.820055
18.412324 -0.627994
17.708727 -0.875322
18.350620 -1.454270
18.034311 -1.889611
18.427002 -2.554823
18.893705 -2.935743
19.720083 -3.614047
20.111907 -4.118609
21.058405 -4.639672
21.550527 -4.372284
21.688080 -4.497201
21.676886 -4.879628
21.782170 -5.206521
22.547792 -5.377478
23.511611 -4.615386
23.536653 -4.166589
23.379145 -4.443255
23.030070 -4.812826
23.342287 -5.245940
23.173620 -5.976590
22.977657 -6.940860
22.950319 -7.891361
22.493197 -8.560855
22.157498 -9.434116
22.233800 -9.462165
22.926135 -9.274754
22.826712 -9.268228
22.870875 -9.397203
23.032493 -9.403492
23.324449 -9.228164
23.598542 -8.987579
23.865878 -9.082457
23.934933 -9.234583
23.807893 -9.454389
23.709530 -9.660714
23.571156 -9.698219
23.474959 -9.776743
23.398188 -9.902437
23.270420 -10.120889
23.204124 -10.247829
23.139455 -10.399506
23.384541 -10.466910
23.479371 -10.509043
23.548901 -10.732684
23.616236 -10.928100
23.980886 -11.141919
23.975413 -11.194037
24.239616 -11.092712
24.473315 -10.971133
25.034761 -11.040614
25.599630 -11.188727
26.110547 -11.182498
26.652436 -11.305347
27.151071 -11.393839
27.634935 -11.496950
28.117868 -11.468764
28.457671 -5.978303
35.034427 -6.596224
36.412622 -3.304404
45.348173 6.607666
48.840270 14.852748
46.807632 14.859590
45.846712 14.613461
47.833469 15.757889
49.380900 14.713340
48.573720 13.047211
47.312139 10.367879
45.384023 7.870035
44.767445 5.012074
44.092860 3.496882
45.358494 2.299170
43.231444 -3.940205
37.913578 -7.242548
37.018271 -11.463917
32.871765 -14.749703
30.805239 -18.649914
27.631381 -23.000637
26.679123 -32.669590
23.099091 -35.273034
17.825