0.005056 0.002799
0.009924 0.005545
0.014807 0.008209
0.019742 0.010993
0.015222 0.009386
0.010671 0.007508
0.006058 0.005686
0.001333 0.003802
-0.003434 0.001831
-0.008348 -0.000060
-0.013012 -0.001942
-0.017457 -0.003797
-0.022460 -0.005681
-0.027229 -0.007673
-0.036912 -0.019036
-0.046312 -0.030409
-0.056175 -0.041667
-0.065387 -0.052902
-0.074843 -0.064321
-0.084246 -0.075494
-0.093744 -0.086543
-0.103323 -0.097667
-0.113113 -0.108767
-0.113045 -0.105817
-0.113005 -0.102734
-0.112765 -0.100002
-0.112711 -0.097087
-0.112868 -0.094331
-0.112560 -0.091495
-0.112437 -0.088636
-0.112271 -0.086010
-0.112051 -0.083328
-0.121710 -0.080831
-0.131275 -0.078155
-0.140535 -0.075409
-0.149944 -0.072528
-0.159513 -0.069754
-0.168870 -0.066729
-0.178285 -0.063819
-0.187487 -0.060875
-0.197380 -0.058228
-0.197063 -0.060059
-0.196939 -0.061860
-0.196410 -0.063765
-0.196625 -0.065738
-0.196601 -0.067396
-0.196100 -0.069247
-0.195896 -0.071015
-0.195853 -0.073039
-0.195751 -0.074835
-0.195585 -0.076565
-0.195482 -0.078567
-0.195378 -0.080521
-0.195383 -0.082477
-0.195562 -0.084193
-0.195334 -0.085946
-0.195460 -0.087735
-0.195121 -0.089813
-0.195276 -0.091705
-0.195084 -0.093647
-0.199731 -0.090583
-0.204560 -0.087598
-0.209030 -0.084626
-0.213645 -0.081871
-0.218459 -0.078920
-0.223226 -0.076212
-0.228174 -0.073471
-0.232728 -0.070413
-0.237301 -0.067534
-0.237275 -0.059987
-0.236824 -0.052473
-0.236745 -0.045253
-0.236723 -0.037574
-0.236734 -0.029942
-0.236629 -0.022375
-0.236256 -0.015065
-0.236311 -0.007591
-0.236468 -0.000316
-0.236317 0.007242
-0.236113 0.015018
-0.235880 0.022608
-0.235638 0.029896
-0.235634 0.037656
-0.235493 0.045098
-0.235064 0.052290
-0.235269 0.059841
-0.235077 0.067418
-0.239524 0.065491
-0.244067 0.063590
-0.248614 0.061602
-0.253528 0.059877
-0.258266 0.058079
-0.262869 0.056110
-0.267296 0.054041
-0.272152 0.051844
-0.276681 0.050021
-0.276927 0.043608
-0.277081 0.037194
-0.277094 0.030570
-0.276525 0.024199
-0.276419 0.017685
-0.276198 0.010909
-0.275734 0.004531
-0.275822 -0.001785
-0.275727 -0.008365
-0.270961 -0.010327
-0.265955 -0.012149
-0.260931 -0.013813
-0.256107 -0.015633
-0.251151 -0.017674
-0.246099 -0.019419
-0.241177 -0.021445
-0.236629 -0.023236
-0.231566 -0.025133
-0.231603 -0.031746
-0.231048 -0.038108
-0.230755 -0.044635
-0.230677 -0.051158
-0.230646 -0.057660
-0.230839 -0.064265
-0.230906 -0.070917
-0.230902 -0.077452
-0.230727 -0.084110
-0.235497 -0.081462
-0.240107 -0.078730
-0.244609 -0.075717
-0.249325 -0.072919
-0.253818 -0.070429
-0.258292 -0.067456
-0.263012 -0.064620
-0.267343 -0.062012
-0.272213 -0.059418
-0.276981 -0.051860
-0.281360 -0.044202
-0.285560 -0.036783
-0.290361 -0.029198
-0.294950 -0.021818
-0.299783 -0.014449
-0.304554 -0.006914
-0.309300 0.000584
-0.309214 -0.001332
-0.308766 -0.003236
-0.308789 -0.005269
-0.308591 -0.006996
-0.308552 -0.008895
-0.308415 -0.010582
-0.308294 -0.012556
-0.308088 -0.014425
-0.308057 -0.016627
-0.307881 -0.018497
-0.307662 -0.020559
-0.317437 -0.008495
-0.326991 0.003591
-0.336458 0.015884
-0.345728 0.027890
-0.355151 0.039640
-0.364531 0.051897
-0.373816 0.064100
-0.383162 0.076328
-0.392819 0.088788
-0.387883 0.086834
-0.382989 0.084607
-0.377954 0.082901
-0.373231 0.080900
-0.368482 0.079023
-0.363470 0.077116
-0.358658 0.075308
-0.353728 0.073475
-0.348692 0.071549
-0.358148 0.074354
-0.367679 0.077204
-0.377368 0.080040
-0.386789 0.082953
-0.396277 0.085825
-0.405842 0.088575
-0.415423 0.091325
-0.425069 0.094027
-0.434865 0.096770
-0.444514 0.100000
-0.439600 0.107614
-0.434632 0.115455
-0.429510 0.122799
-0.424664 0.130284
-0.419730 0.137918
-0.414698 0.145436
-0.409760 0.152913
-0.404859 0.160208
-0.404805 0.158364
-0.404508 0.156664
-0.404074 0.154694
-0.403418 0.153117
-0.403234 0.151173
-0.402989 0.149209
-0.402937 0.147380
-0.402643 0.145431
-0.402385 0.143420
-0.402489 0.141574
-0.397541 0.144575
-0.392558 0.147296
-0.387760 0.150061
-0.382699 0.152864
-0.377553 0.155618
-0.372538 0.158435
-0.367498 0.161142
-0.362387 0.163913
-0.357399 0.166609
-0.361855 0.169593
-0.366502 0.172216
-0.371025 0.175055
-0.375228 0.177694
-0.380168 0.180419
-0.384689 0.182922
-0.389452 0.185745
-0.394338 0.188583
-0.398961 0.191470
-0.398752 0.203900
-0.398830 0.216343
-0.398838 0.228564
-0.398722 0.240836
-0.398697 0.252776
-0.398524 0.264980
-0.398706 0.277403
-0.398405 0.289448
-0.398170 0.301826
-0.402908 0.304349
-0.407920 0.307017
-0.412576 0.309936
-0.417085 0.312766
-0.421878 0.315543
-0.426640 0.318473
-0.431569 0.321388
-0.435935 0.324180
-0.440510 0.326766
-0.445460 0.315501
-0.449973 0.304140
-0.454596 0.292955
-0.459092 0.281844
-0.463771 0.270547
-0.468495 0.259015
-0.472932 0.247745
-0.477736 0.236294
-0.482336 0.225197
-0.487093 0.223627
-0.491693 0.221708
-0.496151 0.219727
-0.501035 0.217856
-0.505847 0.215931
-0.510378 0.214053
-0.514786 0.212227
-0.519323 0.210536
-0.519488 0.208580
-0.519346 0.206839
-0.519153 0.204971
-0.519234 0.203165
-0.519367 0.201343
-0.519408 0.199794
-0.519280 0.197966
-0.519344 0.196060
-0.519338 0.194513
-0.519294 0.197009
-0.519221 0.199462
-0.518953 0.202468
-0.518711 0.205145
-0.518620 0.207770
-0.518581 0.210909
-0.518318 0.213747
-0.517920 0.216536
-0.517861 0.219229
-0.517505 0.222023
-0.517099 0.224950
-0.517012 0.227873
-0.516791 0.230812
-0.516806 0.233438
-0.516488 0.236247
-0.516426 0.239164
-0.516285 0.241873
-0.516396 0.249378
-0.516278 0.256965
-0.515967 0.264635
-0.515794 0.272339
-0.515525 0.279954
-0.515296 0.287359
-0.515139 0.294980
-0.515091 0.302217
-0.515056 0.310048
-0.514961 0.317484
-0.514680 0.311059
-0.514366 0.304672
-0.514049 0.297991
-0.514046 0.291277
-0.514075 0.284580
-0.514122 0.278066
-0.514142 0.271382
-0.514142 0.264424
-0.509082 0.262453
-0.503742 0.260711
-0.498713 0.258758
-0.493607 0.256723
-0.488344 0.254913
-0.483186 0.253223
-0.478081 0.251192
-0.473123 0.249478
-0.419848 0.303951
-0.366864 0.358135
-0.313826 0.412433
-0.260908 0.466584
-0.207912 0.520832
-0.154916 0.575250
-0.101792 0.629428
-0.048641 0.683570
0.004316 0.737902
0.042631 0.763929
0.081378 0.790331
0.120031 0.816429
0.158731 0.842693
0.197419 0.868884
0.235896 0.895162
0.274544 0.921575
0.303652 0.971170
0.332539 1.020806
0.361730 1.070169
0.390442 1.119712
0.419497 1.168954
0.448399 1.218453
0.477488 1.267952
0.506539 1.317053
0.535603 1.366593
0.526195 1.359787
0.516538 1.353118
0.507042 1.346730
0.497531 1.340147
0.488105 1.333567
0.478625 1.327177
0.469375 1.320600
0.459942 1.314109
0.450241 1.307421
0.431249 1.263553
0.412067 1.219869
0.392913 1.175892
0.373927 1.131847
0.354677 1.087783
0.335579 1.043963
0.316512 0.999938
0.297305 0.956046
0.278075 0.912063
0.326301 0.942813
0.374579 0.973517
0.422808 1.004715
0.470849 1.035426
0.518975 1.066076
0.567115 1.096871
0.615126 1.127934
0.663155 1.158869
0.711131 1.189545
0.759270 1.220498
0.744929 1.213721
0.730771 1.207187
0.716630 1.200570
0.702166 1.194197
0.687841 1.187319
0.673579 1.180924
0.659187 1.174211
0.644902 1.167969
0.630582 1.161473
0.645086 1.164022
0.659970 1.166963
0.674794 1.169952
0.689696 1.172776
0.704452 1.175488
0.719166 1.178535
0.733796 1.181594
0.748284 1.184193
0.734232 1.182545
0.719841 1.180607
0.705485 1.178885
0.691089 1.177201
0.676797 1.175293
0.662559 1.173492
0.648413 1.171598
0.633867 1.169788
0.629029 1.167749
0.624530 1.166140
0.619876 1.164133
0.615321 1.162281
0.610718 1.160495
0.605982 1.158530
0.600998 1.156826
0.596339 1.154969
0.591772 1.153320
0.586836 1.151685
0.582498 1.145199
0.577891 1.138736
0.573261 1.132232
0.568410 1.125628
0.563925 1.118936
0.559028 1.112544
0.554358 1.106228
0.549725 1.099560
0.544934 1.092888
0.535345 1.077136
0.525982 1.061100
0.516032 1.045215
0.506876 1.029335
0.497480 1.013489
0.488079 0.997392
0.478659 0.981504
0.469072 0.965554
0.459724 0.949750
0.455127 0.943118
0.450590 0.936738
0.446122 0.929998
0.441296 0.923633
0.436822 0.916802
0.432142 0.910156
0.427739 0.903644
0.422716 0.897062
0.418282 0.890796
0.428105 0.884120
0.438124 0.877687
0.447776 0.870851
0.457341 0.864253
0.467148 0.857587
0.476645 0.850544
0.486605 0.843847
0.496692 0.837402
0.506564 0.830675
0.511365 0.833527
0.516391 0.836436
0.521409 0.839286
0.526374 0.842099
0.531502 0.844836
0.536478 0.8477