-1.007192 -14.946443 156.833329
-1.007192 -14.946443 156.833329
-1.007192 -14.946443 156.833329
-1.038644 -15.306092 157.291525
-1.038644 -15.306092 157.291525
-1.038644 -15.306092 157.291525
-1.038644 -15.306092 157.291525
-1.038644 -15.306092 157.291525
-1.038644 -15.306092 157.291525
-1.038644 -15.306092 157.291525
-1.038644 -15.306092 157.291525
-1.070233 -15.515362 157.658757
-1.070233 -15.515362 157.658757
-1.070233 -15.515362 157.658757
-1.070233 -15.515362 157.658757
-1.070233 -15.515362 157.658757
-1.070233 -15.515362 157.658757
-1.070233 -15.515362 157.658757
-1.108599 -15.645100 157.961198
-1.108599 -15.645100 157.961198
-1.108599 -15.645100 157.961198
-1.108599 -15.645100 157.961198
-1.108599 -15.645100 157.961198
-1.108599 -15.645100 157.961198
-1.108599 -15.645100 157.961198
-1.108599 -15.645100 157.961198
-1.148982 -15.716940 158.183261
-1.148982 -15.716940 158.183261
-1.148982 -15.716940 158.183261
-1.148982 -15.716940 158.183261
-1.148982 -15.716940 158.183261
-1.148982 -15.716940 158.183261
-1.148982 -15.716940 158.183261
-1.148982 -15.716940 158.183261
-1.179546 -15.748796 158.389382
-1.179546 -15.748796 158.389382
-1.179546 -15.748796 158.389382
-1.179546 -15.748796 158.389382
-1.179546 -15.748796 158.389382
-1.179546 -15.748796 158.389382
-1.179546 -15.748796 158.389382
-1.179546 -15.748796 158.389382
-1.218821 -15.782918 158.512503
-1.218821 -15.782918 158.512503
-1.218821 -15.782918 158.512503
-1.218821 -15.782918 158.512503
-1.218821 -15.782918 158.512503
-1.218821 -15.782918 158.512503
-1.218821 -15.782918 158.512503
-5.508986 0.310808 160.132747
-5.508986 0.310808 160.132747
-5.508986 0.310808 160.132747
-5.508986 0.310808 160.132747
-5.508986 0.310808 160.132747
-5.508986 0.310808 160.132747
-5.508986 0.310808 160.132747
-3.523240 10.280295 153.514704
-3.523240 10.280295 153.514704
-3.523240 10.280295 153.514704
-3.523240 10.280295 153.514704
-3.523240 10.280295 153.514704
-3.523240 10.280295 153.514704
-3.523240 10.280295 153.514704
3.422166 17.056902 149.746379
3.422166 17.056902 149.746379
3.422166 17.056902 149.746379
3.422166 17.056902 149.746379
3.422166 17.056902 149.746379
3.422166 17.056902 149.746379
3.422166 17.056902 149.746379
3.422166 17.056902 149.746379
3.422166 17.056902 149.746379
6.629021 17.547547 143.085155
6.629021 17.547547 143.085155
6.629021 17.547547 143.085155
6.629021 17.547547 143.085155
6.629021 17.547547 143.085155
6.629021 17.547547 143.085155
6.629021 17.547547 143.085155
3.214904 16.615774 139.284360
3.214904 16.615774 139.284360
3.214904 16.615774 139.284360
3.214904 16.615774 139.284360
3.214904 16.615774 139.284360
3.214904 16.615774 139.284360
3.214904 16.615774 139.284360
3.214904 16.615774 139.284360
-4.350682 14.329464 136.142500
-4.350682 14.329464 136.142500
-4.350682 14.329464 136.142500
-4.350682 14.329464 136.142500
-4.350682 14.329464 136.142500
-4.350682 14.329464 136.142500
-4.350682 14.329464 136.142500
-4.350682 14.329464 136.142500
-3.986685 11.558411 131.469858
-3.986685 11.558411 131.469858
-3.986685 11.558411 131.469858
-3.986685 11.558411 131.469858
-3.986685 11.558411 131.469858
-3.986685 11.558411 131.469858
-3.986685 11.558411 131.469858
-3.986685 11.558411 131.469858
-3.033549 9.355877 127.156116
-3.033549 9.355877 127.156116
-3.033549 9.355877 127.156116
-3.033549 9.355877 127.156116
-3.033549 9.355877 127.156116
-3.033549 9.355877 127.156116
-3.033549 9.355877 127.156116
-3.033549 9.355877 127.156116
-3.266163 11.455677 123.223006
-3.266163 11.455677 123.223006
-3.266163 11.455677 123.223006
-3.266163 11.455677 123.223006
-3.266163 11.455677 123.223006
-3.266163 11.455677 123.223006
-3.266163 11.455677 123.223006
-4.278877 14.019409 121.216160
-4.278877 14.019409 121.216160
-4.278877 14.019409 121.216160
-4.278877 14.019409 121.216160
-4.278877 14.019409 121.216160
-4.278877 14.019409 121.216160
-4.278877 14.019409 121.216160
-4.278877 14.019409 121.216160
-5.177459 15.672327 119.840437
-5.177459 15.672327 119.840437
-5.177459 15.672327 119.840437
-5.177459 15.672327 119.840437
-5.177459 15.672327 119.840437
-5.177459 15.672327 119.8