0.141026 -0.002286
0.152985 -0.004669
-0.097779 -0.007095
-0.127891 -0.009106
-0.018488 0.010744
0.012346 0.008649
-0.112990 0.006307
-0.135937 0.004269
-0.527120 0.002274
-0.615640 0.000543
-0.531815 -0.001873
-0.541490 -0.003914
-0.712114 -0.006014
-0.615824 -0.008295
-0.575562 -0.010565
-0.530002 -0.003913
-0.540765 -0.006402
-0.622599 -0.008493
-0.601821 -0.010668
-0.780969 -0.012689
-0.765267 -0.015039
-0.816237 -0.017071
-0.912641 -0.019340
-0.981558 -0.021456
-0.875656 -0.018958
-0.850424 -0.016290
-0.788255 -0.013835
-0.775971 -0.011129
-0.657625 -0.008716
-0.588616 -0.006296
-0.811622 -0.003902
-0.737964 -0.001211
-0.581037 0.001295
-0.668533 0.003742
-0.599159 0.006432
-0.653077 -0.000577
-0.755268 0.006113
-0.812880 -0.000559
-0.902651 -0.007165
-0.972854 -0.014212
-0.828806 -0.020907
-0.814411 -0.027568
-0.712252 -0.034535
-0.827191 -0.041368
-0.848603 -0.048268
-0.996757 -0.045695
-0.973773 -0.048220
-1.199642 -0.045605
-1.097452 -0.043138
-1.060861 -0.040419
-0.988305 -0.038037
-1.145831 -0.035333
-1.093971 -0.032645
-0.966684 -0.030341
-1.016411 -0.027842
-0.960360 -0.025208
-0.912030 -0.032429
-0.953159 -0.043938
-0.814121 -0.055435
-0.904614 -0.066984
-0.923978 -0.078365
-1.030533 -0.089784
-0.950570 -0.101585
-0.855194 -0.112790
-0.906427 -0.124680
-0.952918 -0.131441
-1.001009 -0.128857
-0.956153 -0.126312
-0.920794 -0.123978
-0.910873 -0.121348
-1.024129 -0.118702
-0.931226 -0.116408
-0.914424 -0.113863
-0.851603 -0.111150
-0.740968 -0.099436
-0.803226 -0.087518
-0.689103 -0.075476
-0.592451 -0.063861
-0.564527 -0.051912
-0.581140 -0.039856
-0.629473 -0.027921
-0.569506 -0.016241
-0.605459 -0.004316
-0.567045 0.002926
-0.598194 0.014952
-0.626890 0.022074
-0.651984 0.029169
-0.483369 0.036383
-0.344433 0.043570
-0.358320 0.050817
-0.399578 0.057849
-0.332591 0.064921
-0.346807 0.072285
-0.454387 0.060735
-0.436316 0.044169
-0.636163 0.032488
-0.777206 0.021097
-0.748629 0.009489
-0.839511 -0.001932
-0.867068 -0.013418
-0.891190 -0.025058
-0.898438 -0.036490
-0.921642 -0.048013
-0.882710 -0.049932
-0.868324 -0.043681
-0.721503 -0.045794
-0.625317 -0.048013
-0.583129 -0.050265
-0.546184 -0.052455
-0.611544 -0.054534
-0.692216 -0.056670
-0.702215 -0.058903
-0.615696 -0.060919
-0.872669 -0.063038
-0.744000 -0.078745
-0.842891 -0.080916
-0.736561 -0.083037
-0.812487 -0.085483
-0.856443 -0.087612
-0.916640 -0.089819
-0.900345 -0.091961
-0.709009 -0.094164
-0.699712 -0.096321
-0.677331 -0.079962
-0.681678 -0.068207
-0.607985 -0.056407
-0.575188 -0.044646
-0.603199 -0.032549
-0.670529 -0.020788
-0.727929 -0.008940
-0.869542 0.002901
-0.773750 0.014924
-0.882232 0.026870
-0.961705 0.038695
-1.059895 0.050552
-1.102472 0.062481
-1.235734 0.074318
-1.047736 0.086334
-1.162943 0.098364
-1.093211 0.110108
-1.052324 0.122190
-0.985975 0.133978
-0.946228 0.145875
-0.896207 0.157672
-0.870336 0.146103
-0.841246 0.148443
-0.805630 0.137072
-0.760236 0.125454
-0.783006 0.113923
-0.631830 0.102289
-0.267941 0.090847
-0.038979 0.079387
-0.196010 0.067799
-0.180302 0.056398
-0.261692 0.044763
-0.341825 0.056732
-0.242230 0.073656
-0.417655 0.085498
-0.258167 0.097556
-0.279738 0.109309
-0.343667 0.121185
-0.251460 0.133035
-0.232449 0.144988
-0.202433 0.157008
-0.173651 0.168902
-0.222745 0.180906
-0.273658 0.183141
-0.377414 0.171269
-0.489599 0.173973
-0.414360 0.176424
-0.434559 0.179121
-0.377805 0.181574
-0.411170 0.183989
-0.402528 0.186553
-0.395329 0.188891
-0.463615 0.191536
-0.340504 0.189211
-0.388830 0.196519
-0.506765 0.194512
-0.563921 0.192123
-0.593967 0.189722
-0.473397 0.187773
-0.443225 0.185720
-0.315677 0.183512
-0.136835 0.181215
-0.254771 0.179155
-0.193598 0.176909
-0.226523 0.170152
0.036533 0.153764
0.052427 0.147145
0.090920 0.140250
-0.111004 0.133332
-0.028183 0.126508
-0.185937 0.119801
-0.080173 0.112725
-0.031764 0.105871
-0.114221 0.099287
-0.220512 0.092145
-0.207107 0.094881
-0.166177 0.097271
-0.392184 0.099797
-0.342395 0.102476
-0.338916 0.104891
-0.180137 0.107481
-0.099722 0.110150
-0.144708 0.112412
-0.000871 0.115356
-0.044500 0.117626
-0.194887 0.106065
-0.321166 0.099381
-0.265833 0.092443
-0.115948 0.085653
-0.068734 0.078710
-0.101849 0.071702
-0.053035 0.065106
-0.185631 0.058200
-0.213951 0.051084
-0.302696 0.044474
-0.360710 0.056321
-0.392054 0.073094
-0.520561 0.084980
-0.634031 0.096801
-0.590405 0.108773
-0.567710 0.120669
-0.698345 0.132672
-0.864485 0.144384
-0.838518 0.156270
-0.945269 0.163408
-0.843948 0.175038
-0.917398 0.182087
-0.902406 0.189489
-0.924759 0.196759
-0.959279 0.203913
-1.056095 0.211164
-0.998241 0.218524
-0.879800 0.225368
-1.023302 0.232711
-0.912830 0.239939
-0.908735 0.242534
-0.899981 0.245098
-0.734423 0.247642
-0.722764 0.250447
-0.782192 0.252722
-0.723906 0.255309
-0.862658 0.257828
-0.750632 0.260244
-0.780097 0.262767
-0.967412 0.265283
-0.968477 0.248932
-0.953415 0.242199
-0.998792 0.235178
-0.970020 0.228429
-0.976818 0.221638
-0.907518 0.214809
-0.770493 0.207921
-0.874792 0.201148
-0.817276 0.194232
-0.809315 0.187502
-0.845942 0.180745
-0.842042 0.173795
-1.056199 0.175858
-0.969772 0.169095
-1.016543 0.162178
-1.013531 0.155681
-1.162700 0.148872
-1.086380 0.142134
-1.113841 0.135368
-1.272998 0.128531
-1.238169 0.121486
-1.190495 0.114870
-1.046443 0.112631
-1.307035 0.106085
-1.598497 0.104031
-1.538915 0.101887
-1.907936 0.099921
-1.947310 0.097900
-2.429910 0.095984
-2.503839 0.094160
-2.406646 0.091563
-2.411790 0.089314
-2.262940 0.087129
-1.735960 0.085363
-0.910155 0.082691
-0.617776 0.080710
-0.571460 0.078448
-0.419134 0.076471
-0.518278 0.074483
-0.350093 0.072329
-0.427189 0.070627
-0.484409 0.068514
-0.491058 0.066431
-0.368336 0.060185
-0.436225 0.057872
-0.523553 0.055687
-0.479601 0.053526
-0.703257 0.051283
-0.711439 0.049162
-0.616951 0.047256
-0.553549 0.045062
-0.620841 0.042892
-0.865175 0.040481
-0.674050 0.045913
-0.662306 0.043755
-0.697023 0.041522
-0.536208 0.039496
-0.567081 0.037356
-0.405415 0.035002
-0.369292 0.032959
-0.570596 0.030799
-0.634560 0.028499
-0.647519 0.026506
-0.684588 0.033579
-0.831103 0.040892
-0.802473 0.048142
-0.925618 0.055239
-0.898580 0.062332
-0.624724 0.069360
-0.544569 0.076638
-0.652265 0.084008
-1.083663 0.091313
-1.488952 0.098349
-1.826432 0.095995
-1.432069 0.088885
-1.201736 0.082042
-1.433113 0.075353
-1.650311 0.068424
-1.618961 0.061644
-1.945745 0.055096
-2.048371 0.048514
-1.849976 0.041732
-2.037380 0.034480
-1.993770 0.028025
-1.964720 0.021601
-2.077447 0.015298
-2.340880 0.008887
-2.303940 0.002596
-1.456735 -0.003487
-0.187032 -0.123187
0.095380 -0.129697
0.079642 -0.136427
0.250269 -0.142812
0.313979 -0.140275
0.292494 -0.137690
0.249817 -0.137226
0.204554 -0.136720
0.256706 -0.136200
0.285362 -0.135688
0.320679 -0.135194
0.360529 -0.134676
0.310531 -0.134179
0.341170 -0.133597
0.373803 -0.131121
0.422519 -0.119442
0.273797 -0.107351
0.257852 -0.096017
0.257339 -0.084284
0.293267 -0.072090
0.399985 -0.060573
0.216832 -0.048680
0.189143 -0.037029
-0.112460 -0.024857
0.036784 -0.017610
-0.100489 -0.010379
0.090423 -0.003167
0.127790 0.004045
0.271261 0.011043
0.186381 0.018062
0.114864 0.025296
0.017956 0.032899
-0.031476 0.039831
0.037569 0.047332
0.129183 0.040286
-0.027731 0.019739
0.213842 0.013086
0.166485 0.006145
0.018244 -0.000587
0.202295 -0.007493
0.294788 -0.014533
0.256465 -0.021238
0.224021 -0.028120
0.163909 -0.035014
0.350625 -0.041814
0.218675 -0.044268
0.380874 -0.046333
0.351880 -0.048216
0.220425 -0.050595
0.216452 -0.052906
0.251927 -0.055052
0.165653 -0.057237
0.217876 -0.059199
0.310617 -0.061700
0.379327 -0.063894
0.496845 -0.065993
0.371887 -0.133892
0.390076 -0.201378
0.281657 -0.269030
0.184219 -0.336737
0.158761 -0.404063
0.125321 -0.471747
0.147966 -0.539378
0.068020 -0.607094
-0.096438 -0.674392
-0.109417 -0.742093
-0.059721 -0.758487
-0.177632 -0.760182
-0.380430 -0.776690
-0.279173 -0.792797
-0.276970 -0.809125
-0.480128 -0.825495
-0.577436 -0.841666
-0.548190 -0.857961
-0.523523 -0.874120
-0.520346 -0.890392
-0.292374 -0.887779
-0.318449 -0.901093
-0.420037 -0.898842
-0.260849 -0.896354
-0.329323 -0.894050
-0.524626 -0.891585
-0.640426 -0.889437
-0.688863 -0.886938
-0.890601 -0.884351
-0.629977 -0.882134
-0.542190 -0.888844
-0.532484 -0.905302