-0.981967 21.838499 -83.799393
-0.981967 21.838499 -83.799393
-1.032455 22.376058 -83.786081
-1.032455 22.376058 -83.786081
-1.032455 22.376058 -83.786081
-1.032455 22.376058 -83.786081
-1.032455 22.376058 -83.786081
-1.032455 22.376058 -83.786081
-1.032455 22.376058 -83.786081
-1.031232 22.704107 -83.761615
-1.031232 22.704107 -83.761615
-1.031232 22.704107 -83.761615
-1.031232 22.704107 -83.761615
-1.031232 22.704107 -83.761615
-1.031232 22.704107 -83.761615
-1.031232 22.704107 -83.761615
-1.031232 22.704107 -83.761615
-1.031232 22.704107 -83.761615
-1.039571 22.897250 -83.751056
-1.039571 22.897250 -83.751056
-1.039571 22.897250 -83.751056
-1.039571 22.897250 -83.751056
-1.039571 22.897250 -83.751056
-1.039571 22.897250 -83.751056
-1.039571 22.897250 -83.751056
-1.039571 22.897250 -83.751056
-3.165877 21.820670 -80.478985
-3.165877 21.820670 -80.478985
-3.165877 21.820670 -80.478985
-3.165877 21.820670 -80.478985
-3.165877 21.820670 -80.478985
-3.165877 21.820670 -80.478985
1.518367 1.925103 -63.677164
1.518367 1.925103 -63.677164
1.518367 1.925103 -63.677164
1.518367 1.925103 -63.677164
1.518367 1.925103 -63.677164
1.518367 1.925103 -63.677164
1.518367 1.925103 -63.677164
1.518367 1.925103 -63.677164
3.060807 -6.397971 -39.631380
3.060807 -6.397971 -39.631380
3.060807 -6.397971 -39.631380
3.060807 -6.397971 -39.631380
3.060807 -6.397971 -39.631380
3.060807 -6.397971 -39.631380
3.060807 -6.397971 -39.631380
3.060807 -6.397971 -39.631380
3.062820 -2.913361 -26.930253
3.062820 -2.913361 -26.930253
3.062820 -2.913361 -26.930253
3.062820 -2.913361 -26.930253
3.062820 -2.913361 -26.930253
3.062820 -2.913361 -26.930253
3.062820 -2.913361 -26.930253
-0.876808 3.352177 -23.189237
-0.876808 3.352177 -23.189237
-0.876808 3.352177 -23.189237
-0.876808 3.352177 -23.189237
-0.876808 3.352177 -23.189237
-0.876808 3.352177 -23.189237
-0.876808 3.352177 -23.189237
-0.876808 3.352177 -23.189237
0.048163 8.426002 -25.438826
0.048163 8.426002 -25.438826
0.048163 8.426002 -25.438826
0.048163 8.426002 -25.438826
0.048163 8.426002 -25.438826
0.048163 8.426002 -25.438826
0.048163 8.426002 -25.438826
-0.142657 6.982383 -25.241850
-0.142657 6.982383 -25.241850
-0.142657 6.982383 -25.241850
-0.142657 6.982383 -25.241850
-0.142657 6.982383 -25.241850
-0.142657 6.982383 -25.241850
-0.142657 6.982383 -25.241850
-0.142657 6.982383 -25.241850
-0.768622 4.678996 -26.476738
-0.768622 4.678996 -26.476738
-0.768622 4.678996 -26.476738
-0.768622 4.678996 -26.476738
-0.768622 4.678996 -26.476738
-0.768622 4.678996 -26.476738
-0.768622 4.678996 -26.476738
-0.768622 4.678996 -26.476738
-0.733861 6.654141 -27.034439
-0.733861 6.654141 -27.034439
-0.733861 6.654141 -27.034439
-0.733861 6.654141 -27.034439
-0.733861 6.654141 -27.034439
-0.733861 6.654141 -27.034439
-0.733861 6.654141 -27.034439
-0.733861 6.654141 -27.034439
-0.767796 5.439334 -27.761577
-0.767796 5.439334 -27.761577
-0.767796 5.439334 -27.761577
-0.767796 5.439334 -27.761577
-0.767796 5.439334 -27.761577
-0.767796 5.439334 -27.761577
-0.767796 5.439334 -27.761577
-0.796092 4.028851 -28.252835
-0.796092 4.028851 -28.252835
-0.796092 4.028851 -28.252835
-0.796092 4.028851 -28.252835
-0.796092 4.028851 -28.252835
-0.796092 4.028851 -28.252835
-0.796092 4.028851 -28.252835
-0.796092 4.028851 -28.252835
-0.796092 4.028851 -28.252835
-0.828287 4.337315 -28.520660
-0.828287 4.337315 -28.520660
-0.828287 4.337315 -28.520660
-0.828287 4.337315 -28.520660
-0.828287 4.337315 -28.520660
-0.828287 4.337315 -28.520660
-0.828287 4.337315 -28.520660
-0.828287 4.337315 -28.520660
-0.861893 4.399908 -28.733312
-0.861893 4.399908 -28.733312
-0.861893 4.399908 -28.733312
-0.861893 4.399908 -28.733312
-0.861893 4.399908 -28.733312
-0.861893 4.399908 -28.733312
-0.861893 4.399908 -28.733312
-0.882936 4.170249 -28.992405
-0.882936 4.170249 -28.992405
-0.882936 4.170249 -28.992405
-0.882936 4.170249 -28.992405
-0.882936 4.170249 -28.992405
-0.882936 4.170249 -28.992405
-0.882936 4.170249 -28.992405
-0.882936 4.170249 -28.992405
-0.933076 3.144122 -29.205592
-0.933076 3.144122 -29.205592
-0.933076 3.144122 -29.205592
-0.933076 3.144122 -29.205592
-0.933076 3.144122 -29.205592
-0.933076 3.144122 -29.205592
-0.933076 3.144122 -29.205592
-0.933076 3.144122 -29.205592
-1.328377 -4.358596 -28.776092
-1.328377 -4.358596 -28.776092
-1.328377 -4.358596 -28.776092
-1.328377 -4.358596 -28.776092
-1.328377 -4.358596 -28.776092
-1.328377 -4.358596 -28.776092
-1.328377 -4.358596 -28.776092
-1.453981 -11.099122 -28.542585
-1.453981 -11.099122 -28.542585
-1.453981 -11.099122 -28.542585
-1.453981 -11.099122 -28.542585
-1.453981 -11.099122 -28.542585
-1.453981 -11.099122 -28.542585
-1.453981 -11.099122 -28.542585
-1.550839 -16.432831 -27.167993
-1.550839 -16.432831 -27.167993
-1.550839 -16.432831 -27.167993
-1.550839 -16.432831 -27.167993
-1.550839 -16.432831 -27.167993
-1.550839 -16.432831 -27.167993
-1.550839 -16.432831 -27.167993
-1.550839 -16.432831 -27.167993
-1.330576 -18.689361 -25.510579
-1.330576 -18.689361 -25.510579
-1.330576 -18.689361 -25.510579
-1.330576 -18.689361 -25.510579
-1.330576 -18.689361 -25.510579
-1.330576 -18.689361 -25.510579
-1.330576 -18.689361 -25.510579
-1.330576 -18.689361 -25.510579
-1.330576 -18.689361 -25.510579
-1.138229 -21.234121 -24.061343
-1.138229 -21.234121 -24.061343
-1.138229 -21.234121 -24.061343
-1.138229 -21.234121 -24.061343
-1.138229 -21.234121 -24.061343
-1.138229 -21.234121 -24.061343
-1.138229 -21.234121 -24.061343
-1.138229 -21.234121 -24.061343
-0.966721 -23.249407 -22.784994
-0.966721 -23.249407 -22.784994
-0.966721 -23.249407 -22.784994
-0.966721 -23.249407 -22.784994
-0.966721 -23.249407 -22.784994
-0.966721 -23.249407 -22.784994
-0.966721 -23.249407 -22.784994
-0.867516 -24.732759 -21.508199
-0.867516 -24.732759 -21.508199
-0.867516 -24.732759 -21.508199
-0.867516 -24.732759 -21.508199
-0.867516 -24.732759 -21.508199
-0.867516 -24.732759 -21.508199
-0.867516 -24.732759 -21.508199
-0.867516 -24.732759 -21.508199
-0.816061 -26.836723 -20.463402
-0.816061 -26.836723 -20.463402
-0.816061 -26.836723 -20.463402
-0.816061 -26.836723 -20.463402
-0.816061 -26.836723 -20.463402
-0.816061 -26.836723 -20.463402
-0.816061 -26.836723 -20.463402
-0.816061 -26.836723 -20.463402
-0.839575 -27.964459 -19.435389
-0.839575 -27.964459 -19.435389
-0.839575 -27.964459 -19.435389
-0.839575 -27.964459 -19.435389
-0.839575 -27.964459 -19.435389
-0.839575 -27.964459 -19.435389
-0.839575 -27.964459 -19.435389
-0.839575 -27.964459 -19.435389
-0.881079 -27.813051 -18.570909
-0.881079 -27.813051 -18.570909
-0.881079 -27.813051 -18.570909
-0.881079 -27.813051 -18.570909
-0.881079 -27.813051 -18.570909
-0.881079 -27.813051 -18.570909
-0.881079 -27.813051 -18.570909
-0.881079 -27.813051 -18.570909
-0.988375 -28.626542 -17.930992
-0.988375 -28.626542 -17.930992
-0.988375 -28.626542 -17.930992
-0.988375 -28.626542 -17.930992
-0.988375 -28.626542 -17.930992
-0.988375 -28.626542 -17.930992
-0.988375 -28.626542 -17.930992
-0.988375 -28.626542 -17.930992
-0.988375 -28.626542 -17.930992
-1.065083 -30.088298 -17.314026
-1.065083 -30.088298 -17.314026
-1.065083 -30.088298 -17.314026
-1.065083 -30.088298 -17.314026
-1.065083 -30.088298 -17.314026
-1.065083 -30.088298 -17.314026
-1.065083 -30.088298 -17.314026
-1.065083 -30.088298 -17.314026
-1.165116 -29.967769 -16.859415
-1.165116 -29.967769 -16.859415
-1.165116 -29.967769 -16.859415
-1.165116 -29.967769 -16.859415
-1.165116 -29.967769 -16.859415
-1.165116 -29.967769 -16.859415
-1.165116 -29.967769 -16.859415
-1.165116 -29.967769 -16.859415
-1.316937 -29.539369 -16.570980
-1.316937 -29.539369 -16.570980
-1.316937 -29.539369 -16.570980
-1.316937 -29.539369 -16.570980
-1.316937 -29.539369 -16.570980
-1.316937 -29.539369 -16.570980
-1.316937 -29.539369 -16.570980
-1.316937 -29.539369 -16.570980
-1.517542 -20.454330 -16.661821
-1.517542 -20.454330 -16.661821
-1.517542 -20.454330 -16.661821
-1.517542 -20.454330 -16.661821
-1.517542 -20.454330 -16.661821
-1.517542 -20.454330 -16.661821
-1.517542 -20.454330 -16.661821
-1.517542 -20.454330 -16.661821
-1.575962 -10.593107 -18.687886
-1.575962 -10.593107 -18.687886
-1.575962 -10.593107 -18.687886
-1.575962 -10.593107 -18.687886
-1.575962 -10.593107 -18.687886
-1.575962 -10.593107 -18.687886
-1.575962 -10.593107 -18.687886
-1.575962 -10.593107 -18.687886
-1.355932 -1.868220 -21.351813
-1.355932 -1.868220 -21.351813
-1.355932 -1.868220 -21.351813
-1.355932 -1.868220 -21.351813
-1.355932 -1.868220 -21.351813
-1.355932 -1.868220 -21.351813
-1.355932 -1.868220 -21.351813
-0.343162 7.731888 -23.676432
-0.343162 7.731888 -23.676432
-0.343162 7.731888 -23.676432
-0.343162 7.731888 -23.676432
-0.343162 7.731888 -23.676432
-0.343162 7.731888 -23.676432
-0.343162 7.731888 -23.676432
-0.343162 7.731888 -23.676432
0.849432 17.744673 -25.764802
0.849432 17.744673 -25.764802
0.849432 17.744673 -25.764802
0.849432 17.744673 -25.764802
0.849432 17.744673 -25.764802
0.849432 17.744673 -25.764802
0.849432 17.744673 -25.764802
0.849432 17.744673 -25.764802
1.275369 25.760958 -27.095579
1.275369 25.760958 -27.095579
1.275369 25.760958 -27.095579
1.275369 25.760958 -27.095579
1.275369 25.760958 -27.095579
1.275369 25.760958 -27.095579
1.275369 25.760958 -27.095579
1.275369 25.760958 -27.095579
1.708149 29.025425 -28.677424
1.708149 29.025425 -28.677424
1.708149 29.025425 -28.677424
1.708149 29.025425 -28.677424
1.708149 29.025425 -28.677424
1.708149 29.025425 -28.677424
1.708149 29.025425 -28.677424
1.708149 29.025425 -28.677424
1.826252 28.820062 -30.126534
1.826252 28.820062 -30.126534
1.826252 28.820062 -30.126534
1.826252 28.820062 -30.126534
1.826252 28.820062 -30.126534
1.826252 28.820062 -30.126534
1.826252 28.820062 -30.126534
1.826252 28.820062 -30.126534
1.714754 28.634771 -31.137658
1.714754 28.634771 -31.137658
1.714754 28.634771 -31.137658
1.714754 28.634771 -31.137658
1.714754 28.634771 -31.137658
1.714754 28.634771 -31.137658
1.714754 28.634771 -31.137658
1.714754 28.634771 -31.137658
1.544549 28.465939 -31.990861
1.544549 28.465939 -31.990861
1.544549 28.465939 -31.990861
1.544549 28.465939 -31.990861
1.544549 28.465939 -31.990861
1.544549 28.465939 -31.990861
1.544549 28.465939 -31.990861
1.544549 28.465939 -31.990861
1.280891 26.007918 -32.697277
1.280891 26.007918 -32.697277
1.280891 26.007918 -32.697277
1.280891 26.007918 -32.697277
1.280891 26.007918 -32.697277
1.280891 26.007918 -32.697277
1.280891 26.007918 -32.697277
0.426450 12.299224 -33.209418
0.426450 12.299224 -33.209418
0.426450 12.299224 -33.209418
0.426450 12.299224 -33.209418
0.426450 12.299224 -33.209418
0.426450 12.299224 -33.209418
0.426450 12.299224 -33.209418
0.426450 12.299224 -33.209418
-0.442987 2.465745 -33.074006
-0.442987 2.465745 -33.074006
-0.442987 2.465745 -33.074006
-0.442987 2.465745 -33.074006
-0.442987 2.465745 -33.074006
-0.442987 2.465745 -33.074006
-0.442987 2.465745 -33.074006
-0.442987 2.465745 -33.074006
-0.697422 1.294691 -31.873798
-0.697422 1.294691 -31.873798
-0.697422 1.294691 -31.873798
-0.697422 1.294691 -31.873798
-0.697422 1.294691 -31.873798
-0.697422 1.294691 -31.873798
-0.697422 1.294691 -31.873798
-0.697422 1.294691 -31.873798
3.619926 2.508386 -31.581050
3.619926 2.508386 -31.581050
3.619926 2.508386 -31.581050
3.619926 2.508386 -31.581050
3.619926 2.508386 -31.581050
3.619926 2.508386 -31.581050
3.619926 2.508386 -31.581050
4.462086 2.398971 -31.376130
4.462086 2.398971 -31.376130
4.462086 2.398971 -31.376130
4.462086 2.398971 -31.376130
4.462086 2.398971 -31.376130
4.462086 2.398971 -31.376130
4.462086 2.398971 -31.376130
7.813320 2.296311 -31.684520
7.813320 2.296311 -31.684520
7.813320 2.296311 -31.684520
7.813320 2.296311 -31.684520
7.813320 2.296311 -31.684520
7.813320 2.296311 -31.684520
7.813320 2.296311 -31.684520
7.813320 2.296311 -31.684520
10.723041 2.492259 -31.650817
10.723041 2.492259 -31.650817
10.723041 2.492259 -31.650817
10.723041 2.492259 -31.650817
10.723041 2.492259 -31.650817
10.723041 2.492259 -31.650817
10.723041 2.492259 -31.650817
10.723041 2.492259 -31.650817
14.803463 3.188955 -31.538026
14.803463 3.188955 -31.538026
14.803463 3.188955 -31.538026
14.803463 3.188955 -31.538026
14.803463 3.188955 -31.538026
14.803463 3.188955 -31.538026
14.803463 3.188955 -31.538026
14.803463 3.188955 -31.538026
18.169702 3.073789 -31.665037
18.169702 3.073789 -31.665037
18.169702 3.073789 -31.665037
18.169702 3.073789 -31.665037
18.169702 3.073789 -31.665037
18.169702 3.073789 -31.665037
18.169702 3.073789 -31.665037
18.169702 3.073789 -31.665037
20.300480 3.173492 -32.084418
20.300480 3.173492 -32.084418
20.300480 3.173492 -32.084418
20.300480 3.173492 -32.084418
20.300480 3.173492 -32.084418
20.300480 3.173492 -32.084418
20.300480 3.173492 -32.084418
20.300480 3.173492 -32.084418
22.014924 2.193987 -32.706296
22.014924 2.193987 -32.706296
22.014924 2.193987 -32.706296
22.014924 2.193987 -32.706296
22.014924 2.193987 -32.706296
22.014924 2.193987 -32.706296
22.014924 2.193987 -32.706296
22.014924 2.193987 -32.706296
22.014924 2.193987 -32.706296
22.014924 2.193987 -32.706296
22.014924 2.193987 -32.706296
22.014924 2.193987 -32.706296
22.014924 2.193987 -32.706296
22.014924 2.193987 -32.706296
22.014924 2.193987 -32.706296
25.651462 1.441090 -34.038156
25.651462 1.441090 -34.038156
25.651462 1.441090 -34.038156
25.651462 1.441090 -34.038156
25.651462 1.441090 -34.038156
25.651462 1.441090 -34.038156
25.651462 1.441090 -34.038156
25.846723 0.607684 -34.854561
25.846723 0.607684 -34.854561
25.846723 0.607684 -34.854561
25.846723 0.607684 -34.854561
25.846723 0.607684 -34.854561
25.846723 0.607684 -34.854561
25.846723 0.607684 -34.854561
25.846723 0.607684 -34.854561
26.376463 0.406245 -35.242868
26.376463 0.406245 -35.242868
26.376463 0.406245 -35.242868
26.376463 0.406245 -35.242868
26.376463 0.406245 -35.242868
26.376463 0.406245 -35.242868
26.376463 0.406245 -35.242868
31.781167 0.716768 -35.553115
31.781167 0.716768 -35.553115
31.781167 0.716768 -35.553115
31.781167 0.716768 -35.553115
31.781167 0.716768 -35.553115
31.781167 0.716768 -35.553115
31.781167 0.716768 -35.553115
31.781167 0.716768 -35.553115
35.122626 0.565438 -36.243934
35.122626 0.565438 -36.243934
35.122626 0.565438 -36.243934
35.122626 0.565438 -36.243934
35.122626 0.565438 -36.243934
35.122626 0.565438 -36.243934
35.122626 0.565438 -36.243934
35.122626 0.565438 -36.243934
35.190999 0.015402 -36.654483
35.190999 0.015402 -36.654483
35.190999 0.015402 -36.654483
35.190999 0.015402 -36.654483
35.190999 0.015402 -36.654483
35.190999 0.015402 -36.654483
35.190999 0.015402 -36.654483
35.190999 0.015402 -36.654483
35.190999 0.015402 -36.654483
29.158453 0.045803 -36.611207
29.158453 0.045803 -36.611207
29.158453 0.045803 -36.611207
29.158453 0.045803 -36.611207
29.158453 0.045803 -36.611207
29.158453 0.045803 -36.611207
29.158453 0.045803 -36.611207
29.158453 0.045803 -36.611207
23.327456 1.683761 -36.836201
23.327456 1.683761 -36.836201
23.327456 1.683761 -36.836201
23.327456 1.683761 -36.836201
23.327456 1.683761 -36.836201
23.327456 1.683761 -36.836201
23.327456 1.683761 -36.836201
14.018665 2.558493 -36.293617
14.018665 2.558493 -36.293617
14.018665 2.558493 -36.293617
14.018665 2.558493 -36.293617
14.018665 2.558493 -36.293617
14.018665 2.558493 -36.293617
14.018665 2.558493 -36.293617
14.018665 2.558493 -36.293617
9.178827 3.483421 -36.172757
9.178827 3.483421 -36.172757
9.178827 3.483421 -36.172757
9.178827 3.483421 -36.172757
9.178827 3.483421 -36.172757
9.178827 3.483421 -36.172757
9.178827 3.483421 -36.172757
9.178827 3.483421 -36.172757
5.646965 4.118656 -35.519306
5.646965 4.118656 -35.519306
5.646965 4.118656 -35.519306
5.646965 4.118656 -35.519306
5.646965 4.118656 -35.519306
5.646965 4.118656 -35.519306
5.646965 4.118656 -35.519306
1.092580 4.439575 -34.485041
1.092580 4.439575 -34.485041
1.092580 4.439575 -34.485041
1.092580 4.439575 -34.485041
1.092580 4.439575 -34.485041
-0.001631 4.835470 -32.845741
-0.001631 4.835470 -32.845741
-0.001631 4.835470 -32.845741
-0.001631 4.835470 -32.845741
-0.001631 4.835470 -32.845741
-0.001631 4.835470 -32.845741
-0.001631 4.835470 -32.845741
-0.308875 4.179578 -32.106069
-0.308875 4.179578 -32.106069
-0.308875 4.179578 -32.106069
-0.308875 4.179578 -32.106069
-0.308875 4.179578 -32.106069
-0.308875 4.179578 -32.106069
-0.308875 4.179578 -32.106069
-0.308875 4.179578 -32.106069
-0.308875 4.179578 -32.106069
-0.325795 4.560368 -31.564944
-0.325795 4.560368 -31.564944
-0.325795 4.560368 -31.564944
-0.325795 4.560368 -31.564944
-0.325795 4.560368 -31.564944
-0.325795 4.560368 -31.564944
-0.325795 4.560368 -31.564944
-0.266654 4.843139 -31.351501
-0.266654 4.843139 -31.351501
-0.266654 4.843139 -31.351501
-0.266654 4.843139 -31.351501
-0.266654 4.843139 -31.351501
-0.266654 4.843139 -31.351501
-0.266654 4.843139 -31.351501
-0.266654 4.843139 -31.351501
-0.266654 4.843139 -31.351501
-0.263592 4.567412 -31.193867
-0.263592 4.567412 -31.193867
-0.263592 4.567412 -31.193867
-0.263592 4.567412 -31.193867
-0.263592 4.567412 -31.193867
-0.263592 4.567412 -31.193867
-0.263592 4.567412 -31.193867
-0.131147 4.284982 -31.158609
-0.131147 4.284982 -31.158609
-0.131147 4.284982 -31.158609
-0.131147 4.284982 -31.158609
-0.131147 4.284982 -31.158609
-0.131147 4.284982 -31.158609
-0.131147 4.284982 -31.158609
-0.131147 4.284982 -31.158609
-0.269246 4.499399 -30.936406
-0.269246 4.499399 -30.936406
-0.269246 4.499399 -30.936406
-0.269246 4.499399 -30.936406
-0.269246 4.499399 -30.936406
-0.269246 4.499399 -30.936406
-0.269246 4.499399 -30.936406
-0.269246 4.499399 -30.936406
-0.340748 4.739770 -30.800789
-0.340748 4.739770 -30.800789
-0.340748 4.739770 -30.800789
-0.340748 4.739770 -30.800789
-0.340748 4.739770 -30.800789
-0.340748 4.739770 -30.800789
-0.340748 4.739770 -30.800789
-0.340748 4.739770 -30.800789
-0.346502 4.536336 -30.777399
-0.346502 4.536336 -30.777399
-0.346502 4.536336 -30.777399
-0.346502 4.536336 -30.777399
-0.346502 4.536336 -30.777399
-0.346502 4.536336 -30.777399
-0.346502 4.536336 -30.777399
-0.346502 4.536336 -30.777399
-0.306544 4.544235 -30.826573
-0.306544 4.544235 -30.826573
-0.306544 4.544235 -30.826573
-0.306544 4.544235 -30.826573
-0.306544 4.544235 -30.826573
-0.306544 4.544235 -30.826573
-0.306544 4.544235 -30.826573
-0.306544 4.544235 -30.826573
-0.322792 4.573563 -30.857999
-0.322792 4.573563 -30.857999
-0.322792 4.573563 -30.857999
-0.322792 4.573563 -30.857999
-0.322792 4.573563 -30.857999
-0.322792 4.573563 -30.857999
-0.322792 4.573563 -30.857999
-0.322792 4.573563 -30.857999
-0.378555 4.247399 -30.866468
-0.378555 4.247399 -30.866468
-0.378555 4.247399 -30.866468
-0.378555 4.247399 -30.866468
-0.378555 4.247399 -30.866468
-0.378555 4.247399 -30.866468
-0.391506 4.020561 -30.842303
-0.391506 4.020561 -30.842303
-0.391506 4.020561 -30.842303
-0.391506 4.020561 -30.842303
-0.391506 4.020561 -30.842303
-0.391506 4.020561 -30.842303
-0.391506 4.020561 -30.842303
-0.391506 4.020561 -30.842303
-0.433800 3.468881 -30.839831
-0.433800 3.468881 -30.839831
-0.433800 3.468881 -30.839831
-0.433800 3.468881 -30.839831
-0.433800 3.468881 -30.839831
-0.433800 3.468881 -30.839831
-0.433800 3.468881 -30.839831
-0.433800 3.468881 -30.839831
-0.506935 2.448541 -30.906439
-0.506935 2.448541 -30.906439
-0.506935 2.448541 -30.906439
-0.506935 2.448541 -30.906439
-0.506935 2.448541 -30.906439
-0.506935 2.448541 -30.906439
-0.506935 2.448541 -30.906439
-0.506935 2.448541 -30.906439
-0.463820 2.435860 -30.938059
-0.463820 2.435860 -30.938059
-0.463820 2.435860 -30.938059
-0.463820 2.435860 -30.938059
-0.463820 2.435860 -30.938059
-0.463820 2.435860 -30.938059
-0.463820 2.435860 -30.938059
-0.431629 2.896759 -30.996293
-0.431629 2.896759 -30.996293
-0.431629 2.896759 -30.996293
-0.431629 2.896759 -30.996293
-0.431629 2.896759 -30.996293
-0.431629 2.896759 -30.996293
-0.431629 2.896759 -30.996293
-0.431629 2.896759 -30.996293
-0.373355 3.622423 -31.063157
-0.373355 3.622423 -31.063157
-0.373355 3.622423 -31.063157
-0.373355 3.622423 -31.063157
-0.373355 3.622423 -31.063157
-0.373355 3.622423 -31.063157
-0.373355 3.622423 -31.063157
-0.373355 3.622423 -31.063157
-0.336763 3.812971 -31.221580
-0.336763 3.812971 -31.221580
-0.336763 3.812971 -31.221580
-0.336763 3.812971 -31.221580
-0.336763 3.812971 -31.221580
-0.336763 3.812971 -31.221580
-0.336763 3.812971 -31.221580
-0.264865 3.887958 -31.364092
-0.264865 3.887958 -31.364092
-0.264865 3.887958 -31.364092
-0.264865 3.887958 -31.364092
-0.264865 3.887958 -31.364092
-0.264865 3.887958 -31.364092
-0.264865 3.887958 -31.364092
-0.323599 3.697596 -31.440314
-0.323599 3.697596 -31.440314
-0.323599 3.697596 -31.440314
-0.323599 3.697596 -31.440314
-0.323599 3.697596 -31.440314
-0.323599 3.697596 -31.440314
-0.323599 3.697596 -31.440314
-0.323599 3.697596 -31.440314
-0.502781 2.341725 -31.467559
-0.502781 2.341725 -31.467559
-0.502781 2.341725 -31.467559
-0.502781 2.341725 -31.467559
-0.502781 2.341725 -31.467559
-0.502781 2.341725 -31.467559
-0.502781 2.341725 -31.467559
-0.502781 2.341725 -31.467559
-0.435046 2.920971 -31.453298
-0.435046 2.920971 -31.453298
-0.435046 2.920971 -31.453298
-0.435046 2.920971 -31.453298
-0.435046 2.920971 -31.453298
-0.435046 2.920971 -31.453298
-0.435046 2.920971 -31.453298
-0.392237 3.379695 -31.480762
-0.392237 3.379695 -31.480762
-0.392237 3.379695 -31.480762
-0.392237 3.379695 -31.480762
-0.392237 3.379695 -31.480762
-0.392237 3.379695 -31.480762
-0.392237 3.379695 -31.480762
-0.392237 3.379695 -31.480762
-0.357329 3.602382 -31.565566
-0.357329 3.602382 -31.565566
-0.357329 3.602382 -31.565566
-0.357329 3.602382 -31.565566
-0.357329 3.602382 -31.565566
-0.357329 3.602382 -31.565566
-0.357329 3.602382 -31.565566
-0.357329 3.602382 -31.565566
-0.357329 3.602382 -31.565566
5.152557 4.464894 -31.870168
5.152557 4.464894 -31.870168
5.152557 4.464894 -31.870168
5.152557 4.464894 -31.870168
5.152557 4.464894 -31.870168
5.152557 4.464894 -31.870168
5.152557 4.464894 -31.870168
5.152557 4.464894 -31.870168
10.539421 2.833250 -32.305600
10.539421 2.833250 -32.305600
10.539421 2.833250 -32.305600
10.539421 2.833250 -32.305600
10.539421 2.833250 -32.305600
10.539421 2.833250 -32.305600
10.539421 2.833250 -32.305600
14.114462 2.318606 -32.842265
14.114462 2.318606 -32.842265
14.114462 2.318606 -32.842265
14.114462 2.318606 -32.842265
14.114462 2.318606 -32.842265
14.114462 2.318606 -32.842265
14.114462 2.318606 -32.842265
17.018823 2.335540 -33.219984
17.018823 2.335540 -33.219984
17.018823 2.335540 -33.219984
17.018823 2.335540 -33.219984
17.018823 2.335540 -33.219984
17.018823 2.335540 -33.219984
17.018823 2.335540 -33.219984
17.018823 2.335540 -33.219984
18.950447 2.138885 -33.750984
18.950447 2.138885 -33.750984
18.950447 2.138885 -33.750984
18.950447 2.138885 -33.750984
18.950447 2.138885 -33.750984
18.950447 2.138885 -33.750984
18.950447 2.138885 -33.750984
21.644757 2.699102 -34.388957
21.644757 2.699102 -34.388957
21.644757 2.699102 -34.388957
21.644757 2.699102 -34.388957
21.644757 2.699102 -34.388957
21.644757 2.699102 -34.388957
21.644757 2.699102 -34.388957
21.644757 2.699102 -34.388957
21.644757 2.699102 -34.388957
23.174335 1.658728 -35.019100
23.174335 1.658728 -35.019100
23.174335 1.658728 -35.019100
23.174335 1.658728 -35.019100
23.174335 1.658728 -35.019100
23.174335 1.658728 -35.019100
23.174335 1.658728 -35.019100
23.174335 1.658728 -35.019100
25.228152 1.330259 -35.403237
25.228152 1.330259 -35.403237
25.228152 1.330259 -35.403237
25.228152 1.330259 -35.403237
25.228152 1.330259 -35.403237
25.228152 1.330259 -35.403237
25.228152 1.330259 -35.403237
25.228152 1.330259 -35.403237
26.890052 0.964821 -36.056552
26.890052 0.964821 -36.056552
26.890052 0.964821 -36.056552
26.890052 0.964821 -36.056552
26.890052 0.964821 -36.056552
26.890052 0.964821 -36.056552
26.890052 0.964821 -36.056552
26.890052 0.964821 -36.056552
30.001562 0.855671 -36.686855
30.001562 0.855671 -36.686855
30.001562 0.855671 -36.686855
30.001562 0.855671 -36.686855
30.001562 0.855671 -36.686855
30.001562 0.855671 -36.686855
30.001562 0.855671 -36.686855
30.001562 0.855671 -36.686855
32.041596 0.550311 -37.603340
32.041596 0.550311 -37.603340
32.041596 0.550311 -37.603340
32.041596 0.550311 -37.603340
32.041596 0.550311 -37.603340
32.041596 0.550311 -37.603340
32.041596 0.550311 -37.603340
29.754640 0.968179 -37.540977
29.754640 0.968179 -37.540977
29.754640 0.968179 -37.540977
29.754640 0.968179 -37.540977
29.754640 0.968179 -37.540977
29.754640 0.968179 -37.540977
29.754640 0.968179 -37.540977
26.293281 1.969391 -37.858738
26.293281 1.969391 -37.858738
26.293281 1.969391 -37.858738
26.293281 1.969391 -37.858738
26.293281 1.969391 -37.858738
26.293281 1.969391 -37.858738
26.293281 1.969391 -37.858738
26.293281 1.969391 -37.858738
21.693847 2.880651 -37.606332
21.693847 2.880651 -37.606332
21.693847 2.880651 -37.606332
21.693847 2.880651 -37.606332
21.693847 2.880651 -37.606332
21.693847 2.880651 -37.606332
21.693847 2.880651 -37.606332
18.560708 3.480129 -37.097630
18.560708 3.480129 -37.097630
18.560708 3.480129 -37.097630
18.560708 3.480129 -37.097630
18.560708 3.480129 -37.097630
18.560708 3.480129 -37.097630
18.560708 3.480129 -37.097630
18.560708 3.480129 -37.097630
18.560708 3.480129 -37.097630
16.800088 4.018761 -36.819743
16.800088 4.018761 -36.819743
16.800088 4.018761 -36.819743
16.800088 4.018761 -36.819743
16.800088 4.018761 -36.819743
16.800088 4.018761 -36.819743
16.800088 4.018761 -36.819743
16.800088 4.018761 -36.819743
10.985213 4.281957 -36.780422
10.985213 4.281957 -36.780422
10.985213 4.281957 -36.780422
10.985213 4.281957 -36.780422
10.985213 4.281957 -36.780422
10.985213 4.281957 -36.780422
10.985213 4.281957 -36.780422
8.727405 5.031015 -36.448809
8.727405 5.031015 -36.448809
8.727405 5.031015 -36.448809
8.727405 5.031015 -36.448809
8.727405 5.031015 -36.448809
8.727405 5.031015 -36.448809
8.727405 5.031015 -36.448809
8.727405 5.031015 -36.448809
6.288489 4.200472 -36.343280
6.288489 4.200472 -36.343280
6.288489 4.200472 -36.343280
6.288489 4.200472 -36.343280
6.288489 4.200472 -36.343280
6.288489 4.200472 -36.343280
6.288489 4.200472 -36.343280
6.288489 4.200472 -36.343280
6.288489 4.200472 -36.343280
3.382763 4.784238 -35.870880
3.382763 4.784238 -35.870880
3.382763 4.784238 -35.870880
3.382763 4.784238 -35.870880
3.382763 4.784238 -35.870880
3.382763 4.784238 -35.870880
1.269676 5.712573 -34.963749
1.269676 5.712573 -34.963749
1.269676 5.712573 -34.963749
1.269676 5.712573 -34.963749
1.269676 5.712573 -34.963749
1.269676 5.712573 -34.963749
1.269676 5.712573 -34.963749
1.004960 6.398766 -34.327534
1.004960 6.398766 -34.327534
1.004960 6.398766 -34.327534
1.004960 6.398766 -34.327534
1.004960 6.398766 -34.327534
0.698188 6.440742 -33.783140
0.698188 6.440742 -33.783140
0.698188 6.440742 -33.783140
0.698188 6.440742 -33.783140
3.398516 5.516642 -33.587472
3.398516 5.516642 -33.587472
3.398516 5.516642 -33.587472
3.398516 5.516642 -33.587472
17.395015 4.715880 -33.134484
17.395015 4.715880 -33.134484
17.395015 4.715880 -33.134484
17.395015 4.715880 -33.134484
17.395015 4.715880 -33.134484
17.395015 4.715880 -33.134484
17.395015 4.715880 -33.134484
24.895826 2.673253 -34.648973
24.895826 2.673253 -34.648973
24.895826 2.673253 -34.648973
24.895826 2.673253 -34.648973
24.895826 2.673253 -34.648973
24.895826 2.673253 -34.648973
24.895826 2.673253 -34.648973
24.895826 2.673253 -34.648973
24.895826 2.673253 -34.648973
29.743520 1.562148 -36.317004
29.743520 1.562148 -36.317004
29.743520 1.562148 -36.317004
29.743520 1.562148 -36.317004
29.743520 1.562148 -36.317004
29.743520 1.562148 -36.317004
29.743520 1.562148 -36.317004
29.743520 1.562148 -36.317004
33.503348 1.781402 -37.115617
33.503348 1.781402 -37.115617
33.503348 1.781402 -37.115617
33.503348 1.781402 -37.115617
33.503348 1.781402 -37.115617
33.503348 1.781402 -37.115617
33.503348 1.781402 -37.115617
33.503348 1.781402 -37.115617
34.339582 1.562188 -38.231110
34.339582 1.562188 -38.231110
34.339582 1.562188 -38.231110
34.339582 1.562188 -38.231110
34.339582 1.562188 -38.231110
34.339582 1.562188 -38.231110
34.339582 1.562188 -38.231110
34.339582 1.562188 -38.231110
34.119370 1.349324 -39.165582
34.119370 1.349324 -39.165582
34.119370 1.349324 -39.165582
34.119370 1.349324 -39.165582
34.119370 1.349324 -39.165582
34.119370 1.349324 -39.165582
34.119370 1.349324 -39.165582
34.119370 1.349324 -39.165582
34.064274 1.470064 -39.654910
34.064274 1.470064 -39.654910
34.064274 1.470064 -39.654910
34.064274 1.470064 -39.654910
34.064274 1.470064 -39.654910
34.064274 1.470064 -39.654910
34.064274 1.470064 -39.654910
34.064274 1.470064 -39.654910
34.077999 1.638166 -39.936079
34.077999 1.638166 -39.936079
34.077999 1.638166 -39.936079
34.077999 1.638166 -39.936079
34.077999 1.638166 -39.936079
34.077999 1.638166 -39.936079
34.077999 1.638166 -39.936079
34.345801 1.991426 -39.965080
34.345801 1.991426 -39.965080
34.345801 1.991426 -39.965080
34.345801 1.991426 -39.965080
34.345801 1.991426 -39.965080
34.345801 1.991426 -39.965080
34.345801 1.991426 -39.965080
34.345801 1.991426 -39.965080
24.766891 3.121682 -39.146239
24.766891 3.121682 -39.146239
24.766891 3.121682 -39.146239
24.766891 3.121682 -39.146239
24.766891 3.121682 -39.146239
24.766891 3.121682 -39.146239
24.766891 3.121682 -39.146239
24.766891 3.121682 -39.146239
11.997987 4.259751 -39.470031
11.997987 4.259751 -39.470031
11.997987 4.259751 -39.470031
11.997987 4.259751 -39.470031
11.997987 4.259751 -39.470031
11.997987 4.259751 -39.470031
11.997987 4.259751 -39.470031
11.997987 4.259751 -39.470031
3.541544 2.789746 -38.844672
3.541544 2.789746 -38.844672
3.541544 2.789746 -38.844672
3.541544 2.789746 -38.844672
3.541544 2.789746 -38.844672
3.541544 2.789746 -38.844672
3.541544 2.789746 -38.844672
3.541544 2.789746 -38.844672
0.956932 4.332581 -37.070131
0.956932 4.332581 -37.070131
0.956932 4.332581 -37.070131
0.956932 4.332581 -37.070131
0.956932 4.332581 -37.070131
0.956932 4.332581 -37.070131
0.956932 4.332581 -37.070131
0.956932 4.332581 -37.070131
0.606705 4.796325 -35.646972
0.606705 4.796325 -35.646972
0.606705 4.796325 -35.646972
0.606705 4.796325 -35.646972
0.606705 4.796325 -35.646972
0.606705 4.796325 -35.646972
0.606705 4.796325 -35.646972
0.606705 4.796325 -35.646972
0.513203 5.200240 -34.797772
0.513203 5.200240 -34.797772
0.513203 5.200240 -34.797772
0.513203 5.200240 -34.797772
0.513203 5.200240 -34.797772
0.513203 5.200240 -34.797772
0.513203 5.200240 -34.797772
0.513203 5.200240 -34.797772
0.513203 5.200240 -34.797772
0.513203 5.200240 -34.797772
0.513203 5.200240 -34.797772
0.513203 5.200240 -34.797772
0.513203 5.200240 -34.797772
0.513203 5.200240 -34.797772
0.513203 5.200240 -34.797772
0.513203 5.200240 -34.797772
0.342723 5.319164 -33.721938
0.342723 5.319164 -33.721938
0.342723 5.319164 -33.721938
0.342723 5.319164 -33.721938
0.342723 5.319164 -33.721938
0.342723 5.319164 -33.721938
0.342723 5.319164 -33.721938
0.784951 4.680154 -33.792064
0.784951 4.680154 -33.792064
0.784951 4.680154 -33.792064
0.784951 4.680154 -33.792064
0.784951 4.680154 -33.792064
0.784951 4.680154 -33.792064
0.784951 4.680154 -33.792064
1.684262 -3.445514 -33.893147
1.684262 -3.445514 -33.893147
1.684262 -3.445514 -33.893147
1.684262 -3.445514 -33.893147
1.684262 -3.445514 -33.893147
1.684262 -3.445514 -33.893147
1.684262 -3.445514 -33.893147
1.684262 -3.445514 -33.893147
3.880010 -7.460112 -32.841339
3.880010 -7.460112 -32.841339
3.880010 -7.460112 -32.841339
3.880010 -7.460112 -32.841339
3.880010 -7.460112 -32.841339
3.880010 -7.460112 -32.841339
3.880010 -7.460112 -32.841339
2.486938 -3.925344 -31.738028
2.486938 -3.925344 -31.738028
2.486938 -3.925344 -31.738028
2.486938 -3.925344 -31.738028
2.486938 -3.925344 -31.738028
2.486938 -3.925344 -31.738028
2.486938 -3.925344 -31.738028
2.486938 -3.925344 -31.738028
0.495734 1.224518 -34.939601
0.495734 1.224518 -34.939601
0.495734 1.224518 -34.939601
0.495734 1.224518 -34.939601
0.495734 1.224518 -34.939601
0.495734 1.224518 -34.939601
0.495734 1.224518 -34.939601
0.495734 1.224518 -34.939601
5.126364 -6.329511 -38.308714
5.126364 -6.329511 -38.308714
5.126364 -6.329511 -38.308714
5.126364 -6.329511 -38.308714
5.126364 -6.329511 -38.308714
5.126364 -6.329511 -38.308714
5.126364 -6.329511 -38.308714
0.448937 -15.331808 -43.536596
0.448937 -15.331808 -43.536596
0.448937 -15.331808 -43.536596
0.448937 -15.331808 -43.536596
0.448937 -15.331808 -43.536596
0.448937 -15.331808 -43.536596
0.448937 -15.331808 -43.536596
0.448937 -15.331808 -43.536596
0.873650 -14.942232 -41.105977
0.873650 -14.942232 -41.105977
0.873650 -14.942232 -41.105977
0.873650 -14.942232 -41.105977
0.873650 -14.942232 -41.105977
0.873650 -14.942232 -41.105977
0.873650 -14.942232 -41.105977
0.895253 -14.712297 -39.321358
0.895253 -14.712297 -39.321358
0.895253 -14.712297 -39.321358
0.895253 -14.712297 -39.321358
0.895253 -14.712297 -39.321358
0.895253 -14.712297 -39.321358
0.895253 -14.712297 -39.321358
0.770334 -14.596350 -38.033881
0.770334 -14.596350 -38.033881
0.770334 -14.596350 -38.033881
0.770334 -14.596350 -38.033881
0.770334 -14.596350 -38.033881
0.770334 -14.596350 -38.033881
0.770334 -14.596350 -38.033881
0.770334 -14.596350 -38.033881
0.607055 -14.529032 -37.087873
0.607055 -14.529032 -37.087873
0.607055 -14.529032 -37.087873
0.607055 -14.529032 -37.087873
0.607055 -14.529032 -37.087873
0.607055 -14.529032 -37.087873
0.607055 -14.529032 -37.087873
0.607055 -14.529032 -37.087873
0.448490 -14.509752 -36.388929
0.448490 -14.509752 -36.388929
0.448490 -14.509752 -36.388929
0.448490 -14.509752 -36.388929
0.448490 -14.509752 -36.388929
0.448490 -14.509752 -36.388929
0.448490 -14.509752 -36.388929
0.289349 -14.512361 -35.950291
0.289349 -14.512361 -35.950291
0.289349 -14.512361 -35.950291
0.289349 -14.512361 -35.950291
0.289349 -14.512361 -35.950291
0.289349 -14.512361 -35.950291
0.289349 -14.512361 -35.950291
0.289349 -14.512361 -35.950291
-4.045233 -1.409104 -37.041058
-4.045233 -1.409104 -37.041058
-4.045233 -1.409104 -37.041058
-4.045233 -1.409104 -37.041058
-4.045233 -1.409104 -37.041058
-4.045233 -1.409104 -37.041058
-4.045233 -1.409104 -37.041058
-4.045233 -1.409104 -37.041058
18.657512 12.537732 -24.469129
18.657512 12.537732 -24.469129
18.657512 12.537732 -24.469129
18.657512 12.537732 -24.469129
18.657512 12.537732 -24.469129
18.657512 12.537732 -24.469129
18.657512 12.537732 -24.469129
20.352432 10.332053 -16.130134
20.352432 10.332053 -16.130134
20.352432 10.332053 -16.130134
20.352432 10.332053 -16.130134
20.352432 10.332053 -16.130134
20.352432 10.332053 -16.130134
20.352432 10.332053 -16.130134
6.935533 3.768667 -21.838248
6.935533 3.768667 -21.838248
6.935533 3.768667 -21.838248
6.935533 3.768667 -21.838248
6.935533 3.768667 -21.838248
6.935533 3.768667 -21.838248
6.935533 3.768667 -21.838248
6.935533 3.768667 -21.838248
-0.125302 -13.185042 -44.694238
-0.125302 -13.185042 -44.694238
-0.125302 -13.185042 -44.694238
-0.125302 -13.185042 -44.694238
-0.125302 -13.185042 -44.694238
-0.125302 -13.185042 -44.694238
-0.125302 -13.185042 -44.694238
-0.125302 -13.185042 -44.694238
-0.463196 -10.436521 -49.881367
-0.463196 -10.436521 -49.881367
-0.463196 -10.436521 -49.881367
-0.463196 -10.436521 -49.881367
-0.463196 -10.436521 -49.881367
-0.463196 -10.436521 -49.881367
-0.463196 -10.436521 -49.881367
-0.463196 -10.436521 -49.881367
-0.706505 -1.082360 -53.939063
-0.706505 -1.082360 -53.939063
-0.706505 -1.082360 -53.939063
-0.706505 -1.082360 -53.939063
-0.706505 -1.082360 -53.939063
-0.706505 -1.082360 -53.939063
-0.706505 -1.082360 -53.939063
-0.706505 -1.082360 -53.939063
0.004986 -3.151632 -59.084237
0.004986 -3.151632 -59.084237
0.004986 -3.151632 -59.084237
0.004986 -3.151632 -59.084237
0.004986 -3.151632 -59.084237
0.004986 -3.151632 -59.084237
0.004986 -3.151632 -59.084237
0.004986 -3.151632 -59.084237
0.623685 -1.530602 -62.335052
0.623685 -1.530602 -62.335052
0.623685 -1.530602 -62.335052
0.623685 -1.530602 -62.335052
0.623685 -1.530602 -62.335052
0.623685 -1.530602 -62.335052
0.623685 -1.530602 -62.335052
0.813446 -1.325334 -65.107767
0.813446 -1.325334 -65.107767
0.813446 -1.325334 -65.107767
0.813446 -1.325334 -65.107767
0.813446 -1.325334 -65.107767
0.813446 -1.325334 -65.107767
0.813446 -1.325334 -65.107767
0.813446 -1.325334 -65.107767
1.003012 -2.010641 -67.309124
1.003012 -2.010641 -67.309124
1.003012 -2.010641 -67.309124
1.003012 -2.010641 -67.309124
1.003012 -2.010641 -67.309124
1.003012 -2.010641 -67.309124
1.003012 -2.010641 -67.309124
1.003012 -2.010641 -67.309124
0.543736 -6.635222 -69.014567
0.543736 -6.635222 -69.014567
0.543736 -6.635222 -69.014567
0.543736 -6.635222 -69.014567
0.543736 -6.635222 -69.014567
0.543736 -6.635222 -69.014567
0.543736 -6.635222 -69.014567
0.543736 -6.635222 -69.014567
1.635882 -32.133079 -70.008852
1.635882 -32.133079 -70.008852
1.635882 -32.133079 -70.008852
1.635882 -32.133079 -70.008852
1.635882 -32.133079 -70.008852
1.635882 -32.133079 -70.008852
1.635882 -32.133079 -70.008852
1.635882 -32.133079 -70.008852
1.635882 -32.133079 -70.008852
3.680377 -37.171587 -70.117834
3.680377 -37.171587 -70.117834
3.680377 -37.171587 -70.117834
3.680377 -37.171587 -70.117834
3.680377 -37.171587 -70.117834
3.680377 -37.171587 -70.117834
3.680377 -37.171587 -70.117834
3.680377 -37.171587 -70.117834
3.339444 -36.630735 -69.478337
3.339444 -36.630735 -69.478337
3.339444 -36.630735 -69.478337
3.339444 -36.630735 -69.478337
3.339444 -36.630735 -69.478337
3.339444 -36.630735 -69.478337
3.339444 -36.630735 -69.478337
3.339444 -36.630735 -69.478337
2.101956 -33.072097 -68.870983
2.101956 -33.072097 -68.870983
2.101956 -33.072097 -68.870983
2.101956 -33.072097 -68.870983
2.101956 -33.072097 -68.870983
2.101956 -33.072097 -68.870983
2.101956 -33.072097 -68.870983
2.101956 -33.072097 -68.870983
-0.800502 -21.352741 -69.113441
-0.800502 -21.352741 -69.113441
-0.800502 -21.352741 -69.113441
-0.800502 -21.352741 -69.113441
-0.800502 -21.352741 -69.113441
-0.800502 -21.352741 -69.113441
-0.800502 -21.352741 -69.113441
-0.729612 -12.256797 -71.146563
-0.729612 -12.256797 -71.146563
-0.729612 -12.256797 -71.146563
-0.729612 -12.256797 -71.146563
-0.729612 -12.256797 -71.146563
-0.729612 -12.256797 -71.146563
-0.729612 -12.256797 -71.146563
-0.729612 -12.256797 -71.146563
-0.009863 -9.354814 -72.303816
-0.009863 -9.354814 -72.303816
-0.009863 -9.354814 -72.303816
-0.009863 -9.354814 -72.303816
-0.009863 -9.354814 -72.303816
-0.009863 -9.354814 -72.303816
0.042519 -9.125817 -73.070484
0.042519 -9.125817 -73.070484
0.042519 -9.125817 -73.070484
0.042519 -9.125817 -73.070484
0.042519 -9.125817 -73.070484
0.042519 -9.125817 -73.070484
0.042519 -9.125817 -73.070484
0.042519 -9.125817 -73.070484
0.208112 -8.531963 -73.647567
0.208112 -8.531963 -73.647567
0.208112 -8.531963 -73.647567
0.208112 -8.531963 -73.647567
0.208112 -8.531963 -73.647567
0.208112 -8.531963 -73.647567
0.208112 -8.531963 -73.647567
0.208112 -8.531963 -73.647567
0.342559 -8.188772 -74.124614
0.342559 -8.188772 -74.124614
0.342559 -8.188772 -74.124614
0.342559 -8.188772 -74.124614
0.342559 -8.188772 -74.124614
0.342559 -8.188772 -74.124614
0.342559 -8.188772 -74.124614
0.342559 -8.188772 -74.124614
0.342559 -8.188772 -74.124614
-0.684361 -15.967475 -74.471868
-0.684361 -15.967475 -74.471868
-0.684361 -15.967475 -74.471868
-0.684361 -15.967475 -74.471868
-0.684361 -15.967475 -74.471868
-0.684361 -15.967475 -74.471868
-0.684361 -15.967475 -74.471868
-0.684361 -15.967475 -74.471868
0.128245 -24.410917 -74.600323
0.128245 -24.410917 -74.600323
0.128245 -24.410917 -74.600323
0.128245 -24.410917 -74.600323
0.128245 -24.410917 -74.600323
0.128245 -24.410917 -74.600323
0.128245 -24.410917 -74.600323
0.128245 -24.410917 -74.600323
1.396788 -30.193630 -74.609134
1.396788 -30.193630 -74.609134
1.396788 -30.193630 -74.609134
1.396788 -30.193630 -74.609134
1.396788 -30.193630 -74.609134
1.396788 -30.193630 -74.609134
1.396788 -30.193630 -74.609134
2.941348 -33.800352 -75.009718
2.941348 -33.800352 -75.009718
2.941348 -33.800352 -75.009718
2.941348 -33.800352 -75.009718
2.941348 -33.800352 -75.009718
2.941348 -33.800352 -75.009718
2.941348 -33.800352 -75.009718
1.810298 -31.988166 -74.235550
1.810298 -31.988166 -74.235550
1.810298 -31.988166 -74.235550
1.810298 -31.988166 -74.235550
1.810298 -31.988166 -74.235550
1.810298 -31.988166 -74.235550
1.810298 -31.988166 -74.235550
1.810298 -31.988166 -74.235550
-0.615694 -22.864436 -73.169576
-0.615694 -22.864436 -73.169576
-0.615694 -22.864436 -73.169576
-0.615694 -22.864436 -73.169576
-0.615694 -22.864436 -73.169576
-0.615694 -22.864436 -73.169576
-0.615694 -22.864436 -73.169576
-0.615694 -22.864436 -73.169576
-0.995402 -13.917625 -74.054666
-0.995402 -13.917625 -74.054666
-0.995402 -13.917625 -74.054666
-0.995402 -13.917625 -74.054666
-0.995402 -13.917625 -74.054666
-0.995402 -13.917625 -74.054666
-0.995402 -13.917625 -74.054666
-0.107989 -10.416898 -75.016760
-0.107989 -10.416898 -75.016760
-0.107989 -10.416898 -75.016760
-0.107989 -10.416898 -75.016760
-0.107989 -10.416898 -75.016760
-0.107989 -10.416898 -75.016760
-0.107989 -10.416898 -75.016760
-0.107989 -10.416898 -75.016760
-0.107989 -10.416898 -75.016760
0.447228 -8.115235 -75.844743
0.447228 -8.115235 -75.844743
0.447228 -8.115235 -75.844743
0.447228 -8.115235 -75.844743
0.447228 -8.115235 -75.844743
0.447228 -8.115235 -75.844743
0.447228 -8.115235 -75.844743
0.447228 -8.115235 -75.844743
0.474560 -7.878394 -76.362724
0.474560 -7.878394 -76.362724
0.474560 -7.878394 -76.362724
0.474560 -7.878394 -76.362724
0.474560 -7.878394 -76.362724
0.474560 -7.878394 -76.362724
0.474560 -7.878394 -76.362724
0.474560 -7.878394 -76.362724
0.474560 -7.878394 -76.362724
0.391070 -8.268420 -76.652399
0.391070 -8.268420 -76.652399
0.391070 -8.268420 -76.652399
0.391070 -8.268420 -76.652399
0.391070 -8.268420 -76.652399
0.391070 -8.268420 -76.652399
0.391070 -8.268420 -76.652399
0.391070 -8.268420 -76.652399
-0.919960 -23.339105 -75.939450
-0.919960 -23.339105 -75.939450
-0.919960 -23.339105 -75.939450
-0.919960 -23.339105 -75.939450
-0.919960 -23.339105 -75.939450
-0.919960 -23.339105 -75.939450
-0.919960 -23.339105 -75.939450
0.366446 -32.286181 -75.821793
0.366446 -32.286181 -75.821793
0.366446 -32.286181 -75.821793
0.366446 -32.286181 -75.821793
0.366446 -32.286181 -75.821793
0.366446 -32.286181 -75.821793
0.366446 -32.286181 -75.821793
0.712413 -34.240298 -74.997608
0.712413 -34.240298 -74.997608
0.712413 -34.240298 -74.997608
0.712413 -34.240298 -74.997608
0.712413 -34.240298 -74.997608
0.712413 -34.240298 -74.997608
0.712413 -34.240298 -74.997608
0.431145 -33.169434 -74.323229
0.431145 -33.169434 -74.323229
0.431145 -33.169434 -74.323229
0.431145 -33.169434 -74.323229
0.431145 -33.169434 -74.323229
0.431145 -33.169434 -74.323229
0.431145 -33.169434 -74.323229
0.431145 -33.169434 -74.323229
-0.585375 -29.501315 -73.963962
-0.585375 -29.501315 -73.963962
-0.585375 -29.501315 -73.963962
-0.585375 -29.501315 -73.963962
-0.585375 -29.501315 -73.963962
-0.585375 -29.501315 -73.963962
-0.585375 -29.501315 -73.963962
-0.585375 -29.501315 -73.963962
-0.585375 -29.501315 -73.963962
-0.575737 -12.992521 -75.093818
-0.575737 -12.992521 -75.093818
-0.575737 -12.992521 -75.093818
-0.575737 -12.992521 -75.093818
-0.575737 -12.992521 -75.093818
-0.575737 -12.992521 -75.093818
-0.575737 -12.992521 -75.093818
0.776933 -7.005271 -75.861436
0.776933 -7.005271 -75.861436
0.776933 -7.005271 -75.861436
0.776933 -7.005271 -75.861436
0.776933 -7.005271 -75.861436
0.776933 -7.005271 -75.861436
0.776933 -7.005271 -75.861436
0.776933 -7.005271 -75.861436
0.830023 -5.516156 -76.530521
0.830023 -5.516156 -76.530521
0.830023 -5.516156 -76.530521
0.830023 -5.516156 -76.530521
0.830023 -5.516156 -76.530521
0.830023 -5.516156 -76.530521
0.830023 -5.516156 -76.530521
0.830023 -5.516156 -76.530521
0.790333 -5.537222 -77.170285
0.790333 -5.537222 -77.170285
0.790333 -5.537222 -77.170285
0.790333 -5.537222 -77.170285
0.790333 -5.537222 -77.170285
0.790333 -5.537222 -77.170285
0.790333 -5.537222 -77.170285
0.790333 -5.537222 -77.170285
0.761584 -3.662025 -76.635535
0.761584 -3.662025 -76.635535
0.761584 -3.662025 -76.635535
0.761584 -3.662025 -76.635535
0.761584 -3.662025 -76.635535
0.761584 -3.662025 -76.635535
0.761584 -3.662025 -76.635535
0.696029 -4.205829 -77.373906
0.696029 -4.205829 -77.373906
0.696029 -4.205829 -77.373906
0.696029 -4.205829 -77.373906
0.696029 -4.205829 -77.373906
0.696029 -4.205829 -77.373906
0.696029 -4.205829 -77.373906
0.696029 -4.205829 -77.373906
0.696029 -4.205829 -77.373906
0.640720 -6.489316 -77.539552
0.640720 -6.489316 -77.539552
0.640720 -6.489316 -77.539552
0.640720 -6.489316 -77.539552
0.640720 -6.489316 -77.539552
0.640720 -6.489316 -77.539552
0.640720 -6.489316 -77.539552
0.640720 -6.489316 -77.539552
0.146941 -8.440790 -75.941199
0.146941 -8.440790 -75.941199
0.146941 -8.440790 -75.941199
0.146941 -8.440790 -75.941199
0.146941 -8.440790 -75.941199
0.146941 -8.440790 -75.941199
0.146941 -8.440790 -75.941199
0.657235 -4.615753 -76.093177
0.657235 -4.615753 -76.093177
0.657235 -4.615753 -76.093177
0.657235 -4.615753 -76.093177
0.657235 -4.615753 -76.093177
0.657235 -4.615753 -76.093177
0.657235 -4.615753 -76.093177
0.657235 -4.615753 -76.093177
0.718100 -5.343476 -78.275853
0.718100 -5.343476 -78.275853
0.718100 -5.343476 -78.275853
0.718100 -5.343476 -78.275853
0.718100 -5.343476 -78.275853
0.718100 -5.343476 -78.275853
0.718100 -5.343476 -78.275853
0.718100 -5.343476 -78.275853
0.965186 -6.881483 -77.803791
0.965186 -6.881483 -77.803791
0.965186 -6.881483 -77.803791
0.965186 -6.881483 -77.803791
0.965186 -6.881483 -77.803791
0.965186 -6.881483 -77.803791
0.965186 -6.881483 -77.803791
0.965186 -6.881483 -77.803791
0.751006 -6.031325 -76.029097
0.751006 -6.031325 -76.029097
0.751006 -6.031325 -76.029097
0.751006 -6.031325 -76.029097
0.751006 -6.031325 -76.029097
0.751006 -6.031325 -76.029097
0.751006 -6.031325 -76.029097
0.751006 -6.031325 -76.029097
0.751006 -6.031325 -76.029097
-1.102828 -15.808833 -74.974317
-1.102828 -15.808833 -74.974317
-1.102828 -15.808833 -74.974317
-1.102828 -15.808833 -74.974317
-1.102828 -15.808833 -74.974317
-1.102828 -15.808833 -74.974317
-1.102828 -15.808833 -74.974317
-1.102828 -15.808833 -74.974317
-0.740241 -28.088651 -74.033165
-0.740241 -28.088651 -74.033165
-0.740241 -28.088651 -74.033165
-0.740241 -28.088651 -74.033165
-0.740241 -28.088651 -74.033165
-0.740241 -28.088651 -74.033165
-0.740241 -28.088651 -74.033165
-0.740241 -28.088651 -74.033165
-0.974841 -31.629414 -72.921497
-0.974841 -31.629414 -72.921497
-0.974841 -31.629414 -72.921497
-0.974841 -31.629414 -72.921497
-0.974841 -31.629414 -72.921497
-0.974841 -31.629414 -72.921497
-0.974841 -31.629414 -72.921497
-0.974841 -31.629414 -72.921497
-1.624817 -34.128553 -71.946262
-1.624817 -34.128553 -71.946262
-1.624817 -34.128553 -71.946262
-1.624817 -34.128553 -71.946262
-1.624817 -34.128553 -71.946262
-1.624817 -34.128553 -71.946262
-1.624817 -34.128553 -71.946262
-1.624817 -34.128553 -71.946262
-1.765344 -35.873660 -71.348682
-1.765344 -35.873660 -71.348682
-1.765344 -35.873660 -71.348682
-1.765344 -35.873660 -71.348682
-1.765344 -35.873660 -71.348682
-1.765344 -35.873660 -71.348682
-1.765344 -35.873660 -71.348682
-1.765344 -35.873660 -71.348682
-1.370648 -34.492708 -71.086587
-1.370648 -34.492708 -71.086587
-1.370648 -34.492708 -71.086587
-1.370648 -34.492708 -71.086587
-1.370648 -34.492708 -71.086587
-1.370648 -34.492708 -71.086587
-1.370648 -34.492708 -71.086587
-1.011965 -25.885401 -72.177307
-1.011965 -25.885401 -72.177307
-1.011965 -25.885401 -72.177307
-1.011965 -25.885401 -72.177307
-1.011965 -25.885401 -72.177307
-1.011965 -25.885401 -72.177307
-1.011965 -25.885401 -72.177307
-0.977496 -13.725687 -73.691212
-0.977496 -13.725687 -73.691212
-0.977496 -13.725687 -73.691212
-0.977496 -13.725687 -73.691212
-0.977496 -13.725687 -73.691212
-0.977496 -13.725687 -73.691212
-0.977496 -13.725687 -73.691212
-0.977496 -13.725687 -73.691212
-0.078599 -9.979520 -74.398833
-0.078599 -9.979520 -74.398833
-0.078599 -9.979520 -74.398833
-0.078599 -9.979520 -74.398833
-0.078599 -9.979520 -74.398833
-0.078599 -9.979520 -74.398833
-0.078599 -9.979520 -74.398833
-0.078599 -9.979520 -74.398833
0.568717 -7.562781 -75.017839
0.568717 -7.562781 -75.017839
0.568717 -7.562781 -75.017839
0.568717 -7.562781 -75.017839
0.568717 -7.562781 -75.017839
0.568717 -7.562781 -75.017839
0.568717 -7.562781 -75.017839
0.568717 -7.562781 -75.017839
0.562020 -7.262570 -75.431421
0.562020 -7.262570 -75.431421
0.562020 -7.262570 -75.431421
0.562020 -7.262570 -75.431421
0.562020 -7.262570 -75.431421
0.562020 -7.262570 -75.431421
0.562020 -7.262570 -75.431421
0.562020 -7.262570 -75.431421
0.541961 -7.392909 -75.533812
0.541961 -7.392909 -75.533812
0.541961 -7.392909 -75.533812
0.541961 -7.392909 -75.533812
0.541961 -7.392909 -75.533812
0.541961 -7.392909 -75.533812
0.541961 -7.392909 -75.533812
0.331997 -7.988960 -76.088608
0.331997 -7.988960 -76.088608
0.331997 -7.988960 -76.088608
0.331997 -7.988960 -76.088608
0.331997 -7.988960 -76.088608
0.331997 -7.988960 -76.088608
0.331997 -7.988960 -76.088608
0.331997 -7.988960 -76.088608
0.331997 -7.988960 -76.088608
0.331997 -7.988960 -76.088608
0.331997 -7.988960 -76.088608
0.331997 -7.988960 -76.088608
0.331997 -7.988960 -76.088608
0.331997 -7.988960 -76.088608
0.331997 -7.988960 -76.088608
0.644972 -4.766526 -76.647174
0.644972 -4.766526 -76.647174
0.644972 -4.766526 -76.647174
0.644972 -4.766526 -76.647174
0.644972 -4.766526 -76.647174
0.644972 -4.766526 -76.647174
0.644972 -4.766526 -76.647174
0.644972 -4.766526 -76.647174
0.609897 -6.167128 -77.152137
0.609897 -6.167128 -77.152137
0.609897 -6.167128 -77.152137
0.609897 -6.167128 -77.152137
0.609897 -6.167128 -77.152137
0.609897 -6.167128 -77.152137
0.609897 -6.167128 -77.152137
0.609897 -6.167128 -77.152137
0.489990 -7.691923 -77.802972
0.489990 -7.691923 -77.802972
0.489990 -7.691923 -77.802972
0.489990 -7.691923 -77.802972
0.489990 -7.691923 -77.802972
0.489990 -7.691923 -77.802972
0.489990 -7.691923 -77.802972
0.489990 -7.691923 -77.802972
0.615388 -6.648688 -78.122051
0.615388 -6.648688 -78.122051
0.615388 -6.648688 -78.122051
0.615388 -6.648688 -78.122051
0.615388 -6.648688 -78.122051
0.615388 -6.648688 -78.122051
0.615388 -6.648688 -78.122051
0.550665 -7.351761 -77.815252
0.550665 -7.351761 -77.815252
0.550665 -7.351761 -77.815252
0.550665 -7.351761 -77.815252
0.550665 -7.351761 -77.815252
0.550665 -7.351761 -77.815252
0.550665 -7.351761 -77.815252
0.550665 -7.351761 -77.815252
0.490148 -7.536526 -78.000159
0.490148 -7.536526 -78.000159
0.490148 -7.536526 -78.000159
0.490148 -7.536526 -78.000159
0.490148 -7.536526 -78.000159
0.490148 -7.536526 -78.000159
0.490148 -7.536526 -78.000159
0.587092 -6.734195 -77.890951
0.587092 -6.734195 -77.890951
0.587092 -6.734195 -77.890951
0.587092 -6.734195 -77.890951
0.587092 -6.734195 -77.890951
0.587092 -6.734195 -77.890951
0.587092 -6.734195 -77.890951
0.587092 -6.734195 -77.890951
0.604739 -6.917154 -78.253505
0.604739 -6.917154 -78.253505
0.604739 -6.917154 -78.253505
0.604739 -6.917154 -78.253505
0.604739 -6.917154 -78.253505
0.604739 -6.917154 -78.253505
0.604739 -6.917154 -78.253505
0.604739 -6.917154 -78.253505
0.609796 -6.723774 -78.045484
0.609796 -6.723774 -78.045484
0.609796 -6.723774 -78.045484
0.609796 -6.723774 -78.045484
0.609796 -6.723774 -78.045484
0.609796 -6.723774 -78.045484
0.609796 -6.723774 -78.045484
0.609796 -6.723774 -78.045484
0.614697 -6.625555 -78.012563
0.614697 -6.625555 -78.012563
0.614697 -6.625555 -78.012563
0.614697 -6.625555 -78.012563
0.614697 -6.625555 -78.012563
0.614697 -6.625555 -78.012563
0.614697 -6.625555 -78.012563
0.584686 -7.178826 -78.218958
0.584686 -7.178826 -78.218958
0.584686 -7.178826 -78.218958
0.584686 -7.178826 -78.218958
0.584686 -7.178826 -78.218958
0.584686 -7.178826 -78.218958
0.584686 -7.178826 -78.218958
0.570961 -7.294166 -78.317729
0.570961 -7.294166 -78.317729
0.570961 -7.294166 -78.317729
0.570961 -7.294166 -78.317729
0.570961 -7.294166 -78.317729
0.570961 -7.294166 -78.317729
0.570961 -7.294166 -78.317729
0.577545 -7.366164 -78.303775
0.577545 -7.366164 -78.303775
0.577545 -7.366164 -78.303775
0.577545 -7.366164 -78.303775
0.577545 -7.366164 -78.303775
0.577545 -7.366164 -78.303775
0.577545 -7.366164 -78.303775
0.577545 -7.366164 -78.303775
0.592886 -7.314952 -78.357412
0.592886 -7.314952 -78.357412
0.592886 -7.314952 -78.357412
0.592886 -7.314952 -78.357412
0.592886 -7.314952 -78.357412
0.592886 -7.314952 -78.357412
0.592886 -7.314952 -78.357412
0.608743 -7.273017 -78.394330
0.608743 -7.273017 -78.394330
0.608743 -7.273017 -78.394330
0.608743 -7.273017 -78.394330
0.608743 -7.273017 -78.394330
0.608743 -7.273017 -78.394330
0.608743 -7.273017 -78.394330
0.608743 -7.273017 -78.394330
0.608743 -7.273017 -78.394330
0.661115 -6.406022 -77.821099
0.661115 -6.406022 -77.821099
0.661115 -6.406022 -77.821099
0.661115 -6.406022 -77.821099
0.661115 -6.406022 -77.821099
0.661115 -6.406022 -77.821099
0.661115 -6.406022 -77.821099
0.690879 -6.004375 -77.899421
0.690879 -6.004375 -77.899421
0.690879 -6.004375 -77.899421
0.690879 -6.004375 -77.899421
0.690879 -6.004375 -77.899421
0.690879 -6.004375 -77.899421
0.690879 -6.004375 -77.899421
0.690879 -6.004375 -77.899421
0.697969 -5.970407 -77.989976
0.697969 -5.970407 -77.989976
0.697969 -5.970407 -77.989976
0.697969 -5.970407 -77.989976
0.697969 -5.970407 -77.989976
0.697969 -5.970407 -77.989976
0.697969 -5.970407 -77.989976
0.728469 -4.783651 -78.150130
0.728469 -4.783651 -78.150130
0.728469 -4.783651 -78.150130
0.728469 -4.783651 -78.150130
0.728469 -4.783651 -78.150130
0.728469 -4.783651 -78.150130
0.728469 -4.783651 -78.150130
0.728469 -4.783651 -78.150130
0.745284 -4.707569 -78.147227
0.745284 -4.707569 -78.147227
0.745284 -4.707569 -78.147227
0.745284 -4.707569 -78.147227
0.745284 -4.707569 -78.147227
0.745284 -4.707569 -78.147227
0.745284 -4.707569 -78.147227
0.741480 -5.291150 -78.218637
0.741480 -5.291150 -78.218637
0.741480 -5.291150 -78.218637
0.741480 -5.291150 -78.218637
0.741480 -5.291150 -78.218637
0.741480 -5.291150 -78.218637
0.741480 -5.291150 -78.218637
0.717375 -6.049473 -78.104340
0.717375 -6.049473 -78.104340
0.717375 -6.049473 -78.104340
0.717375 -6.049473 -78.104340
0.717375 -6.049473 -78.104340
0.717375 -6.049473 -78.104340
0.717375 -6.049473 -78.104340
0.717375 -6.049473 -78.104340
0.722343 -6.076841 -78.132378
0.722343 -6.076841 -78.132378
0.722343 -6.076841 -78.132378
0.722343 -6.076841 -78.132378
0.722343 -6.076841 -78.132378
0.722343 -6.076841 -78.132378
0.722343 -6.076841 -78.132378
0.709439 -5.874527 -77.665077
0.709439 -5.874527 -77.665077
0.709439 -5.874527 -77.665077
0.709439 -5.874527 -77.665077
0.709439 -5.874527 -77.665077
0.709439 -5.874527 -77.665077
0.709439 -5.874527 -77.665077
0.709439 -5.874527 -77.665077
0.763959 -4.591881 -78.505723
0.763959 -4.591881 -78.505723
0.763959 -4.591881 -78.505723
0.763959 -4.591881 -78.505723
0.763959 -4.591881 -78.505723
0.763959 -4.591881 -78.505723
0.763959 -4.591881 -78.505723
0.793074 -3.282666 -79.194718
0.793074 -3.282666 -79.194718
0.793074 -3.282666 -79.194718
0.793074 -3.282666 -79.194718
0.793074 -3.282666 -79.194718
0.793074 -3.282666 -79.194718
0.793074 -3.282666 -79.194718
0.793074 -3.282666 -79.194718
0.739032 -6.019513 -80.435996
0.739032 -6.019513 -80.435996
0.739032 -6.019513 -80.435996
0.739032 -6.019513 -80.435996
0.739032 -6.019513 -80.435996
0.739032 -6.019513 -80.435996
0.739032 -6.019513 -80.435996
0.649335 -7.111514 -80.078982
0.649335 -7.111514 -80.078982
0.649335 -7.111514 -80.078982
0.649335 -7.111514 -80.078982
0.649335 -7.111514 -80.078982
0.649335 -7.111514 -80.078982
0.649335 -7.111514 -80.078982
0.649335 -7.111514 -80.078982
-0.620035 -10.977720 -80.386989
-0.620035 -10.977720 -80.386989
-0.620035 -10.977720 -80.386989
-0.620035 -10.977720 -80.386989
-0.620035 -10.977720 -80.386989
-0.620035 -10.977720 -80.386989
-1.068473 -15.494445 -80.870963
-1.068473 -15.494445 -80.870963
-1.068473 -15.494445 -80.870963
-1.068473 -15.494445 -80.870963
-1.068473 -15.494445 -80.870963
-1.068473 -15.494445 -80.870963
-1.068473 -15.494445 -80.870963
1.719266 -12.128484 -88.391035
1.719266 -12.128484 -88.391035
1.719266 -12.128484 -88.391035
1.719266 -12.128484 -88.391035
1.719266 -12.128484 -88.391035
1.719266 -12.128484 -88.391035
1.719266 -12.128484 -88.391035
10.333064 11.844526 -116.941923
10.333064 11.844526 -116.941923
10.333064 11.844526 -116.941923
10.333064 11.844526 -116.941923
10.333064 11.844526 -116.941923
10.333064 11.844526 -116.941923
10.333064 11.844526 -116.941923
0.523545 -9.024404 -126.581055
0.523545 -9.024404 -126.581055
0.523545 -9.024404 -126.581055
0.523545 -9.024404 -126.581055
0.523545 -9.024404 -126.581055
0.523545 -9.024404 -126.581055
0.523545 -9.024404 -126.581055
0.523545 -9.024404 -126.581055
2.745446 -20.630303 -115.850144
2.745446 -20.630303 -115.850144
2.745446 -20.630303 -115.850144
2.745446 -20.630303 -115.850144
2.745446 -20.630303 -115.850144
2.745446 -20.630303 -115.850144
2.745446 -20.630303 -115.850144
2.745446 -20.630303 -115.850144
0.880043 -15.594406 -105.888512
0.880043 -15.594406 -105.888512
0.880043 -15.594406 -105.888512
0.880043 -15.594406 -105.888512
0.880043 -15.594406 -105.888512
0.880043 -15.594406 -105.888512
0.880043 -15.594406 -105.888512
0.880043 -15.594406 -105.888512
1.224354 -15.556806 -98.549630
1.224354 -15.556806 -98.549630
1.224354 -15.556806 -98.549630
1.224354 -15.556806 -98.549630
1.224354 -15.556806 -98.549