-1.147995 -15.080498 116.950638
-1.147995 -15.080498 116.950638
-1.147995 -15.080498 116.950638
-1.147995 -15.080498 116.950638
-1.177399 -15.438193 117.480073
-1.177399 -15.438193 117.480073
-1.177399 -15.438193 117.480073
-1.177399 -15.438193 117.480073
-1.177399 -15.438193 117.480073
-1.177399 -15.438193 117.480073
-1.177399 -15.438193 117.480073
-1.177399 -15.438193 117.480073
-1.231347 -15.646334 117.850379
-1.231347 -15.646334 117.850379
-1.231347 -15.646334 117.850379
-1.231347 -15.646334 117.850379
-1.231347 -15.646334 117.850379
-1.231347 -15.646334 117.850379
-1.231347 -15.646334 117.850379
-1.231347 -15.646334 117.850379
-1.231347 -15.646334 117.850379
-1.264497 -15.774554 118.256967
-1.264497 -15.774554 118.256967
-1.264497 -15.774554 118.256967
-1.264497 -15.774554 118.256967
-1.264497 -15.774554 118.256967
-1.264497 -15.774554 118.256967
-1.264497 -15.774554 118.256967
-1.264497 -15.774554 118.256967
-1.308202 -15.861289 118.568860
-1.308202 -15.861289 118.568860
-1.308202 -15.861289 118.568860
-1.308202 -15.861289 118.568860
-1.308202 -15.861289 118.568860
-1.308202 -15.861289 118.568860
-1.308202 -15.861289 118.568860
-1.308202 -15.861289 118.568860
-1.355444 -15.927526 118.834459
-1.355444 -15.927526 118.834459
-1.355444 -15.927526 118.834459
-1.355444 -15.927526 118.834459
-1.355444 -15.927526 118.834459
-1.355444 -15.927526 118.834459
-1.355444 -15.927526 118.834459
-1.355444 -15.927526 118.834459
-1.395550 -15.965342 119.042671
-1.395550 -15.965342 119.042671
-1.395550 -15.965342 119.042671
-1.395550 -15.965342 119.042671
-1.395550 -15.965342 119.042671
-1.395550 -15.965342 119.042671
-1.395550 -15.965342 119.042671
-1.395550 -15.965342 119.042671
-1.395550 -15.965342 119.042671
-1.432960 -15.981970 119.220214
-1.432960 -15.981970 119.220214
-1.432960 -15.981970 119.220214
-1.432960 -15.981970 119.220214
-1.432960 -15.981970 119.220214
-1.432960 -15.981970 119.220214
-1.432960 -15.981970 119.220214
-1.467085 -15.998195 119.354947
-1.467085 -15.998195 119.354947
-1.467085 -15.998195 119.354947
-1.467085 -15.998195 119.354947
-1.467085 -15.998195 119.354947
-1.467085 -15.998195 119.354947
-1.467085 -15.998195 119.354947
-1.467085 -15.998195 119.354947
-1.474165 -15.992184 119.459544
-1.474165 -15.992184 119.459544
-1.474165 -15.992184 119.459544
-1.474165 -15.992184 119.459544
-1.474165 -15.992184 119.459544
-1.474165 -15.992184 119.459544
-1.474165 -15.992184 119.459544
-1.474165 -15.992184 119.459544
-1.472244 -15.958937 119.545359
-1.472244 -15.958937 119.545359
-1.472244 -15.958937 119.545359
-1.472244 -15.958937 119.545359
-1.472244 -15.958937 119.545359
-1.472244 -15.958937 119.545359
-1.472244 -15.958937 119.545359
-1.475693 -16.001200 118.740735
-1.475693 -16.001200 118.740735
-1.475693 -16.001200 118.740735
-1.475693 -16.001200 118.740735
-1.475693 -16.001200 118.740735
-1.475693 -16.001200 118.740735
-1.475693 -16.001200 118.740735
-1.475693 -16.001200 118.740735
-1.475693 -16.001200 118.740735
-0.568003 12.316034 122.146418
-0.568003 12.316034 122.146418
-0.568003 12.316034 122.146418
-0.568003 12.316034 122.146418
-0.568003 12.316034 122.146418
-0.568003 12.316034 122.146418
-0.568003 12.316034 122.146418
0.852695 8.090783 118.993001
0.852695 8.090783 118.993001
0.852695 8.090783 118.993001
0.852695 8.090783 118.993001
0.852695 8.090783 118.993001
0.852695 8.090783 118.993001
0.852695 8.090783 118.993001
0.852695 8.090783 118.993001
3.268779 14.342701 117.417796
3.268779 14.342701 117.417796
3.268779 14.342701 117.417796
3.268779 14.342701 117.417796
3.268779 14.342701 117.417796
3.268779 14.342701 117.417796
3.268779 14.342701 117.417796
3.268779 14.342701 117.417796
2.359850 22.980882 118.003744
2.359850 22.980882 118.003744
2.359850 22.980882 118.003744
2.359850 22.980882 118.003744
2.359850 22.980882 118.003744
2.359850 22.980882 118.003744
2.359850 22.980882 118.003744
2.359850 22.980882 118.003744
3.972972 28.264332 119.225924
3.972972 28.264332 119.225924
3.972972 28.264332 119.225924
3.972972 28.264332 119.225924
3.972972 28.264332 119.225924
3.972972 28.264332 119.225924
3.972972 28.264332 119.225924
3.972972 28.264332 119.225924
-1.817981 31.249762 120.631332
-1.817981 31.249762 120.631332
-1.817981 31.249762 120.631332
-1.817981 31.249762 120.631332
-1.817981 31.249762 120.631332
-1.817981 31.249762 120.631332
-1.817981 31.249762 120.631332
5.951435 22.827411 119.742697
5.951435 22.827411 119.742697
5.951435 22.827411 119.742697
5.951435 22.827411 119.742697
5.951435 22.827411 119.742697
5.951435 22.827411 119.742697
5.951435 22.827411 119.742697
5.951435 22.827411 119.742697
11.402150 19.353151 118.792289
11.402150 19.353151 118.792289
11.402150 19.353151 118.792289
11.402150 19.353151 118.792289
11.402150 19.353151 118.792289
11.402150 19.353151 118.792289
11.402150 19.353151 118.792289
11.402150 19.353151 118.792289
14.555283 17.809054 117.534251
14.555283 17.809054 117.534251
14.555283 17.809054 117.534251
14.555283 17.809054 117.534251
14.555283 17.809054 117.534251
14.555283 17.809054 117.534251
14.555283 17.809054 117.534251
14.555283 17.809054 117.534251
-2.482905 15.436711 117.049171
-2.482905 15.436711 117.049171
-2.482905 15.436711 117.049171
-2.482905 15.436711 117.049171
-2.482905 15.436711 117.049171
-2.482905 15.436711 117.049171
-2.482905 15.436711 117.049171
-2.482905 15.436711 117.049171
-10.279522 16.502394 117.300125
-10.279522 16.502394 117.300125
-10.279522 16.502394 117.300125
-10.279522 16.502394 117.300125
-10.279522 16.502394 117.300125
-10.279522 16.502394 117.300125
-10.279522 16.502394 117.300125
-10.279522 16.502394 117.300125
-10.126897 17.269935 117.333306
-10.126897 17.269935 117.333306
-10.126897 17.269935 117.333306
-10.126897 17.269935 117.333306
-10.126897 17.269935 117.333306
-10.126897 17.269935 117.333306
-10.126897 17.269935 117.333306
-10.126897 17.269935 117.333306
-5.907048 16.435455 116.992890
-5.907048 16.435455 116.992890
-5.907048 16.435455 116.992890
-5.907048 16.435455 116.992890
-5.907048 16.435455 116.992890
-5.907048 16.435455 116.992890
-5.907048 16.435455 116.992890
-5.907048 16.435455 116.992890
-4.608070 16.316120 116.602503
-4.608070 16.316120 116.602503
-4.608070 16.316120 116.602503
-4.608070 16.316120 116.602503
-4.608070 16.316120 116.602503
-4.608070 16.316120 116.602503
-4.608070 16.316120 116.602503
-4.608070 16.316120 116.602503
-4.213529 15.900245 116.424796
-4.213529 15.900245 116.424796
-4.213529 15.900245 116.424796
-4.213529 15.900245 116.424796
-4.213529 15.900245 116.424796
-4.213529 15.900245 116.424796
-4.213529 15.900245 116.424796
-4.213529 15.900245 116.424796
-4.516677 15.937997 116.414496
-4.516677 15.937997 116.414496
-4.516677 15.937997 116.414496
-4.516677 15.937997 116.414496
-4.516677 15.937997 116.414496
-4.516677 15.937997 116.414496
-4.516677 15.937997 116.414496
-4.516677 15.937997 116.414496
-4.403183 16.083487 116.089488
-4.403183 16.083487 116.089488
-4.403183 16.083487 116.089488
-4.403183 16.083487 116.089488
-4.403183 16.083487 116.089488
-4.403183 16.083487 116.089488
-4.403183 16.083487 116.089488
-4.403183 16.083487 116.089488
-2.506894 14.407575 116.353447
-2.506894 14.407575 116.353447
-2.506894 14.407575 116.353447
-2.506894 14.407575 116.353447
-2.506894 14.407575 116.353447
-2.506894 14.407575 116.353447
-2.506894 14.407575 116.353447
-2.506894 14.407575 116.353447
-2.506894 14.407575 116.353447
-2.938012 14.368585 115.927626
-2.938012 14.368585 115.927626
-2.938012 14.368585 115.927626
-2.938012 14.368585 115.927626
-2.938012 14.368585 115.927626
-2.938012 14.368585 115.927626
-2.938012 14.368585 115.927626
-3.577634 14.891108 116.011733
-3.577634 14.891108 116.011733
-3.577634 14.891108 116.011733
-3.577634 14.891108 116.011733
-3.577634 14.891108 116.011733
-3.577634 14.891108 116.011733
-3.577634 14.891108 116.011733
-3.577634 14.891108 116.011733
-3.918449 20.185041 115.947420
-3.918449 20.185041 115.947420
-3.918449 20.185041 115.947420
-3.918449 20.185041 115.947420
-3.918449 20.185041 115.947420
-3.918449 20.185041 115.947420
-3.918449 20.185041 115.947420
-4.647920 21.705452 116.245134
-4.647920 21.705452 116.245134
-4.647920 21.705452 116.245134
-4.647920 21.705452 116.245134
-4.647920 21.705452 116.245134
-4.647920 21.705452 116.245134
-4.647920 21.705452 116.245134
-4.647920 21.705452 116.245134
-5.592491 20.168647 116.177502
-5.592491 20.168647 116.177502
-5.592491 20.168647 116.177502
-5.592491 20.168647 116.177502
-5.592491 20.168647 116.177502
-5.592491 20.168647 116.177502
-5.592491 20.168647 116.177502
-5.592491 20.168647 116.177502
-5.038394 18.062415 114.961510
-5.038394 18.062415 114.961510
-5.038394 18.062415 114.961510
-5.038394 18.062415 114.961510
-5.038394 18.062415 114.961510
-5.038394 18.062415 114.961510
-5.038394 18.062415 114.961510
-6.528185 19.713548 113.357726
-6.528185 19.713548 113.357726
-6.528185 19.713548 113.357726
-6.528185 19.713548 113.357726
-6.528185 19.713548 113.357726
-6.528185 19.713548 113.357726
-6.528185 19.713548 113.357726
-6.528185 19.713548 113.357726
-6.528185 19.713548 113.357726
-7.123519 20.271908 113.704113
-7.123519 20.271908 113.704113
-7.123519 20.271908 113.704113
-7.123519 20.271908 113.704113
-7.123519 20.271908 113.704113
-7.123519 20.271908 113.704113
-7.123519 20.271908 113.704113
-7.123519 20.271908 113.704113
-6.095026 38.115253 114.860996
-6.095026 38.115253 114.860996
-6.095026 38.115253 114.860996
-6.095026 38.115253 114.860996
-6.095026 38.115253 114.860996
-6.095026 38.115253 114.860996
-6.095026 38.115253 114.860996
-6.642260 37.950365 114.700706
-6.642260 37.950365 114.700706
-6.642260 37.950365 114.700706
-6.642260 37.950365 114.700706
-6.642260 37.950365 114.700706
-6.642260 37.950365 114.700706
-6.642260 37.950365 114.700706
-6.698653 36.753023 115.238214
-6.698653 36.753023 115.238214
-6.698653 36.753023 115.238214
-6.698653 36.753023 115.238214
-6.698653 36.753023 115.238214
-6.698653 36.753023 115.238214
-6.698653 36.753023 115.238214
-6.266448 16.499627 114.677674
-6.266448 16.499627 114.677674
-6.266448 16.499627 114.677674
-6.266448 16.499627 114.677674
-6.266448 16.499627 114.677674
-6.266448 16.499627 114.677674
-6.266448 16.499627 114.677674
-6.266448 16.499627 114.677674
-6.101624 14.076281 114.354989
-6.101624 14.076281 114.354989
-6.101624 14.076281 114.354989
-6.101624 14.076281 114.354989
-6.101624 14.076281 114.354989
-6.101624 14.076281 114.354989
-6.101624 14.076281 114.354989
-6.101624 14.076281 114.354989
-6.101624 14.076281 114.354989
-4.470603 7.600421 113.994041
-4.470603 7.600421 113.994041
-4.470603 7.600421 113.994041
-4.470603 7.600421 113.994041
-4.470603 7.600421 113.994041
-4.470603 7.600421 113.994041
-4.470603 7.600421 113.994041
-4.470603 7.600421 113.994041
-4.251018 -1.918468 112.005977
-4.251018 -1.918468 112.005977
-4.251018 -1.918468 112.005977
-4.251018 -1.918468 112.005977
-4.251018 -1.918468 112.005977
-4.251018 -1.918468 112.005977
-4.251018 -1.918468 112.005977
-4.251018 -1.918468 112.005977
-4.534387 -0.958688 110.500604
-4.534387 -0.958688 110.500604
-4.534387 -0.958688 110.500604
-4.534387 -0.958688 110.500604
-4.534387 -0.958688 110.500604
-4.534387 -0.958688 110.500604
-4.534387 -0.958688 110.500604
-4.534387 -0.958688 110.500604
-6.573046 3.604605 109.245024
-6.573046 3.604605 109.245024
-6.573046 3.604605 109.245024
-6.573046 3.604605 109.245024
-6.573046 3.604605 109.245024
-6.573046 3.604605 109.245024
-6.573046 3.604605 109.245024
-6.573046 3.604605 109.245024
-6.379698 13.919546 109.085081
-6.379698 13.919546 109.085081
-6.379698 13.919546 109.085081
-6.379698 13.919546 109.085081
-6.379698 13.919546 109.085081
-6.379698 13.919546 109.085081
-6.379698 13.919546 109.085081
-5.836403 13.258260 109.104199
-5.836403 13.258260 109.104199
-5.836403 13.258260 109.104199
-5.836403 13.258260 109.104199
-5.836403 13.258260 109.104199
-5.836403 13.258260 109.104199
-5.836403 13.258260 109.104199
-5.836403 13.258260 109.104199
-5.712898 13.138944 108.873304
-5.712898 13.138944 108.873304
-5.712898 13.138944 108.873304
-5.712898 13.138944 108.873304
-5.712898 13.138944 108.873304
-5.712898 13.138944 108.873304
-5.712898 13.138944 108.873304
-5.712898 13.138944 108.873304
-7.087403 19.061274 108.856966
-7.087403 19.061274 108.856966
-7.087403 19.061274 108.856966
-7.087403 19.061274 108.85696