0.798185 0.354773 -72.117591
0.798185 0.354773 -72.117591
0.798185 0.354773 -72.117591
0.807952 0.481070 -72.277198
0.807952 0.481070 -72.277198
0.807952 0.481070 -72.277198
0.807952 0.481070 -72.277198
0.807952 0.481070 -72.277198
0.807952 0.481070 -72.277198
0.807952 0.481070 -72.277198
0.807952 0.481070 -72.277198
0.802960 0.489673 -72.384583
0.802960 0.489673 -72.384583
0.802960 0.489673 -72.384583
0.802960 0.489673 -72.384583
0.802960 0.489673 -72.384583
0.802960 0.489673 -72.384583
0.802960 0.489673 -72.384583
0.802960 0.489673 -72.384583
0.802096 0.459725 -72.417948
0.802096 0.459725 -72.417948
0.802096 0.459725 -72.417948
0.802096 0.459725 -72.417948
0.802096 0.459725 -72.417948
0.802096 0.459725 -72.417948
0.802096 0.459725 -72.417948
0.802096 0.459725 -72.417948
0.815173 0.614136 -72.427265
0.815173 0.614136 -72.427265
0.815173 0.614136 -72.427265
0.815173 0.614136 -72.427265
0.815173 0.614136 -72.427265
0.815173 0.614136 -72.427265
0.815173 0.614136 -72.427265
0.815173 0.614136 -72.427265
0.815173 0.614136 -72.427265
0.841695 0.741153 -72.485820
0.841695 0.741153 -72.485820
0.841695 0.741153 -72.485820
0.841695 0.741153 -72.485820
0.841695 0.741153 -72.485820
0.841695 0.741153 -72.485820
0.841695 0.741153 -72.485820
0.841695 0.741153 -72.485820
0.872015 0.911377 -72.504063
0.872015 0.911377 -72.504063
0.872015 0.911377 -72.504063
0.872015 0.911377 -72.504063
0.872015 0.911377 -72.504063
0.872015 0.911377 -72.504063
0.872015 0.911377 -72.504063
0.872015 0.911377 -72.504063
0.851725 0.721475 -72.572905
0.851725 0.721475 -72.572905
0.851725 0.721475 -72.572905
0.851725 0.721475 -72.572905
0.851725 0.721475 -72.572905
0.851725 0.721475 -72.572905
0.851725 0.721475 -72.572905
0.851725 0.721475 -72.572905
0.836268 0.865762 -72.523113
0.836268 0.865762 -72.523113
0.836268 0.865762 -72.523113
0.836268 0.865762 -72.523113
0.836268 0.865762 -72.523113
0.836268 0.865762 -72.523113
0.836268 0.865762 -72.523113
0.836268 0.865762 -72.523113
0.826985 0.736789 -72.502738
0.826985 0.736789 -72.502738
0.826985 0.736789 -72.502738
0.826985 0.736789 -72.502738
0.826985 0.736789 -72.502738
0.826985 0.736789 -72.502738
0.826985 0.736789 -72.502738
0.859141 0.922321 -72.533454
0.859141 0.922321 -72.533454
0.859141 0.922321 -72.533454
0.859141 0.922321 -72.533454
0.859141 0.922321 -72.533454
0.859141 0.922321 -72.533454
0.859141 0.922321 -72.533454
0.859141 0.922321 -72.533454
0.899785 1.147067 -72.615990
0.899785 1.147067 -72.615990
0.899785 1.147067 -72.615990
0.899785 1.147067 -72.615990
0.899785 1.147067 -72.615990
0.899785 1.147067 -72.615990
0.899785 1.147067 -72.615990
0.899785 1.147067 -72.615990
0.923592 2.718808 -72.384187
0.923592 2.718808 -72.384187
0.923592 2.718808 -72.384187
0.923592 2.718808 -72.384187
0.923592 2.718808 -72.384187
0.923592 2.718808 -72.384187
0.923592 2.718808 -72.384187
0.923592 2.718808 -72.384187
0.923592 2.718808 -72.384187
0.815859 2.803808 -72.404479
0.815859 2.803808 -72.404479
0.815859 2.803808 -72.404479
0.815859 2.803808 -72.404479
0.815859 2.803808 -72.404479
0.815859 2.803808 -72.404479
0.815859 2.803808 -72.404479
0.815859 2.803808 -72.404479
0.870418 3.009126 -71.056623
0.870418 3.009126 -71.056623
0.870418 3.009126 -71.056623
0.870418 3.009126 -71.056623
0.870418 3.009126 -71.056623
0.870418 3.009126 -71.056623
0.870418 3.009126 -71.056623
0.870418 3.009126 -71.056623
0.760353 2.059868 -68.720418
0.760353 2.059868 -68.720418
0.760353 2.059868 -68.720418
0.760353 2.059868 -68.720418
0.760353 2.059868 -68.720418
0.760353 2.059868 -68.720418
0.760353 2.059868 -68.720418
0.686499 1.112413 -66.536670
0.686499 1.112413 -66.536670
0.686499 1.112413 -66.536670
0.686499 1.112413 -66.536670
0.686499 1.112413 -66.536670
0.686499 1.112413 -66.536670
0.686499 1.112413 -66.536670
0.686499 1.112413 -66.536670
0.499882 0.029318 -63.807286
0.499882 0.029318 -63.807286
0.499882 0.029318 -63.807286
0.499882 0.029318 -63.807286
0.499882 0.029318 -63.807286
0.499882 0.029318 -63.807286
0.499882 0.029318 -63.807286
0.508796 -0.433787 -60.726966
0.508796 -0.433787 -60.726966
0.508796 -0.433787 -60.726966
0.508796 -0.433787 -60.726966
0.508796 -0.433787 -60.726966
0.508796 -0.433787 -60.726966
0.508796 -0.433787 -60.726966
0.506710 0.205478 -57.628888
0.506710 0.205478 -57.628888
0.506710 0.205478 -57.628888
0.506710 0.205478 -57.628888
0.506710 0.205478 -57.628888
0.506710 0.205478 -57.628888
0.527167 0.121163 -54.777127
0.527167 0.121163 -54.777127
0.527167 0.121163 -54.777127
0.527167 0.121163 -54.777127
0.527167 0.121163 -54.777127
0.527167 0.121163 -54.777127
0.527167 0.121163 -54.777127
0.443037 0.163844 -51.941465
0.443037 0.163844 -51.941465
0.443037 0.163844 -51.941465
0.443037 0.163844 -51.941465
0.443037 0.163844 -51.941465
0.443037 0.163844 -51.941465
0.480033 0.308280 -50.103307
0.480033 0.308280 -50.103307
0.480033 0.308280 -50.103307
0.480033 0.308280 -50.103307
0.480033 0.308280 -50.103307
0.480033 0.308280 -50.103307
0.480033 0.308280 -50.103307
0.591619 1.541513 -48.687316
0.591619 1.541513 -48.687316
0.591619 1.541513 -48.687316
0.591619 1.541513 -48.687316
0.591619 1.541513 -48.687316
0.591619 1.541513 -48.687316
0.591619 1.541513 -48.687316
0.327070 6.621604 -48.793318
0.327070 6.621604 -48.793318
0.327070 6.621604 -48.793318
0.327070 6.621604 -48.793318
0.327070 6.621604 -48.793318
0.327070 6.621604 -48.793318
2.270237 0.306627 -46.463537
2.270237 0.306627 -46.463537
2.270237 0.306627 -46.463537
2.270237 0.306627 -46.463537
2.270237 0.306627 -46.463537
2.270237 0.306627 -46.463537
2.270237 0.306627 -46.463537
2.270237 0.306627 -46.463537
2.245715 0.247659 -45.999845
2.245715 0.247659 -45.999845
2.245715 0.247659 -45.999845
2.245715 0.247659 -45.999845
2.245715 0.247659 -45.999845
2.245715 0.247659 -45.999845
2.245715 0.247659 -45.999845
2.894184 -0.537544 -46.190473
2.894184 -0.537544 -46.190473
2.894184 -0.537544 -46.190473
2.894184 -0.537544 -46.190473
2.894184 -0.537544 -46.190473
2.894184 -0.537544 -46.190473
2.894184 -0.537544 -46.190473
2.894184 -0.537544 -46.190473
2.894184 -0.537544 -46.190473
2.147722 -0.671033 -46.301750
2.147722 -0.671033 -46.301750
2.147722 -0.671033 -46.301750
2.147722 -0.671033 -46.301750
2.147722 -0.671033 -46.301750
2.147722 -0.671033 -46.301750
2.147722 -0.671033 -46.301750
1.966533 -0.469034 -46.434283
1.966533 -0.469034 -46.434283
1.966533 -0.469034 -46.434283
1.966533 -0.469034 -46.434283
1.966533 -0.469034 -46.434283
1.966533 -0.469034 -46.434283
1.966533 -0.469034 -46.434283
1.966533 -0.469034 -46.434283
1.626029 -1.404223 -45.449172
1.626029 -1.404223 -45.449172
1.626029 -1.404223 -45.449172
1.626029 -1.404223 -45.449172
1.626029 -1.404223 -45.449172
1.626029 -1.404223 -45.449172
1.626029 -1.404223 -45.449172
1.626029 -1.404223 -45.449172
1.417416 -0.962366 -48.096017
1.417416 -0.962366 -48.096017
1.417416 -0.962366 -48.096017
1.417416 -0.962366 -48.096017
1.417416 -0.962366 -48.096017
1.417416 -0.962366 -48.096017
1.417416 -0.962366 -48.096017
1.801846 -1.225636 -52.376599
1.801846 -1.225636 -52.376599
1.801846 -1.225636 -52.376599
1.801846 -1.225636 -52.376599
1.801846 -1.225636 -52.376599
1.801846 -1.225636 -52.376599
1.801846 -1.225636 -52.376599
1.801846 -1.225636 -52.376599
1.660538 -0.931759 -56.974313
1.660538 -0.931759 -56.974313
1.660538 -0.931759 -56.974313
1.660538 -0.931759 -56.974313
1.660538 -0.931759 -56.974313
1.660538 -0.931759 -56.974313
1.660538 -0.931759 -56.974313
2.190799 -1.029512 -60.969943
2.190799 -1.029512 -60.969943
2.190799 -1.029512 -60.969943
2.190799 -1.029512 -60.969943
2.190799 -1.029512 -60.969943
2.190799 -1.029512 -60.969943
2.190799 -1.029512 -60.969943
2.190799 -1.029512 -60.969943
1.532407 -1.126859 -64.291580
1.532407 -1.126859 -64.291580
1.532407 -1.126859 -64.291580
1.532407 -1.126859 -64.291580
1.532407 -1.126859 -64.291580
1.532407 -1.126859 -64.291580
1.532407 -1.126859 -64.291580
1.532407 -1.126859 -64.291580
1.335942 0.202442 -66.322776
1.335942 0.202442 -66.322776
1.335942 0.202442 -66.322776
1.335942 0.202442 -66.322776
1.335942 0.202442 -66.322776
1.335942 0.202442 -66.322776
1.335942 0.202442 -66.322776
1.335942 0.202442 -66.322776
1.239437 1.995249 -67.800296
1.239437 1.995249 -67.800296
1.239437 1.995249 -67.800296
1.239437 1.995249 -67.800296
1.239437 1.995249 -67.800296
1.239437 1.995249 -67.800296
1.239437 1.995249 -67.800296
1.239437 1.995249 -67.800296
1.216048 2.717381 -68.847733
1.216048 2.717381 -68.847733
1.216048 2.717381 -68.847733
1.216048 2.717381 -68.847733
1.216048 2.717381 -68.847733
1.216048 2.717381 -68.847733
1.216048 2.717381 -68.847733
1.216048 2.717381 -68.847733
1.227681 2.895838 -70.095465
1.227681 2.895838 -70.095465
1.227681 2.895838 -70.095465
1.227681 2.895838 -70.095465
1.227681 2.895838 -70.095465
1.227681 2.895838 -70.095465
1.227681 2.895838 -70.095465
1.227681 2.895838 -70.095465
1.201219 3.646600 -70.572711
1.201219 3.646600 -70.572711
1.201219 3.646600 -70.572711
1.201219 3.646600 -70.572711
1.201219 3.646600 -70.572711
1.201219 3.646600 -70.572711
1.201219 3.646600 -70.572711
1.201219 3.646600 -70.572711
1.201219 3.646600 -70.572711
1.209781 3.861664 -70.714690
1.209781 3.861664 -70.714690
1.209781 3.861664 -70.714690
1.209781 3.861664 -70.714690
1.209781 3.861664 -70.714690
1.209781 3.861664 -70.714690
1.209781 3.861664 -70.714690
1.209781 3.861664 -70.714690
1.187074 3.641366 -71.280606
1.187074 3.641366 -71.280606
1.187074 3.641366 -71.280606
1.187074 3.641366 -71.280606
1.187074 3.641366 -71.280606
1.187074 3.641366 -71.280606
1.187074 3.641366 -71.280606
1.187074 3.641366 -71.280606
1.213606 3.226260 -71.525700
1.213606 3.226260 -71.525700
1.213606 3.226260 -71.525700
1.213606 3.226260 -71.525700
1.213606 3.226260 -71.525700
1.213606 3.226260 -71.525700
1.213606 3.226260 -71.525700
1.227688 3.238614 -71.734615
1.227688 3.238614 -71.734615
1.227688 3.238614 -71.734615
1.227688 3.238614 -71.734615
1.227688 3.238614 -71.734615
1.227688 3.238614 -71.734615
1.227688 3.238614 -71.734615
1.204724 3.222253 -71.930040
1.204724 3.222253 -71.930040
1.204724 3.222253 -71.930040
1.204724 3.222253 -71.930040
1.204724 3.222253 -71.930040
1.204724 3.222253 -71.930040
1.204724 3.222253 -71.930040
1.204724 3.222253 -71.930040
1.204724 3.222253 -71.930040
1.208905 2.965032 -72.032206
1.208905 2.965032 -72.032206
1.208905 2.965032 -72.032206
1.208905 2.965032 -72.032206
1.208905 2.965032 -72.032206
1.208905 2.965032 -72.032206
1.208905 2.965032 -72.032206
1.208905 2.965032 -72.032206
1.271080 2.504673 -72.187320
1.271080 2.504673 -72.187320
1.271080 2.504673 -72.187320
1.271080 2.504673 -72.187320
1.271080 2.504673 -72.187320
1.271080 2.504673 -72.187320
1.271080 2.504673 -72.187320
1.231517 2.561564 -72.246019
1.231517 2.561564 -72.246019
1.231517 2.561564 -72.246019
1.231517 2.561564 -72.246019
1.231517 2.561564 -72.246019
1.231517 2.561564 -72.246019
1.231517 2.561564 -72.246019
1.231517 2.561564 -72.246019
1.233471 2.426108 -72.306316
1.233471 2.426108 -72.306316
1.233471 2.426108 -72.306316
1.233471 2.426108 -72.306316
1.233471 2.426108 -72.306316
1.233471 2.426108 -72.306316
1.233471 2.426108 -72.306316
1.233471 2.426108 -72.306316
1.235144 2.412971 -72.345343
1.235144 2.412971 -72.345343
1.235144 2.412971 -72.345343
1.235144 2.412971 -72.345343
1.235144 2.412971 -72.345343
1.235144 2.412971 -72.345343
1.235144 2.412971 -72.345343
1.252978 2.057569 -72.399507
1.252978 2.057569 -72.399507
1.252978 2.057569 -72.399507
1.252978 2.057569 -72.399507
1.252978 2.057569 -72.399507
1.252978 2.057569 -72.399507
1.252978 2.057569 -72.399507
1.252978 2.057569 -72.399507
1.234670 2.029789 -72.398605
1.234670 2.029789 -72.398605
1.234670 2.029789 -72.398605
1.234670 2.029789 -72.398605
1.234670 2.029789 -72.398605
1.234670 2.029789 -72.398605
1.234670 2.029789 -72.398605
1.248350 1.926907 -72.442154
1.248350 1.926907 -72.442154
1.248350 1.926907 -72.442154
1.248350 1.926907 -72.442154
1.248350 1.926907 -72.442154
1.248350 1.926907 -72.442154
1.248350 1.926907 -72.442154
1.265758 2.017014 -72.645762
1.265758 2.017014 -72.645762
1.265758 2.017014 -72.645762
1.265758 2.017014 -72.645762
1.265758 2.017014 -72.645762
1.265758 2.017014 -72.645762
1.265758 2.017014 -72.645762
1.265758 2.017014 -72.645762
1.280303 0.820872 -72.853202
1.280303 0.820872 -72.853202
1.280303 0.820872 -72.853202
1.280303 0.820872 -72.853202
1.280303 0.820872 -72.853202
1.280303 0.820872 -72.853202
1.280303 0.820872 -72.853202
1.280303 0.820872 -72.853202
1.280303 0.820872 -72.853202
1.500595 0.210459 -74.245604
1.500595 0.210459 -74.245604
1.500595 0.210459 -74.245604
1.500595 0.210459 -74.245604
1.500595 0.210459 -74.245604
1.500595 0.210459 -74.245604
1.500595 0.210459 -74.245604
1.344653 0.329938 -74.274380
1.344653 0.329938 -74.274380
1.344653 0.329938 -74.274380
1.344653 0.329938 -74.274380
1.344653 0.329938 -74.274380
1.344653 0.329938 -74.274380
1.344653 0.329938 -74.274380
1.344653 0.329938 -74.274380
1.326289 0.373585 -74.253281
1.326289 0.373585 -74.253281
1.326289 0.373585 -74.253281
1.326289 0.373585 -74.253281
1.326289 0.373585 -74.253281
1.326289 0.373585 -74.253281
1.326289 0.373585 -74.253281
1.326289 0.373585 -74.253281
1.336605 0.280489 -73.985039
1.336605 0.280489 -73.985039
1.336605 0.280489 -73.985039
1.336605 0.280489 -73.985039
1.336605 0.280489 -73.985039
1.336605 0.280489 -73.985039
1.336605 0.280489 -73.985039
1.336605 0.280489 -73.985039
1.292094 0.470217 -74.000571
1.292094 0.470217 -74.000571
1.292094 0.470217 -74.000571
1.292094 0.470217 -74.000571
1.292094 0.470217 -74.000571
1.292094 0.470217 -74.000571
1.292094 0.470217 -74.000571
1.331081 0.399004 -73.976577
1.331081 0.399004 -73.976577
1.331081 0.399004 -73.976577
1.331081 0.399004 -73.976577
1.331081 0.399004 -73.976577
1.331081 0.399004 -73.976577
1.331081 0.399004 -73.976577
1.331081 0.399004 -73.976577
1.362145 -0.024188 -74.266887
1.362145 -0.024188 -74.266887
1.362145 -0.024188 -74.266887
1.362145 -0.024188 -74.266887
1.362145 -0.024188 -74.266887
1.362145 -0.024188 -74.266887
1.362145 -0.024188 -74.266887
1.362145 -0.024188 -74.266887
1.263928 1.624952 -74.333427
1.263928 1.624952 -74.333427
1.263928 1.624952 -74.333427
1.263928 1.624952 -74.333427
1.263928 1.624952 -74.333427
1.263928 1.624952 -74.333427
1.263928 1.624952 -74.333427
1.263928 1.624952 -74.333427
1.262955 2.093684 -74.705044
1.262955 2.093684 -74.705044
1.262955 2.093684 -74.705044
1.262955 2.093684 -74.705044
1.262955 2.093684 -74.705044
1.262955 2.093684 -74.705044
1.262955 2.093684 -74.705044
1.262955 2.093684 -74.705044
1.269693 1.854793 -74.742385
1.269693 1.854793 -74.742385
1.269693 1.854793 -74.742385
1.269693 1.854793 -74.742385
1.269693 1.854793 -74.742385
1.269693 1.854793 -74.742385
1.269693 1.854793 -74.742385
1.332627 1.239500 -75.059845
1.332627 1.239500 -75.059845
1.332627 1.239500 -75.059845
1.332627 1.239500 -75.059845
1.332627 1.239500 -75.059845
1.332627 1.239500 -75.059845
1.332627 1.239500 -75.059845
1.327432 1.772791 -74.528927
1.327432 1.772791 -74.528927
1.327432 1.772791 -74.528927
1.327432 1.772791 -74.528927
1.327432 1.772791 -74.528927
1.327432 1.772791 -74.528927
1.327432 1.772791 -74.528927
1.327432 1.772791 -74.528927
1.330453 2.692505 -74.078852
1.330453 2.692505 -74.078852
1.330453 2.692505 -74.078852
1.330453 2.692505 -74.078852
1.330453 2.692505 -74.078852
1.330453 2.692505 -74.078852
1.330453 2.692505 -74.078852
1.330453 2.692505 -74.078852
1.358109 1.736042 -73.930719
1.358109 1.736042 -73.930719
1.358109 1.736042 -73.930719
1.358109 1.736042 -73.930719
1.358109 1.736042 -73.930719
1.358109 1.736042 -73.930719
1.358109 1.736042 -73.930719
1.358109 1.736042 -73.930719
1.358109 1.736042 -73.930719
1.369344 1.589986 -73.918233
1.369344 1.589986 -73.918233
1.369344 1.589986 -73.918233
1.369344 1.589986 -73.918233
1.369344 1.589986 -73.918233
1.369344 1.589986 -73.918233
1.369344 1.589986 -73.918233
1.369344 1.589986 -73.918233
1.484192 1.124931 -73.800898
1.484192 1.124931 -73.800898
1.484192 1.124931 -73.800898
1.484192 1.124931 -73.800898
1.484192 1.124931 -73.800898
1.484192 1.124931 -73.800898
1.484192 1.124931 -73.800898
1.616740 0.647243 -73.686956
1.616740 0.647243 -73.686956
1.616740 0.647243 -73.686956
1.616740 0.647243 -73.686956
1.616740 0.647243 -73.686956
1.616740 0.647243 -73.686956
1.616740 0.647243 -73.686956
1.616740 0.647243 -73.686956
1.599539 -0.204298 -73.262474
1.599539 -0.204298 -73.262474
1.599539 -0.204298 -73.262474
1.599539 -0.204298 -73.262474
1.599539 -0.204298 -73.262474
1.599539 -0.204298 -73.262474
1.599539 -0.204298 -73.262474
1.599539 -0.204298 -73.262474
2.160992 0.091319 -71.774066
2.160992 0.091319 -71.774066
2.160992 0.091319 -71.774066
2.160992 0.091319 -71.774066
2.160992 0.091319 -71.774066
2.160992 0.091319 -71.774066
2.160992 0.091319 -71.774066
2.160992 0.091319 -71.774066
2.160992 0.091319 -71.774066
2.211277 -0.719858 -72.093022
2.211277 -0.719858 -72.093022
2.211277 -0.719858 -72.093022
2.211277 -0.719858 -72.093022
2.211277 -0.719858 -72.093022
2.211277 -0.719858 -72.093022
2.211277 -0.719858 -72.093022
2.764706 -1.015557 -71.666709
2.764706 -1.015557 -71.666709
2.764706 -1.015557 -71.666709
2.764706 -1.015557 -71.666709
2.764706 -1.015557 -71.666709
2.764706 -1.015557 -71.666709
2.764706 -1.015557 -71.666709
2.764706 -1.015557 -71.666709
2.452956 -0.915267 -70.924295
2.452956 -0.915267 -70.924295
2.452956 -0.915267 -70.924295
2.452956 -0.915267 -70.924295
2.452956 -0.915267 -70.924295
2.452956 -0.915267 -70.924295
2.452956 -0.915267 -70.924295
2.204708 -1.176157 -71.513406
2.204708 -1.176157 -71.513406
2.204708 -1.176157 -71.513406
2.204708 -1.176157 -71.513406
2.204708 -1.176157 -71.513406
2.204708 -1.176157 -71.513406
2.204708 -1.176157 -71.513406
1.925941 -2.165186 -70.129965
1.925941 -2.165186 -70.129965
1.925941 -2.165186 -70.129965
1.925941 -2.165186 -70.129965
1.925941 -2.165186 -70.129965
1.925941 -2.165186 -70.129965
1.925941 -2.165186 -70.129965
1.925941 -2.165186 -70.129965
1.014678 -6.170870 -70.038085
1.014678 -6.170870 -70.038085
1.014678 -6.170870 -70.038085
1.014678 -6.170870 -70.038085
1.014678 -6.170870 -70.038085
1.014678 -6.170870 -70.038085
1.014678 -6.170870 -70.038085
1.014678 -6.170870 -70.038085
0.232478 -16.741794 -68.201700
0.232478 -16.741794 -68.201700
0.232478 -16.741794 -68.201700
0.232478 -16.741794 -68.201700
0.232478 -16.741794 -68.201700
0.232478 -16.741794 -68.201700
0.232478 -16.741794 -68.201700
3.767989 -22.897161 -68.153581
3.767989 -22.897161 -68.153581
3.767989 -22.897161 -68.153581
3.767989 -22.897161 -68.153581
3.767989 -22.897161 -68.153581
3.767989 -22.897161 -68.153581
3.767989 -22.897161 -68.153581
3.767989 -22.897161 -68.153581
3.500475 -22.122916 -67.449177
3.500475 -22.122916 -67.449177
3.500475 -22.122916 -67.449177
3.500475 -22.122916 -67.449177
3.500475 -22.122916 -67.449177
3.500475 -22.122916 -67.449177
3.500475 -22.122916 -67.449177
3.500475 -22.122916 -67.449177
-0.739944 -13.435005 -66.938361
-0.739944 -13.435005 -66.938361
-0.739944 -13.435005 -66.938361
-0.739944 -13.435005 -66.938361
-0.739944 -13.435005 -66.938361
-0.739944 -13.435005 -66.938361
-0.739944 -13.435005 -66.938361
-0.739944 -13.435005 -66.938361
1.305350 -4.962584 -68.230940
1.305350 -4.962584 -68.230940
1.305350 -4.962584 -68.230940
1.305350 -4.962584 -68.230940
1.305350 -4.962584 -68.230940
1.305350 -4.962584 -68.230940
1.305350 -4.962584 -68.230940
1.305350 -4.962584 -68.230940
1.330518 -3.991737 -69.154142
1.330518 -3.991737 -69.154142
1.330518 -3.991737 -69.154142
1.330518 -3.991737 -69.154142
1.330518 -3.991737 -69.154142
1.330518 -3.991737 -69.154142
1.330518 -3.991737 -69.154142
1.285831 -3.876681 -69.483064
1.285831 -3.876681 -69.483064
1.285831 -3.876681 -69.483064
1.285831 -3.876681 -69.483064
1.285831 -3.876681 -69.483064
1.285831 -3.876681 -69.483064
1.285831 -3.876681 -69.483064
1.285831 -3.876681 -69.483064
1.243428 -3.978989 -69.684527
1.243428 -3.978989 -69.684527
1.243428 -3.978989 -69.684527
1.243428 -3.978989 -69.684527
1.243428 -3.978989 -69.684527
1.243428 -3.978989 -69.684527
1.243428 -3.978989 -69.684527
1.243428 -3.978989 -69.684527
1.226780 -3.981690 -69.860117
1.226780 -3.981690 -69.860117
1.226780 -3.981690 -69.860117
1.226780 -3.981690 -69.860117
1.226780 -3.981690 -69.860117
1.226780 -3.981690 -69.860117
1.216296 -3.966715 -69.945187
1.216296 -3.966715 -69.945187
1.216296 -3.966715 -69.945187
1.216296 -3.966715 -69.945187
1.216296 -3.966715 -69.945187
1.216296 -3.966715 -69.945187
1.216296 -3.966715 -69.945187
1.216296 -3.966715 -69.945187
1.216296 -3.966715 -69.945187
1.246461 -3.837625 -70.040271
1.246461 -3.837625 -70.040271
1.246461 -3.837625 -70.040271
1.246461 -3.837625 -70.040271
1.246461 -3.837625 -70.040271
1.246461 -3.837625 -70.040271
1.246461 -3.837625 -70.040271
1.275277 -3.778541 -70.097111
1.275277 -3.778541 -70.097111
1.275277 -3.778541 -70.097111
1.275277 -3.778541 -70.097111
1.275277 -3.778541 -70.097111
1.275277 -3.778541 -70.097111
1.275277 -3.778541 -70.097111
1.275277 -3.778541 -70.097111
1.275277 -3.778541 -70.097111
1.176147 -4.467913 -69.947298
1.176147 -4.467913 -69.947298
1.176147 -4.467913 -69.947298
1.176147 -4.467913 -69.947298
1.176147 -4.467913 -69.947298
1.176147 -4.467913 -69.947298
1.176147 -4.467913 -69.947298
0.854620 -7.378566 -69.187760
0.854620 -7.378566 -69.187760
0.854620 -7.378566 -69.187760
0.854620 -7.378566 -69.187760
0.854620 -7.378566 -69.187760
0.854620 -7.378566 -69.187760
0.854620 -7.378566 -69.187760
0.854620 -7.378566 -69.187760
2.319224 -15.061969 -69.246493
2.319224 -15.061969 -69.246493
2.319224 -15.061969 -69.246493
2.319224 -15.061969 -69.246493
2.319224 -15.061969 -69.246493
2.319224 -15.061969 -69.246493
2.319224 -15.061969 -69.246493
2.319224 -15.061969 -69.246493
3.689231 -17.114518 -68.982459
3.689231 -17.114518 -68.982459
3.689231 -17.114518 -68.982459
3.689231 -17.114518 -68.982459
3.689231 -17.114518 -68.982459
3.689231 -17.114518 -68.982459
3.689231 -17.114518 -68.982459
3.689231 -17.114518 -68.982459
3.999971 -17.331402 -68.234526
3.999971 -17.331402 -68.234526
3.999971 -17.331402 -68.234526
3.999971 -17.331402 -68.234526
3.999971 -17.331402 -68.234526
3.999971 -17.331402 -68.234526
3.999971 -17.331402 -68.234526
2.938025 -14.662639 -67.556220
2.938025 -14.662639 -67.556220
2.938025 -14.662639 -67.556220
2.938025 -14.662639 -67.556220
2.938025 -14.662639 -67.556220
2.938025 -14.662639 -67.556220
2.938025 -14.662639 -67.556220
2.938025 -14.662639 -67.556220
1.127191 -5.943824 -67.955772
1.127191 -5.943824 -67.955772
1.127191 -5.943824 -67.955772
1.127191 -5.943824 -67.955772
1.127191 -5.943824 -67.955772
1.127191 -5.943824 -67.955772
1.127191 -5.943824 -67.955772
1.233177 -4.560858 -68.731675
1.233177 -4.560858 -68.731675
1.233177 -4.560858 -68.731675
1.233177 -4.560858 -68.731675
1.233177 -4.560858 -68.731675
1.233177 -4.560858 -68.731675
1.233177 -4.560858 -68.731675
1.180118 -4.526924 -69.024621
1.180118 -4.526924 -69.024621
1.180118 -4.526924 -69.024621
1.180118 -4.526924 -69.024621
1.180118 -4.526924 -69.024621
1.180118 -4.526924 -69.024621
1.180118 -4.526924 -69.024621
1.180118 -4.526924 -69.024621
0.728859 -7.536846 -69.061088
0.728859 -7.536846 -69.061088
0.728859 -7.536846 -69.061088
0.728859 -7.536846 -69.061088
0.728859 -7.536846 -69.061088
0.728859 -7.536846 -69.061088
0.728859 -7.536846 -69.061088
0.728859 -7.536846 -69.061088
0.728859 -7.536846 -69.061088
4.927301 -20.656714 -69.871859
4.927301 -20.656714 -69.871859
4.927301 -20.656714 -69.871859
4.927301 -20.656714 -69.871859
4.927301 -20.656714 -69.871859
4.927301 -20.656714 -69.871859
4.927301 -20.656714 -69.871859
4.927301 -20.656714 -69.871859
6.131313 -22.114105 -69.231487
6.131313 -22.114105 -69.231487
6.131313 -22.114105 -69.231487
6.131313 -22.114105 -69.231487
6.131313 -22.114105 -69.231487
6.131313 -22.114105 -69.231487
6.131313 -22.114105 -69.231487
6.131313 -22.114105 -69.231487
4.847146 -19.200297 -68.121780
4.847146 -19.200297 -68.121780
4.847146 -19.200297 -68.121780
4.847146 -19.200297 -68.121780
4.847146 -19.200297 -68.121780
4.847146 -19.200297 -68.121780
4.847146 -19.200297 -68.121780
0.851567 -8.228454 -67.310947
0.851567 -8.228454 -67.310947
0.851567 -8.228454 -67.310947
0.851567 -8.228454 -67.310947
0.851567 -8.228454 -67.310947
0.851567 -8.228454 -67.310947
0.851567 -8.228454 -67.310947
0.851567 -8.228454 -67.310947
1.145401 -5.161400 -68.558529
1.145401 -5.161400 -68.558529
1.145401 -5.161400 -68.558529
1.145401 -5.161400 -68.558529
1.145401 -5.161400 -68.558529
1.145401 -5.161400 -68.558529
1.145401 -5.161400 -68.558529
1.110525 -4.637812 -69.713316
1.110525 -4.637812 -69.713316
1.110525 -4.637812 -69.713316
1.110525 -4.637812 -69.713316
1.110