-0.000112 0.000167
-0.000268 0.000221
-0.000354 0.000247
-0.000459 0.000319
-0.000652 0.000341
-0.000740 0.000332
-0.000858 0.000339
-0.000966 0.000378
-0.001111 0.000433
-0.001114 0.000371
-0.001061 0.000339
-0.001104 0.000368
-0.001107 0.000359
-0.001128 0.000377
-0.001163 0.000373
-0.001184 0.000410
-0.001192 0.000434
-0.000960 -0.000024
-0.000737 -0.000542
-0.000496 -0.001051
-0.000274 -0.001560
-0.000110 -0.002075
0.000141 -0.002507
0.000337 -0.003029
0.000541 -0.003532
0.000274 -0.003258
0.000034 -0.003010
-0.000211 -0.002747
-0.000456 -0.002468
-0.000740 -0.002196
-0.001009 -0.001907
-0.001223 -0.001638
-0.001217 -0.001699
-0.001237 -0.001799
-0.001213 -0.001903
-0.001205 -0.001986
-0.001222 -0.002097
-0.001191 -0.002182
-0.001196 -0.002259
0.001763 -0.002991
0.004725 -0.003711
0.007681 -0.004452
0.010604 -0.005221
0.013562 -0.005959
0.016483 -0.006680
0.019450 -0.007414
0.036290 -0.023171
0.053115 -0.038857
0.069946 -0.054586
0.086727 -0.070315
0.103557 -0.086083
0.120346 -0.101807
0.091998 -0.098218
0.113539 -0.093148
0.135079 -0.088079
0.156499 -0.083000
-1.353369 -0.216928
-1.925262 -0.540071
-1.841283 -0.569307
-1.819705 -0.564404
-1.883351 -0.597498
-0.457940 -1.663597
0.696773 -2.340165
0.305863 -2.027309
0.431465 -2.200732
0.641260 -2.515402
1.019903 -2.920407
2.968074 -5.988937
3.028440 -6.329739
2.985915 -7.368272
4.634660 -9.783742
4.377882 -10.323914
4.000359 -11.066057
3.670128 -11.813298
3.510263 -12.543845
3.285610 -13.512576
3.023423 -14.313534
3.480359 -15.484124
3.999517 -15.853817
4.457060 -16.355843
4.825324 -16.912816
5.216066 -17.396574
5.451968 -17.864259
5.709583 -18.392881
5.464734 -18.871046
6.026119 -18.570931
6.050887 -18.702975
6.143877 -18.890630
6.228567 -19.024204
6.308215 -19.135710
6.378709 -19.249045
6.406773 -19.366437
6.487583 -19.376419
6.729390 -19.409185
6.839313 -19.499158
6.993156 -19.629064
7.161447 -19.736207
7.451497 -19.792643
7.610232 -19.893427
7.799405 -20.037949
7.785739 -20.039825
7.794521 -20.049181
7.795873 -20.032504
-0.003011 0.012460
-0.005108 0.023902
-0.010787 0.026969
-0.011105 0.041887
-0.000347 0.061099
0.037926 0.050952
0.086129 0.054570
0.104166 0.065815
0.103965 0.048877
0.154117 0.052245
0.230751 0.073010
0.243300 0.079418
0.274218 0.076907
0.280085 0.218228
0.349843 0.341317
0.409332 0.455417
0.442851 0.575051
0.546508 0.649435
0.548777 0.812400
0.694968 0.849423
0.555249 1.489849
0.624682 2.060490
0.537379 2.796293
0.483347 3.471484
0.341101 4.360967
0.364368 5.050606
0.280286 5.563788
0.418137 6.295528
0.429095 6.281619
0.439770 6.279907
0.452066 6.275800
0.467822 6.268164
0.490520 6.268091
0.512347 6.255537
0.531795 6.253738
0.550669 6.239504
0.591115 6.235599
0.626284 6.228872
0.681372 6.217240
0.735776 6.211714
0.794474 6.208916
0.840349 6.201930
0.889327 6.194599
0.919834 6.183089
0.910220 6.189391
0.906970 6.200174
0.902378 6.212553
0.897030 6.227793
0.886028 6.238334
0.873206 6.246215
0.855974 6.255973
0.843752 6.265594
0.822501 6.308038
0.818265 6.337371
0.807308 6.392932
0.799492 6.410667
0.777264 6.443178
0.742892 6.469059
0.001788 0.042965
0.020467 0.157818
-0.100609 0.721182
-0.246003 1.291647
-0.376861 1.910585
0.104325 2.933903
0.143305 3.696300
0.048265 4.461157
-0.016592 5.243534
-0.041867 6.046070
-0.140368 6.715577
2.155532 6.789304
2.274091 6.934785
2.246775 7.096247
2.130763 7.543659
2.281227 7.748371
2.055608 7.990136
1.655189 8.414098
1.623639 8.537458
2.605286 9.271068
2.680144 9.366066
3.023453 9.284708
2.821474 9.594783
3.339109 9.533745
4.242450 9.265160
4.022640 8.745638
3.972557 8.635788
3.941625 8.570877
3.932565 8.541814
4.520836 7.677118
4.877804 7.104429
4.937853 6.986770
4.883575 6.906550
4.861129 6.963287
6.561363 7.073395
5.967977 7.188616
5.907743 7.199530
5.832840 7.128523
5.821899 7.002936
5.773969 6.898510
5.765354 6.842082
5.770119 6.832338
5.765493 6.817753
5.764046 6.826651
5.761255 6.756554
5.756910 6.712798
5.765311 6.641240
5.771610 6.601707
5.786748 6.630835
5.811958 6.661532
5.855289 6.704464
5.896459 6.722873
5.934452 6.700962
5.954827 6.644224
5.981817 6.585194
6.001455 6.531128
6.032041 6.512591
6.063006 6.512470
6.089182 6.508732
6.118946 6.485156
6.146907 6.447217
6.193783 6.400992
6.231854 6.352182
6.213258 6.291019
6.202779 6.196517
6.164638 6.129937
6.123260 6.101362
6.072783 6.020674
6.094761 5.942688
6.134789 5.902112
6.195721 5.901024
6.272924 5.902614
6.302787 5.867259
6.357640 5.821851
6.399701 5.793307
0.044055 -0.018403
0.011982 0.014371
-0.019985 0.029115
-0.045204 0.037606
-0.066799 0.050058
-0.107354 0.085435
-0.114148 0.121715
-0.161080 0.158870
-0.188415 0.177362
-0.433139 0.795252
-2.247000 5.659390
-4.743357 11.094340
-6.971460 16.257227
-11.418540 22.143601
-2.821704 30.443507
-1.735278 36.089291
-2.984933 41.271456
-3.003704 41.342770
-2.939651 41.485781
-2.959402 41.560199
-2.978583 41.630314
-2.997809 41.699956
-3.003739 41.772744
-3.017476 41.856886
-3.019747 41.870852
-3.038430 41.892955
-3.035945 41.894161
-3.036639 41.880728
-3.039037 41.876406
-3.049601 41.885893
-3.033212 41.912437
-2.954408 41.929940
-2.955786 41.917231
-2.854807 40.745820
-0.646424 40.489136
-2.307872 40.626966
-2.315552 39.687018
-0.743118 40.450003
4.945895 43.535636
4.490747 42.598552
5.006258 41.685361
4.939397 41.663788
5.690109 41.572111
7.336073 40.753173
7.379193 40.359824
7.553627 40.040979
12.388737 38.314561
12.443843 38.018348
14.830026 36.348825
15.045173 33.766977
15.152624 31.938665
26.362409 23.006707
29.486042 18.727057
32.915832 13.500256
33.501194 11.833397
33.845034 11.072768
34.190874 11.014985
33.998503 11.279820
35.659414 11.324941
38.645224 11.670170
39.978054 11.773125
39.908214 11.954163
40.369540 12.122480
40.313265 12.146684
40.279228 12.136611
40.200422 12.145594
40.150222 12.161188
40.094757 12.173078
40.064705 12.194691
40.212323 12.124923
40.320952 12.085889
40.059526 12.132566
40.098661 12.027268
40.385220 11.919313
40.366122 11.900862
40.377445 11.863697
40.384653 11.861755
40.396303 11.853374
40.429248 11.874888
40.455290 11.893848
40.477168 11.894493
40.501902 11.895139
40.530859 11.891600
40.556506 11.885957
40.515368 11.879335
40.474173 11.872668
40.432948 11.865980
40.391743 11.859272
40.350500 11.852596
40.309266 11.845900
40.268004 11.839243
40.268844 11.836416
40.269675 11.833638
40.270488 11.830793
40.271335 11.827903
40.272120 11.825152
40.272909 11.822341
40.273690 11.819501
40.273859 11.819541
40.274042 11.819596
40.274242 11.819651
40.274379 11.819677
40.274580 11.819737
40.274719 11.819769
40.274884 11.819796
40.284640 11.807095
40.293877 11.793754
40.304159 11.781294
40.313549 11.768432
40.323631 11.755896
40.334051 11.743612
40.329722 11.741959
40.325597 11.740398
40.321103 11.738788
40.316585 11.737356
40.312340 11.735837
40.307999 11.734316
40.304745 11.723322
40.302157 11.712947
40.299614 11.702427
40.296580 11.691764
40.294258 11.681171
40.291376 11.670452
40.288489 11.659903
40.291195 11.657874
40.293520 11.655998
40.296048 11.654219
40.298821 11.652403
40.301535 11.650484
40.304252 11.648520
40.304213 11.646654
40.304251 11.646093
40.304319 11.645572
40.304366 11.645020
40.304417 11.644489
40.304407 11.643902
40.304411 11.643309
40.304409 11.642782
40.294479 11.634278
40.284780 11.626257
40.275742 11.618085
40.265760 11.609555
40.256052 11.601270
40.246639 11.592839
40.237401 11.584490
40.228063 11.576355
40.237559 11.563209
40.247318 11.550541
40.256949 11.537861
40.266620 11.524946
40.276700 11.512171
40.286778 11.499205
40.296137 11.485959
40.305556 11.482284
40.315418 11.478764
40.325156 11.475108
40.334871 11.471137
40.344336 11.467528
40.353940 11.464419
40.364165 11.460481
40.354520 11.461598
40.344663 11.462679
40.335200 11.464016
40.325720 11.464779
40.316285 11.465921
40.307011 11.466861
40.297709 11.468097
40.288249 11.469267
40.297692 11.470159
40.307248 11.471372
40.317337 11.472079
40.327035 11.473287
40.336389 11.474619
40.346077 11.475633
40.355927 11.476714
40.360563 11.464113
40.365673 11.451124
40.370192 11.437838
40.374971 11.424803
40.379983 11.411811
40.384843 11.398649
40.390170 11.385737
40.394461 11.381878
40.396183 11.380549
40.397974 11.379202
40.399604 11.377777
40.401512 11.376491
40.403266 11.375185
40.405182 11.373919
40.405787 11.372823
40.406445 11.371736
40.407132 11.370664
40.407777 11.369545
40.408379 11.368421
40.409025 11.367279
40.409666 11.366152
40.411776 11.364260
40.413974 11.362435
40.416132 11.360515
40.418163 11.358594
40.420220 11.356635
40.422247 11.354740
40.424435 11.352876
40.424514 11.348941
40.424114 11.345193
40.424345 11.341503
40.424638 11.337688
40.424580 11.333820
40.424954 11.330312
40.425472 11.326567
40.425983 11.323154
40.425373 11.323307
40.424716 11.323500
40.424023 11.323702
40.423313 11.323850
40.422474 11.323946
40.421636 11.324060
40.420823 11.324167
40.418555 11.324616
40.416108 11.325056
40.414187 11.325669
40.411817 11.326106
40.409775 11.326701
40.407574 11.327373
40.405178 11.327813
40.403063 11.328164
40.398966 11.325400
40.394841 11.322295
40.390847 11.319409
40.386656 11.316267
40.382566 11.313465
40.378394 11.310434
40.374634 11.307152
40.374678 11.294714
40.374929 11.282253
40.375377 11.269958
40.375534 11.257533
40.375366 11.245144
40.375463 11.232660
40.375443 11.220181
40.375446 11.207472
40.375659 11.208419
40.375541 11.209795
40.375510 11.211004
40.375685 11.212012
40.375970 11.213227
40.376376 11.214403
40.376396 11.215507
40.376351 11.216654
40.381415 11.213072
40.386367 11.209517
40.391010 11.205376
40.396007 11.201749
40.401235 11.198105
40.405628 11.194146
40.410608 11.190700
40.415315 11.186955
40.425003 11.192559
40.434789 11.198091
40.444469 11.203924
40.454518 11.209662
40.464364 11.215422
40.473894 11.221145
40.483467 11.226957
40.493075 11.232956
40.502662 11.224568
40.512658 11.215939
40.522000 11.208183
40.531838 11.200177
40.541378 11.191374
40.551170 11.183161
40.561116 11.174883
40.570785 11.166703
40.570760 11.165128
40.570762 11.163402
40.570897 11.161862
40.570888 11.160264
40.570850 11.158682
40.571037 11.157211
40.571032 11.155514
40.571094 11.154012
40.571277 11.150319
40.571423 11.146717
40.571547 11.143127
40.571760 11.139710
40.571129 11.135975
40.570803 11.132451
40.570912 11.128586
40.566025 11.124970
40.561393 11.121059
40.556566 11.117336
40.551017 11.113666
40.546541 11.109978
40.541997 11.106723
40.536649 11.103573
40.532361 11.099886
40.532029 11.091153
40.532285 11.082821
40.532764 11.074423
40.532813 11.066240
40.533182 11.057604
40.533179 11.049343
40.532951 11.041209
40.532912 11.032291
40.533005 11.027852
40.532907 11.023518
40.532885 11.019004
40.533084 11.014721
40.533001 11.010394
40.533329 11.005929
40.533343 11.001563
40.535880 10.999684
40.538395 10.997934
40.540958 10.996174
40.543397 10.994319
40.545866 10.992423
40.548166 10.990602
40.550692 10.988741
40.553184 10.987006
40.553257 10.986727
40.553285 10.986447
40.553285 10.986166
40.553311 10.985883
40.553324 10.985619
40.553390 10.985341
40.553368 10.985023
40.553361 10.984700
40.063186 9.853988
37.124220 7.545302
36.634023 6.414638
36.143606 5.278457
35.635375 4.142594
36.786951 1.244292
37.072829 -2.621043
38.949313 -6.505493
40.537656 -6.047790
40.002480 -6.574531
39.990375 -7.044410
40.043840 -7.595439
40.087247 -8.138987
40.111580 -8.664196
40.049514 -8.719131
40.042949 -8.706434
40.024651 -8.717805
40.012851 -8.717432
40.001847 -8.715535
39.992995 -8.713158
39.992673 -8.710724
39.991973 -8.706405
39.991088 -8.707208
39.994480 -8.725209
39.997415 -8.742626
40.000153 -8.747513
40.003433 -8.747028
40.005333 -8.767300
40.009238 -8.785172
40.018792 -8.793829
40.025147 -8.806997
40.030502 -8.811394
40.062384 -8.818592
40.082422 -8.820867
40.091548 -8.825701
40.100508 -8.835378
40.107928 -8.841228
40.115491 -8.839118
40.124424 -8.835688
40.132459 -8.806406
40.141952 -8.790372
40.148697 -8.760856
40.154533 -8.727560
40.160875 -8.697184
40.165003 -8.652036
40.145019 -8.581041
40.019546 -8.889806
40.310566 -8.818858
36.275892 -7.192913
32.646367 -8.584272
35.393645 -4.983978
56.073095 -9.236327
57.901765 -5.377707
58.703444 -1.013782
59.505198 3.351582
59.507740 3.352117
59.251668 3.210028
59.252385 3.210184
59.253108 3.210379
59.253820 3.210554
59.254481 3.210692
59.255162 3.210828
59.252132 3.211140
59.249164 3.211462
59.246173 3.211706
59.243199 3.212041
59.240291 3.212411
59.237368 3.212831
59.234386 3.213171
59.251962 3.250716
59.259102 3.265861
59.266233 3.281019
59.273358 3.296201
59.280473 3.311306
59.287634 3.326459
59.294712 3.341605
59.294756 3.342906
59.295096 3.353151
59.295187 3.363431
59.295287 3.373833
59.295158 3.384026
59.294952 3.393879
59.294973 3.403903
59.295269 3.414013
59.294979 3.424533
59.294934 3.435158
59.295141 3.445628
59.294997 3.456277
59.295414 3.466774
59.295339 3.477016
59.295150 3.487363
59.295009 3.502510
59.295063 3.517744
59.294936 3.532953
59.294907 3.548189
59.294765 3.563153
59.295229 3.578445
59.294914 3.593634
59.294692 3.608657
59.295058 3.614234
59.294850 3.620084
59.294937 3.625844
59.295026 3.631706
59.295126 3.637601
59.295327 3.643318
59.295133 3.649313
59.295282 3.654817
59.295364 3.651217
59.295351 3.647447
59.295455 3.643826
59.295237 3.640314
59.295046 3.636768
59.294974 3.633212
59.295092 3.629518
59.295140 3.625858
59.300192 3.612610
59.304942 3.599567
59.309477 3.586451
59.314643 3.573249
59.319376 3.560052
59.324653 3.546770
59.329307 3.533577
59.334056 3.520112
59.334183 3.511665
59.334179 3.503249
59.334150 3.494909
59.334475 3.486758
59.334644 3.478290
59.335062 3.470143
59.335009 3.461815
59.335110 3.453462
59.330596 3.449951
59.326050 3.446278
59.321128 3.442858
59.316339 3.438984
59.311791 3.435369
59.307162 3.431829
59.302545 3.428179
59.297878 3.433792
59.292966 3.439454
59.287977 3.444986
59.283179 3.450826
59.278171 3.456544
59.273530 3.462645
59.268771 3.468068
59.263875 3.474059
59.268785 3.474742
59.273712 3.476181
59.278822 3.477356
59.283645 3.478372
59.288424 3.479231
59.293344 3.480512
59.298420 3.481734
59.303332 3.482395
59.303403 3.488266
59.303523 3.493922
59.303539 3.499859
59.303725 3.505708
59.303753 3.511550
59.303947 3.517423
59.304148 3.523115
59.304397 3.529057
59.302962 3.527797
59.301520 3.526556
59.300128 3.525354
59.298734 3.524142
59.297264 3.522892
59.295871 3.521672
59.294422 3.520441
59.293033 3.520614
59.283817 3.521573
59.274416 3.522619
59.264930 3.523703
59.255618 3.524849
59.246240 3.525783
59.236863 3.527147
59.227098 3.527991
59.227140 3.531663
59.227194 3.535152
59.227386 3.538608
59.227427 3.542208
59.227507 3.545719
59.227497 3.549161
59.227580 3.552735
59.224802 3.553370
59.219652 3.554489
59.215167 3.555630
59.210148 3.556562
59.205366 3.557693
59.200350 3.558863
59.195811 3.560124
59.191158 3.561355
59.186187 3.548427
59.181327 3.535106
59.176569 3.522276
59.171987 3.509139
59.167320 3.495945
59.162348 3.482870
59.157497 3.469806
59.152591 3.456274
59.143118 3.433954
59.133320 3.411553
59.124040 3.389050
59.114506 3.366642
59.104937 3.344231
59.095548 3.321889
59.086006 3.299459
59.086128 3.291070
59.086005 3.283906
59.085988 3.276524
59.085873 3.269292
59.085891 3.262156
59.086268 3.254870
59.086474 3.247769
59.086449 3.240290
59.073825 3.237353
59.071899 3.236872
59.070063 3.236352
59.068162 3.235876
59.066200 3.235420
59.064302 3.234963
59.062360 3.234458
59.060397 3.233953
59.060437 3.234082
59.060492 3.234203
59.060490 3.234327
59.060449 3.234458
59.060478 3.234583
59.060509 3.234722
59.060483 3.234836
59.060508 3.235004
59.060486 3.235137
59.060540 3.235282
59.060593 3.235402
59.060654 3.235571
59.060642 3.235706
59.060674 3.235872
59.060680 3.235959
58.449761 2.598806
57.916118 1.974838
56.664483 1.297779
55.218161 0.415613
54.510787 -0.736602
53.847467 -1.978324
52.988533 -3.059802
52.346155 -3.716460
52.340006 -3.661187
52.367594 -3.609137
52.346130 -3.555863
52.325483 -3.482125
52.316254 -3.390735
52.289676 -3.265480
52.302823 -3.211323
52.304248 -3.128745
52.305413 -3.109326
52.306931 -3.099914
52.306859 -3.093948
52.300818 -3.086697
52.300857 -3.063451
52.294748 -3.018495
52.297738 -3.001109
52.298106 -2.985916
52.290382 -2.969566
52.307875 -2.958173
52.309995 -2.955966
52.307876 -2.962679
52.301606 -2.967981
52.298381 -2.966867
52.296963 -2.950953
52.303559 -2.899864
52.337224 -2.779712
52.342587 -2.667073
52.383995 -2.523616
52.454851 -2.346169
52.534367 -2.158805
52.606922 -1.996545
52.600873 -1.863303
52.349487 -2.195918
52.879393 -2.015627
50.077417 -2.643509
50.666648 -2.803574
51.259899 -2.961673
51.957406 -3.054006
52.504004 -3.219289
53.097477 -3.369798
53.177922 -3.355835
53.259829 -3.338442
53.343679 -3.316602
53.426173 -3.303018
53.508573 -3.290249
53.589733 -3.278157
53.671109 -3.266383
53.752115 -3.254281
53.754746 -3.257485
53.756632 -3.260698
53.757564 -3.262733
53.758833 -3.264403
53.757152 -3.265635
53.758524 -3.268781
53.757429 -3.270491
53.715629 -3.309746
53.589091 -3.415383
53.461993 -3.518456
53.341873 -3.624687
53.223395 -3.735770
53.103748 -3.839129
52.983671 -3.945775
52.865930 -4.056063
52.861449 -4.058214
52.855785 -4.059892
52.851831 -4.062089
52.846506 -4.063772
52.841667 -4.065897
52.835816 -4.067197
52.831039 -4.069227
52.823535 -4.071631
52.817957 -4.074870
52.812124 -4.077657
52.807913 -4.081907
52.802002 -4.084883
52.796303 -4.088291
52.790391 -4.091490
52.786045 -4.095571
52.787261 -4.096161
52.788030 -4.096714
52.788264 -4.096978
52.789802 -4.097824
52.791931 -4.098908
52.793688 -4.099875
52.793983 -4.099903
52.795238 -4.100644
52.796859 -4.100017
52.797955 -4.099105
52.799700 -4.098274
52.800789 -4.097091
52.802855 -4.096690
52.802991 -4.095136
52.804822 -4.094579
52.804990 -4.093146
52.805250 -4.093747
52.805278 -4.094623
52.804146 -4.094505
52.803275 -4.094835
52.803343 -4.095440
52.802644 -4.095653
52.802524 -4.096283
52.802367 -4.097743
52.803937 -4.103389
52.800365 -4.105480
52.799849 -4.109594
52.799061 -4.113773
52.792664 -4.115429
52.792115 -4.119123
52.792902 -4.123981
52.789831 -4.126808
52.788766 -4.126284
52.789168 -4.126729
52.787814 -4.126392
52.788537 -4.126133
52.787653 -4.125772
52.787571 -4.125921
52.786233 -4.125304
52.789271 -4.127880
52.790002 -4.129105
52.790181 -4.130112
52.788419 -4.129851
52.789339 -4.131458
52.789468 -4.131908
52.787707 -4.131868
52.787098 -4.132236
52.786795 -4.132534
52.785908 -4.132552
52.785765 -4.132965
52.785762 -4.133128
52.786518 -4.133977
52.785685 -4.133934
52.786036 -4.134637
52.785101 -4.134752
52.785616 -4.136652
52.785367 -4.138423
52.784550 -4.139694
52.783408 -4.140785
52.782561 -4.142033
52.781770 -4.143395
52.780429 -4.144383
52.781351 -4.143162
52.781203 -4.141150
52.783650 -4.140459
52.784187 -4.139141
52.784939 -4.137714
52.787049 -4.136863
52.787806 -4.135464
52.786592 -4.133235
52.786258 -4.133788
52.786325 -4.134381
52.785947 -4.134658
52.785215 -4.134898
52.785095 -4.135191
52.784464 -4.135522
52.783572 -4.135633
52.783323 -4.136015
52.784665 -4.135616
52.785852 -4.135235
52.787840 -4.135046
52.788753 -4.134602
52.789491 -4.133763
52.789556 -4.132874
52.790432 -4.132344
52.791062 -4.131823
52.783855 -4.149541
52.761063 -4.156624
52.750098 -4.170915
52.732420 -4.179783
52.726214 -4.194793
52.714878 -4.206519
52.703707 -4.221245
52.687596 -4.232967
52.679561 -4.241450
52.686411 -4.255048
52.682147 -4.266720
52.679928 -4.276224
52.678376 -4.285855
52.683360 -4.300355
52.683151 -4.310211
51.462743 -3.143724
50.883184 -2.571456
50.310308 -1.974527
49.741401 -1.375316
49.165078 -0.797740
48.599836 -0.203138
48.016594 0.386573
47.440805 0.978144
47.542775 1.275642
47.735773 1.629098
47.818170 1.934336
47.919770 2.232231
48.021371 2.530123
48.257538 2.899898
48.359168 3.197993
48.464268 3.502823
48.294807 3.718938
48.902010 4.756753
49.347777 5.614537
49.580390 5.609551
49.690927 5.408345
50.551164 5.406259
52.967091 4.903430
53.124416 4.875201
53.465825 4.742230
53.908714 4.283608
54.635041 3.993905
55.224864 3.746153
55.892230 3.559895
56.201187 3.856957
59.895468 5.188129
62.916296 6.691466
64.593737 7.255003
70.228793 7.943375
71.297389 7.001631
71.308440 6.051612
70.962256 4.468302
70.969279 3.027987
70.719630 1.912411
70.477851 0.609101
70.201085 -0.661174
69.350469 -0.688046
68.568430 -0.542646
67.779595 -0.341514
66.980170 -0.191082
66.166513 -0.036534
65.301994 0.021344
64.462654 0.088993
63.659775 0.241366
62.637073 1.433618
61.724868 2.308397
60.841943 3.310418
59.983744 4.432122
59.039927 5.566848
58.554605 6.403445
57.827158 7.233833
57.226621 8.249972
57.134205 7.810924
57.172747 8.098522
57.166389 6.711175
57.445494 5.373936
57.649329 4.841311
57.877918 4.692285
57.710088 4.446485
57.579063 4.903545
57.584446 5.329990
57.573582 6.201003
57.598303 5.982442
57.602024 4.877477
57.643117 4.253052
57.642168 3.941905
57.647362 3.965590
57.636967 3.872299
57.643643 3.678241
57.648801 3.576993
57.649876 3.456196
57.652323 3.449880
57.647385 3.465087
57.647142 3.453979
57.642389 3.380600
57.636726 3.359159
57.630568 3.351782
57.628029 3.264234
57.634210 3.280764
57.637460 3.265015
57.637608 3.232734
57.641733 3.179046
57.650712 3.135636
57.655283 3.051726
57.659620 3.026865
57.656192 2.916878
57.661300 2.844931
57.659990 2.693602
57.648110 2.492369
57.648566 2.477755
57.655646 2.481254
57.652098 2.469869
57.657723 2.535620
57.659586 2.584514
57.660674 2.642419
57.661110 2.705716
57.658323 2.753868
57.659100 2.793705
57.658755 2.880487
57.654174 2.877871
57.655914 2.900011
57.656671 2.944928
57.661348 2.962671
57.667529 2.994707
57.669995 2.989815
57.672413 2.977267
57.676842 2.984173
57.677317 2.979741
57.679915 2.985429
57.686140 2.985311
57.687165 2.974366
57.686528 2.941949
57.688880 2.944282
57.685583 2.934475
57.683598 2.936794
57.683114 2.940013
57.684237 2.941940
57.683841 2.958202
57.681964 2.944409
57.684336 2.966907
57.678885 2.949874
57.681604 2.963437
57.677043 2.953255
57.677263 2.935339
57.673305 2.918681
57.672440 2.915413
57.672614 2.897808
57.669468 2.900692
57.669736 2.916114
57.666666 2.894213
57.665358 2.866010
57.663668 2.851128
57.664541 2.862132
57.658838 2.831250
57.663448 2.784960
57.686537 2.583503
57.677798 2.470661
57.654885 2.393064
57.638740 2.232951
57.622191 2.067814
57.602658 2.016322
57.590332 1.975045
57.602341 1.922330
57.617456 1.840762
57.622612 1.738299
57.616051 1.649355
57.619192 1.660381
57.626693 1.688410
57.629575 1.667147
57.616403 1.668660
57.605754 1.672493
57.599111 1.664884
57.608471 1.687959
57.603473 1.624807
57.616145 1.604544
57.622374 1.568177
57.662172 1.553300
57.679791 1.588377
57.675305 1.605214
57.665936 1.603169
57.662856 1.622466
57.665143 1.495528
57.662354 1.412847
57.647595 1.204810
57.651489 1.183031
57.669157 1.191707
57.669019 1.193813
57.673230 1.155743
57.651801 1.099284
57.640964 1.102401
57.627069 1.089377
57.627575 1.101477
57.633287 1.133907
57.646520 1.085661
57.649661 1.153515
57.652885 1.122956
57.658092 1.131480
57.650996 1.075489
57.650098 1.058136
57.653360 1.076067
57.658898 1.084013
57.656917 1.059931
57.655688 1.066335
57.656565 1.042332
57.662972 0.957788
57.672358 1.035166
57.671419 0.987578
57.667603 1.041866
57.664346 1.161665
57.666008 1.232402
57.662874 1.247472
57.663967 1.276411
57.661957 1.276173
57.663232 1.298102
57.658703 1.307175
57.654207 1.265120
57.653266 1.255387
57.649445 1.243673
57.650152 1.239999
57.645225 1.227288
57.641829 1.239600
57.639416 1.221450
57.638020 1.222575
57.636295 1.233729
57.636745 1.226336
57.632857 1.239354
57.634974 1.246387
57.632379 1.230824
57.633107 1.232050
57.631939 1.216948
57.628569 1.197548
57.625100 1.186452
57.625594 1.187489
57.625588 1.205983
57.626097 1.191813
57.624642 1.185557
57.624896 1.199571
57.626324 1.222618
57.623436 1.224444
57.625597 1.244178
57.624960 1.237451
57.623967 1.241189
57.623503 1.240812
57.622031 1.255393
57.620759 1.255349
57.620036 1.230219
57.619819 1.238956
57.621911 1.234156
57.620698 1.223186
57.621268 1.247782
57.621480 1.233045
57.617767 1.204750
57.617857 1.228378
57.616542 1.216008
57.618284 1.208916
57.617072 1.206973
57.621994 1.212859
57.621883 1.222642
57.623861 1.234159
57.627107 1.243141
57.630064 1.260227
57.632213 1.259519
57.633230 1.276010
57.632986 1.306008
57.630175 1.305616
57.630153 1.321487
57.631271 1.331696
57.632834 1.350152
57.632111 1.366087
57.634208 1.371905
57.633105 1.368814
57.631644 1.368422
57.625002 1.324522
57.617950 1.337909
57.621052 1.379485
57.618269 1.402443
57.620894 1.333411
57.627009 1.351837
57.630538 1.348572
57.630036 1.310799
57.628376 1.316383
57.633008 1.359201
57.635600 1.346211
57.644527 1.406493
57.651368 1.425916
57.659819 0.978426
57.664655 0.549484
57.667554 0.015934
57.684258 -1.326153
57.691567 -2.215416
57.760427 -2.775770
57.884794 -3.207130
58.050570 -3.605673
57.990263 -3.948363
57.923097 -4.268393
57.742682 -4.767919
57.579424 -5.225318
57.452936 -5.569498
57.321679 -6.067042
57.184446 -6.587494
57.051677 -7.090915
57.052554 -7.405532
57.219948 -7.968966
57.146888 -8.604045
57.063319 -9.221468
56.993918 -9.801811
56.951066 -10.320260
56.918003 -10.632019
56.866331 -11.167822
56.787974 -11.639731
56.702545 -11.821490
56.572938 -12.341166
56.480579 -12.686048
56.456224 -12.753402
56.430100 -12.918440
56.429101 -12.984715
56.410462 -12.927623
56.416924 -12.132259
56.344667 -11.663674
56.420466 -10.897177
56.367958 -10.029264
56.309201 -9.223667
56.344594 -8.411271
56.397822 -7.634981
56.437569 -6.973720
56.457200 -6.451645
57.735948 -6.285981
57.795879 -6.116376
57.992149 -5.502712
58.120153 -5.118659
58.307050 -4.554155
58.429048 -4.109131
58.526546 -3.616932
58.570881 -3.200718
58.693554 -2.011471
58.806790 -1.022005
58.866739 -0.406807
58.883383 -0.231192
58.900662 -0.097462
58.908825 0.001074
58.919506 0.097386
58.924287 0.169509
58.930287 0.211733
58.938824 0.235785
58.943515 0.262495
58.946441 0.274081
58.951283 0.301307
58.953102 0.316022
58.953498 0.319998
58.955424 0.330822
58.962568 0.359109
58.961844 0.364466
58.964222 0.377573
58.967525 0.402335
58.969807 0.423304
58.972881 0.427957
58.974835 0.452317
58.976090 0.463349
58.978846 0.474081
58.979234 0.485622
58.981682 0.498356
58.981121 0.500346
58.979181 0.512065
58.981142 0.519605
58.980369 0.526096
58.981584 0.534205
58.984889 0.547448
58.986300 0.560194
58.985776 0.569229
58.984556 0.588620
58.987729 0.603596
58.989554 0.642731
58.992352 0.634148
58.994852 0.676420
58.999728 0.721745
59.003039 0.737356
59.003125 0.744565
59.004892 0.754088
59.007132 0.775429
59.010489 0.781304
59.011441 0.785972
59.010790 0.778264
59.016381 0.814082
59.017004 0.814672
59.020363 0.826789
59.020537 0.836678
59.026350 0.855180
59.026137 0.864431
59.026497 0.864466
59.027158 0.864204
59.027245 0.868030
59.027224 0.874317
59.026784 0.873547
59.029419 0.880313
59.029216 0.886639
59.031581 0.895607
59.030846 0.895888
59.033933 0.900707
59.034386 0.904035
59.033444 0.913290
59.036933 0.916128
59.037468 0.919078
59.039142 0.917508
59.038469 0.910276
59.040517 0.903675
59.044083 0.906117
59.045834 0.910245
59.046529 0.907975
59.049805 0.908280
59.050040 0.913238
59.053058 0.918298
59.053051 0.931214
59.053279 0.935590
59.054287 0.944648
59.056343 0.946601
59.055090 0.957445
59.057775 0.965396
59.058980 0.967721
59.057930 0.968619
59.058536 0.969927
59.062153 0.974231
59.059950 0.982620
59.062653 0.982803
59.062407 0.984870
59.062759 0.978249
59.063017 0.977299
59.064697 0.980853
59.063631 0.976430
59.063933 0.975828
59.063204 0.969619
59.062746 0.971312
59.063401 0.966677
59.064149 0.966882
59.062901 0.959724
59.066236 0.962460
59.064708 0.954926
59.065501 0.954932
59.066038 0.949702
59.068008 0.965918
59.069415 0.962312
59.073785 0.974397
59.070080 0.952954
59.074108 0.957754
59.072777 0.955400
59.076557 0.958112
59.075693 0.952936
59.079055 0.955025
59.080455 0.947925
59.077001 0.928224
59.076818 0.926462
59.077383 0.930471
59.075285 0.930572
59.071646 0.921795
59.071137 0.928020
59.069128 0.926889
59.068357 0.935144
59.075196 0.962774
59.079401 0.980804
59.081839 0.992908
59.081653 0.988400
59.088122 1.023374
59.090420 1.038944
59.078100 0.990061
59.088787 1.027646
59.091205 1.028184
59.095536 1.015090
59.099607 1.050018
59.099298 1.050710
59.101892 1.047594
59.101716 1.043244
59.103374 1.038498
59.102346 1.029502
59.099627 1.016564
59.101779 1.035912
59.105178 1.059005
59.107775 1.055476
59.105570 1.051108
59.108467 1.069164
59.107708 1.059193
59.107714 1.056130
59.105948 1.053789
59.105903 1.055030
59.100731 1.036472
59.101923 1.037574
59.098885 1.033589
59.093278 0.984704
59.091824 0.993371
59.089708 0.984051
59.086585 0.961400
59.084420 0.921830
59.090632 0.948595
59.094667 0.988007
59.091836 0.958687
59.085634 0.915613
59.091118 0.955646
59.085866 0.903925
59.084246 0.890416
59.075666 0.822677
59.073518 0.797561
59.072692 0.778436
59.068884 0.735993
59.071023 0.694900
59.070882 0.646735
59.060577 0.581739
59.052300 0.540210
59.043049 0.452010
59.039798 0.451167
59.035538 0.429689
59.030623 0.403418
59.032337 0.419948
59.037890 0.477125
59.033383 0.450584
59.032839 0.436600
59.032945 0.443995
59.033992 0.458951
59.037521 0.484549
59.039107 0.493489
59.041353 0.521183
59.043900 0.543561
59.048939 0.584848
59.049396 0.610774
59.051547 0.622095
59.052504 0.617870
59.056416 0.633009
59.055261 0.639439
59.054254 0.644629
59.055668 0.642536
59.057984 0.650284
59.059009 0.654563
59.062555 0.660910
59.060400 0.653135
59.060545 0.661689
59.062334 0.681117
59.062537 0.671833
59.063016 0.691910
59.067125 0.713733
59.066457 0.706297
59.066907 0.703534
59.070374 0.717606
59.070878 0.717401
59.072855 0.728047
59.075877 0.741391
59.078341 0.751140
59.075841 0.730765
59.077456 0.719623
59.079600 0.692322
59.084194 0.789354
59.089062 0.860313
59.093942 0.866890
59.100368 0.957960
59.104540 0.965590
59.112046 0.991679
59.117075 1.041117
59.120725 1.061141
59.124176 1.089022
59.124840 1.079351
59.125071 1.079221
59.126898 1.087977
59.127526 1.088429
59.130464 1.104089
59.132217 1.113725
59.135309 1.120576
59.135400 1.123919
59.135264 1.115242
59.136891 1.124304
59.136190 1.105987
59.137673 1.125207
59.141466 1.136298
59.140727 1.118923
59.140192 1.121066
59.140943 1.121690
59.113697 0.962522
59.088038 0.824069
59.009297 0.186324
58.930420 -0.406491
58.850340 -1.343579
58.983316 -1.610491
58.944121 -1.930380
58.993176 -2.254022
58.842498 -2.717088
58.877876 -3.182097
58.898027 -3.682299
58.922929 -4.199001
58.948260 -4.830006
59.007308 -5.512770
59.158942 -6.219731
59.205882 -6.584114
59.051083 -6.726516
58.863573 -6.628376
58.742389 -6.334887
58.423474 -5.519857
58.216731 -4.767069
58.030997 -4.083861
57.911360 -3.408222
57.614801 -2.787130
57.639122 -1.917835
57.691694 -1.084044
57.742664 -0.301543
57.782418 0.298820
57.838069 0.743685
57.906130 1.135015
58.031865 1.663425
58.252588 2.316004
58.439894 2.957733
58.685067 3.666252
58.883096 4.244221
58.949158 4.555990
59.046948 5.011568
59.160016 5.702414
59.256522 6.995854
59.263319 6.991833
59.270540 7.077170
59.280174 7.149931
59.288119 7.210553
59.295206 7.269148
59.303292 7.343651
59.306043 7.355037
59.310610 7.377802
59.315321 7.402832
59.318700 7.446360
59.321375 7.471771
59.325175 7.493652
59.324729 7.509427
59.329158 7.536359
59.322590 7.482535
59.313805 7.425344
59.250755 6.772074
59.207104 6.233639
59.138622 5.651080
59.163326 5.411991
59.218033 5.373033
59.356506 4.866013
59.499647 4.437681
59.625574 3.972586
59.745182 3.444659
59.855691 2.885647
59.915296 2.185499
59.997319 1.396877
60.077053 0.681707
60.107306 0.404305
60.100403 0.403756
60.002667 0.335096
59.923108 0.323657
59.789859 0.510355
59.685503 0.848973
59.592171 1.274805
59.516151 1.951757
59.476658 2.670666
59.502463 3.411428
59.510094 3.924197
59.529356 4.574964
59.511240 5.109681
59.524875 5.716477
59.537945 6.308343
59.588924 6.673334
59.738787 7.132284
59.896695 7.639145
60.120812 8.365745
60.330204 9.117803
60.486149 9.712606
60.666494 10.492600
60.772710 11.287774
60.892502 12.181591
60.972666 13.084360
61.056725 13.937128
61.112660 14.520988
61.146959 14.855562
61.157012 15.039980
61.131302 14.747047
61.123088 14.661049
61.127026 14.702431
61.132876 14.744355
61.137798 14.776521
61.141320 14.792722
61.140845 14.800042
61.143040 14.803290
61.143418 14.800044
61.144507 14.806997
61.147576 14.817544
61.149990 14.823159
61.153446 14.844892
61.155824 14.860716
61.158365 14.885800
61.158119 14.880627
61.159232 14.890667
61.157685 14.877158
61.155199 14.880448
61.156199 14.873419
61.155451 14.869932
61.155194 14.867723
61.153197 14.868072
61.156681 14.871436
61.152460 14.855068
61.151272 14.840092
61.147755 14.828457
61.148335 14.834208
61.147160 14.824211
61.146907 14.831924
61.142966 14.832827
61.141905 14.833548
61.139999 14.828615
61.137929 14.827454
61.137254 14.808978
61.136481 14.810395
61.135824 14.803802
61.133884 14.793515
61.131879 14.796382
61.133991 14.797206
61.132303 14.790014
61.131294 14.785774
61.130864 14.776955
61.132053 14.768977
61.131956 14.770405
61.132418 14.775014
61.131506 14.778367
61.131415 14.781309
61.131494 14.783726
61.133189 14.792169
61.132418 14.785261
61.132071 14.793931
61.131806 14.791492
61.131915 14.799194
61.134643 14.812702
61.136369 14.818375
61.137344 14.828809
61.139608 14.843144
61.143618 14.859920
61.141597 14.855114
61.143338 14.862233
61.144246 14.859931
61.145865 14.866774
61.147104 14.882292
61.148837 14.895552
61.147449 14.897713
61.150326 14.915263
61.153355 14.938214
61.155623 14.972933
61.158078 14.979606
61.155980 14.968590
61.157179 14.977305
61.159477 14.974960
61.161569 14.987287
61.161347 14.995671
61.163290 15.001218
61.165727 14.997891
61.165082 15.003847
61.162794 14.987661
61.163880 14.995730
61.165534 14.996480
61.166393 15.016420
61.165877 15.014663
61.164517 14.996251
61.162161 14.992389
61.161996 14.987628
61.163006 14.982171
61.159959 14.994421
61.160232 14.979838
61.155909 14.959980
61.154490 14.954407
61.154207 14.970838
61.156297 14.980874
61.158940 14.999128
61.162316 15.031973
61.162965 15.052738
61.161537 15.035993
61.162247 15.047426
61.161121 15.056459
61.163525 15.059976
61.164197 15.062794
61.164431 15.062562
61.164440 15.063125
61.165980 15.069611
61.166306 15.071386
61.166555 15.073618
61.168039 15.076224
61.167526 15.080433
61.167980 15.080261
61.169170 15.090231
61.171641 15.096669
61.172211 15.099192
61.169391 15.080737
61.172381 15.093429
61.173389 15.089146
61.171472 15.080457
61.170316 15.069929
61.168786 15.067446
61.170082 15.073195
61.171424 15.078316
61.170958 15.077163
61.169159 15.066545
61.168869 15.074232
61.168335 15.086085
61.167729 15.085594
61.163191 15.072284
61.161893 15.071785
61.161868 15.071932
61.160307 15.071367
61.160026 15.089282
61.160192 15.087392
61.156583 15.082935
61.160097 15.101086
61.125126 15.089371
61.077687 15.053462
61.089501 15.074400
61.079801 15.047581
61.111945 15.024531
61.123875 15.024546
61.161650 15.026444
61.189872 15.037601
61.195208 15.042253
61.193717 15.041741
61.189656 15.044139
61.187995 15.045984
61.186330 15.046153
61.191550 15.041795
61.205818 15.042401
61.218177 15.043672
61.223149 15.049977
61.232038 15.063108
61.235182 15.076686
61.240691 15.087057
61.244415 15.093488
61.247241 15.094333
61.247037 15.085834
61.251388 15.089155
61.252595 15.103988
61.257974 15.131616
61.274360 15.251853
61.277481 15.252691
61.279227 15.232803
61.280124 15.231334
61.280489 15.228196
61.280061 15.215046
61.279955 15.191372
61.279351 15.184634
61.281333 15.184158
61.281276 15.181878
61.283074 15.185641
61.286302 15.204786
61.287856 15.216414
61.289118 15.218502
61.290429 15.229421
61.289427 15.231699
61.290816 15.228714
61.295011 15.263714
61.293083 15.258748
61.293448 15.267733
61.294539 15.276702
61.296006 15.283411
61.294797 15.288965
61.294833 15.296994
61.296152 15.301082
61.299084 15.311504
61.298312 15.313730
61.296652 15.310697
61.297133 15.312088
61.297359 15.306514
61.293620 15.282480
61.293987 15.292527
61.290893 15.293263
61.289931 15.278106
61.284501 15.280853
61.287401 15.292530
61.290252 15.297772
61.310137 15.340333
61.337324 15.380408
61.380253 15.355502
61.410944 15.353447
61.418421 15.366904
61.419143 15.376498
61.418570 15.389456
61.418775 15.399609
61.418167 15.389903
61.414524 15.370767
61.414093 15.359496
61.412109 15.337794
61.411458 15.353314
61.413198 15.353466
61.421809 15.457423
61.414559 15.461882
61.401370 15.310213
61.410853 15.273347
61.409464 15.257363
61.400878 15.346202
61.310080 16.189402
61.244482 16.133685
61.500073 15.552488
61.205976 15.818012
61.184294 16.155162
61.152121 16.200763
61.166814 16.365688
61.209153 17.061508
61.154699 16.351006
61.125916 16.676054
61.083782 15.915306
61.156407 16.389476
61.185036 17.155987
61.000279 16.321952
63.073880 15.374965
66.315053 13.988521
69.648377 13.249901
73.120540 12.356454
76.563932 11.607413
79.964874 10.956912
83.683666 10.082997
87.386277 9.589840
87.242296 9.789080
87.248196 10.048870
86.552246 9.882593
86.292985 10.595074
85.264113 11.321290
84.267789 12.067004
84.460135 12.656593
83.333998 11.632104
81.166376 9.997725
80.220955 8.561922
78.692059 6.769528
77.600857 5.569387
76.538216 4.989673
75.918205 4.553911
75.050117 3.252270
74.161469 0.999248
73.009012 -2.040653
71.743693 -4.687985
70.802093 -7.588665
70.089873 -9.777842
67.236518 -14.158176
65.174606 -17.184603
64.879864 -16.749737
64.929275 -16.452314
65.747898 -15.683801
69.572298 -13.143299
71.918725 -11.491504
75.073508 -9.122452
77.700506 -6.668147
80.424166 -3.920342
81.082058 -1.569247
83.091161 1.715003
84.110750 4.414349
85.348742 8.221328
86.980598 12.835465
85.584655 16.767093
84.844342 18.168923
85.947172 18.780923
85.860304 18.215337
86.361771 18.263918
86.725564 18.589426
87.839362 18.243642
88.427665 18.761386
88.319313 18.792802
87.847772 18.979868
88.180470 19.044237
80.398866 19.443374
73.563701 19.615365
68.424933 19.690469
60.265815 20.077361
53.838489 20.285115
47.796045 20.427542
42.180482 20.233497
36.298312 19.950418
39.407437 19.945314
41.078255 20.179826
45.301875 19.822234
48.629790 20.187660
52.017362 20.515649
55.079947 20.880323
58.023957 21.265443
60.872830 21.209672
60.977688 21.370135
60.831899 21.924010
60.785898 22.105610
60.747239 22.180430
59.695360 22.552626
59.314086 22.666054
58.974525 22.800470
59.375332 22.829951
59.516180 22.679193
60.336251 22.448100
59.845722 22.656006
60.990569 22.557336
62.183900 22.505168
63.120734 22.470693
63.715950 22.354731
64.446409 22.302999
65.138396 22.132380
65.592274 22.035522
65.878461 21.939082
67.548115 21.854575
67.919477 21.639501
67.507011 21.405792
66.719908 21.400497
65.751909 20.827981
64.543607 20.230342
63.433616 20.012921
62.418628 19.753193
61.424332 19.395323
60.592852 18.953989
59.839064 18.620728
59.602334 18.049392
61.142861 18.154445
62.244889 18.263272
63.102580 18.334670
64.199815 18.439588
65.262870 18.573161
66.284529 18.544866
67.598758 18.712781
69.323433 19.140111
67.254587 18.958042
64.749419 18.709544
62.516516 18.709902
60.497468 18.676257
58.661552 18.734998
56.625698 18.611724
54.980693 18.492444
53.203307 18.455531
53.849441 18.383456
54.753096 18.600731
55.363004 18.542428
56.342580 18.817020
57.456499 19.411030
58.264681 19.658744
59.185988 20.015325
58.326632 21.480225
57.728295 23.588758
56.800978 25.244297
55.946845 26.803448
54.895160 28.875555
53.597160 29.985892
52.446080 31.565470
51.193365 33.020018
50.787538 33.000280
50.626130 32.840248
51.136024 32.685027
51.551243 32.540937
51.694261 32.645445
53.211572 32.387746
52.297470 35.626561
52.144283 35.627658
52.243230 35.558889
52.336796 35.497500
52.440361 35.429028
52.541874 35.359375
52.643235 35.289717
52.744589 35.220062
52.845946 35.150411
53.027157 35.331432
53.208364 35.512453
53.389575 35.693470
53.570794 35.874498
53.751841 36.055652
54.024672 36.440719
54.230832 36.516875
54.080477 35.879449
54.296753 35.700821
54.215419 35.994834
54.002999 35.847495
53.877811 36.243827
54.524322 36.891785
54.595969 37.531549
54.652636 37.786757
53.477952 38.046481
52.329876 38.051390
54.379716 36.402946
52.524909 36.745678
50.656162 36.875071
50.972318 36.245280
50.453754 36.029341
50.315544 35.742116
50.160185 35.637920
50.440021 35.525712
50.417065 35.450315
50.475635 35.466249
50.588621 35.499961
50.678804 35.541368
50.734412 35.566493
50.843265 35.596710
50.951426 35.627053
51.059576 35.657394
51.167758 35.687731
51.275923 35.718075
51.384090 35.748402
51.492223 35.778736
51.600455 35.809099
51.593111 35.809811
51.585733 35.810484
51.578336 35.811177
51.570911 35.811879
51.563491 35.812545
51.556105 35.813234
51.548701 35.813941
51.541345 35.814628
51.539564 35.815010
51.537781 35.815429
51.535960 35.815836
51.534099 35.816291
51.532316 35.816741
51.530552 35.817169
51.528738 35.817593
51.528367 35.817930
51.527998 35.818257
51.527618 35.818597
51.527211 35.819017
51.526860 35.819388
51.526503 35.819755
51.526098 35.820018
51.525762 35.820452
51.525333 35.820671
51.524970 35.820930
51.524565 35.821105
51.524132 35.821364
51.523729 35.821556
51.523281 35.821796
51.522835 35.822014
51.522512 35.822201
51.522366 35.822447
51.522247 35.822650
51.522114 35.822865
51.522018 35.823058
51.521921 35.823215
51.521847 35.823486
51.521769 35.823680
51.521641 35.823835
51.521549 35.824061
51.521166 35.823979
51.520789 35.823897
51.520372 35.823872
51.520067 35.823819
51.519729 35.823784
51.519312 35.823735
51.518