1.235716 -3.118817 -51.857590
1.235716 -3.118817 -51.857590
1.235716 -3.118817 -51.857590
1.278025 -3.059149 -52.271414
1.278025 -3.059149 -52.271414
1.278025 -3.059149 -52.271414
1.278025 -3.059149 -52.271414
1.278025 -3.059149 -52.271414
1.278025 -3.059149 -52.271414
1.278025 -3.059149 -52.271414
1.278025 -3.059149 -52.271414
1.264375 -3.176027 -52.555423
1.264375 -3.176027 -52.555423
1.264375 -3.176027 -52.555423
1.264375 -3.176027 -52.555423
1.264375 -3.176027 -52.555423
1.264375 -3.176027 -52.555423
1.264375 -3.176027 -52.555423
1.264375 -3.176027 -52.555423
1.264375 -3.176027 -52.555423
1.288587 -3.222633 -52.767470
1.288587 -3.222633 -52.767470
1.288587 -3.222633 -52.767470
1.288587 -3.222633 -52.767470
1.288587 -3.222633 -52.767470
1.288587 -3.222633 -52.767470
1.288587 -3.222633 -52.767470
1.288587 -3.222633 -52.767470
1.330806 -3.454425 -52.925565
1.330806 -3.454425 -52.925565
1.330806 -3.454425 -52.925565
1.330806 -3.454425 -52.925565
1.330806 -3.454425 -52.925565
1.330806 -3.454425 -52.925565
1.330806 -3.454425 -52.925565
1.330806 -3.454425 -52.925565
1.356436 -3.206647 -53.033263
1.356436 -3.206647 -53.033263
1.356436 -3.206647 -53.033263
1.356436 -3.206647 -53.033263
1.356436 -3.206647 -53.033263
1.356436 -3.206647 -53.033263
1.356436 -3.206647 -53.033263
1.356436 -3.206647 -53.033263
1.356436 -3.206647 -53.033263
1.373534 -3.224323 -53.112319
1.373534 -3.224323 -53.112319
1.373534 -3.224323 -53.112319
1.373534 -3.224323 -53.112319
1.373534 -3.224323 -53.112319
1.373534 -3.224323 -53.112319
1.373534 -3.224323 -53.112319
1.373534 -3.224323 -53.112319
1.366447 -3.499121 -53.519163
1.366447 -3.499121 -53.519163
1.366447 -3.499121 -53.519163
1.366447 -3.499121 -53.519163
1.366447 -3.499121 -53.519163
1.366447 -3.499121 -53.519163
1.366447 -3.499121 -53.519163
1.366447 -3.499121 -53.519163
1.370404 -2.824439 -53.612341
1.370404 -2.824439 -53.612341
1.370404 -2.824439 -53.612341
1.370404 -2.824439 -53.612341
1.370404 -2.824439 -53.612341
1.370404 -2.824439 -53.612341
1.370404 -2.824439 -53.612341
1.370404 -2.824439 -53.612341
1.361292 -2.220174 -53.714172
1.361292 -2.220174 -53.714172
1.361292 -2.220174 -53.714172
1.361292 -2.220174 -53.714172
1.361292 -2.220174 -53.714172
1.361292 -2.220174 -53.714172
1.361292 -2.220174 -53.714172
1.361292 -2.220174 -53.714172
1.361292 -2.220174 -53.714172
1.323978 -2.105252 -53.814309
1.323978 -2.105252 -53.814309
1.323978 -2.105252 -53.814309
1.323978 -2.105252 -53.814309
1.323978 -2.105252 -53.814309
1.323978 -2.105252 -53.814309
1.323978 -2.105252 -53.814309
1.323978 -2.105252 -53.814309
1.265025 -2.963283 -53.867793
1.265025 -2.963283 -53.867793
1.265025 -2.963283 -53.867793
1.265025 -2.963283 -53.867793
1.265025 -2.963283 -53.867793
1.265025 -2.963283 -53.867793
1.265025 -2.963283 -53.867793
-0.821204 -12.103977 -53.858381
-0.821204 -12.103977 -53.858381
-0.821204 -12.103977 -53.858381
-0.821204 -12.103977 -53.858381
-0.821204 -12.103977 -53.858381
-0.821204 -12.103977 -53.858381
-0.821204 -12.103977 -53.858381
-0.821204 -12.103977 -53.858381
-1.171365 -22.620839 -52.442213
-1.171365 -22.620839 -52.442213
-1.171365 -22.620839 -52.442213
-1.171365 -22.620839 -52.442213
-1.171365 -22.620839 -52.442213
-1.171365 -22.620839 -52.442213
-1.171365 -22.620839 -52.442213
-1.171365 -22.620839 -52.442213
-0.932544 -24.848956 -51.636640
-0.932544 -24.848956 -51.636640
-0.932544 -24.848956 -51.636640
-0.932544 -24.848956 -51.636640
-0.932544 -24.848956 -51.636640
-0.932544 -24.848956 -51.636640
-0.932544 -24.848956 -51.636640
-0.833975 -24.886134 -51.057034
-0.833975 -24.886134 -51.057034
-0.833975 -24.886134 -51.057034
-0.833975 -24.886134 -51.057034
-0.833975 -24.886134 -51.057034
-0.833975 -24.886134 -51.057034
-0.833975 -24.886134 -51.057034
-0.833975 -24.886134 -51.057034
-0.843955 -25.026633 -50.544906
-0.843955 -25.026633 -50.544906
-0.843955 -25.026633 -50.544906
-0.843955 -25.026633 -50.544906
-0.843955 -25.026633 -50.544906
-0.843955 -25.026633 -50.544906
-0.843955 -25.026633 -50.544906
-0.907573 -25.060167 -50.174785
-0.907573 -25.060167 -50.174785
-0.907573 -25.060167 -50.174785
-0.907573 -25.060167 -50.174785
-0.907573 -25.060167 -50.174785
-0.907573 -25.060167 -50.174785
-0.907573 -25.060167 -50.174785
-0.998510 -25.068893 -49.904815
-0.998510 -25.068893 -49.904815
-0.998510 -25.068893 -49.904815
-0.998510 -25.068893 -49.904815
-0.998510 -25.068893 -49.904815
-0.998510 -25.068893 -49.904815
-0.998510 -25.068893 -49.904815
-0.998510 -25.068893 -49.904815
-1.054053 -25.109942 -49.649721
-1.054053 -25.109942 -49.649721
-1.054053 -25.109942 -49.649721
-1.054053 -25.109942 -49.649721
-1.054053 -25.109942 -49.649721
-1.054053 -25.109942 -49.649721
-1.054053 -25.109942 -49.649721
-1.054053 -25.109942 -49.649721
-1.054053 -25.109942 -49.649721
-1.126726 -29.985470 -49.027525
-1.126726 -29.985470 -49.027525
-1.126726 -29.985470 -49.027525
-1.126726 -29.985470 -49.027525
-1.126726 -29.985470 -49.027525
-1.126726 -29.985470 -49.027525
-1.126726 -29.985470 -49.027525
-1.069465 -30.831576 -48.471319
-1.069465 -30.831576 -48.471319
-1.069465 -30.831576 -48.471319
-1.069465 -30.831576 -48.471319
-1.069465 -30.831576 -48.471319
-1.069465 -30.831576 -48.471319
-1.069465 -30.831576 -48.471319
-1.069465 -30.831576 -48.471319
-1.050353 -30.597420 -48.082828
-1.050353 -30.597420 -48.082828
-1.050353 -30.597420 -48.082828
-1.050353 -30.597420 -48.082828
-1.050353 -30.597420 -48.082828
-1.050353 -30.597420 -48.082828
-1.050353 -30.597420 -48.082828
-1.050353 -30.597420 -48.082828
-1.106007 -30.491522 -47.822847
-1.106007 -30.491522 -47.822847
-1.106007 -30.491522 -47.822847
-1.106007 -30.491522 -47.822847
-1.106007 -30.491522 -47.822847
-1.106007 -30.491522 -47.822847
-1.106007 -30.491522 -47.822847
-1.254360 -27.371790 -47.736346
-1.254360 -27.371790 -47.736346
-1.254360 -27.371790 -47.736346
-1.254360 -27.371790 -47.736346
-1.254360 -27.371790 -47.736346
-1.254360 -27.371790 -47.736346
-1.254360 -27.371790 -47.736346
-1.254360 -27.371790 -47.736346
-1.254360 -27.371790 -47.736346
-1.031780 -13.707173 -48.826109
-1.031780 -13.707173 -48.826109
-1.031780 -13.707173 -48.826109
-1.031780 -13.707173 -48.826109
-1.031780 -13.707173 -48.826109
-1.031780 -13.707173 -48.826109
-1.031780 -13.707173 -48.826109
0.546065 -7.179327 -49.991527
0.546065 -7.179327 -49.991527
0.546065 -7.179327 -49.991527
0.546065 -7.179327 -49.991527
0.546065 -7.179327 -49.991527
0.546065 -7.179327 -49.991527
0.546065 -7.179327 -49.991527
0.693280 -5.929559 -51.022825
0.693280 -5.929559 -51.022825
0.693280 -5.929559 -51.022825
0.693280 -5.929559 -51.022825
0.693280 -5.929559 -51.022825
0.693280 -5.929559 -51.022825
0.693280 -5.929559 -51.022825
0.693280 -5.929559 -51.022825
0.698918 -5.865483 -51.804123
0.698918 -5.865483 -51.804123
0.698918 -5.865483 -51.804123
0.698918 -5.865483 -51.804123
0.698918 -5.865483 -51.804123
0.698918 -5.865483 -51.804123
0.698918 -5.865483 -51.804123
0.698918 -5.865483 -51.804123
0.715060 -5.835818 -52.367207
0.715060 -5.835818 -52.367207
0.715060 -5.835818 -52.367207
0.715060 -5.835818 -52.367207
0.715060 -5.835818 -52.367207
0.715060 -5.835818 -52.367207
0.715060 -5.835818 -52.367207
0.715060 -5.835818 -52.367207
0.736453 -5.838352 -52.774266
0.736453 -5.838352 -52.774266
0.736453 -5.838352 -52.774266
0.736453 -5.838352 -52.774266
0.736453 -5.838352 -52.774266
0.736453 -5.838352 -52.774266
0.736453 -5.838352 -52.774266
0.736453 -5.838352 -52.774266
0.760674 -5.856856 -53.050305
0.760674 -5.856856 -53.050305
0.760674 -5.856856 -53.050305
0.760674 -5.856856 -53.050305
0.760674 -5.856856 -53.050305
0.760674 -5.856856 -53.050305
0.760674 -5.856856 -53.050305
0.760674 -5.856856 -53.050305
0.805629 -5.768242 -53.273840
0.805629 -5.768242 -53.273840
0.805629 -5.768242 -53.273840
0.805629 -5.768242 -53.273840
0.805629 -5.768242 -53.273840
0.805629 -5.768242 -53.273840
0.805629 -5.768242 -53.273840
0.827400 -5.718763 -53.440110
0.827400 -5.718763 -53.440110
0.827400 -5.718763 -53.440110
0.827400 -5.718763 -53.440110
0.827400 -5.718763 -53.440110
0.827400 -5.718763 -53.440110
0.827400 -5.718763 -53.440110
0.827400 -5.718763 -53.440110
0.865253 -5.655958 -53.593404
0.865253 -5.655958 -53.593404
0.865253 -5.655958 -53.593404
0.865253 -5.655958 -53.593404
0.865253 -5.655958 -53.593404
0.865253 -5.655958 -53.593404
0.865253 -5.655958 -53.593404
0.865253 -5.655958 -53.593404
0.883804 -5.629294 -53.705890
0.883804 -5.629294 -53.705890
0.883804 -5.629294 -53.705890
0.883804 -5.629294 -53.705890
0.883804 -5.629294 -53.705890
0.883804 -5.629294 -53.705890
0.883804 -5.629294 -53.705890
0.902458 -5.590147 -53.792179
0.902458 -5.590147 -53.792179
0.902458 -5.590147 -53.792179
0.902458 -5.590147 -53.792179
0.902458 -5.590147 -53.792179
0.902458 -5.590147 -53.792179
0.902458 -5.590147 -53.792179
0.902458 -5.590147 -53.792179
0.905684 -5.582744 -53.856882
0.905684 -5.582744 -53.856882
0.905684 -5.582744 -53.856882
0.905684 -5.582744 -53.856882
0.905684 -5.582744 -53.856882
0.905684 -5.582744 -53.856882
0.905684 -5.582744 -53.856882
0.942937 -5.422440 -53.876430
0.942937 -5.422440 -53.876430
0.942937 -5.422440 -53.876430
0.942937 -5.422440 -53.876430
0.942937 -5.422440 -53.876430
0.942937 -5.422440 -53.876430
0.942937 -5.422440 -53.876430
0.942937 -5.422440 -53.876430
0.941910 -5.464939 -53.835647
0.941910 -5.464939 -53.835647
0.941910 -5.464939 -53.835647
0.941910 -5.464939 -53.835647
0.941910 -5.464939 -53.835647
0.941910 -5.464939 -53.835647
0.941910 -5.464939 -53.835647
0.941910 -5.464939 -53.835647
0.851975 -6.220421 -53.850284
0.851975 -6.220421 -53.850284
0.851975 -6.220421 -53.850284
0.851975 -6.220421 -53.850284
0.851975 -6.220421 -53.850284
0.851975 -6.220421 -53.850284
0.851975 -6.220421 -53.850284
0.851975 -6.220421 -53.850284
-1.463512 -21.170549 -52.711988
-1.463512 -21.170549 -52.711988
-1.463512 -21.170549 -52.711988
-1.463512 -21.170549 -52.711988
-1.463512 -21.170549 -52.711988
-1.463512 -21.170549 -52.711988
-1.463512 -21.170549 -52.711988
-1.080496 -26.156221 -51.366974
-1.080496 -26.156221 -51.366974
-1.080496 -26.156221 -51.366974
-1.080496 -26.156221 -51.366974
-1.080496 -26.156221 -51.366974
-1.080496 -26.156221 -51.366974
-1.080496 -26.156221 -51.366974
-1.080496 -26.156221 -51.366974
-0.893499 -26.251132 -50.446357
-0.893499 -26.251132 -50.446357
-0.893499 -26.251132 -50.446357
-0.893499 -26.251132 -50.446357
-0.893499 -26.251132 -50.446357
-0.893499 -26.251132 -50.446357
-0.893499 -26.251132 -50.446357
-0.898650 -26.357055 -49.831998
-0.898650 -26.357055 -49.831998
-0.898650 -26.357055 -49.831998
-0.898650 -26.357055 -49.831998
-0.898650 -26.357055 -49.831998
-0.898650 -26.357055 -49.831998
-0.898650 -26.357055 -49.831998
-0.898650 -26.357055 -49.831998
-0.940346 -25.867938 -49.357573
-0.940346 -25.867938 -49.357573
-0.940346 -25.867938 -49.357573
-0.940346 -25.867938 -49.357573
-0.940346 -25.867938 -49.357573
-0.940346 -25.867938 -49.357573
-0.940346 -25.867938 -49.357573
-0.940346 -25.867938 -49.357573
-1.111275 -15.184294 -49.766842
-1.111275 -15.184294 -49.766842
-1.111275 -15.184294 -49.766842
-1.111275 -15.184294 -49.766842
-1.111275 -15.184294 -49.766842
-1.111275 -15.184294 -49.766842
-1.111275 -15.184294 -49.766842
0.680741 -7.778333 -51.708477
0.680741 -7.778333 -51.708477
0.680741 -7.778333 -51.708477
0.680741 -7.778333 -51.708477
0.680741 -7.778333 -51.708477
0.680741 -7.778333 -51.708477
0.680741 -7.778333 -51.708477
0.680741 -7.778333 -51.708477
0.769308 -6.466449 -52.362214
0.769308 -6.466449 -52.362214
0.769308 -6.466449 -52.362214
0.769308 -6.466449 -52.362214
0.769308 -6.466449 -52.362214
0.769308 -6.466449 -52.362214
0.769308 -6.466449 -52.362214
0.769308 -6.466449 -52.362214
0.743486 -6.272692 -52.881859
0.743486 -6.272692 -52.881859
0.743486 -6.272692 -52.881859
0.743486 -6.272692 -52.881859
0.743486 -6.272692 -52.881859
0.743486 -6.272692 -52.881859
0.743486 -6.272692 -52.881859
0.743486 -6.272692 -52.881859
0.825642 -5.961251 -53.236769
0.825642 -5.961251 -53.236769
0.825642 -5.961251 -53.236769
0.825642 -5.961251 -53.236769
0.825642 -5.961251 -53.236769
0.825642 -5.961251 -53.236769
0.825642 -5.961251 -53.236769
0.825642 -5.961251 -53.236769
0.825642 -5.961251 -53.236769
0.921955 -5.678574 -53.515055
0.921955 -5.678574 -53.515055
0.921955 -5.678574 -53.515055
0.921955 -5.678574 -53.515055
0.921955 -5.678574 -53.515055
0.921955 -5.678574 -53.515055
0.921955 -5.678574 -53.515055
0.921955 -5.678574 -53.515055
0.931196 -5.533781 -53.692582
0.931196 -5.533781 -53.692582
0.931196 -5.533781 -53.692582
0.931196 -5.533781 -53.692582
0.931196 -5.533781 -53.692582
0.931196 -5.533781 -53.692582
0.931196 -5.533781 -53.692582
1.013542 -5.292872 -53.840438
1.013542 -5.292872 -53.840438
1.013542 -5.292872 -53.840438
1.013542 -5.292872 -53.840438
1.013542 -5.292872 -53.840438
1.013542 -5.292872 -53.840438
1.013542 -5.292872 -53.840438
1.013542 -5.292872 -53.840438
1.013542 -5.292872 -53.840438
1.184710 -4.794164 -53.911035
1.184710 -4.794164 -53.911035
1.184710 -4.794164 -53.911035
1.184710 -4.794164 -53.911035
1.184710 -4.794164 -53.911035
1.184710 -4.794164 -53.911035
1.184710 -4.794164 -53.911035
1.184573 -4.816447 -53.970492
1.184573 -4.816447 -53.970492
1.184573 -4.816447 -53.970492
1.184573 -4.816447 -53.970492
1.184573 -4.816447 -53.970492
1.184573 -4.816447 -53.970492
1.184573 -4.816447 -53.970492
1.270682 -4.525321 -54.302500
1.270682 -4.525321 -54.302500
1.270682 -4.525321 -54.302500
1.270682 -4.525321 -54.302500
1.270682 -4.525321 -54.302500
1.270682 -4.525321 -54.302500
1.270682 -4.525321 -54.302500
1.130255 -4.976428 -54.360885
1.130255 -4.976428 -54.360885
1.130255 -4.976428 -54.360885
1.130255 -4.976428 -54.360885
1.130255 -4.976428 -54.360885
1.130255 -4.976428 -54.360885
1.130255 -4.976428 -54.360885
1.140548 -4.966953 -54.386037
1.140548 -4.966953 -54.386037
1.140548 -4.966953 -54.386037
1.140548 -4.966953 -54.386037
1.140548 -4.966953 -54.386037
1.140548 -4.966953 -54.386037
1.140548 -4.966953 -54.386037
1.140548 -4.966953 -54.386037
1.149128 -4.947567 -54.408887
1.149128 -4.947567 -54.408887
1.149128 -4.947567 -54.408887
1.149128 -4.947567 -54.408887
1.149128 -4.947567 -54.408887
1.149128 -4.947567 -54.408887
1.149128 -4.947567 -54.408887
1.151139 -4.918067 -54.434470
1.151139 -4.918067 -54.434470
1.151139 -4.918067 -54.434470
1.151139 -4.918067 -54.434470
1.151139 -4.918067 -54.434470
1.151139 -4.918067 -54.434470
1.151139 -4.918067 -54.434470
1.153980 -4.930292 -54.447468
1.153980 -4.930292 -54.447468
1.153980 -4.930292 -54.447468
1.153980 -4.930292 -54.447468
1.153980 -4.930292 -54.447468
1.153980 -4.930292 -54.447468
1.153980 -4.930292 -54.447468
1.153980 -4.930292 -54.447468
1.153980 -4.930292 -54.447468
1.139036 -4.956563 -54.450394
1.139036 -4.956563 -54.450394
1.139036 -4.956563 -54.450394
1.139036 -4.956563 -54.450394
1.139036 -4.956563 -54.450394
1.139036 -4.956563 -54.450394
1.139036 -4.956563 -54.450394
1.144408 -4.948335 -54.460677
1.144408 -4.948335 -54.460677
1.144408 -4.948335 -54.460677
1.144408 -4.948335 -54.460677
1.144408 -4.948335 -54.460677
1.144408 -4.948335 -54.460677
1.144408 -4.948335 -54.460677
1.157733 -4.942642 -54.437687
1.157733 -4.942642 -54.437687
1.157733 -4.942642 -54.437687
1.157733 -4.942642 -54.437687
1.157733 -4.942642 -54.437687
1.157733 -4.942642 -54.437687
1.157733 -4.942642 -54.437687
1.152462 -4.974284 -54.458813
1.152462 -4.974284 -54.458813
1.152462 -4.974284 -54.458813
1.152462 -4.974284 -54.458813
1.152462 -4.974284 -54.458813
1.152462 -4.974284 -54.458813
1.152462 -4.974284 -54.458813
1.149722 -4.963027 -54.141632
1.149722 -4.963027 -54.141632
1.149722 -4.963027 -54.141632
1.149722 -4.963027 -54.141632
1.149722 -4.963027 -54.141632
1.149722 -4.963027 -54.141632
1.149722 -4.963027 -54.141632
1.149722 -4.963027 -54.141632
-1.184698 -21.988892 -53.213802
-1.184698 -21.988892 -53.213802
-1.184698 -21.988892 -53.213802
-1.184698 -21.988892 -53.213802
-1.184698 -21.988892 -53.213802
-1.184698 -21.988892 -53.213802
-1.184698 -21.988892 -53.213802
-0.507133 -33.764572 -51.077087
-0.507133 -33.764572 -51.077087
-0.507133 -33.764572 -51.077087
-0.507133 -33.764572 -51.077087
-0.507133 -33.764572 -51.077087
-0.507133 -33.764572 -51.077087
-0.507133 -33.764572 -51.077087
-0.143405 -33.773933 -50.090709
-0.143405 -33.773933 -50.090709
-0.143405 -33.773933 -50.090709
-0.143405 -33.773933 -50.090709
-0.143405 -33.773933 -50.090709
-0.143405 -33.773933 -50.090709
-0.143405 -33.773933 -50.090709
-0.151907 -33.054332 -49.135718
-0.151907 -33.054332 -49.135718
-0.151907 -33.054332 -49.135718
-0.151907 -33.054332 -49.135718
-0.151907 -33.054332 -49.135718
-0.151907 -33.054332 -49.135718
-0.151907 -33.054332 -49.135718
-0.151907 -33.054332 -49.135718
-0.151907 -33.054332 -49.135718
-0.465078 -21.871931 -49.124664
-0.465078 -21.871931 -49.124664
-0.465078 -21.871931 -49.124664
-0.465078 -21.871931 -49.124664
-0.465078 -21.871931 -49.124664
-0.465078 -21.871931 -49.124664
-0.465078 -21.871931 -49.124664
-0.503779 -13.131460 -50.157621
-0.503779 -13.131460 -50.157621
-0.503779 -13.131460 -50.157621
-0.503779 -13.131460 -50.157621
-0.503779 -13.131460 -50.157621
-0.503779 -13.131460 -50.157621
-0.503779 -13.131460 -50.157621
0.720191 -7.717298 -51.552171
0.720191 -7.717298 -51.552171
0.720191 -7.717298 -51.552171
0.720191 -7.717298 -51.552171
0.720191 -7.717298 -51.552171
0.720191 -7.717298 -51.552171
0.720191 -7.717298 -51.552171
0.720191 -7.717298 -51.552171
0.675015 -6.986991 -52.263026
0.675015 -6.986991 -52.263026
0.675015 -6.986991 -52.263026
0.675015 -6.986991 -52.263026
0.675015 -6.986991 -52.263026
0.675015 -6.986991 -52.263026
0.675015 -6.986991 -52.263026
0.610721 -6.900341 -52.812717
0.610721 -6.900341 -52.812717
0.610721 -6.900341 -52.812717
0.610721 -6.900341 -52.812717
0.610721 -6.900341 -52.812717
0.610721 -6.900341 -52.812717
0.610721 -6.900341 -52.812717
0.610721 -6.900341 -52.812717
0.588265 -6.872400 -53.198639
0.588265 -6.872400 -53.198639
0.588265 -6.872400 -53.198639
0.588265 -6.872400 -53.198639
0.588265 -6.872400 -53.198639
0.588265 -6.872400 -53.198639
0.588265 -6.872400 -53.198639
0.596183 -6.883250 -53.449891
0.596183 -6.883250 -53.449891
0.596183 -6.883250 -53.449891
0.596183 -6.883250 -53.449891
0.596183 -6.883250 -53.449891
0.596183 -6.883250 -53.449891
0.596183 -6.883250 -53.449891
0.596183 -6.883250 -53.449891
0.644767 -6.902722 -53.636297
0.644767 -6.902722 -53.636297
0.644767 -6.902722 -53.636297
0.644767 -6.902722 -53.636297
0.644767 -6.902722 -53.636297
0.644767 -6.902722 -53.636297
0.669256 -6.925675 -53.763793
0.669256 -6.925675 -53.763793
0.669256 -6.925675 -53.763793
0.669256 -6.925675 -53.763793
0.669256 -6.925675 -53.763793
0.669256 -6.925675 -53.763793
0.669256 -6.925675 -53.763793
0.669256 -6.925675 -53.763793
0.689733 -6.834924 -53.837518
0.689733 -6.834924 -53.837518
0.689733 -6.834924 -53.837518
0.689733 -6.834924 -53.837518
0.689733 -6.834924 -53.837518
0.689733 -6.834924 -53.837518
0.689733 -6.834924 -53.837518
0.703540 -6.798431 -53.893522
0.703540 -6.798431 -53.893522
0.703540 -6.798431 -53.893522
0.703540 -6.798431 -53.893522
0.703540 -6.798431 -53.893522
0.703540 -6.798431 -53.893522
0.703540 -6.798431 -53.893522
0.703540 -6.798431 -53.893522
0.679606 -7.131973 -53.930368
0.679606 -7.131973 -53.930368
0.679606 -7.131973 -53.930368
0.679606 -7.131973 -53.930368
0.679606 -7.131973 -53.930368
0.679606 -7.131973 -53.930368
0.679606 -7.131973 -53.930368
0.679021 -7.150251 -53.962702
0.679021 -7.150251 -53.962702
0.679021 -7.150251 -53.962702
0.679021 -7.150251 -53.962702
0.679021 -7.150251 -53.962702
0.679021 -7.150251 -53.962702
0.679021 -7.150251 -53.962702
0.679021 -7.150251 -53.962702
0.696034 -7.102817 -53.956626
0.696034 -7.102817 -53.956626
0.696034 -7.102817 -53.956626
0.696034 -7.102817 -53.956626
0.696034 -7.102817 -53.956626
0.696034 -7.102817 -53.956626
0.696034 -7.102817 -53.956626
0.696034 -7.102817 -53.956626
0.695180 -7.097765 -53.987776
0.695180 -7.097765 -53.987776
0.695180 -7.097765 -53.987776
0.695180 -7.097765 -53.987776
0.695180 -7.097765 -53.987776
0.695180 -7.097765 -53.987776
0.695180 -7.097765 -53.987776
0.695018 -7.107689 -53.945626
0.695018 -7.107689 -53.945626
0.695018 -7.107689 -53.945626
0.695018 -7.107689 -53.945626
0.695018 -7.107689 -53.945626
0.695018 -7.107689 -53.945626
0.695018 -7.107689 -53.945626
0.695018 -7.107689 -53.945626
0.695683 -7.089189 -53.919245
0.695683 -7.089189 -53.919245
0.695683 -7.089189 -53.919245
0.695683 -7.089189 -53.919245
0.695683 -7.089189 -53.919245
0.695683 -7.089189 -53.919245
0.695683 -7.089189 -53.919245
0.701738 -7.105547 -53.954379
0.701738 -7.105547 -53.954379
0.701738 -7.105547 -53.954379
0.701738 -7.105547 -53.954379
0.701738 -7.105547 -53.954379
0.701738 -7.105547 -53.954379
0.701738 -7.105547 -53.954379
0.706823 -7.107296 -53.928640
0.706823 -7.107296 -53.928640
0.706823 -7.107296 -53.928640
0.706823 -7.107296 -53.928640
0.706823 -7.107296 -53.928640
0.706823 -7.107296 -53.928640
0.704424 -7.100184 -53.945746
0.704424 -7.100184 -53.945746
0.704424 -7.100184 -53.945746
0.704424 -7.100184 -53.945746
0.704424 -7.100184 -53.945746
0.704424 -7.100184 -53.945746
0.701322 -7.090797 -53.962200
0.701322 -7.090797 -53.962200
0.701322 -7.090797 -53.962200
0.701322 -7.090797 -53.962200
0.701322 -7.090797 -53.962200
0.701322 -7.090797 -53.962200
0.701322 -7.090797 -53.962200
0.701322 -7.090797 -53.962200
0.677332 -7.309276 -53.971779
0.677332 -7.309276 -53.971779
0.677332 -7.309276 -53.971779
0.677332 -7.309276 -53.971779
0.677332 -7.309276 -53.971779
0.677332 -7.309276 -53.971779
0.677332 -7.309276 -53.971779
0.677332 -7.309276 -53.971779
0.671850 -7.346331 -53.950964
0.671850 -7.346331 -53.950964
0.671850 -7.346331 -53.950964
0.671850 -7.346331 -53.950964
0.671850 -7.346331 -53.950964
0.671850 -7.346331 -53.950964
0.671850 -7.346331 -53.950964
0.671850 -7.346331 -53.950964
0.683895 -7.287350 -53.949158
0.683895 -7.287350 -53.949158
0.683895 -7.287350 -53.949158
0.683895 -7.287350 -53.949158
0.683895 -7.287350 -53.949158
0.683895 -7.287350 -53.949158
0.683895 -7.287350 -53.949158
0.683895 -7.287350 -53.949158
0.681538 -7.289624 -53.936559
0.681538 -7.289624 -53.936559
0.681538 -7.289624 -53.936559
0.681538 -7.289624 -53.936559
0.681538 -7.289624 -53.936559
0.681538 -7.289624 -53.936559
0.681538 -7.289624 -53.936559
0.681538 -7.289624 -53.936559
0.564536 -7.938378 -53.912691
0.564536 -7.938378 -53.912691
0.564536 -7.938378 -53.912691
0.564536 -7.938378 -53.912691
0.564536 -7.938378 -53.912691
0.564536 -7.938378 -53.912691
0.564536 -7.938378 -53.912691
0.564536 -7.938378 -53.912691
-1.202881 -15.199631 -53.483786
-1.202881 -15.199631 -53.483786
-1.202881 -15.199631 -53.483786
-1.202881 -15.199631 -53.483786
-1.202881 -15.199631 -53.483786
-1.202881 -15.199631 -53.483786
-1.202881 -15.199631 -53.483786
-1.202881 -15.199631 -53.483786
-0.743754 -35.890049 -53.111124
-0.743754 -35.890049 -53.111124
-0.743754 -35.890049 -53.111124
-0.743754 -35.890049 -53.111124
-0.743754 -35.890049 -53.111124
-0.743754 -35.890049 -53.111124
-0.743754 -35.890049 -53.111124
-0.743754 -35.890049 -53.111124
0.027216 -41.227281 -52.011949
0.027216 -41.227281 -52.011949
0.027216 -41.227281 -52.011949
0.027216 -41.227281 -52.011949
0.027216 -41.227281 -52.011949
0.027216 -41.227281 -52.011949
0.027216 -41.227281 -52.011949
0.027216 -41.227281 -52.011949
0.314694 -40.084331 -50.823424
0.314694 -40.084331 -50.823424
0.314694 -40.084331 -50.823424
0.314694 -40.084331 -50.823424
0.314694 -40.084331 -50.823424
0.314694 -40.084331 -50.823424
0.314694 -40.084331 -50.823424
0.314694 -40.084331 -50.823424
0.170372 -29.592751 -50.222583
0.170372 -29.592751 -50.222583
0.170372 -29.592751 -50.222583
0.170372 -29.592751 -50.222583
0.170372 -29.592751 -50.222583
0.170372 -29.592751 -50.222583
0.170372 -29.592751 -50.222583
0.170372 -29.592751 -50.222583
0.170372 -29.592751 -50.222583
0.002054 -13.627447 -50.933759
0.002054 -13.627447 -50.933759
0.002054 -13.627447 -50.933759
0.002054 -13.627447 -50.933759
0.002054 -13.627447 -50.933759
0.002054 -13.627447 -50.933759
0.002054 -13.627447 -50.933759
1.004159 -7.742831 -51.891662
1.004159 -7.742831 -51.891662
1.004159 -7.742831 -51.891662
1.004159 -7.742831 -51.891662
1.004159 -7.742831 -51.891662
1.004159 -7.742831 -51.891662
1.004159 -7.742831 -51.891662
0.888980 -6.879929 -52.743554
0.888980 -6.879929 -52.743554
0.888980 -6.879929 -52.743554
0.888980 -6.879929 -52.743554
0.888980 -6.879929 -52.743554
0.888980 -6.879929 -52.743554
0.888980 -6.879929 -52.743554
0.888980 -6.879929 -52.743554
0.718156 -7.091432 -53.386555
0.718156 -7.091432 -53.386555
0.718156 -7.091432 -53.386555
0.718156 -7.091432 -53.386555
0.718156 -7.091432 -53.386555
0.718156 -7.091432 -53.386555
0.718156 -7.091432 -53.386555
0.718156 -7.091432 -53.386555
0.679047 -6.978221 -53.818848
0.679047 -6.978221 -53.818848
0.679047 -6.978221 -53.818848
0.679047 -6.978221 -53.818848
0.679047 -6.978221 -53.818848
0.679047 -6.978221 -53.818848
0.679047 -6.978221 -53.818848
0.679047 -6.978221 -53.818848
0.679047 -6.978221 -53.818848
0.670724 -6.910086 -54.151331
0.670724 -6.910086 -54.151331
0.670724 -6.910086 -54.151331
0.670724 -6.910086 -54.151331
0.670724 -6.910086 -54.151331
0.670724 -6.910086 -54.151331
0.670724 -6.910086 -54.151331
0.678301 -6.833424 -54.386191
0.678301 -6.833424 -54.386191
0.678301 -6.833424 -54.386191
0.678301 -6.833424 -54.386191
0.678301 -6.833424 -54.386191
0.678301 -6.833424 -54.386191
0.678301 -6.833424 -54.386191
0.691213 -6.833618 -54.527613
0.691213 -6.833618 -54.527613
0.691213 -6.833618 -54.527613
0.691213 -6.833618 -54.527613
0.691213 -6.833618 -54.527613
0.691213 -6.833618 -54.527613
0.691213 -6.833618 -54.527613
0.691213 -6.833618 -54.527613
0.696638 -6.804341 -54.651175
0.696638 -6.804341 -54.651175
0.696638 -6.804341 -54.651175
0.696638 -6.804341 -54.651175
0.696638 -6.804341 -54.651175
0.696638 -6.804341 -54.651175
0.696638 -6.804341 -54.651175
0.709509 -6.797085 -54.710543
0.709509 -6.797085 -54.710543
0.709509 -6.797085 -54.710543
0.709509 -6.797085 -54.710543
0.709509 -6.797085 -54.710543
0.709509 -6.797085 -54.710543
0.709509 -6.797085 -54.710543
0.709509 -6.797085 -54.710543
0.715380 -6.808540 -54.752975
0.715380 -6.808540 -54.752975
0.715380 -6.808540 -54.752975
0.715380 -6.808540 -54.752975
0.715380 -6.808540 -54.752975
0.715380 -6.808540 -54.752975
0.715380 -6.808540 -54.752975
0.709889 -6.779347 -54.789653
0.709889 -6.779347 -54.789653
0.709889 -6.779347 -54.789653
0.709889 -6.779347 -54.789653
0.709889 -6.779347 -54.789653
0.709889 -6.779347 -54.789653
0.709889 -6.779347 -54.789653
0.721317 -6.726145 -54.808334
0.721317 -6.726145 -54.808334
0.721317 -6.726145 -54.808334
0.721317 -6.726145 -54.808334
0.721317 -6.726145 -54.808334
0.721317 -6.726145 -54.808334
0.721317 -6.726145 -54.808334
0.721317 -6.726145 -54.808334
0.680510 -6.952670 -54.855759
0.680510 -6.952670 -54.855759
0.680510 -6.952670 -54.855759
0.680510 -6.952670 -54.855759
0.680510 -6.952670 -54.855759
0.680510 -6.952670 -54.855759
0.680510 -6.952670 -54.855759
0.680510 -6.952670 -54.855759
0.691519 -6.933833 -54.865936
0.691519 -6.933833 -54.865936
0.691519 -6.933833 -54.865936
0.691519 -6.933833 -54.865936
0.691519 -6.933833 -54.865936
0.691519 -6.933833 -54.865936
0.691519 -6.933833 -54.865936
0.698925 -6.897702 -54.893769
0.698925 -6.897702 -54.893769
0.698925 -6.897702 -54.893769
0.698925 -6.897702 -54.893769
0.698925 -6.897702 -54.893769
0.698925 -6.897702 -54.893769
0.698925 -6.897702 -54.893769
0.698925 -6.897702 -54.893769
0.703648 -6.885189 -54.922637
0.703648 -6.885189 -54.922637
0.703648 -6.885189 -54.922637
0.703648 -6.885189 -54.922637
0.703648 -6.885189 -54.922637
0.703648 -6.885189 -54.922637
0.703648 -6.885189 -54.922637
0.703648 -6.885189 -54.922637
0.703648 -6.885189 -54.922637
0.707906 -6.873928 -54.947728
0.707906 -6.873928 -54.947728
0.707906 -6.873928 -54.947728
0.707906 -6.873928 -54.947728
0.707906 -6.873928 -54.947728
0.707906 -6.873928 -54.947728
0.707906 -6.873928 -54.947728
0.707906 -6.873928 -54.947728
0.705209 -6.888071 -54.962584
0.705209 -6.888071 -54.962584
0.705209 -6.888071 -54.962584
0.705209 -6.888071 -54.962584
0.705209 -6.888071 -54.962584
0.705209 -6.888071 -54.962584
0.705209 -6.888071 -54.962584
0.709347 -6.876933 -54.981834
0.709347 -6.876933 -54.981834
0.709347 -6.876933 -54.981834
0.709347 -6.876933 -54.981834
0.709347 -6.876933 -54.981834
0.709347 -6.876933 -54.981834
0.709347 -6.876933 -54.981834
0.709347 -6.876933 -54.981834
0.709755 -6.859957 -54.995362
0.709755 -6.859957 -54.995362
0.709755 -6.859957 -54.995362
0.709755 -6.859957 -54.995362
0.709755 -6.859957 -54.995362
0.709755 -6.859957 -54.995362
0.709755 -6.859957 -54.995362
0.714978 -6.888455 -54.979328
0.714978 -6.888455 -54.979328
0.714978 -6.88