-0.264814 -16.810672 17.193558
-0.264814 -16.810672 17.193558
-0.267239 -17.212833 17.362414
-0.267239 -17.212833 17.362414
-0.267239 -17.212833 17.362414
-0.267239 -17.212833 17.362414
-0.267239 -17.212833 17.362414
-0.267239 -17.212833 17.362414
-0.267239 -17.212833 17.362414
-0.267239 -17.212833 17.362414
-0.271228 -17.438438 17.480015
-0.271228 -17.438438 17.480015
-0.271228 -17.438438 17.480015
-0.271228 -17.438438 17.480015
-0.271228 -17.438438 17.480015
-0.271228 -17.438438 17.480015
-0.271228 -17.438438 17.480015
-0.271228 -17.438438 17.480015
-0.279204 -17.585632 17.578124
-0.279204 -17.585632 17.578124
-0.279204 -17.585632 17.578124
-0.279204 -17.585632 17.578124
-0.279204 -17.585632 17.578124
-0.279204 -17.585632 17.578124
-0.279204 -17.585632 17.578124
-0.279204 -17.585632 17.578124
-0.297902 -17.675648 17.651154
-0.297902 -17.675648 17.651154
-0.297902 -17.675648 17.651154
-0.297902 -17.675648 17.651154
-0.297902 -17.675648 17.651154
-0.297902 -17.675648 17.651154
-0.297902 -17.675648 17.651154
-0.297902 -17.675648 17.651154
-0.297278 -17.749568 17.712455
-0.297278 -17.749568 17.712455
-0.297278 -17.749568 17.712455
-0.297278 -17.749568 17.712455
-0.297278 -17.749568 17.712455
-0.297278 -17.749568 17.712455
-0.297278 -17.749568 17.712455
-0.297278 -17.749568 17.712455
-0.319848 -17.800960 17.745620
-0.319848 -17.800960 17.745620
-0.319848 -17.800960 17.745620
-0.319848 -17.800960 17.745620
-0.319848 -17.800960 17.745620
-0.319848 -17.800960 17.745620
-0.319848 -17.800960 17.745620
-0.319848 -17.800960 17.745620
-0.321387 -17.817148 17.782280
-0.321387 -17.817148 17.782280
-0.321387 -17.817148 17.782280
-0.321387 -17.817148 17.782280
-0.321387 -17.817148 17.782280
-0.321387 -17.817148 17.782280
-0.321387 -17.817148 17.782280
-0.341345 -17.829942 17.809428
-0.341345 -17.829942 17.809428
-0.341345 -17.829942 17.809428
-0.341345 -17.829942 17.809428
-0.341345 -17.829942 17.809428
-0.341345 -17.829942 17.809428
-0.341345 -17.829942 17.809428
-0.341345 -17.829942 17.809428
-0.354189 -17.841376 17.825457
-0.354189 -17.841376 17.825457
-0.354189 -17.841376 17.825457
-0.354189 -17.841376 17.825457
-0.354189 -17.841376 17.825457
-0.354189 -17.841376 17.825457
-0.354189 -17.841376 17.825457
-0.354189 -17.841376 17.825457
-0.361418 -17.845408 17.836431
-0.361418 -17.845408 17.836431
-0.361418 -17.845408 17.836431
-0.361418 -17.845408 17.836431
-0.361418 -17.845408 17.836431
-0.361418 -17.845408 17.836431
-0.361418 -17.845408 17.836431
-0.361418 -17.845408 17.836431
-0.364844 -17.845531 17.836018
-0.364844 -17.845531 17.836018
-0.364844 -17.845531 17.836018
-0.364844 -17.845531 17.836018
-0.364844 -17.845531 17.836018
-0.364844 -17.845531 17.836018
-0.364844 -17.845531 17.836018
-0.369453 -17.853088 17.838767
-0.369453 -17.853088 17.838767
-0.369453 -17.853088 17.838767
-0.369453 -17.853088 17.838767
-0.369453 -17.853088 17.838767
-0.369453 -17.853088 17.838767
-0.369453 -17.853088 17.838767
-0.369453 -17.853088 17.838767
-0.376218 -17.859422 17.848377
-0.376218 -17.859422 17.848377
-0.376218 -17.859422 17.848377
-0.376218 -17.859422 17.848377
-0.376218 -17.859422 17.848377
-0.376218 -17.859422 17.848377
-0.376218 -17.859422 17.848377
-0.376218 -17.859422 17.848377
-0.376135 -17.846938 17.848539
-0.376135 -17.846938 17.848539
-0.376135 -17.846938 17.848539
-0.376135 -17.846938 17.848539
-0.376135 -17.846938 17.848539
-0.376135 -17.846938 17.848539
-0.376135 -17.846938 17.848539
-0.376135 -17.846938 17.848539
-0.378711 -17.843620 17.853495
-0.378711 -17.843620 17.853495
-0.378711 -17.843620 17.853495
-0.378711 -17.843620 17.853495
-0.378711 -17.843620 17.853495
-0.378711 -17.843620 17.853495
-0.378711 -17.843620 17.853495
-0.378711 -17.843620 17.853495
-0.378659 -17.845666 17.856211
-0.378659 -17.845666 17.856211
-0.378659 -17.845666 17.856211
-0.378659 -17.845666 17.856211
-0.378659 -17.845666 17.856211
-0.378659 -17.845666 17.856211
-0.378659 -17.845666 17.856211
-0.392884 -17.855072 17.868917
-0.392884 -17.855072 17.868917
-0.392884 -17.855072 17.868917
-0.392884 -17.855072 17.868917
-0.392884 -17.855072 17.868917
-0.392884 -17.855072 17.868917
-0.392884 -17.855072 17.868917
-0.392884 -17.855072 17.868917
-0.392884 -17.855072 17.868917
-0.391896 -17.856367 17.874870
-0.391896 -17.856367 17.874870
-0.391896 -17.856367 17.874870
-0.391896 -17.856367 17.874870
-0.391896 -17.856367 17.874870
-0.391896 -17.856367 17.874870
-0.391896 -17.856367 17.874870
-0.391896 -17.856367 17.874870
-0.392841 -17.856797 17.887622
-0.392841 -17.856797 17.887622
-0.392841 -17.856797 17.887622
-0.392841 -17.856797 17.887622
-0.392841 -17.856797 17.887622
-0.392841 -17.856797 17.887622
-0.392841 -17.856797 17.887622
-0.392841 -17.856797 17.887622
-0.388210 -17.851058 17.908117
-0.388210 -17.851058 17.908117
-0.388210 -17.851058 17.908117
-0.388210 -17.851058 17.908117
-0.388210 -17.851058 17.908117
-0.388210 -17.851058 17.908117
-0.388210 -17.851058 17.908117
-0.851740 -18.116440 18.223324
-0.851740 -18.116440 18.223324
-0.851740 -18.116440 18.223324
-0.851740 -18.116440 18.223324
-0.851740 -18.116440 18.223324
-0.851740 -18.116440 18.223324
-0.851740 -18.116440 18.223324
-0.851740 -18.116440 18.223324
5.603290 -25.305407 23.785060
5.603290 -25.305407 23.785060
5.603290 -25.305407 23.785060
5.603290 -25.305407 23.785060
5.603290 -25.305407 23.785060
5.603290 -25.305407 23.785060
13.819985 -11.333217 18.060270
13.819985 -11.333217 18.060270
13.819985 -11.333217 18.060270
13.819985 -11.333217 18.060270
13.819985 -11.333217 18.060270
13.819985 -11.333217 18.060270
13.819985 -11.333217 18.060270
13.819985 -11.333217 18.060270
16.238230 -5.794909 25.386456
16.238230 -5.794909 25.386456
16.238230 -5.794909 25.386456
16.238230 -5.794909 25.386456
16.238230 -5.794909 25.386456
16.238230 -5.794909 25.386456
16.238230 -5.794909 25.386456
16.238230 -5.794909 25.386456
16.238230 -5.794909 25.386456
19.379899 5.012745 19.493800
19.379899 5.012745 19.493800
19.379899 5.012745 19.493800
19.379899 5.012745 19.493800
19.379899 5.012745 19.493800
19.379899 5.012745 19.493800
19.379899 5.012745 19.493800
19.379899 5.012745 19.493800
5.402029 18.871398 17.360908
5.402029 18.871398 17.360908
5.402029 18.871398 17.360908
5.402029 18.871398 17.360908
5.402029 18.871398 17.360908
5.402029 18.871398 17.360908
5.402029 18.871398 17.360908
5.402029 18.871398 17.360908
6.220794 23.299715 16.100192
6.220794 23.299715 16.100192
6.220794 23.299715 16.100192
6.220794 23.299715 16.100192
6.220794 23.299715 16.100192
6.220794 23.299715 16.100192
6.220794 23.299715 16.100192
6.220794 23.299715 16.100192
6.220794 23.299715 16.100192
5.472989 26.381672 12.869963
5.472989 26.381672 12.869963
5.472989 26.381672 12.869963
5.472989 26.381672 12.869963
5.472989 26.381672 12.869963
5.472989 26.381672 12.869963
5.472989 26.381672 12.869963
5.472989 26.381672 12.869963
8.288381 38.465126 6.876757
8.288381 38.465126 6.876757
8.288381 38.465126 6.876757
8.288381 38.465126 6.876757
8.288381 38.465126 6.876757
8.288381 38.465126 6.876757
8.288381 38.465126 6.876757
8.288381 38.465126 6.876757
7.608994 46.518390 2.879275
7.608994 46.518390 2.879275
7.608994 46.518390 2.879275
7.608994 46.518390 2.879275
7.608994 46.518390 2.879275
7.608994 46.518390 2.879275
7.608994 46.518390 2.879275
7.608994 46.518390 2.879275
7.362880 49.672660 1.018295
7.362880 49.672660 1.018295
7.362880 49.672660 1.018295
7.362880 49.672660 1.018295
7.362880 49.672660 1.018295
7.362880 49.672660 1.018295
7.362880 49.672660 1.018295
7.362880 49.672660 1.018295
4.988897 54.387318 0.832028
4.988897 54.387318 0.832028
4.988897 54.387318 0.832028
4.988897 54.387318 0.832028
4.988897 54.387318 0.832028
4.988897 54.387318 0.832028
4.988897 54.387318 0.832028
4.988897 54.387318 0.832028
4.988897 54.387318 0.832028
4.625357 58.298977 -1.188587
4.625357 58.298977 -1.188587
4.625357 58.298977 -1.188587
4.625357 58.298977 -1.188587
4.625357 58.298977 -1.188587
4.625357 58.298977 -1.188587
4.625357 58.298977 -1.188587
4.625357 58.298977 -1.188587
4.322289 47.269919 -1.723920
4.322289 47.269919 -1.723920
4.322289 47.269919 -1.723920
4.322289 47.269919 -1.723920
4.322289 47.269919 -1.723920
4.322289 47.269919 -1.723920
4.322289 47.269919 -1.723920
3.808969 44.105421 -0.404548
3.808969 44.105421 -0.404548
3.808969 44.105421 -0.404548
3.808969 44.105421 -0.404548
3.808969 44.105421 -0.404548
3.808969 44.105421 -0.404548
3.808969 44.105421 -0.404548
3.808969 44.105421 -0.404548
5.621677 47.151542 1.473603
5.621677 47.151542 1.473603
5.621677 47.151542 1.473603
5.621677 47.151542 1.473603
5.621677 47.151542 1.473603
5.621677 47.151542 1.473603
5.621677 47.151542 1.473603
3.263699 42.203206 -1.307660
3.263699 42.203206 -1.307660
3.263699 42.203206 -1.307660
3.263699 42.203206 -1.307660
3.263699 42.203206 -1.307660
3.263699 42.203206 -1.307660
3.263699 42.203206 -1.307660
3.263699 42.203206 -1.307660
3.156265 52.126365 0.668254
3.156265 52.126365 0.668254
3.156265 52.126365 0.668254
3.156265 52.126365 0.668254
3.156265 52.126365 0.668254
3.156265 52.126365 0.668254
3.156265 52.126365 0.668254
3.156265 52.126365 0.668254
2.221274 59.605449 -1.960508
2.221274 59.605449 -1.960508
2.221274 59.605449 -1.960508
2.221274 59.605449 -1.960508
2.221274 59.605449 -1.960508
2.221274 59.605449 -1.960508
2.221274 59.605449 -1.960508
2.221274 59.605449 -1.960508
3.049460 60.900098 -4.122205
3.049460 60.900098 -4.122205
3.049460 60.900098 -4.122205
3.049460 60.900098 -4.122205
3.049460 60.900098 -4.122205
3.049460 60.900098 -4.122205
3.049460 60.900098 -4.122205
3.049460 60.900098 -4.122205
4.130764 57.080704 -3.979613
4.130764 57.080704 -3.979613
4.130764 57.080704 -3.979613
4.130764 57.080704 -3.979613
4.130764 57.080704 -3.979613
4.130764 57.080704 -3.979613
4.130764 57.080704 -3.979613
4.130764 57.080704 -3.979613
4.130764 57.080704 -3.979613
3.341820 63.577771 -4.065518
3.341820 63.577771 -4.065518
3.341820 63.577771 -4.065518
3.341820 63.577771 -4.065518
3.341820 63.577771 -4.065518
3.341820 63.577771 -4.065518
3.341820 63.577771 -4.065518
3.341820 63.577771 -4.065518
2.768957 67.275267 -4.635474
2.768957 67.275267 -4.635474
2.768957 67.275267 -4.635474
2.768957 67.275267 -4.635474
2.768957 67.275267 -4.635474
2.768957 67.275267 -4.635474
2.768957 67.275267 -4.635474
2.768957 67.275267 -4.635474
2.768957 67.275267 -4.635474
3.079560 59.731418 -5.611667
3.079560 59.731418 -5.611667
3.079560 59.731418 -5.611667
3.079560 59.731418 -5.611667
3.079560 59.731418 -5.611667
3.079560 59.731418 -5.611667
3.079560 59.731418 -5.611667
3.079560 59.731418 -5.611667
3.056596 49.046158 -4.695436
3.056596 49.046158 -4.695436
3.056596 49.046158 -4.695436
3.056596 49.046158 -4.695436
3.056596 49.046158 -4.695436
3.056596 49.046158 -4.695436
3.056596 49.046158 -4.695436
3.056596 49.046158 -4.695436
3.056596 49.046158 -4.695436
3.584830 47.825606 -5.692324
3.584830 47.825606 -5.692324
3.584830 47.825606 -5.692324
3.584830 47.825606 -5.692324
3.584830 47.825606 -5.692324
3.584830 47.825606 -5.692324
3.584830 47.825606 -5.692324
7.121248 47.054164 -4.856128
7.121248 47.054164 -4.856128
7.121248 47.054164 -4.856128
7.121248 47.054164 -4.856128
7.121248 47.054164 -4.856128
7.121248 47.054164 -4.856128
7.121248 47.054164 -4.856128
7.121248 47.054164 -4.856128
6.476663 44.303687 -5.065028
6.476663 44.303687 -5.065028
6.476663 44.303687 -5.065028
6.476663 44.303687 -5.065028
6.476663 44.303687 -5.065028
6.476663 44.303687 -5.065028
6.476663 44.303687 -5.065028
4.120899 37.657749 -7.281124
4.120899 37.657749 -7.281124
4.120899 37.657749 -7.281124
4.120899 37.657749 -7.281124
4.120899 37.657749 -7.281124
4.120899 37.657749 -7.281124
4.120899 37.657749 -7.281124
4.120899 37.657749 -7.281124
4.120899 37.657749 -7.281124
3.996187 51.670467 -5.547457
3.996187 51.670467 -5.547457
3.996187 51.670467 -5.547457
3.996187 51.670467 -5.547457
3.996187 51.670467 -5.547457
3.996187 51.670467 -5.547457
3.996187 51.670467 -5.547457
4.859317 59.638453 -5.537187
4.859317 59.638453 -5.537187
4.859317 59.638453 -5.537187
4.859317 59.638453 -5.537187
4.859317 59.638453 -5.537187
4.859317 59.638453 -5.537187
4.859317 59.638453 -5.537187
4.859317 59.638453 -5.537187
4.469106 52.068383 -7.994486
4.469106 52.068383 -7.994486
4.469106 52.068383 -7.994486
4.469106 52.068383 -7.994486
4.469106 52.068383 -7.994486
4.469106 52.068383 -7.994486
4.469106 52.068383 -7.994486
4.469106 52.068383 -7.994486
4.231397 49.354083 -8.354401
4.231397 49.354083 -8.354401
4.231397 49.354083 -8.354401
4.231397 49.354083 -8.354401
4.231397 49.354083 -8.354401
4.231397 49.354083 -8.354401
4.231397 49.354083 -8.354401
3.633002 49.101970 -8.722497
3.633002 49.101970 -8.722497
3.633002 49.101970 -8.722497
3.633002 49.101970 -8.722497
3.633002 49.101970 -8.722497
3.633002 49.101970 -8.722497
3.633002 49.101970 -8.722497
3.633002 49.101970 -8.722497
3.633002 49.101970 -8.722497
3.633002 49.101970 -8.722497
3.633002 49.101970 -8.722497
3.633002 49.101970 -8.722497
3.633002 49.101970 -8.722497
3.633002 49.101970 -8.722497
3.633002 49.101970 -8.722497
3.633002 49.101970 -8.722497
3.633002 49.101970 -8.722497
1.599140 51.943514 -9.511224
1.599140 51.943514 -9.511224
1.599140 51.943514 -9.511224
1.599140 51.943514 -9.511224
1.599140 51.943514 -9.511224
1.599140 51.943514 -9.511224
1.599140 51.943514 -9.511224
1.599140 51.943514 -9.511224
2.014205 44.196819 -11.036464
2.014205 44.196819 -11.036464
2.014205 44.196819 -11.036464
2.014205 44.196819 -11.036464
2.014205 44.196819 -11.036464
2.014205 44.196819 -11.036464
2.014205 44.196819 -11.036464
2.014205 44.196819 -11.036464
0.020241 39.430853 -10.895878
0.020241 39.430853 -10.895878
0.020241 39.430853 -10.895878
0.020241 39.430853 -10.895878
0.020241 39.430853 -10.895878
0.020241 39.430853 -10.895878
0.020241 39.430853 -10.895878
0.020241 39.430853 -10.895878
0.020241 39.430853 -10.895878
0.020241 39.430853 -10.895878
2.099375 53.082663 -6.402603
2.099375 53.082663 -6.402603
2.099375 53.082663 -6.402603
2.099375 53.082663 -6.402603
2.099375 53.082663 -6.402603
2.099375 53.082663 -6.402603
2.099375 53.082663 -6.402603
4.109175 65.097358 -4.394018
4.109175 65.097358 -4.394018
4.109175 65.097358 -4.394018
4.109175 65.097358 -4.394018
4.109175 65.097358 -4.394018
4.109175 65.097358 -4.394018
4.109175 65.097358 -4.394018
4.109175 65.097358 -4.394018
4.109175 65.097358 -4.394018
4.780017 67.617787 -4.025950
4.780017 67.617787 -4.025950
4.780017 67.617787 -4.025950
4.780017 67.617787 -4.025950
4.780017 67.617787 -4.025950
4.780017 67.617787 -4.025950
4.780017 67.617787 -4.025950
4.780017 67.617787 -4.025950
3.972595 51.306383 -6.832487
3.972595 51.306383 -6.832487
3.972595 51.306383 -6.832487
3.972595 51.306383 -6.832487
3.972595 51.306383 -6.832487
3.972595 51.306383 -6.832487
3.972595 51.306383 -6.832487
3.972595 51.306383 -6.832487
5.402699 35.451428 -6.183004
5.402699 35.451428 -6.183004
5.402699 35.451428 -6.183004
5.402699 35.451428 -6.183004
5.402699 35.451428 -6.183004
5.402699 35.451428 -6.183004
5.402699 35.451428 -6.183004
5.402699 35.451428 -6.183004
4.074943 33.598534 -7.008406
4.074943 33.598534 -7.008406
4.074943 33.598534 -7.008406
4.074943 33.598534 -7.008406
4.074943 33.598534 -7.008406
4.074943 33.598534 -7.008406
4.074943 33.598534 -7.008406
4.074943 33.598534 -7.008406
4.074943 33.598534 -7.008406
3.316991 32.807673 -8.298186
3.316991 32.807673 -8.298186
3.316991 32.807673 -8.298186
3.316991 32.807673 -8.298186
3.316991 32.807673 -8.298186
3.316991 32.807673 -8.298186
3.316991 32.807673 -8.298186
3.316991 32.807673 -8.298186
3.748728 33.075878 -7.271060
3.748728 33.075878 -7.271060
3.748728 33.075878 -7.271060
3.748728 33.075878 -7.271060
3.748728 33.075878 -7.271060
3.748728 33.075878 -7.271060
3.748728 33.075878 -7.271060
4.687411 30.240441 -6.622594
4.687411 30.240441 -6.622594
4.687411 30.240441 -6.622594
4.687411 30.240441 -6.622594
4.687411 30.240441 -6.622594
4.687411 30.240441 -6.622594
4.687411 30.240441 -6.622594
4.687411 30.240441 -6.622594
5.114690 26.985186 -5.432580
5.114690 26.985186 -5.432580
5.114690 26.985186 -5.432580
5.114690 26.985186 -5.432580
5.114690 26.985186 -5.432580
5.114690 26.985186 -5.432580
5.114690 26.985186 -5.432580
5.114690 26.985186 -5.432580
4.471456 22.269470 -3.381822
4.471456 22.269470 -3.381822
4.471456 22.269470 -3.381822
4.471456 22.269470 -3.381822
4.471456 22.269470 -3.381822
4.471456 22.269470 -3.381822
4.471456 22.269470 -3.381822
4.471456 22.269470 -3.381822
0.686842 21.