-0.246819 0.475084
-0.651868 0.993850
-0.897449 1.614339
-1.253650 2.245796
-1.556868 2.877322
-1.884455 3.474871
-2.367732 4.085595
-2.646852 4.653357
-2.942399 5.171481
-3.242397 5.679652
-3.642054 6.252423
-3.999904 6.767521
-4.255861 7.320182
-4.629845 7.819557
-4.896387 8.466127
-5.358867 9.052593
-5.749608 9.560735
-6.096327 10.110016
-6.337132 10.690691
-6.773079 11.168844
-7.261102 11.676533
-7.632832 12.202544
-8.016306 12.680137
-8.286329 13.269128
-8.764165 13.712741
-9.079065 14.230260
-9.515496 14.699555
-9.734165 15.279699
-10.134569 15.761322
-10.588629 16.263817
-10.878519 16.744177
-11.196306 17.244309
-11.514440 17.735993
-11.823356 18.224295
-12.175781 18.713408
-12.506577 19.211596
-12.796622 19.744015
-13.208226 20.186268
-13.577575 20.679431
-13.890657 21.206272
-14.231833 21.730775
-14.520000 22.277403
-14.785714 22.859536
-14.979005 23.457453
-15.454209 23.915418
-15.785066 24.425682
-16.109205 24.903667
-16.464659 25.405590
-16.750789 25.924763
-17.139167 26.389493
-17.496311 26.920286
-17.804404 27.441301
-18.131831 27.920430
-18.395649 28.435273
-18.598690 29.019205
-18.932323 29.555780
-19.308503 30.019374
-19.622996 30.515187
-19.916255 31.002785
-20.283832 31.451922
-20.640529 31.912117
-21.029678 32.333430
-21.383390 32.808310
-21.781742 33.234266
-22.143920 33.676988
-22.517805 34.121802
-22.830168 34.593220
-23.149932 35.074464
-23.415160 35.570330
-23.729324 36.084883
-24.072615 36.566283
-24.277924 37.136455
-24.650160 37.642113
-25.021591 38.070662
-25.379699 38.494977
-25.567368 39.087641
-25.864208 39.636211
-26.321192 40.125133
-26.656248 40.607809
-26.875624 41.150987
-27.263883 41.620420
-27.742438 42.052653
-27.980027 42.627598
-28.311182 43.118542
-28.634604 43.605485
-29.062493 44.041467
-29.535599 44.446963
-29.879047 44.885854
-30.285515 45.300919
-30.469760 45.830009
-30.843512 46.235872
-31.182039 46.677353
-31.479387 47.137491
-31.861439 47.557167
-32.188866 48.018988
-32.480654 48.527443
-32.850476 48.944824
-33.146388 49.475619
-33.523161 49.846410
-33.755063 50.355181
-34.108877 50.808292
-34.437957 51.274396
-34.752288 51.723290
-34.918730 52.326728
-35.300439 52.709918
-35.643699 53.097767
-36.012619 53.477688
-36.253448 53.959866
-36.566688 54.387000
-36.786914 54.918227
-37.164608 55.321104
-37.371807 55.809320
-37.669053 56.230694
-37.967990 56.727693
-38.309683 57.149223
-38.637526 57.623296
-38.904575 58.099125
-39.238971 58.553628
-39.607122 58.972022
-39.694295 59.116815
-39.785372 59.257316
-39.895072 59.392779
-40.010359 59.528489
-40.101232 59.674639
-40.451475 60.109867
-40.756309 60.536180
-41.031993 61.029149
-41.363794 61.495446
-41.657361 61.921524
-41.949006 62.381948
-42.284832 62.794824
-42.592827 63.290451
-42.897143 63.724395
-43.045166 64.233080
-43.310882 64.661257
-43.475703 65.157166
-43.778390 65.541494
-43.950083 66.015860
-44.090897 66.217707
-44.243620 66.404097
-44.399461 66.585865
-44.560572 66.772264
-44.672892 66.998409
-44.693788 67.028201
-44.717621 67.055624
-44.737133 67.084162
-44.754806 67.114629
-44.772684 67.143513
-44.818784 67.214195
-44.863684 67.282974
-44.905701 67.353533
-44.954665 67.421514
-44.994003 67.492123
-45.112091 67.639098
-45.155377 67.845075
-45.252308 68.000139
-45.371470 68.156636
-45.879659 68.318287
-47.064202 66.784648
-48.915470 65.316863
-50.472086 64.349580
-44.409505 67.397158
-44.620028 67.417666
-44.789761 67.520584
-44.976024 67.607250
-45.147853 67.656383
-45.454736 67.898049
-45.873354 68.330567
-45.910709 68.106293
-44.903738 67.977861
-43.737151 68.241782
-43.244384 68.428999
-42.123703 68.468684
-41.770190 68.479846
-41.316025 68.461298
-40.525116 69.296384
-40.558205 69.144031
-39.350832 70.559932
-39.286289 71.072131
-40.422589 71.139468
-39.483517 72.091861
-40.095494 71.644075
-41.558378 71.215119
-41.378878 71.427099
-42.525773 71.708663
-42.799780 72.561108
-43.126660 72.699662
-43.463025 72.124090
-42.287435 72.695463
-42.659372 73.266134
-43.995234 72.814903
-43.804207 73.674807
-43.293905 74.243961
-43.364227 74.392555
-43.786495 74.821495
-44.171540 75.103318
-45.106190 74.535602
-45.171771 74.784605
-46.151888 74.297636
-45.969519 73.816249
-45.990388 73.849490
-46.378745 73.618093
-46.579869 73.580567
-46.661395 73.508135
-46.773771 73.344610
-46.790526 73.625015
-46.434654 73.173249
-46.872889 72.302196
-45.540633 72.920509
-53.371635 68.161186
-52.796628 68.732760
-52.347098 68.554405
-51.557855 68.474584
-50.886583 68.300479
-51.471806 68.518617
-53.400121 68.883040
-54.883519 69.587543
-56.031826 70.218016
-56.240402 70.302588
-56.330266 70.313937
-59.258693 72.955866
-49.910743 72.647990
-45.357279 75.101929
-41.018310 76.962860
-43.889842 80.872226
-44.040234 80.519619
-44.055393 80.505822
-43.933076 80.353191
-46.667021 83.899862
-49.163669 85.440295
-51.511508 85.666182
-55.314555 87.641257
-55.671871 86.168248
-56.559516 85.663431
-49.524852 80.795924
-47.118098 79.617915
-46.432800 79.520315
-48.554521 82.555389
-49.464624 83.789165
-46.554887 78.023917
-41.935931 71.569367
-44.961896 73.966278
-44.217817 72.323605
-43.603211 70.893539
-43.189749 70.604057
-42.790806 70.552544
-42.616572 70.617465
-42.640973 70.839107
-42.306837 70.967959
-42.282622 71.180194
-42.290977 71.401790
-42.295558 71.512059
-42.478710 71.394169
-42.777037 71.610126
-41.479982 68.587059
-37.435321 59.309476
-37.668191 59.822016
-35.157277 54.316425
-32.413769 51.863485
-37.404841 53.212934
-40.890897 55.914625
-49.515092 60.792704
-49.365686 60.284740
-49.112392 60.358957
-48.218482 59.241364
-47.391225 57.818885
-47.887532 57.877647
-47.969377 57.817984
-47.992263 57.830011
-47.856550 56.721747
-47.939255 56.743251
-48.026079 56.751022
-48.109811 56.764164
-48.172077 56.793128
-48.198893 56.241270
-48.159843 55.477668
-48.028893 54.960499
-48.021043 54.944142
-47.982483 54.745811
-47.181909 53.141418
-47.138827 53.169615
-46.837787 52.534624
-45.553656 49.329675
-45.802151 48.580826
-45.927680 48.428523
-45.923513 48.513289
-46.036973 48.518334
-46.092612 48.512363
-46.215908 48.528060
-46.355036 48.496156
-46.408251 48.581494
-46.468649 48.679353
-46.544288 48.776285
-46.700611 48.824653
-46.934841 48.839644
-47.104149 48.775945
-47.357516 48.734831
-47.551937 48.697086
-47.700213 48.653973
-47.966718 48.549379
-48.068566 48.420127
-47.998735 48.134085
-48.075068 47.916128
-48.169455 47.842082
-48.194246 47.816076
-48.261574 47.751123
-48.285805 47.595638
-48.314909 47.513810
-48.282254 47.512698
-48.315648 47.464222
-48.234669 47.475639
-48.214365 47.501465
-48.178650 47.542871
-48.184601 47.528978
-48.245981 47.510423
-48.208168 47.519551
-48.175543 47.524704
-48.152967 47.522335
-48.147699 47.512314
-48.088452 47.516190
-48.102745 47.536542
-48.085052 47.738682
-47.961122 47.900013
-47.895210 47.961940
-47.813001 48.038579
-47.755835 48.017322
-47.540718 48.253152
-47.546635 48.245663
-47.481056 48.293803
-47.314375 48.380411
-47.197926 48.451549
-47.051584 48.364684
-46.821418 48.357047
-46.603891 48.559815
-46.456566 48.921694
-46.235059 49.125773
-46.135319 49.451858
-45.720569 49.222545
-47.692089 50.818101
-47.849541 50.996724
-49.078141 52.319101
-49.237242 52.647487
-49.252868 52.610765
-49.318439 52.773729
-49.340091 52.865749
-49.337946 52.918474
-49.333812 52.925641
-49.322005 52.934324
-49.358473 52.958833
-49.370960 52.955986
-49.385057 52.947212
-49.342977 52.859322
-49.303895 52.894352
-49.268049 52.933042
-49.329428 53.137299
-49.276599 53.193070
-49.232567 53.326044
-47.506205 51.280943
-47.399471 51.126678
-47.494492 51.276638
-47.619453 51.463205
-47.566443 51.450197
-47.470041 51.329671
-47.467370 51.233640
-47.453730 51.231476
-47.507041 51.248729
-47.539848 51.318239
-47.587057 51.417404
-47.630306 51.529671
-47.667036 51.644706
-47.690402 51.713594
-47.682447 51.805626
-48.704532 52.741909
-48.829315 53.110445
-49.023552 53.459821
-49.204573 53.834033
-49.390708 53.746603
-49.174501 54.136041
-49.047455 54.190027
-49.424068 54.197533
-49.677909 54.297977
-49.445192 54.239539
-48.758591 54.119189
-48.468206 54.142839
-48.363302 54.368089
-48.307648 54.463304
-48.068954 54.640612
-45.920224 53.256771
-45.747542 53.031126
-44.626042 52.116926
-43.849640 51.270832
-43.812405 51.502185
-44.052314 52.084111
-43.220752 51.826771
-43.442131 53.173936
-45.697301 57.575551
-44.247746 57.057274
-44.694286 57.376356
-43.068447 55.804570
-41.773561 57.801458
-42.763939 58.533885
-42.643138 60.175495
-41.684150 61.542579
-41.213514 62.571235
-40.805858 63.736649
-40.294478 64.073088
-39.971758 64.462482
-39.797309 64.603800
-39.800952 64.737868
-40.144985 65.280259
-40.429023 65.504320
-40.642495 65.621774
-40.378703 66.141024
-40.082148 67.050411
-40.054198 66.896640
-40.430661 67.282864
-40.601094 67.596383
-40.694762 67.313525
-40.324338 67.048122
-39.582375 66.971996
-39.645284 66.960232
-39.249116 66.992005
-39.134134 67.224459
-39.451568 67.498692
-38.840171 68.144007
-39.611066 68.149141
-39.216429 68.508580
-38.855209 68.555625
-38.188467 67.928809
-38.706728 67.358168
-38.931783 67.239769
-39.170195 66.830589
-38.675360 67.144497
-38.393159 66.923234
-38.597611 66.785814
-38.721015 66.644456
-38.838931 66.503240
-38.674973 66.695269
-38.681570 67.058506
-38.958607 67.448167
-39.267779 67.925434
-39.363848 68.258908
-39.659712 68.636851
-39.885674 68.957104
-39.912859 69.097345
-40.066102 68.936576
-40.271487 69.317486
-40.531222 68.793737
-40.541906 69.529591
-40.179931 69.396151
-41.444230 68.155953
-42.563089 67.669416
-43.274292 67.234555
-43.875575 67.019575
-43.643642 67.415407
-43.737724 67.503371
-44.755617 67.357046
-44.537004 67.711458
-44.600078 68.114946
-43.573663 68.062537
-43.752634 68.569430
-43.350871 68.437751
-43.200018 67.929729
-42.241902 67.283656
-42.026171 67.753811
-40.277502 68.522275
-39.568541 69.723813
-39.479832 71.131177
-38.912603 72.840242
-40.460232 74.004278
-42.285340 75.007838
-42.963726 75.574507
-44.706927 75.383948
-44.686804 75.263380
-44.827561 75.357644
-44.751217 75.048628
-45.010565 74.726534
-45.193137 74.219972
-45.275666 74.437499
-45.135370 74.114265
-44.910320 73.912613
-44.744555 73.607183
-44.482057 73.337719
-44.572117 73.237026
-44.817192 73.200349
-44.687490 72.806569
-44.531542 72.626095
-44.492372 72.598240
-44.493143 72.499253
-44.658229 73.034597
-44.579882 73.415786
-44.802339 72.498991
-44.782244 72.140698
-44.746209 71.588285
-44.542053 71.719050
-44.541201 71.407954
-44.362942 71.641088
-44.442100 71.348435
-44.417689 71.228141
-44.334267 70.929835
-44.443295 70.639129
-44.786391 70.871871
-44.844808 71.277247
-44.689061 71.459545
-44.674160 71.337208
-44.856333 71.392764
-44.932402 71.244448
-44.965449 71.484969
-45.070993 71.651723
-45.270086 71.863125
-45.548037 71.623708
-45.598894 71.381506
-45.564619 71.807822
-45.727658 72.017093
-45.849139 71.880598
-45.954934 71.521602
-45.916487 71.580119
-45.808645 71.707381
-45.729615 71.669643
-45.560273 71.585403
-45.500646 71.337971
-45.516144 71.218899
-45.585306 71.277149
-45.678087 71.052733
-45.777312 70.968674
-45.779535 70.985682
-45.743623 71.086432
-45.832217 71.255194
-46.001135 71.470914
-46.173880 71.707883
-46.316237 71.840621
-46.328413 72.227890
-46.323926 72.153103
-46.612756 72.047861
-46.464755 72.251486
-46.377397 72.348703
-46.279896 72.455002
-46.266097 72.580101
-46.160061 72.909162
-46.231921 73.007094
-46.346690 72.870813
-46.091232 72.722224
-45.956685 71.981136
-45.524331 71.627677
-45.205753 71.710634
-44.940408 72.646060
-44.346001 72.752634
-44.662907 71.858209
-44.756625 70.542834
-45.477115 70.047121
-44.935650 70.514118
-45.323672 69.634846
-45.450621 69.090044
-45.407446 69.059368
-45.105211 69.876526
-44.817751 70.463406
-45.259650 71.964159
-46.322539 72.722520
-46.555809 73.155269
-47.325066 73.178691
-48.064300 73.846180
-48.220431 74.475390
-48.590589 74.499509
-48.718148 74.797029
-48.379034 75.297994
-47.749347 75.349411
-47.654334 75.311806
-47.410410 75.308219
-47.148522 74.643810
-47.492999 73.884760
-47.406057 74.190188
-47.709997 73.288111
-47.685093 73.047637
-47.704748 73.119833
-47.827773 72.717430
-48.351049 72.385956
-48.385573 72.509517
-47.778675 73.372176
-47.624838 74.157725
-47.710991 73.726936
-47.018455 74.049155
-46.512969 74.591135
-46.945642 74.307501
-47.193219 73.677317
-47.193704 73.528797
-47.043116 73.940304
-47.076593 74.099228
-47.371002 73.925525
-47.544327 73.801122
-47.342471 74.024821
-47.354163 74.036416
-47.845815 73.784162
-47.689242 73.784270
-47.983337 73.769221
-48.357091 73.704954
-48.473275 73.392681
-48.068466 73.787874
-47.913189 73.080839
-47.786938 72.523575
-47.471458 73.159844
-47.556532 72.303773
-47.184396 71.569195
-47.696289 71.864595
-47.911529 71.803606
-47.798995 71.191088
-48.016840 70.720908
-48.208568 71.247034
-48.156692 71.078122
-48.295610 71.164089
-48.199678 70.651713
-48.472990 71.363074
-48.299952 71.065799
-48.579204 71.144682
-48.370398 71.128858
-48.432025 71.324918
-48.006556 71.313999
-48.529354 71.186028
-48.534926 70.833126
-48.391787 70.330926
-48.525376 70.142040
-48.405553 70.902041
-48.099819 71.624620
-48.485564 71.956326
-48.510280 72.504949
-48.534161 73.454768
-48.751027 73.735853
-48.973675 74.776667
-49.265580 75.852519
-49.769906 76.707148
-50.193496 77.528940
-50.426735 78.393872
-50.720965 79.346494
-50.764150 80.203739
-50.750226 80.958857
-51.460373 81.667542
-51.903894 82.367686
-52.286118 82.978314
-52.965296 83.817093
-53.369488 84.553530
-53.948874 85.218766
-54.665672 85.912288
-55.683076 86.303521
-56.078989 86.744279
-56.335870 87.508122
-56.867121 88.322995
-57.273185 89.156220
-57.692036 89.993218
-57.587629 90.756813
-57.736759 91.191122
-58.417728 91.760370
-58.449112 92.571137
-58.562534 93.278804
-58.747222 93.678496
-58.432304 93.718519
-58.631431 93.686051
-58.560989 94.277402
-58.905544 95.086726
-58.998575 95.788095
-59.402806 96.179926
-59.474264 96.439666
-59.383296 96.815530
-59.346507 97.035882
-59.299431 97.481732
-59.183725 97.943579
-59.108292 98.171438
-59.907540 99.296916
-60.690249 100.054744
-60.455369 99.816210
-60.182825 100.318848
-59.800389 101.120455
-60.070084 103.353231
-60.445072 104.288239
-60.674378 106.137647
-60.552285 107.924976
-59.739579 110.252561
-61.662428 112.020385
-62.475608 113.206242
-63.181346 114.521652
-64.220169 115.470548
-64.872441 115.985434
-65.568114 116.468553
-66.182853 116.840834
-66.925587 117.402955
-67.277984 117.912158
-67.598940 117.983541
-67.679962 118.205862
-67.528770 118.324516
-67.619007 118.020889
-67.550868 117.925831
-67.593395 117.942998
-67.494005 117.779461
-67.403243 117.732464
-67.364542 117.701593
-67.349993 117.625469
-67.324575 117.720728
-67.269020 117.749971
-67.168545 117.946760
-67.260129 118.383752
-67.317014 118.529059
-67.232742 118.580746
-67.161266 118.865656
-66.927416 119.318498
-67.049593 119.596176
-67.437330 119.932909
-67.810432 120.094200
-67.912230 120.044167
-68.188574 120.109764
-68.157866 120.112902
-69.017153 120.650689
-68.853184 120.543486
-69.052347 120.198786
-68.722439 119.804634
-68.619085 119.658622
-68.694476 119.842617
-68.511987 119.913067
-68.505120 120.194999
-68.453552 120.128868
-68.948025 120.715663
-69.100763 121.220596
-69.042422 121.377628
-69.378617 121.538082
-69.428464 121.949907
-69.420523 121.998557
-69.286684 121.850782
-69.140873 121.781051
-69.088132 121.539996
-69.021753 121.669685
-69.070691 121.980622
-69.113939 122.068968
-69.315169 121.935914
-69.302139 121.783192
-69.265125 121.539916
-69.124967 121.384421
-69.234611 121.359294
-69.113384 121.197651
-68.964967 121.036773
-69.122201 121.102457
-68.842048 120.827094
-68.930610 120.654928
-68.850737 120.573252
-68.768683 120.543791
-68.697243 120.732028
-69.016215 120.752126
-69.139798 120.781796
-69.352586 121.140353
-69.666776 121.738689
-69.504656 121.840999
-69.587224 121.944487
-69.636158 121.760671
-69.722603 121.701174
-69.436105 121.472512
-69.143850 121.130010
-69.180448 121.207897
-69.227217 121.212782
-69.144613 120.797300
-68.983804 120.660910
-69.035132 120.624499
-69.170881 120.494715
-69.116018 120.547855
-68.939779 120.292332
-69.031731 120.390256
-68.937554 120.187329
-68.940479 120.019494
-69.012292 120.117232
-68.825826 120.274578
-68.851155 120.035844
-68.834275 119.841852
-68.845983 120.104206
-68.623758 119.899312
-68.693874 119.835835
-68.389789 119.886026
-68.399283 119.500583
-68.366553 119.489118
-68.221854 119.629829
-68.104178 119.562083
-68.142175 119.398306
-68.202884 119.506917
-68.257990 119.644270
-68.231830 119.745536
-68.241721 119.778387
-68.183230 119.733970
-68.072155 119.574307
-68.089162 119.701966
-67.843861 119.905908
-67.919802 119.759562
-68.017708 120.115520
-68.600318 120.543791
-68.580198 120.945901
-68.704221 121.568317
-68.792262 122.508588
-68.788105 123.102452
-68.406403 122.540792
-68.697983 122.244218
-68.843782 122.209781
-68.772309 122.055823
-68.930809 122.088129
-68.375970 122.280274
-68.389934 122.383290
-68.304886 122.545908
-68.212026 122.642607
-68.017935 122.341442
-67.476574 122.843892
-67.605606 122.747457
-67.477740 121.887744
-67.749803 121.560406
-67.413944 121.871909
-67.087195 122.234611
-67.570401 122.471816
-67.496910 122.785803
-67.587799 123.126678
-67.422326 123.365327
-67.631588 123.599905
-67.188728 123.900450
-67.470869 124.053685
-67.625226 124.436454
-67.643454 124.423157
-67.739835 124.106913
-67.821305 123.749002
-67.765431 123.409590
-67.554550 123.517710
-67.454781 123.336256
-67.462723 123.003412
-67.395142 123.011993
-67.541913 122.971479
-67.346569 123.045614
-67.509210 122.887258
-67.665327 122.656082
-67.580520 122.603235
-67.647591 122.631153
-67.568757 122.653380
-67.639488 122.554641
-67.831823 122.098738
-67.603561 122.470501
-67.772642 122.534354
-67.462407 122.375396
-67.669820 122.689749
-67.306590 122.653255
-67.353706 122.468202
-66.999201 122.909227
-67.543645 122.459165
-67.723119 122.408075
-67.741139 122.689800
-67.521777 122.718550
-68.150299 122.406268
-67.937380 122.626116
-68.001152 122.941560
-68.129129 122.477139
-67.871085 122.460384
-68.113338 122.664871
-67.975143 122.691924
-67.906718 122.937199
-67.858914 123.155373
-68.208494 123.004891
-67.999819 122.635729
-67.966874 122.496446
-68.065603 122.115010
-68.013870 121.817252
-68.224323 121.708141
-68.516861 121.357249
-68.684776 121.340525
-68.691706 121.108362
-68.703731 120.806039
-68.434649 120.643314
-68.520518 120.640344
-68.350750 120.741317
-68.290195 120.860664
-68.313023 120.941592
-68.472419 120.949118
-68.422628 120.998961
-68.442693 121.003269
-68.432507 120.944661
-68.303020 120.794282
-68.185859 120.799131
-68.098818 120.418045
-67.808501 120.089279
-67.485437 119.823435
-66.985716 119.576800
-66.841254 118.951943
-66.622669 118.476890
-67.386532 118.101657
-66.395374 118.592732
-67.135867 118.159929
-67.028020 118.104856
-67.123136 117.617497
-66.889538 117.206401
-66.444547 116.540651
-66.782125 115.609099
-66.851777 115.594104
-66.550979 116.233725
-66.730218 116.462054
-66.758699 115.850447
-66.740978 116.401351
-67.085367 116.582012
-68.309560 115.648195
-68.738192 115.186108
-67.231228 115.894642
-64.779245 114.978017
-64.335761 115.832121
-65.164997 114.481198
-65.391868 115.282814
-65.152832 113.391821
-64.712234 114.361748
-64.565876 114.412847
-64.953165 113.590646
-65.132397 113.632615
-65.294418 112.777744
-64.307890 112.871221
-62.296158 112.754625
-62.303959 111.153311
-63.054398 109.737602
-62.851257 108.790308
-62.414702 107.600307
-61.560402 108.957286
-62.237010 109.467134
-62.299356 110.175924
-62.908489 110.283870
-64.127317 110.794181
-64.774897 111.965334
-64.798779 112.817508
-64.969801 113.442388
-64.512464 116.331209
-64.832863 118.517047
-66.310056 118.752380
-68.234060 119.686669
-69.384600 121.786773
-69.760982 123.020311
-69.565414 122.747661
-69.713861 122.536791
-69.610557 123.002116
-69.420127 123.409962
-69.432666 123.124046
-69.511416 122.428893
-69.503282 122.045468
-68.942197 122.203761
-68.917731 121.557102
-68.853966 121.094439
-68.833796 120.187327
-68.420292 120.127816
-68.583691 119.608396
-68.621927 119.202942
-68.565100 119.158541
-68.451332 119.302879
-68.410002 118.494863
-68.613005 118.786199
-68.409279 118.763502
-68.515582 118.056649
-68.169374 118.164061
-68.260333 117.978608
-68.660898 117.305006
-68.506596 116.974316
-68.030632 117.386444
-68.019344 117.104108
-68.111557 116.802125
-68.041847 116.801859
-67.928771 116.892078
-67.787649 117.078675
-68.006825 116.549092
-67.785486 117.003816
-67.862819 117.215397
-68.036842 117.034619
-68.019959 117.213749
-67.973243 117.447624
-68.038957 117.407922
-68.004501 117.442366
-67.996479 117.699257
-68.259196 117.427575
-68.147985 117.573625
-68.223348 117.566451
-68.344104 117.910783
-68.859655 117.590497
-69.045169 117.913035
-69.575626 117.007051
-68.688223 117.465528
-66.830571 117.842165
-66.269145 117.088158
-66.412755 115.024718
-66.950371 116.612500
-67.190223 116.554486
-66.194763 118.127641
-66.931065 115.455630
-65.303003 115.723736
-63.927796 115.628411
-63.316656 116.478994
-63.740719 115.777040
-63.790313 115.780499
-64.136535 115.663299
-64.383898 115.600869
-64.767313 115.944087
-64.694831 115.743664
-63.931696 117.121862
-64.843900 115.849219
-65.551853 114.109843
-65.961408 113.854584
-66.170998 113.651991
-66.791055 113.085967
-67.328036 112.592023
-67.353852 112.822858
-67.389480 112.957082
-66.783067 114.396626
-67.100140 113.278200
-67.236147 113.825145
-67.521562 114.288180
-68.099089 113.182686
-67.679440 114.341885
-68.073644 113.712383
-68.317729 112.444055
-67.296474 113.064204
-67.266451 112.953309
-67.919048 111.797249
-67.834925 111.871910
-67.494783 112.275090
-67.367838 112.038827
-67.359147 112.008650
-67.256450 111.869008
-67.132954 111.918560
-67.504819 110.062868
-66.006402 110.255115
-64.820475 110.698544
-64.329101 110.289757
-63.505850 111.056901
-64.298270 109.677952
-64.044832 109.713266
-63.715696 109.879944
-64.061505 109.871186
-64.609822 109.390330
-64.463671 109.723970
-64.469981 109.783841
-64.799393 109.253452
-64.716618 109.588091
-64.392569 109.805996
-64.550070 108.883185
-64.593507 108.147744
-64.215447 108.408131
-63.874598 108.492319
-64.836633 107.532874
-65.019925 108.037973
-64.812018 108.363259
-64.998817 108.092393
-65.492773 107.358811
-65.796654 107.977596
-66.263407 107.404548
-66.548324 107.342979
-66.605813 107.053480
-66.492259 107.777338
-66.337006 108.620496
-66.657547 108.239579
-67.021225 108.007776
-67.160522 108.060340
-67.045374 108.337790
-66.654806 109.062547
-67.000174 108.324426
-66.933027 108.372365
-66.684812 108.720185
-67.053627 108.692785
-67.381846 108.425947
-67.648634 108.421618
-67.691395 109.187865
-68.241253 108.657373
-67.931940 109.620533
-68.384952 109.184323
-68.494238 109.639209
-68.707822 109.648479
-68.792863 110.634883
-69.097228 110.868691
-71.224614 108.801703
-72.218843 109.933799
-74.666141 107.132983
-74.285152 108.411455
-74.176088 108.837657
-74.081210 107.388597
-73.526307 107.883660
-73.653947 106.083369
-72.947503 105.387885
-72.910399 104.725065
-72.817723 104.423507
-72.220771 104.370559
-72.128092 104.225548
-71.936925 104.438483
-72.008753 105.249681
-70.975896 102.638831
-69.592130 104.035272
-69.916904 102.126163
-69.990293 101.589263
-69.461287 103.367255
-69.945450 102.445895
-69.746915 101.234079
-70.102186 101.571161
-69.755696 101.551804
-69.654052 101.241813
-69.727942 100.923696
-70.218931 100.955087
-70.496308 101.375646
-71.096682 101.369736
-71.551293 101.626203
-71.810094 101.776825
-72.497013 101.315953
-72.877217 101.041804
-72.864256 100.818329
-72.816332 100.949625
-72.444158 101.508243
-72.645404 100.717406
-72.570944 100.708370
-72.253487 100.905075
-72.501415 99.754751
-72.053996 100.010166
-71.636863 100.313248
-71.918049 99.296291
-71.525650 99.881596
-71.357867 100.234184
-71.703874 99.480864
-71.922101 99.373100
-72.115440 99.015592
-72.689283 97.635917
-72.455877 98.142381
-72.211022 99.248322
-72.017029 99.446095
-71.957197 98.748363
-72.057378 98.055871
-71.623799 98.236492
-71.141048 98.220241
-71.260854 97.306318
-71.411228 96.456329
-71.251267 96.853694
-71.740812 96.047892
-71.640478 96.440700
-71.620886 96.404414
-71.434701 96.265595
-71.385914 95.888947
-71.111027 96.190813
-70.914445 96.062516
-70.827235 95.975495
-70.521599 96.529686
-70.561878 95.914059
-70.523721 95.840194
-70.508692 95.709755
-70.510964 95.735323
-70.664943 95.620871
-70.762770 95.499694
-70.903124 95.352990
-70.883405 95.487894
-72.060272 96.256742
-70.973442 95.827331
-71.105404 95.658478
-71.045599 95.757540
-70.965161 95.814488
-71.077553 95.674643
-71.008502 95.700755
-70.894041 95.835905
-70.803932 95.930681
-70.848287 95.715796
-70.752490 95.728846
-70.602867 95.944141
-70.533398 96.140000
-70.850320 95.806580
-71.190878 95.121570
-71.108724 94.420946
-70.755121 95.058078
-70.744297 95.716319
-70.969165 95.505095
-70.462346 96.507388
-70.485255 96.286687
-70.444201 96.299238
-70.601102 96.027128
-70.766731 95.545243
-70.722249 95.392663
-70.763623 95.139794
-70.730890 94.960821
-70.594232 95.269153
-70.609840 95.289883
-70.639047 95.675219
-70.978253 95.228685
-70.989601 95.538064
-71.257600 95.055745
-71.041686 95.360959
-70.922405 95.640117
-70.975531 95.541620
-71.111463 94.997021
-71.035067 95.049666
-71.113242 94.738809
-70.984800 95.017115
-70.965372 94.863912
-71.047096 94.675628
-71.122811 94.419023
-70.996176 94.306670
-71.107136 94.080830
-71.240258 93.656023
-71.062743 93.928500
-70.882556 94.262489
-70.927263 94.294873
-71.064337 94.120223
-71.347418 93.498887
-71.520202 93.174826
-71.440870 93.399823
-71.384621 93.153800
-71.229441 93.452100
-71.211493 93.324094
-71.140581 93.437947
-71.039826 93.517846
-70.890643 93.807826
-70.868334 93.575919
-70.885675 93.247856
-70.722867 93.460645
-70.618614 93.467771
-70.755652 93.182048
-70.810264 93.068530
-70.749383 93.130931
-70.727715 93.180111
-70.791949 93.112012
-70.695750 93.183662
-70.717209 93.052075
-70.710352 93.081300
-70.715958 93.071233
-70.688889 92.997853
-70.671333 93.018961
-70.761917 92.924653
-70.750335 93.298599
-70.699865 93.779273
-70.687459 94.283509
-70.895782 93.313069
-70.382517 92.853566
-69.531927 92.783184
-69.296244 91.671576
-69.100219 91.019272
-69.052082 91.241670
-68.735852 91.093860
-68.162541 90.906812
-68.227773 90.462976
-67.889099 89.595282
-67.138010 88.989667
-66.513862 87.951360
-66.225489 87.035563
-66.371323 86.112897
-65.880340 84.766972
-65.023307 83.490654
-64.152868 82.271162
-63.759815 81.052450
-70.450466 85.455499
-72.022828 85.089324
-71.404167 84.368789
-71.390747 84.287459
-71.005400 83.633671
-70.831785 85.055572
-71.423522 86.162102
-71.383574 86.147392
-71.409976 84.912920
-71.072341 84.386287
-71.069953 84.390342
-71.066832 84.374115
-71.065607 84.372702
-71.065603 84.373692
-71.064504 84.373548
-71.063400 84.373577
-71.063676 84.373281
-71.061848 84.372091
-71.061699 84.372069
-71.060809 84.371238
-71.059897 84.371692
-71.061912 84.372148
-71.061518 84.372542
-71.060610 84.372790
-71.059893 84.373682
-71.060008 84.373448
-71.061933 84.373129
-71.062131 84.372444
-71.061499 84.371527
-71.061098 84.371002
-71.062359 84.373072
-71.064436 84.375133
-71.063559 84.376017
-71.063797 84.377366
-71.062168 84.373935
-71.060585 84.372044
-71.060094 84.369081
-71.059644 84.367731
-71.059692 84.367265
-71.058200 84.365215
-71.055820 84.364577
-71.055185 84.364905
-71.053643 84.364677
-71.052400 84.365074
-71.051077 84.365844
-71.049407 84.367289
-71.048729 84.368038
-71.046294 84.368735
-71.044013 84.368717
-71.043085 84.367921
-71.043482 84.367306
-71.042301 84.365131
-71.041581 84.363218
-71.040881 84.361656
-71.039978 84.358574
-71.039631 84.357004
-71.039471 84.354620
-71.038995 84.352108
-71.038795 84.350293
-71.037711 84.349102
-71.035358 84.358530
-71.034295 84.357836
-71.029036 84.356954
-71.023690 84.352038
-71.018098 84.347078
-71.016033 84.348329
-71.014360 84.347825
-71.009946 84.346269
-71.009464 84.346638
-70.998817 84.341097
-70.990802 84.328865
-70.983407 84.324851
-70.976903 84.319911
-70.970318 84.314086
-70.970120 84.311063
-70.968385 84.308584
-70.968669 84.305580
-70.966709 84.300583
-70.965627 84.292935
-70.965135 84.290597
-70.965033 84.289809
-70.964533 84.288196
-70.963693 84.287206
-70.962826 84.286066
-71.743253 83.885040
-72.519528 83.483577
-74.087318 93.296453
-73.244668 96.888976
-74.010800 96.485003
-73.277569 97.585559
-76.647116 113.138722
-76.124923 114.409185
-75.615288 115.570564
-75.491794 117.274562
-76.085603 117.470111
-75.784433 117.268270
-76.462813 117.883897
-76.058212 117.330016
-78.608815 119.327220
-80.435498 120.897464
-81.031736 120.771378
-81.839926 121.334441
-82.660849 122.038967
-83.145280 122.580075
-82.651755 122.082164
-82.452129 121.817819
-82.328412 121.369889
-82.016116 120.923367
-81.820567 120.384219
-81.993275 120.467609
-81.860914 120.315670
-82.332026 119.215469
-82.470259 118.670840
-82.563137 119.274029
-83.271362 119.494022
-83.968589 119.121809
-84.063874 119.835115
-83.404562 119.358200
-83.607137 120.078839
-82.715202 121.436182
-81.938528 121.397988
-82.589591 120.931661
-84.603586 119.338632
-84.084154 119.696842
-83.787156 118.898188
-83.200101 118.494351
-83.728273 117.767948
-81.942181 117.609819
-80.284610 116.806146
-79.236216 116.230990
-78.645312 115.408470
-78.398023 114.630098
-77.974587 114.371397
-78.292815 114.245642
-77.675987 114.135010
-77.595553 113.702534
-76.790099 113.651738
-76.579647 113.869143
-76.719608 113.802643
-77.358446 113.668324
-76.501616 113.576447
-76.360553 113.931013
-76.955679 113.490921
-79.087718 113.464438
-78.774054 112.991012
-79.570265 113.397996
-79.432203 113.337037
-80.295043 113.665765
-80.220615 113.354559
-79.723499 113.447863
-80.269359 113.281842
-79.753828 113.276864
-80.096378 112.306615
-80.060277 111.928070
-80.512474 112.047236
-80.794443 111.510872
-80.427575 111.151560
-80.275022 111.132397
-78.828782 110.832014
-77.619265 110.670249
-76.633663 110.668499
-77.279609 110.365834
-77.126456 110.263504
-77.415208 110.270325
-77.751193 110.479260
-78.084731 110.050390
-78.406905 109.606046
-78.437408 109.032785
-78.461688 109.158658
-78.005956 108.957065
-78.422876 109.584319
-78.780560 110.072976
-79.068423 110.310169
-79.134561 110.530815
-79.965616 110.357372
-80.332743 110.473672
-80.014087 110.859759
-80.934249 110.939536
-80.839712 111.530119
-80.274739 111.737497
-81.007714 112.175293
-81.784883 112.611169
-82.691365 112.218435
-84.404139 112.867212
-85.438647 114.063040
-87.007348 114.911824
-88.930879 116.561635
-90.172422 118.622500
-95.528523 120.217236
-94.486818 121.655993
-94.467212 122.403013
-95.553306 123.061777
-96.042339 124.009339
-97.698834 123.546136
-98.946313 123.872680
-99.604225 123.909847
-99.490611 123.941773
-99.330164 124.038579
-98.826875 123.932204
-99.188716 123.936735
-99.282337 123.854321
-98.872379 123.587877
-98.991456 123.496079
-98.724582 123.380430
-98.946966 123.253251
-99.132672 123.111414
-99.246694 122.951835
-99.198764 122.896531
-99.524677 122.936205
-99.384700 122.874787
-99.316201 122.877505
-99.371326 122.990455
-99.394777 123.063225
-99.540181 122.992329
-99.724171 122.786568
-99.917851 122.752407
-100.314087 122.895861
-100.696254 123.093304
-100.925643 123.280549
-101.236458 123.486678
-101.231044 123.402072
-100.988524 123.205418
-100.871839 122.982116
-100.625670 122.797106
-99.868766 122.879857
-99.041403 123.366057
-98.495845 123.682136
-98.358793 124.006159
-98.672713 124.464419
-99.013408 124.882660
-99.034052 125.221083
-98.906540 125.583794
-98.934005 125.793567
-99.155072 125.974696
-98.988662 125.960902
-99.014456 125.899410
-99.261526 125.944608
-99.133836 125.840710
-99.208371 125.757316
-99.350135 125.726805
-99.361413 125.735644
-99.315604 125.670783
-99.282015 125.676922
-99.240177 125.650862
-99.118681 125.690826
-99.132370 125.690272
-99.039470 125.610350
-99.115149 125.641424
-99.016201 125.604989
-99.005788 125.585210
-98.815457 125.577706
-98.914843 125.627246
-98.881530 125.778127
-99.122310 126.021708
-98.998406 126.141127
-99.222343 126.319296
-98.970029 126.384609
-98.870730 126.430629
-98.838244 126.505163
-98.800527 126.515973
-98.747818 126.540071
-98.754284 126.520538
-98.594284 126.474894
-98.592165 126.405560
-98.637534 126.396965
-98.662741 126.418945
-98.744939 126.433487
-98.765124 126.407596
-98.772732 126.442543
-98.717675 126.457425
-98.692012 126.502719
-98.722330 126.526289
-98.736927 126.533784
-98.864415 126.509286
-98.890189 126.499517
-98.997712 126.530156
-99.122794 126.571288
-99.186446 126.616440
-99.170142 126.627801
-99.238889 126.649002
-99.256718 126.674143
-99.250271 126.680891
-99.296053 126.711476
-99.395512 126.715096
-99.456768 126.681425
-99.361020 126.631334
-99.379911 126.614876
-99.288935 126.587430
-99.154121 126.713217
-98.830925 126.772857
-98.223753 126.848515
-97.261059 126.617340
-96.572781 126.423071
-96.532861 126.311116
-96.177670 126.049467
-96.114594 125.955545
-96.280237 125.900165
-96.385898 125.953663
-96.329834 126.085805
-95.759995 126.070138
-95.199845 125.922932
-95.063827 125.867152
-94.962861 125.768732
-93.954217 125.489578
-93.555863 125.078302
-92.733273 124.618332
-92.318699 124.206853
-92.141051 123.708535
-91.892945 123.530237
-91.891765 123.336393
-91.838284 123.126618
-91.710224 122.917660
-91.743922 122.822379
-91.813864 122.830366
-91.323371 122.866529
-90.913189 122.950003
-90.631496 123.046123
-90.844454 123.319467
-91.425858 123.484902
-91.943000 123.758456
-92.075732 123.958424
-92.078631 124.092945
-92.089758 124.202813
-92.458821 124.363686
-92.644770 124.442461
-92.518730 124.388411
-92.404367 124.376069
-92.364796 124.371437
-92.482822 124.468317
-92.771974 124.556961
-92.788074 124.640196
-92.714748 124.640123
-92.688993 124.599130
-92.674161 124.549960
-92.627270 124.507260
-92.470566 124.420779
-92.304495 124.407970
-92.229677 124.423308
-92.157429 124.387672
-92.153689 124.436311
-91.937538 124.412404
-91.906655 124.314948
-91.932484 124.237610
-91.866416 124.153417
-91.791980 124.090874
-91.695082 124.040110
-91.623684 124.209103
-91.610618 124.316053
-91.594802 124.332582
-91.532856 124.379860
-91.498834 124.406750
-91.665708 124.386262
-91.747959 124.389537
-91.896046 124.438717
-92.133717 124.471977
-92.285720 124.517725
-92.262592 124.591278
-92.164362 124.648867
-92.252020 124.685097
-92.310114 124.685267
-92.277105 124.662511
-92.205678 124.619787
-92.106766 124.578573
-92.064538 124.563244
-92.015683 124.596682
-92.091588 124.617006
-92.208735 124.611655
-92.243730 124.604553
-92.259893 124.530718
-92.378237 124.470841
-92.443617 124.428216
-92.800056 124.360003
-93.560418 124.226729
-94.296366 124.283010
-94.348175 124.397507
-94.114681 124.259423
-94.076310 124.199216
-94.214544 124.177425
-94.284105 124.153518
-94.386592 124.166076
-94.482651 124.185042
-94.414986 124.158664
-94.393315 124.069610
-94.432343 123.984065
-94.471887 123.955004
-94.681042 123.940856
-94.467859 124.038962
-94.411803 124.108339
-94.494575 124.093876
-94.672940 124.063159
-94.862971 124.063455
-95.177517 124.243296
-95.512097 124.403264
-95.866797 124.515507
-96.013869 124.584352
-96.715781 124.371499
-97.660465 124.171636
-97.861009 124.195624
-97.310028 124.454517
-95.667259 124.305097
-95.305118 124.142790
-94.831122 124.148984
-95.078096 124.203135
-95.687167 124.006610
-95.271669 123.809230
-95.116376 123.745732
-95.231283 123.691221
-96.035303 123.755608
-96.497520 123.723647
-96.313594 123.468977
-96.423627 123.478461
-95.751583 123.402013
-95.397636 123.452509
-95.037554 123.616988
-95.212222 123.647990
-95.448189 123.777557
-94.982823 123.853004
-95.061239 123.889390
-95.202501 123.969582
-95.179867 123.984490
-95.353379 124.089737
-95.501930 124.171410
-95.792396 124.316427
-96.225601 124.495261
-96.688590 124.686984
-97.326557 124.895678
-97.704223 125.067945
-97.194430 125.384124
-96.551541 125.638283
-96.414011 125.744925
-96.233465 125.616642
-96.081072 125.326951
-95.886181 125.020901
-95.779068 124.729633
-95.845427 124.362191
-95.873408 123.815319
-95.306454 123.424770
-95.666319 122.969509
-95.305107 122.459920
-94.983020 122.130086
-94.949785 122.295905
-94.993353 122.232396
-95.211552 122.019552
-95.356898 122.019037
-95.587874 121.931551
-95.288706 121.826785
-95.314517 121.777722
-95.587622 121.969732
-95.518052 121.969035
-95.348040 121.831647
-95.258365 121.662818
-94.983124 121.315748
-94.582876 121.259214
-94.528011 121.455749
-94.327387 121.481152
-94.226991 121.504447
-94.307271 121.463310
-94.295279 121.282275
-94.016420 121.199450
-93.798836 121.212630
-94.062381 121.346603
-94.199089 121.576205
-94.257188 121.790780
-94.363896 121.982372
-94.171432 121.776951
-93.946933 121.756644
-92.969787 121.450059
-92.045502 120.931261
-89.516518 121.324876
-88.688821 120.930781
-88.634695 120.413883
-88.986659 120.434456
-89.466886 120.636454
-90.151320 120.606209
-90.566362 120.662515
-90.902944 120.653400
-91.103793 120.600253
-91.130767 120.562051
-91.141313 120.609492
-91.189341 120.693945
-91.509713 120.863423
-91.759597 120.928486
-92.035076 121.049602
-92.520192 120.984043
-92.753916 121.077228
-92.490157 121.237390
-92.123093 121.356199
-92.051260 121.295855
-92.089957 121.341905
-92.281825 121.286717
-92.828270 121.602381
-93.568564 122.028589
-97.007428 123.912090
-97.026955 124.061175
-97.235299 124.048784
-97.090811 124.099534
-96.780906 123.936604
-96.778639 123.927921
-96.705706 123.795527
-96.769292 123.748507
-96.600603 123.731555
-96.551621 123.684738
-96.024317 123.645460
-95.945509 123.591905
-95.682678 123.498752
-95.530818 123.538048
-95.382973 123.554837
-94.933001 123.515357
-94.460460 123.568917
-94.242442 123.559522
-94.386809 123.462306
-94.561284 123.340358
-95.193247 123.548393
-95.325561 123.562172
-95.468752 123.549322
-96.004541 123.566102
-95.860094 123.540930
-95.266117 124.131959
-93.795920 124.498413
-92.581461 124.495936
-91.246602 124.506893
-90.463753 124.876825
-90.087940 125.794290
-90.284390 125.777516
-90.382738 125.821775
-90.230738 125.768241
-90.615434 125.951896
-90.941432 126.160762
-90.696101 126.196582
-90.276237 125.930520
-89.998207 125.987969
-89.854283 126.057649
-89.608130 125.995072
-90.235993 125.799009
-91.139420 125.448983
-91.674788 125.294261
-92.214992 124.961972
-92.232391 124.783728
-91.600437 124.445995
-91.965002 124.516463
-93.038895 124.379755
-92.921471 124.155778
-93.904346 124.515928
-95.451387 125.509684
-95.830436 125.712813
-96.167708 125.939084
-96.457637 126.437624
-96.988617 126.298566
-96.945691 125.294940
-97.742921 124.392069
-95.917031 123.729087
-96.222058 122.948912
-97.111592 122.047183
-97.450427 122.509611
-97.822835 121.972067
-97.719943 121.491202
-96.995024 122.110468
-94.553778 122.424099
-94.040761 122.055275
-91.895085 122.803071
-91.757173 122.515510
-92.912439 121.807996
-93.968826 121.898144
-94.477187 122.418588
-95.223165 122.474449
-95.411926 122.799005
-95.098536 120.941956
-95.976465 120.662795
-97.067822 121.469807
-97.677517 121.797927
-96.926667 122.108534
-96.088707 121.959657
-95.742699 122.449365
-96.055424 122.380588
-95.535425 122.284891
-95.140617 122.771426
-94.629218 123.463179
-94.091705 123.344485
-93.813361 123.301758
-93.732802 123.140031
-93.394032 122.798827
-93.132857 122.643997
-92.906648 122.836893
-92.425695 122.799011
-91.199955 123.879757
-91.988818 123.659922
-92.325628 123.922946
-91.645781 123.753018
-90.357208 123.756770
-89.929676 123.355677
-89.858499 123.341503
-90.226930 123.255003
-90.765258 123.382899
-89.963461 124.450476
-90.674911 124.151304
-90.859672 124.884159
-91.705516 125.256309
-91.704147 126.195891
-91.011305 126.994917
-91.178023 127.605337
-90.790699 128.094334
-89.993096 128.480785
-89.636412 128.744968
-89.682574 129.279283
-89.533472 129.528629
-89.563377 129.511203
-89.766839 129.282494
-89.659583 129.519204
-89.203651 129.573248
-89.349873 129.181218
-88.528403 128.824579
-87.735939 127.839336
-86.843552 128.435852
-86.806070 128.394980
-87.615366 127.807272
-89.055273 127.452083
-91.244787 128.365334
-92.095252 128.460564
-93.202816 128.737024
-93.075181 130.551332
-92.701787 129.367875
-91.468314 128.350503
-90.469491 127.386589
-89.379517 126.123588
-90.573647 124.865042
-92.230451 123.931683
-94.401021 122.222664
-94.585354 122.745624
-94.604607 123.644792
-93.742778 125.029640
-93.289607 125.355876
-92.401651 125.722038
-92.120988 125.476938
-92.731844 124.660926
-93.820752 124.796141
-93.956374 124.442432
-93.559599 125.461612
-93.179412 125.965595
-92.291709 126.344267
-91.853001 126.280008
-91.872590 126.272659
-91.336027 126.525752
-90.904327 126.613720
-90.293116 126.557475
-89.599897 126.882212
-90.338714 127.010592
-90.860755 127.560064
-91.169327 127.101146
-90.912334 127.402280
-90.928695 127.378575
-90.719578 127.594930
-90.959138 128.457583
-91.071459 128.077152
-91.580790 128.227106
-91.836848 129.020864
-91.134382 129.046002
-91.114666 129.716041
-91.776412 130.240806
-91.735236 130.590261
-91.891058 130.452992
-91.971679 130.095397
-91.506623 129.582525
-91.384074 129.230905
-90.878688 129.010874
-90.092345 128.784227
-89.657647 128.466928
-90.164804 128.052904
-90.561100 128.022802
-91.050583 127.955638
-91.093709 127.909889
-91.203814 128.256482
-91.252368 128.403894
-90.922838 129.062175
-90.614440 129.174036
-90.417608 129.770919
-90.238903 130.058199
-90.072306 130.189424
-90.125063 130.336021
-90.440585 130.230716
-90.586721 130.161374
-90.706927 130.079801
-90.368481 129.694543
-90.412392 129.484887
-89.961363 129.624176
-89.567850 129.312244
-90.159225 129.269899
-90.403385 129.591393
-89.766819 129.891149
-89.946254 130.538393
-90.447629 131.109619
-91.024592 132.136593
-91.536702 133.033101
-91.594966 134.129699
-90.839875 135.673152
-90.254860 136.172403
-89.984763 135.687324
-89.921582 135.697826
-89.842532 135.739570
-89.745839 135.761055
-89.551459 135.807761
-89.370851 135.899223
-89.361200 135.859074
-89.415422 135.850509
-89.482927 135.814527
-89.532661 135.781998
-89.564484 135.773521
-89.713557 135.783310
-89.829325 135.785962
-89.970224 135.779750
-90.126055 135.790565
-90.350587 135.740323
-90.806949 135.632154
-91.064311 135.557859
-91.378945 135.449544
-91.642925 135.359259
-91.912992 135.264360
-92.108071 135.168432
-92.359745 135.024823
-92.480315 134.980326
-92.487757 134.978240
-92.436218 135.031188
-92.492989 134.990541
-92.495721 134.989261
-92.485126 134.995351
-92.943798 134.693728
-93.187333 134.516368
-93.269035 134.462786
-93.264573 134.470610
-93.310407 134.445683
-93.322761 134.440555
-93.342679 134.424289
-93.433633 134.352314
-93.491575 134.305349
-93.560434 134.245251
-93.563754 134.269326
-93.488596 134.343094
-93.434864 134.404610
-93.456645 134.381284
-93.524699 134.340444
-93.747928 134.208431
-93.873318 134.045312
-93.898086 133.916160
-93.969587 133.772414
-94.383698 133.386982
-94.825232 133.176005
-94.870553 133.275341
-94.998199 133.764566
-95.081220 134.344724
-94.996704 134.664521
-94.855333 135.425138
-94.755004 135.999489
-95.000475 136.897604
-94.759173 137.695287
-94.117734 138.863867
-94.300316 139.378560
-94.560210 139.670376
-94.667136 140.079442
-95.302623 140.181882
-95.016385 141.711737
-96.698927 138.315633
-96.699519 140.119250
-96.669454 143.136856
-97.183646 144.938861
-97.274507 145.115665
-96.382466 144.715196
-97.680596 145.766328
-98.638898 145.568685
-98.825690 144.633403
-99.355626 144.870986
-99.562235 144.836711
-98.644335 143.064799
-98.324339 142.309816
-98.154798 140.730037
-97.551901 139.539577
-97.206427 140.201979
-98.610909 140.284510
-97.824454 139.593765
-98.882626 139.676448
-100.307743 139.793642
-100.521510 140.423415
-99.720596 140.732823
-99.366191 141.121448
-99.018070 140.687348
-99.777190 141.797665
-100.762275 140.803807
-101.355118 140.121449
-101.913449 139.254889
-101.535226 139.658530
-101.042164 140.059653
-99.743585 138.991435
-100.915399 139.350375
-101.573931 140.223981
-102.315398 141.178175
-102.561189 141.743725
-102.713090 141.791025
-103.203826 141.291030
-102.002197 141.395955
-101.651731 141.079455
-101.364272 140.810356
-103.381767 141.211974
-104.034789 142.740366
-104.985089 141.563088
-105.332456 141.172704
-105.452677 141.263624
-105.051502 141.802745
-105.085961 141.422420
-104.631637 141.055512
-104.219827 142.153169
-104.097604 141.963338
-105.477644 141.257133
-105.671040 141.613384
-104.233384 142.631907
-104.553730 141.518472
-103.048662 141.510961
-103.585635 141.814103
-104.044267 141.690480
-103.241906 142.491594
-102.704473 141.810098
-102.132837 141.218717
-101.496585 141.523243
-102.020456 141.612830
-102.384813 141.539113
-101.600363 141.343527
-101.869340 141.178840
-101.820059 141.407925
-101.583496 141.599956
-101.429505 141.239450
-101.459145 140.837256
-101.899672 140.508551
-101.978141 140.282422
-102.308156 140.125944
-102.568417 140.289218
-102.687205 140.819530
-102.901879 140.643300
-103.308018 140.817542
-103.570606 140.721015
-102.536017 139.886763
-102.899692 140.175510
-103.292720 139.934107
-103.740431 139.546616
-104.022555 139.029543
-104.477500 139.903982
-104.641250 140.348261
-105.157356 140.334953
-104.784327 140.826514
-104.771849 140.841713
-104.950054 140.844349
-104.639907 140.309671
-104.447749 140.246124
-103.885135 140.080035
-104.647558 140.016413
-104.755068 139.925893
-105.157438 140.195623
-104.957341 140.499104
-104.613388 140.272929
-104.391616 140.062938
-104.538901 139.713957
-104.657165 139.040153
-104.798743 138.164070
-105.295324 138.044606
-104.993555 137.501688
-104.613531 136.730402
-101.916112 134.972345
-102.004145 134.285366
-102.317997 133.581797
-102.654638 132.950058
-102.661252 132.707553
-102.889845 132.446390
-102.981634 132.324050
-102.910843 132.332100
-102.921088 132.189694
-102.716314 132.017560
-102.330635 131.948643
-102.154330 131.920895
-101.914982 131.882992
-102.121381 132.036178
-101.434327 132.543790
-100.315561 133.619290
-100.281806 134.239609
-100.155927 134.852693
-100.168724 135.270575
-100.198596 135.375264
-100.156268 135.635380
-100.047381 136.195866
-100.011417 136.288065
-100.120996 136.275009
-100.221550 136.163632
-100.261543 136.133278
-100.346431 136.125329
-100.407837 136.072952
-100.327131 135.941057
-100.313265 135.515329
-100.893852 135.032359
-101.009825 134.884625
-101.077389 134.869014
-101.012563 134.809221
-101.064013 134.779265
-101.292661 134.460823
-101.358824 134.201457
-101.644429 133.785443
-101.849710 133.464622
-101.549731 133.433211
-101.340451 133.513737
-101.412512 133.449534
-101.421940 133.396944
-101.427621 133.401360
-101.439581 133.418670
-101.425278 133.458519
-101.279897 133.441405
-101.307927 133.484777
-101.409882 133.429487
-101.249585 133.598230
-100.469210 133.899739
-100.044596 134.059044
-100.047068 134.112724
-100.149018 134.152227
-100.159017 134.178781
-100.039640 134.276885
-99.941519 134.358347
-99.797868 134.377397
-99.460673 134.383704
-99.368878 134.412245
-99.327388 134.374062
-99.325390 134.419140
-99.408278 134.411534
-99.379224 134.416109
-99.304991 134.451769
-99.304231 134.514216
-99.367818 134.569682
-99.401448 134.652882
-99.379950 134.765254
-99.320328 134.722909
-99.113856 134.852381
-99.102724 135.095616
-99.567426 135.458681
-99.631459 135.513275
-99.904703 135.505858
-99.959333 135.394785
-99.992237 135.213070
-99.896243 135.215629
-99.817177 135.253182
-99.770822 135.227639
-99.847051 135.418411
-99.912363 135.497944
-99.903864 135.611657
-99.946714 135.939590
-99.913138 136.078393
-99.703958 135.881265
-99.417877 135.640844
-99.343881 135.197791
-99.137479 134.849922
-100.908265 135.872255
-100.532234 135.846098
-100.879675 136.184412
-100.619839 136.557671
-100.561084 136.620294
-100.613315 136.816657
-100.964405 136.706660
-101.230391 136.439378
-101.314266 136.299230
-101.084938 136.475432
-101.065740 136.423742
-101.286767 136.136732
-101.404115 136.049702
-101.624265 136.017776
-101.595475 136.497980
-101.473485 136.549855
-101.305282 136.630766
-101.247859 136.752290
-101.317458 136.642100
-101.143372 136.803237
-101.055656 136.575711
-100.670722 136.442651
-101.039167 136.388298
-101.193519 136.346608
-101.389529 136.307803
-101.254318 136.432381
-101.130411 136.408193
-100.985087 136.184553
-102.172101 135.172513
-103.337730 133.730600
-105.580068 132.336225
-106.018527 131.776099
-106.056809 131.439723
-105.608416 131.012857
-105.753663 130.443742
-105.315739 129.840816
-105.746030 129.161224
-105.578596 128.627639
-103.921669 128.509870
-102.705592 128.410807
-101.828894 128.046213
-101.337367 127.725439
-100.740118 127.414696
-99.819907 127.186155
-99.107545 126.845988
-98.908078 126.705443
-98.644857 126.465570
-98.405587 126.390695
-98.355463 126.668246
-98.541298 126.985285
-98.626979 127.296575
-98.948888 127.614110
-99.084928 127.935298
-98.780135 128.136143
-98.785172 128.345491
-99.559503 128.421446
-99.810234 128.755922
-99.736425 128.972506
-100.033096 128.796823
-100.165274 129.125810
-100.450901 129.425917
-100.331052 129.730867
-100.213596 129.756648
-100.175745 129.649752
-100.187025 129.641137
-100.115648 129.620195
-100.285859 129.699417
-100.212759 129.820378
-100.096876 129.830085
-99.913926 129.743799
-99.917502 129.546305
-100.101938 129.556753
-100.062546 129.713517
-100.070806 129.853079
-99.662337 129.950384
-99.318522 129.847438
-99.473364 129.928561
-99.600913 130.034827
-99.845324 129.810795
-99.875240 129.634463
-99.910067 129.388408
-99.803419 129.402814
-99.547347 129.242987
-99.558277 129.213188
-99.524240 129.472592
-99.967206 129.508512
-100.255963 129.682294
-100.232218 129.757308
-100.336526 129.795706
-100.716386 129.611078
-101.026995 129.639571
-102.363652 129.810190
-102.417608 130.100159
-102.652455 130.325287
-103.320894 130.855666
-103.754234 131.375216
-104.205716 132.035267
-105.023169 132.914894
-105.429189 133.544299
-105.583159 133.899282
-105.918607 134.235496
-106.141627 134.567421
-107.354571 135.362639
-107.631582 135.643963
-108.118910 135.936036
-108.936121 136.173079
-109.386173 136.356235
-109.720028 136.537434
-110.098719 136.799959
-110.388093 136.941044
-110.792546 137.170893
-111.224738 137.439007
-111.532637 137.481612
-111.955365 137.513055
-112.638067 137.567281
-113.060736 137.676665
-112.824046 137.596171
-112.788817 137.391047
-112.619072 137.309418
-112.542497 137.262426
-112.563451 137.201997
-112.580943 137.087718
-112.506596 137.047606
-112.480938 136.945100
-112.339519 136.859306
-112.127868 136.793452
-111.948973 136.736913
-111.426216 136.652873
-111.202571 136.499644
-111.293903 136.588900
-111.226245 136.490302
-111.232968 136.465800
-111.179549 136.395281
-111.344694 136.526148
-111.538860 136.722422
-111.538817 136.818572
-111.653926 136.827646
-111.887976 136.945165
-112.308387 137.151536
-112.644697 137.413249
-113.077973 137.640525
-113.149400 137.734747
-113.420649 137.774425
-113.837093 138.015524
-113.920788 138.116126
-114.435686 138.193406
-114.985241 138.282378
-115.379139 138.324150
-115.535093 138.370623
-115.586448 138.468274
-115.459552 138.549174
-115.367174 138.517001
-115.339825 138.519254
-115.297145 138.514468
-115.456059 138.605536
-115.489569 138.512606
-115.352345 138.381381
-115.410493 138.385879
-115.296797 138.362683
-115.280237 138.221528
-115.337161 138.151246
-115.264183 138.131012
-115.273944 138.125650
-115.250830 138.071856
-114.933978 138.039078
-114.809678 138.015003
-115.090961 138.042276
-115.279332 138.070063
-115.138747 138.054569
-115.220578 138.016355
-115.074462 138.022613
-115.023490 138.019009
-115.122783 137.950691
-115.228043 137.821504
-115.086366 137.773012
-114.851753 137.601699
-114.847481 137.496805
-114.853773 137.376785
-114.871724 137.283346
-114.754725 137.238338
-114.547932 137.132330
-114.375329 137.165623
-114.373731 137.122678
-114.397999 137.108004
-114.379331 137.100814
-114.170884 137.098643
-114.219335 137.057270
-114.093251 137.026871
-114.159755 137.107802
-114.059344 137.161696
-114.210944 137.280719
-114.547722 137.423937
-114.505542 137.501840
-114.443777 137.546612
-114.328468 137.552319
-114.307184 137.555733
-114.233993 137.581295
-114.290348 137.587210
-114.287622 137.610872
-114.265795 137.637554
-114.319954 137.657560
-114.184285 137.841258
-114.106014 137.858538
-114.146601 137.829395
-114.231853 137.746735
-114.292253 137.614518
-114.297523 137.648181
-114.108652 137.656522
-114.014613 137.630536
-114.000783 137.593536
-113.893652 137.608059
-113.764810 137.647241
-113.892015 137.539854
-113.818875 137.512394
-113.797488 137.452966
-113.843883 137.533090
-113.749361 137.576194
-113.616317 137.579860
-113.402426 137.957038
-113.505073 137.961980
-113.242709 138.416663
-113.621761 138.610100
-114.106759 138.955651
-114.380230 139.372878
-114.452754 139.929127
-114.255883 140.241216
-114.322248 140.485705
-114.627984 140.485649
-114.920746 140.578816
-114.961326 140.833085
-114.978913 140.971244
-115.073144 140.678441
-115.268106 140.237232
-115.580214 140.029656
-115.470057 139.619401
-115.344274 138.963564
-115.521857 138.285671
-115.677772 137.438173
-115.678160 137.524288
-115.615886 137.601383
-115.441721 137.491751
-115.509420 137.630569
-115.506284 137.424770
-115.380637 137.037196
-115.150331 136.466288
-115.085935 136.221097
-115.443394 136.763212
-115.632462 137.161767
-115.521216 137.350176
-115.604143 137.410955
-115.414407 137.387270
-115.482797 137.306030
-115.540013 137.414066
-115.499270 137.421527
-115.382829 137.137433
-115.618920 136.870752
-115.474630 136.716702
-115.393661 136.220244
-115.362331 135.546351
-115.303896 135.481117
-115.755644 135.679766
-117.162980 136.372572
-117.187069 136.821388
-117.405659 137.423182
-118.112186 136.719878
-118.014857 135.992854
-117.800906 134.830219
-117.973714 134.007111
-116.774023 134.659412
-114.999920 134.397432
-113.154484 133.273712
-110.955085 132.267867
-111.318194 131.801874
-112.619627 130.705703
-111.488054 131.328115
-110.538481 132.452822
-110.659867 133.494684
-110.798477 132.786027
-110.861488 132.547802
-110.712842 131.882982
-108.516430 130.311907
-108.133496 128.498007
-109.257626 128.583375
-110.993762 129.240095
-112.212596 129.704054
-113.918882 130.672504
-112.270755 131.151117
-110.527911 131.426736
-110.639037 132.343533
-112.223529 133.619760
-111.208070 133.738445
-111.484489 136.747784
-111.580476 138.442571
-112.490682 140.187348
-113.539119 141.364277
-114.117484 142.260186
-115.292447 144.383319
-116.165628 144.739445
-115.389539 145.909896
-118.100318 148.861156
-118.321223 150.082771
-117.788627 151.063857
-119.080835 151.650079
-121.732024 152.195543
-122.210271 153.169404
-121.185895 154.346860
-119.587713 154.631868
-117.004373 155.351057
-115.494134 155.386701
-116.840349 154.033599
-117.295707 153.755031
-116.938853 153.126083
-115.831787 153.078886
-114.040680 153.508743
-111.942734 153.870048
-110.205261 154.333797
-109.824515 154.423440
-109.176609 154.937352
-108.262849 155.690029
-106.952362 156.383188
-105.825957 159.104550
-108.259081 159.334420
-110.575601 160.993815
-110.700206 163.007664
-110.538709 164.678119
-111.014497 165.722624
-111.347094 166.548896
-112.390425 166.779969
-113.912909 167.621912
-115.925024 168.144215
-117.305397 168.060464
-116.105538 168.717762
-115.708519 168.713385
-114.501129 169.196066
-114.176325 169.515403
-114.452139 169.626795
-114.510885 169.602210
-113.867759 169.782028
-113.178167 168.478790
-113.757105 166.787358
-114.426435 164.619483
-114.405527 162.479900
-112.936651 162.919232
-112.075797 160.913256
-112.634055 159.478414
-113.250297 156.420983
-114.450909 156.399191
-114.978100 154.647806
-115.307032 153.872937
-115.929686 153.512101
-116.233745 152.955470
-116.377485 152.180373
-116.284321 150.799922
-116.324269 149.339531
-116.163273 147.866919
-115.443007 146.514655
-116.120301 145.062380
-115.801309 144.346633
-115.015691 144.586821
-114.634315 145.612952
-115.134501 145.576363
-116.341334 146.644422
-116.738830 146.871550
-117.070392 146.265195
-118.901783 146.296853
-120.757650 145.921664
-120.395007 146.098006
-121.361985 146.850162
-121.887849 147.931181
-122.937677 150.281769
-123.140077 152.957148
-123.151267 156.013068
-123.490006 158.358071
-124.528530 160.658272
-122.947823 163.126162
-122.944154 164.748974
-124.439499 166.421369
-124.849006 167.961847
-124.478698 169.648067
-124.511165 170.119761
-124.732732 170.025269
-124.368487 170.205860
-125.047924 169.555285
-125.005341 168.888604
-124.633994 167.414502
-124.473958 166.357961
-123.389565 165.291909
-123.136495 164.476948
-123.014747 164.397811
-123.188525 164.068651
-123.160836 163.850598
-123.203327 163.523445
-122.510244 161.136215
-121.876622 157.793480
-120.925508 154.783965
-120.327974 150.148585
-118.824433 144.665347
-118.770522 144.120293
-117.606545 144.885986
-117.398067 144.387086
-116.098535 144.174476
-115.263051 143.491622
-115.321940 143.655836
-114.656822 143.322833
-114.820418 143.406836
-115.355875 143.935024
-115.399038 144.559080
-115.328828 145.528057
-115.064764 146.756188
-115.741829 148.088826
-116.244718 149.392723
-116.904522 150.694162
-116.707485 151.373149
-116.623748 152.599204
-117.523247 153.156922
-115.859146 154.527911
-115.492970 155.516415
-115.833182 155.651963
-115.968356 156.468848
-116.470081 156.908739
-116.054360 157.490183
-115.823736 157.103381
-115.512980 156.014209
-113.688175 155.596971
-113.358984 154.902773
-113.733445 154.516492
-113.734042 154.135180
-112.869417 154.448086
-112.098300 154.069754
-111.736136 153.859188
-111.678466 153.651511
-110.916630 153.522273
-112.007203 153.423827
-112.093854 154.244604
-112.062370 153.950061
-111.966981 153.608973
-111.399873 154.164497
-111.894506 154.607720
-112.505055 155.355712
-113.154606 155.612983
-114.027834 156.382387
-115.728133 157.137098
-115.777410 157.498639
-116.873738 157.944439
-118.784895 158.358478
-119.962440 159.055680
-120.596089 159.413330
-120.317495 159.220156
-119.515981 158.782336
-118.924776 158.301885
-118.458759 157.945563
-117.888330 157.377931
-117.505977 157.048301
-117.545279 156.612675
-117.519590 156.148166
-118.236619 156.030702
-118.495003 155.884705
-117.870133 155.640849
-117.254063 155.529743
-116.849879 155.400282
-116.277561 155.583733
-115.442791 155.367414
-115.063861 155.175531
-115.448385 155.145901
-115.581208 154.955510
-116.223949 154.599542
-117.161438 154.301619
-117.467719 154.187051
-118.137962 153.908282
-117.654197 154.647829
-118.333928 154.948293
-119.737789 155.536492
-121.613787 156.112970
-121.609647 156.817965
-122.146782 156.596655
-121.987717 156.674659
-122.156283 156.316536
-122.248042 156.628629
-121.718411 156.527507
-121.144865 156.522812
-121.404863 156.412797
-121.408431 156.607753
-121.073346 156.822206
-120.943913 156.623039
-120.510281 156.339726
-119.956565 156.234265
-119.010746 156.001661
-118.587576 155.877597
-118.490259 155.721855
-118.211425 155.492198
-117.925749 155.377468
-117.836964 155.348349
-117.800479 155.312720
-117.836792 155.263395
-117.767296 155.319503
-117.880189 155.367905
-118.027067 155.420316
-118.129792 155.396108
-118.331042 155.262907
-118.464420 155.192169
-118.851157 155.034593
-118.631800 155.220010
-118.674967 155.362739
-118.763000 155.427661
-118.982198 155.557042
-119.136529 155.804456
-120.568814 157.200630
-124.340275 164.352310
-128.126004 170.018368
-129.338403 175.738840
-133.787554 179.495158
-132.621409 179.954014
-131.879312 180.252656
-132.755837 181.194469
-136.650799 181.663044
-137.645615 183.482793
-135.812162 184.230949
-136.470071 185.644258
-137.574891 187.542139
-141.121565 189.522952
-141.673325 189.376883
-141.938470 189.303906
-142.050159 189.242589
-142.131814 189.118757
-141.524453 188.847337
-141.112390 188.983593
-141.047732 188.959332
-140.730974 189.093435
-140.563321 189.162869
-140.413910 189.390227
-140.391889 189.401953
-140.399430 189.401850
-140.381863 189.400264
-140.351454 189.409546
-140.452935 189.383886
-140.478895 189.517747
-140.676901 189.326138
-140.751420 189.343580
-140.855685 189.206230
-140.959527 188.934542
-141.053811 188.704816
-141.044482 188.651301
-140.971973 188.682697
-140.985191 188.497144
-140.868380 188.460233
-140.777076 188.492356
-140.692370 188.482713
-140.559727 188.542892
-140.466818 188.590000
-140.484669 188.666435
-140.463710 188.715009
-140.492795 188.713340
-140.547570 188.700422
-140.588831 188.767849
-140.648058 188.846917
-140.687743 188.968894
-140.641534 189.104326
-140.650895 189.229819
-140.757648 189.085748
-140.973665 189.370328
-140.803607 189.119677
-140.556544 189.097657
-140.747827 188.440399
-141.052366 187.547125
-141.493169 185.591236
-141.258315 184.773371
-141.581706 184.516319
-140.941428 184.697591
-140.469285 184.770077
-141.636523 182.960295
-141.437732 183.062575
-141.452162 183.045525
-141.454730 183.042562
-141.472100 183.024690
-141.463439 183.033479
-141.455790 183.040681
-141.446024 183.048535
-141.438688 183.056082
-141.433484 183.064755
-141.424395 183.071364
-141.418878 183.075184
-141.409686 183.082479
-141.402147 183.087640
-141.396434 183.092924
-141.386616 183.098805
-141.378360 183.103951
-141.370742 183.107970
-141.363728 183.112705
-141.356619 183.118876
-141.348016 183.123706
-141.339158 183.129044
-141.329911 183.135087
-141.320691 183.142299
-141.311445 183.148824
-141.303943 183.153524
-141.293862 183.160218
-141.285816 183.165546
-141.277350 183.170636
-141.270305 183.175852
-141.258689 183.181662
-141.248780 183.186244
-141.241296 183.190640
-141.233307 183.196321
-141.225644 183.201140
-141.217527 183.205115
-141.209721 183.209862
-141.200814 183.214765
-141.192701 183.219376
-141.181605 183.227442
-141.172570 183.232694
-141.165413 183.237364
-141.157061 183.242251
-141.149451 183.245781
-141.142466 183.250167
-141.134558 183.255282
-141.125596 183.259189
-141.118773 183.263749
-141.110835 183.267720
-141.099779 183.272322
-141.088744 183.277790
-141.079380 183.282515
-141.069576 183.287091
-141.060978 183.292086
-141.051760 183.296332
-141.045955 183.299826
-141.041982 183.303825
-141.036258 183.307391
-141.030030 183.311453
-141.024063 183.314731
-141.018220 183.319173
-141.010476 183.321920
-141.004617 183.324912
-140.998168 183.327641
-140.985921 183.333214
-140.977668 183.337340
-140.970007 183.340988
-140.961210 183.345098
-140.952146 183.348400
-140.944909 183.351005
-140.937764 183.353143
-140.929464 183.357276
-140.921999 183.360873
-140.915180 183.364065
-140.908109 183.367022
-140.902254 183.371716
-140.894342 183.375555
-140.886725 183.379570
-140.880015 183.381989
-140.871516 183.385570
-140.864044 183.389619
-140.856851 183.392919
-140.849731 183.396192
-140.842744 183.398784
-140.836628 183.401834
-140.830246 183.404100
-140.823934 183.406552
-140.817423 183.409008
-140.810550 183.411412
-140.804563 183.414511
-140.798917 183.415493
-140.794747 183.417937
-140.789256 183.420267
-140.783508 183.422538
-140.779466 183.425107
-140.773225 183.429785
-140.765144 183.432576
-140.757596 183.435385
-140.751778 183.436235
-140.745607 183.438165
-140.739119 183.440890
-140.733532 183.443420
-140.727523 183.449729
-140.719185 183.453876
-140.711738 183.458441
-140.702539 183.462730
-140.695940 183.465344
-140.688371 183.468308
-140.683709 183.469592
-140.678442 183.471942
-140.672247 183.474172
-140.663482 183.479291
-140.653283 183.483842
-140.643446 183.488424
-140.635659 183.495502
-140.628226 183.497433
-140.621690 183.500403
-140.615005 183.503510
-140.607998 183.505764
-140.600671 183.508684
-140.591731 183.511849
-140.583613 183.515229
-140.575518 183.519281
-140.568429 183.521245
-140.560902 183.523644
-140.553491 183.526115
-140.544962 183.528545
-140.537520 183.532008
-140.530247 183.534325
-140.523883 183.536931
-140.514898 183.539267
-140.507363 183.541473
-140.498878 183.545113
-140.493496 183.550551
-140.485619 183.553281
-140.478215 183.555357
-140.470647 183.558110
-140.463690 183.561706
-140.455597 183.564444
-140.447171 183.567188
-140.437178 183.569370
-140.426377 183.573743
-140.417535 183.577214
-140.407028 183.581161
-140.398895 183.584312
-140.390972 183.587266
-140.382835 183.590950
-140.374212 183.594894
-140.366662 183.598421
-140.358211 183.600495
-140.350281 183.603915
-140.342236 183.606780
-140.333975 183.609307
-140.325878 183.612017
-140.317835 183.617353
-140.320189 183.618072
-140.309478 183.624705
-140.303633 183.629094
-140.296631 183.635183
-140.288803 183.638331
-140.283092 183.640527
-140.275038 183.643605
-140.267621 183.647307
-140.260657 183.651029
-140.252451 183.654058
-140.244289 183.657335
-140.235468 183.661658
-140.226023 183.665819
-140.218877 183.668572
-140.213277 183.670107
-140.207578 183.672694
-140.201904 183.675648
-140.196330 183.679627
-140.189896 183.683052
-140.182345 183.686120
-140.174279 183.690496
-140.166126 183.694090
-140.159316 183.698367
-140.151731 183.701412
-140.144737 183.704974
-140.139229 183.708801
-140.132630 183.712144
-140.126649 183.715812
-140.118919 183.718964
-140.110321 183.723323
-140.102171 183.727520
-140.093770 183.731792
-140.085720 183.736145
-140.077912 183.740484
-140.070081 183.744085
-140.062359 183.747872
-140.055130 183.751903
-140.049179 183.755572
-140.041047 183.759255
-140.033425 183.762958
-140.026165 183.767049
-140.017464 183.769831
-140.011097 183.772835
-140.005915 183.777397
-139.999703 183.779821
-139.994274 183.783645
-139.985889 183.786549
-139.978314 183.789219
-139.970600 183.792421
-139.962177 183.795821
-139.955518 183.799108
-139.948443 183.802589
-139.941781 183.804508
-139.934341 183.808402
-139.927836 183.811825
-139.919800 183.814996
-139.913294 183.817367
-139.905365 183.820423
-139.897433 183.824357
-139.890454 183.827991
-139.882430 183.832035
-139.875006 183.835604
-139.869399 183.837635
-139.862507 183.840081
-139.855105 183.843036
-139.850587 183.847979
-139.844769 183.849585
-139.836920 183.852252
-139.829885 183.855036
-139.823199 183.857303
-139.817406 183.860877
-139.810065 183.863273
-139.802526 183.866188
-139.795218 183.869061
-139.788576 183.872076
-139.781873 183.874099
-139.776574 183.878198
-139.769655 183.880499
-139.762633 183.883262
-139.756892 183.886088
-139.751710 183.887944
-139.746833 183.888771
-139.740894 183.890764
-139.737962 183.893638
-139.732843 183.895098
-139.726534 183.897134
-139.721090 183.899394
-139.715137 183.902007
-139.709791 183.903594
-139.703807 183.906254
-139.697998 183.910227
-139.692160 183.912815
-139.685894 183.915131
-139.679709 183.916735
-139.673465 183.919148
-139.669733 183.920450
-139.665215 183.920408
-139.662230 183.921637
-139.659547 183.924249
-139.654520 183.925582
-139.644086 183.930146
-139.634435 183.934119
-139.623129 183.938752
-139.611814 183.943497
-139.602049 183.947369
-139.595684 183.949054
-139.590135 183.950739
-139.584370 183.951998
-139.577957 183.953722
-139.571462 183.955745
-139.565470 183.957867
-139.558806 183.960075
-139.551683 183.963873
-139.545136 183.965514
-139.536058 183.968671
-139.525846 183.972613
-139.519098 183.975003
-139.509433 183.978629
-139.502014 183.981673
-139.494368 183.983364
-139.488806 183.986352
-139.482482 183.988856
-139.476511 183.990999
-139.468930 183.994655
-139.459671 183.998355
-139.452338 184.000987
-139.444540 184.004292
-139.435980 184.007081
-139.427624 184.010283
-139.419641 184.013749
-139.412089 184.017676
-139.405435 184.021288
-139.397049 184.025427
-139.389368 184.029420
-139.380968 184.033329
-139.372820 184.037260
-139.364072 184.040825
-139.356101 184.044923
-139.350020 184.048113
-139.343976 184.050099
-139.337953 184.052781
-139.331558 184.055204
-139.322981 184.059201
-139.315726 184.064196
-139.308862 184.067765
-139.301631 184.071508
-139.295310 184.076493
-139.288785 184.078403
-139.282641 184.080309
-139.277107 184.082420
-139.270842 184.084640
-139.265442 184.087613
-139.258622 184.090827
-139.251265 184.093865
-139.242794 184.096906
-139.236091 184.100672
-139.229306 184.102810
-139.222474 184.105825
-139.215697 184.108892
-139.209351 184.112843
-139.201328 184.116103
-139.194850 184.119720
-139.188046 184.122142
-139.181398 184.125851
-139.174350 184.129045
-139.168249 184.131863
-139.160228 184.134530
-139.151407 184.138787
-139.142909 184.142710
-139.135321 184.146596
-139.126528 184.149998
-139.117658 184.153555
-139.109489 184.156588
-139.101472 184.158648
-139.092608 184.162120
-139.084428 184.165336
-139.076377 184.167909
-139.069108 184.170192
-139.062499 184.173483
-139.053855 184.176961
-139.046666 184.178726
-139.039094 184.181386
-139.031411 184.183942
-139.023155 184.186965
-139.014892 184.189507
-139.006868 184.193057
-138.998750 184.196127
-138.991601 184.198626
-138.983629 184.201934
-138.976218 184.205989
-138.968373 184.208787
-138.961602 184.211888
-138.953953 184.214507
-138.945886 184.217019
-138.938405 184.218990
-138.930155 184.222681
-138.921738 184.225773
-138.916202 184.229979
-138.907629 184.232482
-138.899852 184.235015
-138.893976 184.237513
-138.887346 184.239730
-138.880850 184.241905
-138.874399 184.244098
-138.867596 184.246655
-138.861226 184.248972
-138.854659 184.251482
-138.848977 184.254862
-138.842757 184.256643
-138.835846 184.259169
-138.828962 184.261987
-138.822089 184.264053
-138.815857 184.268066
-138.809315 184.270579
-138.802160 184.273563
-138.794527 184.276189
-138.787515 184.279549
-138.779397 184.282037
-138.772315 184.284095
-138.763107 184.288095
-138.755442 184.289865
-138.747916 184.294425
-138.738896 184.297616
-138.725174 184.303599
-138.717291 184.307172
-138.709252 184.311555
-138.700510 184.314135
-138.693890 184.318468
-138.685887 184.321208
-138.677764 184.325372
-138.670565 184.328228
-138.662534 184.331251
-138.653985 184.335120
-138.647014 184.338504
-138.639991 184.340881
-138.633119 184.343357
-138.625894 184.345313
-138.618874 184.348023
-138.610572 184.351745
-138.601851 184.355599
-138.593541 184.359570
-138.584878 184.363205
-138.576925 184.366664
-138.569232 184.369312
-138.562881 184.370946
-138.554992 184.374667
-138.547715 184.378416
-13