-0.000257 0.001794
-0.000551 0.003377
-0.000896 0.004121
-0.001146 0.004597
-0.001480 0.005287
-0.001761 0.005711
-0.002069 0.006410
-0.002359 0.006880
-0.002710 0.007610
-0.003058 0.008041
-0.001100 0.008473
0.000830 0.008945
0.002716 0.009388
0.004544 0.009807
0.006438 0.010251
0.008370 0.010693
0.010290 0.011159
0.013337 0.013757
0.016415 0.016435
0.019445 0.019187
0.022517 0.022023
0.025583 0.024341
0.028632 0.026990
0.031784 0.029618
0.034854 0.032234
0.063281 0.062880
0.091761 0.093319
0.120168 0.123891
0.148622 0.154505
0.177019 0.184976
0.205500 0.215589
0.233977 0.246187
-0.746848 0.699507
-1.701822 1.140847
-2.656890 1.582158
-3.611872 2.023590
-4.566899 2.465002
-6.756805 2.163075
-7.711855 2.604449
-8.666879 3.045834
-6.863130 2.347341
-5.993713 2.509276
-5.124282 2.671221
-4.254912 2.833085
-3.385481 2.994990
-2.516049 3.156894
-1.646621 3.318834
-2.287886 2.396803
-1.330027 0.304571
-1.511762 -1.203663
-2.259417 -2.691190
-2.662877 -3.662689
-3.532793 -5.212419
-3.736018 -5.932522
-4.164919 -6.639623
-3.705583 -7.068630
-4.240575 -7.165635
-4.722299 -7.220487
-5.364899 -7.815602
-5.717370 -7.904961
-5.654477 -7.604662
-5.989815 -7.717542
-6.811260 -7.646637
-7.633709 -7.661541
-8.184441 -7.383311
-9.001952 -7.208284
-9.973502 -6.850143
-11.118449 -6.761912
-12.076087 -6.717307
-10.872662 -6.894228
-9.762348 -6.898297
-8.819783 -7.003515
-8.858862 -7.315113
-8.385285 -7.209477
-7.267114 -6.278763
-6.599240 -5.762105
-6.746437 -5.607000
-7.594540 -7.425354
-7.137523 -8.252512
-6.535873 -9.519030
-5.926984 -10.866304
-6.104497 -11.783993
-6.319985 -12.867942
-6.223016 -13.022581
-6.122965 -13.488785
-6.068517 -13.395180
-6.053895 -12.254082
-6.459850 -11.594875
-6.318031 -11.036711
-6.147217 -10.869557
-6.325078 -11.550619
-6.243390 -12.129300
-5.541419 -11.879798
-4.635851 -11.334005
-3.741417 -11.199715
-3.629609 -11.385501
-2.845773 -10.375087
-2.408863 -9.573814
-2.029420 -9.198334
-2.550677 -9.754607
-3.004494 -10.011665
-3.487623 -10.041061
-4.115077 -9.853932
-4.715595 -9.963300
-5.695984 -10.489100
-6.934258 -10.620325
-7.626050 -10.589062
-7.387500 -10.212855
-7.005031 -9.961135
-6.983045 -9.823834
-6.535166 -8.661636
-6.298492 -8.806779
-6.174516 -9.468360
-6.208029 -9.833356
-6.362204 -10.032979
-6.282605 -10.167213
-6.219639 -10.329094
-6.206683 -10.551064
-6.111899 -10.725505
-5.833293 -10.918965
-5.709271 -10.983142
-5.015502 -11.186764
-4.064712 -11.172246
-3.238153 -11.674587
-2.559260 -12.508847
-1.203313 -12.975416
0.032587 -13.491652
1.175237 -13.093095
1.803555 -12.725675
1.759305 -12.397154
1.418373 -12.536964
1.251118 -12.623058
1.542916 -12.529111
1.452739 -12.039243
0.487394 -11.362651
0.213851 -11.124596
0.417665 -10.355305
0.959950 -10.064696
0.612132 -9.316585
-0.205620 -8.997802
-0.670203 -9.876463
-0.750160 -11.253652
-0.665683 -11.893811
-0.709724 -11.910644
-0.854766 -11.589419
-0.880159 -11.346781
-1.144765 -11.601459
-1.296653 -12.039291
-1.338099 -12.256710
-1.499930 -11.895720
-1.683205 -11.886252
-1.578684 -11.726661
-1.766837 -11.771326
-1.624129 -11.719092
-1.489140 -11.645691
-1.511808 -11.285293
-1.550847 -10.678972
-1.505831 -10.372441
-1.371079 -10.277209
-1.301727 -10.291841
-1.253003 -10.392666
-1.252346 -10.641070
-1.149927 -10.716951
-1.099657 -10.719193
-0.994875 -10.716732
-0.746133 -10.768384
-0.662047 -11.046213
-0.448666 -11.595177
-0.311850 -12.213668
-0.054358 -12.296530
-0.391076 -12.501998
-0.844408 -12.413698
-1.631090 -12.052449
-1.887388 -11.781247
-1.242539 -11.952218
-0.589313 -12.681128
-0.241829 -13.302424
0.589556 -13.374630
1.299535 -13.618973
1.568330 -13.662695
1.918099 -13.648031
3.141401 -13.266167
3.547226 -13.215737
4.241400 -12.980918
4.823871 -11.811913
5.074862 -10.874578
5.586409 -9.809334
6.308370 -9.824324
6.873464 -9.576371
7.343693 -9.418617
6.319532 -8.769003
5.151349 -9.307701
4.683736 -8.274711
3.480056 -8.370529
3.997114 -7.955077
4.032849 -8.470252
4.204294 -8.758251
4.904523 -8.718512
4.975520 -9.279505
5.268294 -9.894365
4.976616 -9.932890
3.561940 -9.373988
2.792710 -9.062779
1.835542 -8.566484
1.157281 -8.684643
0.779312 -8.