-1.174036 -13.916386 -59.603441
-1.174036 -13.916386 -59.603441
-1.174036 -13.916386 -59.603441
-1.174036 -13.916386 -59.603441
-1.156183 -14.245306 -59.670623
-1.156183 -14.245306 -59.670623
-1.156183 -14.245306 -59.670623
-1.156183 -14.245306 -59.670623
-1.156183 -14.245306 -59.670623
-1.156183 -14.245306 -59.670623
-1.156183 -14.245306 -59.670623
-1.156183 -14.245306 -59.670623
-1.181881 -14.450571 -59.923026
-1.181881 -14.450571 -59.923026
-1.181881 -14.450571 -59.923026
-1.181881 -14.450571 -59.923026
-1.181881 -14.450571 -59.923026
-1.181881 -14.450571 -59.923026
-1.181881 -14.450571 -59.923026
-1.181881 -14.450571 -59.923026
-1.181881 -14.450571 -59.923026
-1.179130 -14.562544 -60.132658
-1.179130 -14.562544 -60.132658
-1.179130 -14.562544 -60.132658
-1.179130 -14.562544 -60.132658
-1.179130 -14.562544 -60.132658
-1.179130 -14.562544 -60.132658
-1.179130 -14.562544 -60.132658
-1.179130 -14.562544 -60.132658
-1.179130 -14.562544 -60.132658
-1.180296 -14.635362 -60.327946
-1.180296 -14.635362 -60.327946
-1.180296 -14.635362 -60.327946
-1.180296 -14.635362 -60.327946
-1.180296 -14.635362 -60.327946
-1.180296 -14.635362 -60.327946
-1.180296 -14.635362 -60.327946
-1.180296 -14.635362 -60.327946
-1.171682 -14.704772 -60.470390
-1.171682 -14.704772 -60.470390
-1.171682 -14.704772 -60.470390
-1.171682 -14.704772 -60.470390
-1.171682 -14.704772 -60.470390
-1.171682 -14.704772 -60.470390
-1.171682 -14.704772 -60.470390
-1.171682 -14.704772 -60.470390
-1.161370 -14.742337 -60.604460
-1.161370 -14.742337 -60.604460
-1.161370 -14.742337 -60.604460
-1.161370 -14.742337 -60.604460
-1.161370 -14.742337 -60.604460
-1.161370 -14.742337 -60.604460
-1.161370 -14.742337 -60.604460
-1.161370 -14.742337 -60.604460
-1.139747 -14.768939 -60.670255
-1.139747 -14.768939 -60.670255
-1.139747 -14.768939 -60.670255
-1.139747 -14.768939 -60.670255
-1.139747 -14.768939 -60.670255
-1.139747 -14.768939 -60.670255
-1.139747 -14.768939 -60.670255
-1.139747 -14.768939 -60.670255
-1.139747 -14.768939 -60.670255
-1.125288 -14.780335 -60.699078
-1.125288 -14.780335 -60.699078
-1.125288 -14.780335 -60.699078
-1.125288 -14.780335 -60.699078
-1.125288 -14.780335 -60.699078
-1.125288 -14.780335 -60.699078
-1.125288 -14.780335 -60.699078
-1.125288 -14.780335 -60.699078
-1.116626 -14.774136 -60.747074
-1.116626 -14.774136 -60.747074
-1.116626 -14.774136 -60.747074
-1.116626 -14.774136 -60.747074
-1.116626 -14.774136 -60.747074
-1.116626 -14.774136 -60.747074
-1.116626 -14.774136 -60.747074
-1.091850 -14.773295 -60.723933
-1.091850 -14.773295 -60.723933
-1.091850 -14.773295 -60.723933
-1.091850 -14.773295 -60.723933
-1.091850 -14.773295 -60.723933
-1.091850 -14.773295 -60.723933
-1.091850 -14.773295 -60.723933
-1.077731 -14.782631 -60.699823
-1.077731 -14.782631 -60.699823
-1.077731 -14.782631 -60.699823
-1.077731 -14.782631 -60.699823
-1.077731 -14.782631 -60.699823
-1.077731 -14.782631 -60.699823
-1.077731 -14.782631 -60.699823
-1.093368 -14.791777 -60.756882
-1.093368 -14.791777 -60.756882
-1.093368 -14.791777 -60.756882
-1.093368 -14.791777 -60.756882
-1.093368 -14.791777 -60.756882
-1.093368 -14.791777 -60.756882
-1.093368 -14.791777 -60.756882
-1.093368 -14.791777 -60.756882
-1.089335 -14.791087 -60.788424
-1.089335 -14.791087 -60.788424
-1.089335 -14.791087 -60.788424
-1.089335 -14.791087 -60.788424
-1.089335 -14.791087 -60.788424
-1.089335 -14.791087 -60.788424
-1.089335 -14.791087 -60.788424
-1.089335 -14.791087 -60.788424
-1.083548 -14.781296 -60.810185
-1.083548 -14.781296 -60.810185
-1.083548 -14.781296 -60.810185
-1.083548 -14.781296 -60.810185
-1.083548 -14.781296 -60.810185
-1.083548 -14.781296 -60.810185
-1.083548 -14.781296 -60.810185
-1.083548 -14.781296 -60.810185
-1.072604 -14.784016 -60.798697
-1.072604 -14.784016 -60.798697
-1.072604 -14.784016 -60.798697
-1.072604 -14.784016 -60.798697
-1.072604 -14.784016 -60.798697
-1.072604 -14.784016 -60.798697
-1.072604 -14.784016 -60.798697
-1.072604 -14.784016 -60.798697
-1.072600 -14.788355 -60.819624
-1.072600 -14.788355 -60.819624
-1.072600 -14.788355 -60.819624
-1.072600 -14.788355 -60.819624
-1.072600 -14.788355 -60.819624
-1.072600 -14.788355 -60.819624
-1.072600 -14.788355 -60.819624
-1.072600 -14.788355 -60.819624
-1.065701 -14.795764 -60.802098
-1.065701 -14.795764 -60.802098
-1.065701 -14.795764 -60.802098
-1.065701 -14.795764 -60.802098
-1.065701 -14.795764 -60.802098
-1.065701 -14.795764 -60.802098
-1.065701 -14.795764 -60.802098
-1.065701 -14.795764 -60.802098
-1.065239 -14.791505 -60.787680
-1.065239 -14.791505 -60.787680
-1.065239 -14.791505 -60.787680
-1.065239 -14.791505 -60.787680
-1.065239 -14.791505 -60.787680
-1.065239 -14.791505 -60.787680
-1.065239 -14.791505 -60.787680
-1.065239 -14.791505 -60.787680
-1.207291 -14.780439 -61.324130
-1.207291 -14.780439 -61.324130
-1.207291 -14.780439 -61.324130
-1.207291 -14.780439 -61.324130
-1.207291 -14.780439 -61.324130
-1.207291 -14.780439 -61.324130
-1.207291 -14.780439 -61.324130
-1.207291 -14.780439 -61.324130
-1.119828 -14.785232 -61.158559
-1.119828 -14.785232 -61.158559
-1.119828 -14.785232 -61.158559
-1.119828 -14.785232 -61.158559
-1.119828 -14.785232 -61.158559
-1.119828 -14.785232 -61.158559
-1.119828 -14.785232 -61.158559
-1.061692 -14.783605 -61.025350
-1.061692 -14.783605 -61.025350
-1.061692 -14.783605 -61.025350
-1.061692 -14.783605 -61.025350
-1.061692 -14.783605 -61.025350
-1.061692 -14.783605 -61.025350
-1.061692 -14.783605 -61.025350
-1.061692 -14.783605 -61.025350
-1.026458 -14.780528 -60.893445
-1.026458 -14.780528 -60.893445
-1.026458 -14.780528 -60.893445
-1.026458 -14.780528 -60.893445
-1.026458 -14.780528 -60.893445
-1.026458 -14.780528 -60.893445
-1.026458 -14.780528 -60.893445
-1.026458 -14.780528 -60.893445
-1.026458 -14.780528 -60.893445
-1.035511 -14.782630 -60.860619
-1.035511 -14.782630 -60.860619
-1.035511 -14.782630 -60.860619
-1.035511 -14.782630 -60.860619
-1.035511 -14.782630 -60.860619
-1.035511 -14.782630 -60.860619
-1.040900 -14.788357 -60.829405
-1.040900 -14.788357 -60.829405
-1.040900 -14.788357 -60.829405
-1.040900 -14.788357 -60.829405
-1.040900 -14.788357 -60.829405
-1.040900 -14.788357 -60.829405
-1.040900 -14.788357 -60.829405
-1.040900 -14.788357 -60.829405
-1.023297 -14.780705 -60.761520
-1.023297 -14.780705 -60.761520
-1.023297 -14.780705 -60.761520
-1.023297 -14.780705 -60.761520
-1.023297 -14.780705 -60.761520
-1.023297 -14.780705 -60.761520
-1.023297 -14.780705 -60.761520
-1.036796 -14.784660 -60.766083
-1.036796 -14.784660 -60.766083
-1.036796 -14.784660 -60.766083
-1.036796 -14.784660 -60.766083
-1.036796 -14.784660 -60.766083
-1.036796 -14.784660 -60.766083
-1.036796 -14.784660 -60.766083
-1.036796 -14.784660 -60.766083
-1.052264 -14.789231 -60.821441
-1.052264 -14.789231 -60.821441
-1.052264 -14.789231 -60.821441
-1.052264 -14.789231 -60.821441
-1.052264 -14.789231 -60.821441
-1.052264 -14.789231 -60.821441
-1.052264 -14.789231 -60.821441
-1.052264 -14.789231 -60.821441
-1.052643 -14.777826 -60.832199
-1.052643 -14.777826 -60.832199
-1.052643 -14.777826 -60.832199
-1.052643 -14.777826 -60.832199
-1.052643 -14.777826 -60.832199
-1.052643 -14.777826 -60.832199
-1.052643 -14.777826 -60.832199
-1.052643 -14.777826 -60.832199
-1.052643 -14.777826 -60.832199
-1.055894 -14.777995 -60.831577
-1.055894 -14.777995 -60.831577
-1.055894 -14.777995 -60.831577
-1.055894 -14.777995 -60.831577
-1.055894 -14.777995 -60.831577
-1.055894 -14.777995 -60.831577
-1.055894 -14.777995 -60.831577
-1.057783 -14.784911 -60.803000
-1.057783 -14.784911 -60.803000
-1.057783 -14.784911 -60.803000
-1.057783 -14.784911 -60.803000
-1.057783 -14.784911 -60.803000
-1.057783 -14.784911 -60.803000
-1.057783 -14.784911 -60.803000
-1.057783 -14.784911 -60.803000
-1.039468 -14.768715 -60.813655
-1.039468 -14.768715 -60.813655
-1.039468 -14.768715 -60.813655
-1.039468 -14.768715 -60.813655
-1.039468 -14.768715 -60.813655
-1.039468 -14.768715 -60.813655
-1.039468 -14.768715 -60.813655
-1.045365 -14.771421 -60.817125
-1.045365 -14.771421 -60.817125
-1.045365 -14.771421 -60.817125
-1.045365 -14.771421 -60.817125
-1.045365 -14.771421 -60.817125
-1.045365 -14.771421 -60.817125
-1.045365 -14.771421 -60.817125
-1.051503 -14.755343 -60.858311
-1.051503 -14.755343 -60.858311
-1.051503 -14.755343 -60.858311
-1.051503 -14.755343 -60.858311
-1.051503 -14.755343 -60.858311
-1.051503 -14.755343 -60.858311
-1.051503 -14.755343 -60.858311
-1.051503 -14.755343 -60.858311
-1.020719 -14.766480 -60.739383
-1.020719 -14.766480 -60.739383
-1.020719 -14.766480 -60.739383
-1.020719 -14.766480 -60.739383
-1.020719 -14.766480 -60.739383
-1.020719 -14.766480 -60.739383
-1.020719 -14.766480 -60.739383
-1.017969 -14.764357 -60.701612
-1.017969 -14.764357 -60.701612
-1.017969 -14.764357 -60.701612
-1.017969 -14.764357 -60.701612
-1.017969 -14.764357 -60.701612
-1.017969 -14.764357 -60.701612
-1.017969 -14.764357 -60.701612
-1.017969 -14.764357 -60.701612
-1.043746 -14.759957 -60.745585
-1.043746 -14.759957 -60.745585
-1.043746 -14.759957 -60.745585
-1.043746 -14.759957 -60.745585
-1.043746 -14.759957 -60.745585
-1.043746 -14.759957 -60.745585
-1.043746 -14.759957 -60.745585
-1.043746 -14.759957 -60.745585
-1.043746 -14.759957 -60.745585
-1.054749 -14.759270 -60.784442
-1.054749 -14.759270 -60.784442
-1.054749 -14.759270 -60.784442
-1.054749 -14.759270 -60.784442
-1.054749 -14.759270 -60.784442
-1.054749 -14.759270 -60.784442
-1.054749 -14.759270 -60.784442
-1.054749 -14.759270 -60.784442
-1.066384 -14.753581 -60.841727
-1.066384 -14.753581 -60.841727
-1.066384 -14.753581 -60.841727
-1.066384 -14.753581 -60.841727
-1.066384 -14.753581 -60.841727
-1.066384 -14.753581 -60.841727
-1.066384 -14.753581 -60.841727
-1.066384 -14.753581 -60.841727
-1.076761 -14.749223 -60.895522
-1.076761 -14.749223 -60.895522
-1.076761 -14.749223 -60.895522
-1.076761 -14.749223 -60.895522
-1.076761 -14.749223 -60.895522
-1.076761 -14.749223 -60.895522
-1.076761 -14.749223 -60.895522
-1.073422 -14.747767 -60.921148
-1.073422 -14.747767 -60.921148
-1.073422 -14.747767 -60.921148
-1.073422 -14.747767 -60.921148
-1.073422 -14.747767 -60.921148
-1.073422 -14.747767 -60.921148
-1.073422 -14.747767 -60.921148
-1.084259 -14.754322 -61.006471
-1.084259 -14.754322 -61.006471
-1.084259 -14.754322 -61.006471
-1.084259 -14.754322 -61.006471
-1.084259 -14.754322 -61.006471
-1.084259 -14.754322 -61.006471
-1.084259 -14.754322 -61.006471
-1.084259 -14.754322 -61.006471
-1.053969 -14.760245 -60.920547
-1.053969 -14.760245 -60.920547
-1.053969 -14.760245 -60.920547
-1.053969 -14.760245 -60.920547
-1.053969 -14.760245 -60.920547
-1.053969 -14.760245 -60.920547
-1.053969 -14.760245 -60.920547
-1.053969 -14.760245 -60.920547
-1.038531 -14.763375 -60.894476
-1.038531 -14.763375 -60.894476
-1.038531 -14.763375 -60.894476
-1.038531 -14.763375 -60.894476
-1.038531 -14.763375 -60.894476
-1.038531 -14.763375 -60.894476
-1.038531 -14.763375 -60.894476
-1.038531 -14.763375 -60.894476
-1.048914 -14.756448 -60.932090
-1.048914 -14.756448 -60.932090
-1.048914 -14.756448 -60.932090
-1.048914 -14.756448 -60.932090
-1.048914 -14.756448 -60.932090
-1.048914 -14.756448 -60.932090
-1.048914 -14.756448 -60.932090
-1.048914 -14.756448 -60.932090
-1.058983 -14.766447 -60.971972
-1.058983 -14.766447 -60.971972
-1.058983 -14.766447 -60.971972
-1.058983 -14.766447 -60.971972
-1.058983 -14.766447 -60.971972
-1.058983 -14.766447 -60.971972
-1.058983 -14.766447 -60.971972
-1.058983 -14.766447 -60.971972
-1.054440 -14.784250 -60.952683
-1.054440 -14.784250 -60.952683
-1.054440 -14.784250 -60.952683
-1.054440 -14.784250 -60.952683
-1.054440 -14.784250 -60.952683
-1.054440 -14.784250 -60.952683
-1.054440 -14.784250 -60.952683
-1.054440 -14.784250 -60.952683
-0.961221 -14.687256 -60.900057
-0.961221 -14.687256 -60.900057
-0.961221 -14.687256 -60.900057
-0.961221 -14.687256 -60.900057
-0.961221 -14.687256 -60.900057
-0.961221 -14.687256 -60.900057
-0.961221 -14.687256 -60.900057
-0.961221 -14.687256 -60.900057
-1.092309 -14.825660 -65.009556
-1.092309 -14.825660 -65.009556
-1.092309 -14.825660 -65.009556
-1.092309 -14.825660 -65.009556
-1.092309 -14.825660 -65.009556
-1.092309 -14.825660 -65.009556
-1.092309 -14.825660 -65.009556
-1.092309 -14.825660 -65.009556
-4.732592 -11.383975 -73.677975
-4.732592 -11.383975 -73.677975
-4.732592 -11.383975 -73.677975
-4.732592 -11.383975 -73.677975
-4.732592 -11.383975 -73.677975
-4.732592 -11.383975 -73.677975
-4.732592 -11.383975 -73.677975
-4.732592 -11.383975 -73.677975
0.594701 -0.428056 -91.593923
0.594701 -0.428056 -91.593923
0.594701 -0.428056 -91.593923
0.594701 -0.428056 -91.593923
0.594701 -0.428056 -91.593923
0.594701 -0.428056 -91.593923
0.594701 -0.428056 -91.593923
-3.205815 1.705136 -116.577464
-3.205815 1.705136 -116.577464
-3.205815 1.705136 -116.577464
-3.205815 1.705136 -116.577464
-3.205815 1.705136 -116.577464
-3.205815 1.705136 -116.577464
-3.205815 1.705136 -116.577464
-6.789029 -7.259610 -133.791084
-6.789029 -7.259610 -133.791084
-6.789029 -7.259610 -133.791084
-6.789029 -7.259610 -133.791084
-6.789029 -7.259610 -133.791084
-6.789029 -7.259610 -133.791084
-6.789029 -7.259610 -133.791084
-10.346844 -7.231327 -145.320662
-10.346844 -7.231327 -145.320662
-10.346844 -7.231327 -145.320662
-10.346844 -7.231327 -145.320662
-10.346844 -7.231327 -145.320662
-10.346844 -7.231327 -145.320662
-10.346844 -7.231327 -145.320662
-11.350721 -8.070609 -164.874579
-11.350721 -8.070609 -164.874579
-11.350721 -8.070609 -164.874579
-11.350721 -8.070609 -164.874579
-11.350721 -8.070609 -164.874579
-11.350721 -8.070609 -164.874579
-11.350721 -8.070609 -164.874579
-11.350721 -8.070609 -164.874579
-10.993043 -3.797638 173.979016
-10.993043 -3.797638 173.979016
-10.993043 -3.797638 173.979016
-10.993043 -3.797638 173.979016
-10.993043 -3.797638 173.979016
-10.993043 -3.797638 173.979016
-10.993043 -3.797638 173.979016
-12.053353 -3.214255 164.090746
-12.053353 -3.214255 164.090746
-12.053353 -3.214255 164.090746
-12.053353 -3.214255 164.090746
-12.053353 -3.214255 164.090746
-12.053353 -3.214255 164.090746
-12.053353 -3.214255 164.090746
-12.053353 -3.214255 164.090746
-10.297242 -1.622111 172.271414
-10.297242 -1.622111 172.271414
-10.297242 -1.622111 172.271414
-10.297242 -1.622111 172.271414
-10.297242 -1.622111 172.271414
-10.297242 -1.622111 172.271414
-10.297242 -1.622111 172.271414
-10.297242 -1.622111 172.271414
-6.112065 -9.070289 -160.701702
-6.112065 -9.070289 -160.701702
-6.112065 -9.070289 -160.701702
-6.112065 -9.070289 -160.701702
-6.112065 -9.070289 -160.701702
-6.112065 -9.070289 -160.701702
-6.112065 -9.070289 -160.701702
-2.622543 -9.742975 -152.740351
-2.622543 -9.742975 -152.740351
-2.622543 -9.742975 -152.740351
-2.622543 -9.742975 -152.740351
-2.622543 -9.742975 -152.740351
-2.622543 -9.742975 -152.740351
-2.622543 -9.742975 -152.740351
-0.500241 -10.727815 -151.718705
-0.500241 -10.727815 -151.718705
-0.500241 -10.727815 -151.718705
-0.500241 -10.727815 -151.718705
-0.500241 -10.727815 -151.718705
-0.500241 -10.727815 -151.718705
-0.500241 -10.727815 -151.718705
-0.500241 -10.727815 -151.718705
-7.847807 -13.657554 -172.767135
-7.847807 -13.657554 -172.767135
-7.847807 -13.657554 -172.767135
-7.847807 -13.657554 -172.767135
-7.847807 -13.657554 -172.767135
-7.847807 -13.657554 -172.767135
-7.847807 -13.657554 -172.767135
-7.847807 -13.657554 -172.767135
-12.782339 -5.305638 164.016119
-12.782339 -5.305638 164.016119
-12.782339 -5.305638 164.016119
-12.782339 -5.305638 164.016119
-12.782339 -5.305638 164.016119
-12.782339 -5.305638 164.016119
-12.782339 -5.305638 164.016119
-9.685616 -3.317732 160.058353
-9.685616 -3.317732 160.058353
-9.685616 -3.317732 160.058353
-9.685616 -3.317732 160.058353
-9.685616 -3.317732 160.058353
-9.685616 -3.317732 160.058353
-9.685616 -3.317732 160.058353
-9.685616 -3.317732 160.058353
-13.431681 -17.195548 -143.886760
-13.431681 -17.195548 -143.886760
-13.431681 -17.195548 -143.886760
-13.431681 -17.195548 -143.886760
-13.431681 -17.195548 -143.886760
-13.431681 -17.195548 -143.886760
-13.431681 -17.195548 -143.886760
-13.431681 -17.195548 -143.886760
7.257421 9.570706 -80.586233
7.257421 9.570706 -80.586233
7.257421 9.570706 -80.586233
7.257421 9.570706 -80.586233
7.257421 9.570706 -80.586233
7.257421 9.570706 -80.586233
7.257421 9.570706 -80.586233
7.257421 9.570706 -80.586233
-11.355956 3.894417 -61.691546
-11.355956 3.894417 -61.691546
-11.355956 3.894417 -61.691546
-11.35595