-0.704855 -17.090964 33.490388
-0.720450 -17.499165 33.606020
-0.720450 -17.499165 33.606020
-0.720450 -17.499165 33.606020
-0.720450 -17.499165 33.606020
-0.720450 -17.499165 33.606020
-0.720450 -17.499165 33.606020
-0.744098 -17.737397 33.686807
-0.744098 -17.737397 33.686807
-0.744098 -17.737397 33.686807
-0.744098 -17.737397 33.686807
-0.744098 -17.737397 33.686807
-0.757715 -17.877259 33.751913
-0.757715 -17.877259 33.751913
-0.757715 -17.877259 33.751913
-0.757715 -17.877259 33.751913
-0.757715 -17.877259 33.751913
-0.757715 -17.877259 33.751913
-0.757715 -17.877259 33.751913
-0.757715 -17.877259 33.751913
-0.773417 -17.974795 33.814924
-0.773417 -17.974795 33.814924
-0.773417 -17.974795 33.814924
-0.773417 -17.974795 33.814924
-0.773417 -17.974795 33.814924
-0.773417 -17.974795 33.814924
-0.774162 -18.041205 33.852258
-0.774162 -18.041205 33.852258
-0.774162 -18.041205 33.852258
-0.774162 -18.041205 33.852258
-0.774162 -18.041205 33.852258
-0.774162 -18.041205 33.852258
-0.774162 -18.041205 33.852258
-0.786685 -18.089391 33.882154
-0.786685 -18.089391 33.882154
-0.786685 -18.089391 33.882154
-0.786685 -18.089391 33.882154
-0.786685 -18.089391 33.882154
-0.798195 -18.119691 33.886273
-0.798195 -18.119691 33.886273
-0.798195 -18.119691 33.886273
-0.798195 -18.119691 33.886273
-0.798195 -18.119691 33.886273
-0.798195 -18.119691 33.886273
-0.810895 -18.138568 33.898717
-0.810895 -18.138568 33.898717
-0.810895 -18.138568 33.898717
-0.810895 -18.138568 33.898717
-0.810895 -18.138568 33.898717
-0.816167 -18.151989 33.912279
-0.816167 -18.151989 33.912279
-0.816167 -18.151989 33.912279
-0.816167 -18.151989 33.912279
-0.816167 -18.151989 33.912279
-0.816167 -18.151989 33.912279
-0.824246 -18.158613 33.922169
-0.824246 -18.158613 33.922169
-0.824246 -18.158613 33.922169
-0.824246 -18.158613 33.922169
-0.824246 -18.158613 33.922169
-0.824246 -18.158613 33.922169
-0.831454 -18.156190 33.913706
-0.831454 -18.156190 33.913706
-0.831454 -18.156190 33.913706
-0.831454 -18.156190 33.913706
-0.831454 -18.156190 33.913706
-0.831454 -18.156190 33.913706
-0.828136 -18.149942 33.932448
-0.828136 -18.149942 33.932448
-0.828136 -18.149942 33.932448
-0.828136 -18.149942 33.932448
-0.828136 -18.149942 33.932448
-0.828136 -18.149942 33.932448
-0.836308 -18.145612 33.933258
-0.836308 -18.145612 33.933258
-0.836308 -18.145612 33.933258
-0.836308 -18.145612 33.933258
-0.836308 -18.145612 33.933258
-0.836308 -18.145612 33.933258
-0.836308 -18.145612 33.933258
-0.841785 -18.152585 33.911674
-0.841785 -18.152585 33.911674
-0.841785 -18.152585 33.911674
-0.841785 -18.152585 33.911674
-0.841785 -18.152585 33.911674
-0.841785 -18.152585 33.911674
-0.850508 -18.162166 33.903423
-0.850508 -18.162166 33.903423
-0.850508 -18.162166 33.903423
-0.850508 -18.162166 33.903423
-0.850508 -18.162166 33.903423
-0.841166 -18.154663 33.890162
-0.841166 -18.154663 33.890162
-0.841166 -18.154663 33.890162
-0.841166 -18.154663 33.890162
-0.841166 -18.154663 33.890162
-0.841166 -18.154663 33.890162
-0.841166 -18.154663 33.890162
-0.841166 -18.154663 33.890162
-3.103124 -6.007550 33.773383
-3.103124 -6.007550 33.773383
-3.103124 -6.007550 33.773383
-3.103124 -6.007550 33.773383
-3.103124 -6.007550 33.773383
-3.103124 -6.007550 33.773383
8.353157 26.638250 36.038472
8.353157 26.638250 36.038472
8.353157 26.638250 36.038472
8.353157 26.638250 36.038472
8.353157 26.638250 36.038472
8.353157 26.638250 36.038472
8.353157 26.638250 36.038472
8.353157 26.638250 36.038472
7.222671 38.101483 30.015485
7.222671 38.101483 30.015485
7.222671 38.101483 30.015485
7.222671 38.101483 30.015485
7.222671 38.101483 30.015485
8.672076 44.009105 24.597953
8.672076 44.009105 24.597953
8.672076 44.009105 24.597953
8.672076 44.009105 24.597953
8.672076 44.009105 24.597953
8.672076 44.009105 24.597953
8.725036 43.998815 21.696075
8.725036 43.998815 21.696075
8.725036 43.998815 21.696075
8.725036 43.998815 21.696075
8.725036 43.998815 21.696075
8.725036 43.998815 21.696075
8.725036 43.998815 21.696075
9.491088 40.101984 21.313108
9.491088 40.101984 21.313108
9.491088 40.101984 21.313108
9.4910