-2.664347 -15.166065 -72.466832
-2.664347 -15.166065 -72.466832
-2.664347 -15.166065 -72.466832
-2.714721 -15.544607 -72.510477
-2.714721 -15.544607 -72.510477
-2.714721 -15.544607 -72.510477
-2.714721 -15.544607 -72.510477
-2.714721 -15.544607 -72.510477
-2.714721 -15.544607 -72.510477
-2.714721 -15.544607 -72.510477
-2.714721 -15.544607 -72.510477
-2.734589 -15.754805 -72.521624
-2.734589 -15.754805 -72.521624
-2.734589 -15.754805 -72.521624
-2.734589 -15.754805 -72.521624
-2.734589 -15.754805 -72.521624
-2.734589 -15.754805 -72.521624
-2.734589 -15.754805 -72.521624
-2.728054 -15.888193 -72.467194
-2.728054 -15.888193 -72.467194
-2.728054 -15.888193 -72.467194
-2.728054 -15.888193 -72.467194
-2.728054 -15.888193 -72.467194
-2.728054 -15.888193 -72.467194
-2.728054 -15.888193 -72.467194
-2.728054 -15.888193 -72.467194
-2.728054 -15.888193 -72.467194
-2.758357 -15.975160 -72.505969
-2.758357 -15.975160 -72.505969
-2.758357 -15.975160 -72.505969
-2.758357 -15.975160 -72.505969
-2.758357 -15.975160 -72.505969
-2.758357 -15.975160 -72.505969
-2.758357 -15.975160 -72.505969
-2.770197 -16.036989 -72.520148
-2.770197 -16.036989 -72.520148
-2.770197 -16.036989 -72.520148
-2.770197 -16.036989 -72.520148
-2.770197 -16.036989 -72.520148
-2.770197 -16.036989 -72.520148
-2.770197 -16.036989 -72.520148
-2.770197 -16.036989 -72.520148
-2.770197 -16.036989 -72.520148
-2.770197 -16.036989 -72.520148
-2.770197 -16.036989 -72.520148
-2.770197 -16.036989 -72.520148
-2.770197 -16.036989 -72.520148
-2.770197 -16.036989 -72.520148
-2.770197 -16.036989 -72.520148
-2.770197 -16.036989 -72.520148
-4.300446 -15.735417 -74.481171
-4.300446 -15.735417 -74.481171
-4.300446 -15.735417 -74.481171
-4.300446 -15.735417 -74.481171
-4.300446 -15.735417 -74.481171
-4.300446 -15.735417 -74.481171
-4.300446 -15.735417 -74.481171
-4.300446 -15.735417 -74.481171
-8.515758 -11.672387 -69.021090
-8.515758 -11.672387 -69.021090
-8.515758 -11.672387 -69.021090
-8.515758 -11.672387 -69.021090
-8.515758 -11.672387 -69.021090
-8.515758 -11.672387 -69.021090
-8.515758 -11.672387 -69.021090
-8.515758 -11.672387 -69.021090
21.538042 5.438544 -41.521669
21.538042 5.438544 -41.521669
21.538042 5.438544 -41.521669
21.538042 5.438544 -41.521669
21.538042 5.438544 -41.521669
21.538042 5.438544 -41.521669
21.538042 5.438544 -41.521669
21.538042 5.438544 -41.521669
15.060227 3.353832 -14.003833
15.060227 3.353832 -14.003833
15.060227 3.353832 -14.003833
15.060227 3.353832 -14.003833
15.060227 3.353832 -14.003833
15.060227 3.353832 -14.003833
15.060227 3.353832 -14.003833
15.060227 3.353832 -14.003833
1.717979 2.249947 -20.828153
1.717979 2.249947 -20.828153
1.717979 2.249947 -20.828153
1.717979 2.249947 -20.828153
1.717979 2.249947 -20.828153
1.717979 2.249947 -20.828153
1.717979 2.249947 -20.828153
1.717979 2.249947 -20.828153
1.890840 2.432376 -31.036250
1.890840 2.432376 -31.036250
1.890840 2.432376 -31.036250
1.890840 2.432376 -31.036250
1.890840 2.432376 -31.036250
1.890840 2.432376 -31.036250
-4.194881 2.465844 -38.616551
-4.194881 2.465844 -38.616551
-4.194881 2.465844 -38.616551
-4.194881 2.465844 -38.616551
-4.194881 2.465844 -38.616551
-4.194881 2.465844 -38.616551
-4.194881 2.465844 -38.616551
-4.194881 2.465844 -38.616551
-3.266042 1.849058 -49.570928
-3.266042 1.849058 -49.570928
-3.266042 1.849058 -49.570928
-3.266042 1.849058 -49.570928
-3.266042 1.849058 -49.570928
-3.266042 1.849058 -49.570928
-3.266042 1.849058 -49.570928
-0.202816 0.308552 -57.476971
-0.202816 0.308552 -57.476971
-0.202816 0.308552 -57.476971
-0.202816 0.308552 -57.476971
-0.202816 0.308552 -57.476971
-0.202816 0.308552 -57.476971
-0.202816 0.308552 -57.476971
-0.202816 0.308552 -57.476971
1.371392 2.418734 -63.044634
1.371392 2.418734 -63.044634
1.371392 2.418734 -63.044634
1.371392 2.418734 -63.044634
1.371392 2.418734 -63.044634
1.371392 2.418734 -63.044634
1.371392 2.418734 -63.044634
1.496584 0.985584 -66.760161
1.496584 0.985584 -66.760161
1.496584 0.985584 -66.760161
1.496584 0.985584 -66.760161
1.496584 0.985584 -66.760161
1.496584 0.985584 -66.760161
1.496584 0.985584 -66.760161
1.370660 -0.162775 -69.636019
1.370660 -0.162775 -69.636019
1.370660 -0.162775 -69.636019
1.370660 -0.162775 -69.636019
1.370660 -0.162775 -69.636019
1.208635 0.319714 -71.674598
1.208635 0.319714 -71.674598
1.208635 0.319714 -71.674598
1.208635 0.319714 -71.674598
1.208635 0.319714 -71.674598
1.208635 0.319714 -71.674598
1.208635 0.319714 -71.674598
1.208635 0.319714 -71.674598
1.208635 0.319714 -71.674598
-1.025603 -14.113524 -73.915269
-1.025603 -14.113524 -73.915269
-1.025603 -14.113524 -73.915269
-1.025603 -14.113524 -73.915269
-1.025603 -14.113524 -73.915269
-1.025603 -14.113524 -73.915269
-1.025603 -14.113524 -73.915269
-1.025603 -14.113524 -73.915269
-0.099694 -30.716826 -75.005900
-0.099694 -30.716826 -75.005900
-0.099694 -30.716826 -75.005900
-0.099694 -30.716826 -75.005900
-0.099694 -30.716826 -75.005900
-0.099694 -30.716826 -75.005900
-0.099694 -30.716826 -75.005900
0.249289 -31.958281 -74.940740
0.249289 -31.958281 -74.940740
0.249289 -31.958281 -74.940740
0.249289 -31.958281 -74.940740
0.249289 -31.958281 -74.940740
0.249289 -31.958281 -74.940740
0.249289 -31.958281 -74.940740
0.249289 -31.958281 -74.940740
0.249289 -31.958281 -74.940740
0.382843 -31.755120 -74.576015
0.382843 -31.755120 -74.576015
0.382843 -31.755120 -74.576015
0.382843 -31.755120 -74.576015
0.382843 -31.755120 -74.576015
0.382843 -31.755120 -74.576015
0.382843 -31.755120 -74.576015
0.580179 -31.877323 -74.542424
0.580179 -31.877323 -74.542424
0.580179 -31.877323 -74.542424
0.580179 -31.877323 -74.542424
0.580179 -31.877323 -74.542424
0.580179 -31.877323 -74.542424
0.580179 -31.877323 -74.542424
0.580179 -31.877323 -74.542424
-0.632197 -23.673012 -74.362387
-0.632197 -23.673012 -74.362387
-0.632197 -23.673012 -74.362387
-0.632197 -23.673012 -74.362387
-0.632197 -23.673012 -74.362387
-0.632197 -23.673012 -74.362387
-0.632197 -23.673012 -74.362387
-0.632197 -23.673012 -74.362387
0.574685 -7.765257 -75.289667
0.574685 -7.765257 -75.289667
0.574685 -7.765257 -75.289667
0.574685 -7.765257 -75.289667
0.574685 -7.765257 -75.289667
0.574685 -7.765257 -75.289667
0.574685 -7.765257 -75.289667
0.574685 -7.765257 -75.289667
0.574685 -7.765257 -75.289667
0.551989 -7.378313 -75.932436
0.551989 -7.378313 -75.932436
0.551989 -7.378313 -75.932436
0.551989 -7.378313 -75.932436
0.551989 -7.378313 -75.932436
0.551989 -7.378313 -75.932436
0.551989 -7.378313 -75.932436
0.551989 -7.378313 -75.932436
0.544570 -7.176107 -76.497142
0.544570 -7.176107 -76.497142
0.544570 -7.176107 -76.497142
0.544570 -7.176107 -76.497142
0.544570 -7.176107 -76.497142
0.544570 -7.176107 -76.497142
0.544570 -7.176107 -76.497142
0.544570 -7.176107 -76.497142
1.715209 -32.213894 -78.880550
1.715209 -32.213894 -78.880550
1.715209 -32.213894 -78.880550
1.715209 -32.213894 -78.880550
1.715209 -32.213894 -78.880550
1.715209 -32.213894 -78.880550
1.715209 -32.213894 -78.880550
1.715209 -32.213894 -78.880550
3.074583 -39.053953 -77.962996
3.074583 -39.053953 -77.962996
3.074583 -39.053953 -77.962996
3.074583 -39.053953 -77.962996
3.074583 -39.053953 -77.962996
3.074583 -39.053953 -77.962996
3.074583 -39.053953 -77.962996
3.568780 -39.724831 -77.333956
3.568780 -39.724831 -77.333956
3.568780 -39.724831 -77.333956
3.568780 -39.724831 -77.333956
3.568780 -39.724831 -77.333956
3.568780 -39.724831 -77.333956
3.568780 -39.724831 -77.333956
0.815645 -28.502393 -77.252459
0.815645 -28.502393 -77.252459
0.815645 -28.502393 -77.252459
0.815645 -28.502393 -77.252459
0.815645 -28.502393 -77.252459
0.815645 -28.502393 -77.252459
0.815645 -28.502393 -77.252459
-0.449432 -13.758663 -77.718810
-0.449432 -13.758663 -77.718810
-0.449432 -13.758663 -77.718810
-0.449432 -13.758663 -77.718810
-0.449432 -13.758663 -77.718810
-0.449432 -13.758663 -77.718810
-0.449432 -13.758663 -77.718810
-0.047777 -11.017200 -77.562576
-0.047777 -11.017200 -77.562576
-0.047777 -11.017200 -77.562576
-0.047777 -11.017200 -77.562576
-0.047777 -11.017200 -77.562576
-0.047777 -11.017200 -77.562576
-0.047777 -11.017200 -77.562576
-0.047777 -11.017200 -77.562576
0.628683 -7.572187 -77.617464
0.628683 -7.572187 -77.617464
0.628683 -7.572187 -77.617464
0.628683 -7.572187 -77.617464
0.628683 -7.572187 -77.617464
0.628683 -7.572187 -77.617464
0.599867 -7.517620 -77.922384
0.599867 -7.517620 -77.922384
0.599867 -7.517620 -77.922384
0.599867 -7.517620 -77.922384
0.599867 -7.517620 -77.922384
0.599867 -7.517620 -77.922384
0.599867 -7.517620 -77.922384
0.599867 -7.517620 -77.922384
0.775832 -6.435919 -77.455452
0.775832 -6.435919 -77.455452
0.775832 -6.435919 -77.455452
0.775832 -6.435919 -77.455452
0.775832 -6.435919 -77.455452
0.775832 -6.435919 -77.455452
0.775832 -6.435919 -77.455452
0.775832 -6.435919 -77.455452
0.763218 -6.769747 -77.537947
0.763218 -6.769747 -77.537947
0.763218 -6.769747 -77.537947
0.763218 -6.769747 -77.537947
0.763218 -6.769747 -77.537947
0.763218 -6.769747 -77.537947
0.763218 -6.769747 -77.537947
0.763218 -6.769747 -77.537947
0.763218 -6.769747 -77.537947
0.857680 -6.348742 -77.242323
0.857680 -6.348742 -77.242323
0.857680 -6.348742 -77.242323
0.857680 -6.348742 -77.242323
0.857680 -6.348742 -77.242323
0.857680 -6.348742 -77.242323
0.857680 -6.348742 -77.242323
0.943853 -5.960794 -77.015028
0.943853 -5.960794 -77.015028
0.943853 -5.960794 -77.015028
0.943853 -5.960794 -77.015028
0.943853 -5.960794 -77.015028
0.943853 -5.960794 -77.015028
0.943853 -5.960794 -77.015028
0.943853 -5.960794 -77.015028
0.939282 -6.045473 -76.893990
0.939282 -6.045473 -76.893990
0.939282 -6.045473 -76.893990
0.939282 -6.045473 -76.893990
0.939282 -6.045473 -76.893990
0.939282 -6.045473 -76.893990
0.939282 -6.045473 -76.893990
0.939282 -6.045473 -76.893990
0.953118 -5.941866 -76.756505
0.953118 -5.941866 -76.756505
0.953118 -5.941866 -76.756505
0.953118 -5.941866 -76.756505
0.953118 -5.941866 -76.756505
0.953118 -5.941866 -76.756505
0.953118 -5.941866 -76.756505
0.953118 -5.941866 -76.756505
0.942168 -5.988375 -76.704664
0.942168 -5.988375 -76.704664
0.942168 -5.988375 -76.704664
0.942168 -5.988375 -76.704664
0.942168 -5.988375 -76.704664
0.942168 -5.988375 -76.704664
0.942168 -5.988375 -76.704664
0.942168 -5.988375 -76.704664
0.926854 -6.083242 -76.641416
0.926854 -6.083242 -76.641416
0.926854 -6.083242 -76.641416
0.926854 -6.083242 -76.641416
0.926854 -6.083242 -76.641416
0.926854 -6.083242 -76.641416
0.926854 -6.083242 -76.641416
0.926854 -6.083242 -76.641416
0.924706 -6.033707 -76.735932
0.924706 -6.033707 -76.735932
0.924706 -6.033707 -76.735932
0.924706 -6.033707 -76.735932
0.924706 -6.033707 -76.735932
0.924706 -6.033707 -76.735932
0.924706 -6.033707 -76.735932
0.924706 -6.033707 -76.735932
0.926493 -5.998436 -76.712771
0.926493 -5.998436 -76.712771
0.926493 -5.998436 -76.712771
0.926493 -5.998436 -76.712771
0.926493 -5.998436 -76.712771
0.926493 -5.998436 -76.712771
0.926493 -5.998436 -76.712771
0.926493 -5.998436 -76.712771
0.926493 -5.998436 -76.712771
0.928608 -5.999964 -76.670376
0.928608 -5.999964 -76.670376
0.928608 -5.999964 -76.670376
0.928608 -5.999964 -76.670376
0.928608 -5.999964 -76.670376
0.928608 -5.999964 -76.670376
0.928608 -5.999964 -76.670376
0.928608 -5.999964 -76.670376
0.928608 -5.999964 -76.670376
0.924386 -5.986792 -76.587376
0.924386 -5.986792 -76.587376
0.924386 -5.986792 -76.587376
0.924386 -5.986792 -76.587376
0.924386 -5.986792 -76.587376
0.924386 -5.986792 -76.587376
0.924386 -5.986792 -76.587376
0.924386 -5.986792 -76.587376
0.935005 -5.939254 -76.585620
0.935005 -5.939254 -76.585620
0.935005 -5.939254 -76.585620
0.935005 -5.939254 -76.585620
0.935005 -5.939254 -76.585620
0.935005 -5.939254 -76.585620
0.935005 -5.939254 -76.585620
0.935005 -5.939254 -76.585620
0.462775 -22.276425 -76.127041
0.462775 -22.276425 -76.127041
0.462775 -22.276425 -76.127041
0.462775 -22.276425 -76.127041
0.462775 -22.276425 -76.127041
0.462775 -22.276425 -76.127041
0.462775 -22.276425 -76.127041
0.462775 -22.276425 -76.127041
3.541606 -36.803183 -74.908338
3.541606 -36.803183 -74.908338
3.541606 -36.803183 -74.908338
3.541606 -36.803183 -74.908338
3.541606 -36.803183 -74.908338
3.541606 -36.803183 -74.908338
3.541606 -36.803183 -74.908338
3.541606 -36.803183 -74.908338
3.187439 -35.155516 -74.089268
3.187439 -35.155516 -74.089268
3.187439 -35.155516 -74.089268
3.187439 -35.155516 -74.089268
3.187439 -35.155516 -74.089268
3.187439 -35.155516 -74.089268
3.187439 -35.155516 -74.089268
3.187439 -35.155516 -74.089268
2.444374 -31.758887 -73.466888
2.444374 -31.758887 -73.466888
2.444374 -31.758887 -73.466888
2.444374 -31.758887 -73.466888
2.444374 -31.758887 -73.466888
2.444374 -31.758887 -73.466888
2.444374 -31.758887 -73.466888
2.444374 -31.758887 -73.466888
-0.139250 -13.294406 -73.550318
-0.139250 -13.294406 -73.550318
-0.139250 -13.294406 -73.550318
-0.139250 -13.294406 -73.550318
-0.139250 -13.294406 -73.550318
-0.139250 -13.294406 -73.550318
-0.139250 -13.294406 -73.550318
-0.139250 -13.294406 -73.550318
0.172735 -10.596566 -74.536031
0.172735 -10.596566 -74.536031
0.172735 -10.596566 -74.536031
0.172735 -10.596566 -74.536031
0.172735 -10.596566 -74.536031
0.172735 -10.596566 -74.536031
0.172735 -10.596566 -74.536031
0.172735 -10.596566 -74.536031
0.172735 -10.596566 -74.536031
0.111163 -10.218033 -75.031001
0.111163 -10.218033 -75.031001
0.111163 -10.218033 -75.031001
0.111163 -10.218033 -75.031001
0.111163 -10.218033 -75.031001
0.111163 -10.218033 -75.031001
0.111163 -10.218033 -75.031001
0.111163 -10.218033 -75.031001
0.227900 -9.468699 -75.274156
0.227900 -9.468699 -75.274156
0.227900 -9.468699 -75.274156
0.227900 -9.468699 -75.274156
0.227900 -9.468699 -75.274156
0.227900 -9.468699 -75.274156
0.227900 -9.468699 -75.274156
0.227900 -9.468699 -75.274156
-0.593914 -14.693258 -75.334050
-0.593914 -14.693258 -75.334050
-0.593914 -14.693258 -75.334050
-0.593914 -14.693258 -75.334050
-0.593914 -14.693258 -75.334050
-0.593914 -14.693258 -75.334050
-0.593914 -14.693258 -75.334050
1.839742 -31.421128 -74.786856
1.839742 -31.421128 -74.786856
1.839742 -31.421128 -74.786856
1.839742 -31.421128 -74.786856
1.839742 -31.421128 -74.786856
1.839742 -31.421128 -74.786856
1.839742 -31.421128 -74.786856
1.839742 -31.421128 -74.786856
2.678305 -34.507748 -74.335435
2.678305 -34.507748 -74.335435
2.678305 -34.507748 -74.335435
2.678305 -34.507748 -74.335435
2.678305 -34.507748 -74.335435
2.678305 -34.507748 -74.335435
2.678305 -34.507748 -74.335435
2.586210 -34.275091 -73.857588
2.586210 -34.275091 -73.857588
2.586210 -34.275091 -73.857588
2.586210 -34.275091 -73.857588
2.586210 -34.275091 -73.857588
2.586210 -34.275091 -73.857588
2.586210 -34.275091 -73.857588
2.586210 -34.275091 -73.857588
1.087904 -26.581665 -73.266148
1.087904 -26.581665 -73.266148
1.087904 -26.581665 -73.266148
1.087904 -26.581665 -73.266148
1.087904 -26.581665 -73.266148
1.087904 -26.581665 -73.266148
0.251676 -10.757775 -73.854672
0.251676 -10.757775 -73.854672
0.251676 -10.757775 -73.854672
0.251676 -10.757775 -73.854672
0.251676 -10.757775 -73.854672
0.251676 -10.757775 -73.854672
0.251676 -10.757775 -73.854672
0.251676 -10.757775 -73.854672
0.599574 -8.436150 -74.774787
0.599574 -8.436150 -74.774787
0.599574 -8.436150 -74.774787
0.599574 -8.436150 -74.774787
0.599574 -8.436150 -74.774787
0.599574 -8.436150 -74.774787
0.599574 -8.436150 -74.774787
0.599574 -8.436150 -74.774787
0.634145 -7.702885 -75.238331
0.634145 -7.702885 -75.238331
0.634145 -7.702885 -75.238331
0.634145 -7.702885 -75.238331
0.634145 -7.702885 -75.238331
0.634145 -7.702885 -75.238331
0.634145 -7.702885 -75.238331
0.634145 -7.702885 -75.238331
0.578389 -7.713935 -75.942701
0.578389 -7.713935 -75.942701
0.578389 -7.713935 -75.942701
0.578389 -7.713935 -75.942701
0.578389 -7.713935 -75.942701
0.578389 -7.713935 -75.942701
0.578389 -7.713935 -75.942701
0.535493 -7.948875 -76.195220
0.535493 -7.948875 -76.195220
0.535493 -7.948875 -76.195220
0.535493 -7.948875 -76.195220
0.535493 -7.948875 -76.195220
0.535493 -7.948875 -76.195220
0.535493 -7.948875 -76.195220
0.594495 -7.702721 -76.252041
0.594495 -7.702721 -76.252041
0.594495 -7.702721 -76.252041
0.594495 -7.702721 -76.252041
0.594495 -7.702721 -76.252041
0.594495 -7.702721 -76.252041
0.594495 -7.702721 -76.252041
0.594495 -7.702721 -76.252041
0.672624 -7.525415 -76.404142
0.672624 -7.525415 -76.404142
0.672624 -7.525415 -76.404142
0.672624 -7.525415 -76.404142
0.672624 -7.525415 -76.404142
0.672624 -7.525415 -76.404142
0.672624 -7.525415 -76.404142
14.764463 -1.031164 -76.159382
14.764463 -1.031164 -76.159382
14.764463 -1.031164 -76.159382
14.764463 -1.031164 -76.159382
14.764463 -1.031164 -76.159382
14.764463 -1.031164 -76.159382
14.764463 -1.031164 -76.159382
14.764463 -1.031164 -76.159382
18.724026 -1.343708 -76.326066
18.724026 -1.343708 -76.326066
18.724026 -1.343708 -76.326066
18.724026 -1.343708 -76.326066
18.724026 -1.343708 -76.326066
18.724026 -1.343708 -76.326066
18.724026 -1.343708 -76.326066
19.192661 -1.272971 -76.486460
19.192661 -1.272971 -76.486460
19.192661 -1.272971 -76.486460
19.192661 -1.272971 -76.486460
19.192661 -1.272971 -76.486460
19.192661 -1.272971 -76.486460
19.192661 -1.272971 -76.486460
19.192661 -1.272971 -76.486460
19.237330 -1.424057 -76.209359
19.237330 -1.424057 -76.209359
19.237330 -1.424057 -76.209359
19.237330 -1.424057 -76.209359
19.237330 -1.424057 -76.209359
19.237330 -1.424057 -76.209359
19.237330 -1.424057 -76.209359
19.237330 -1.424057 -76.209359
18.880123 -1.015465 -74.332143
18.880123 -1.015465 -74.332143
18.880123 -1.015465 -74.332143
18.880123 -1.015465 -74.332143
18.880123 -1.015465 -74.332143
18.880123 -1.015465 -74.332143
18.880123 -1.015465 -74.332143
18.880123 -1.015465 -74.332143
18.005285 -0.945688 -74.080409
18.005285 -0.945688 -74.080409
18.005285 -0.945688 -74.080409
18.005285 -0.945688 -74.080409
18.005285 -0.945688 -74.080409
18.005285 -0.945688 -74.080409
18.005285 -0.945688 -74.080409
18.005285 -0.945688 -74.080409
6.532104 -2.279400 -73.251163
6.532104 -2.279400 -73.251163
6.532104 -2.279400 -73.251163
6.532104 -2.279400 -73.251163
6.532104 -2.279400 -73.251163
6.532104 -2.279400 -73.251163
6.532104 -2.279400 -73.251163
1.094303 -5.666541 -73.134018
1.094303 -5.666541 -73.134018
1.094303 -5.666541 -73.134018
1.094303 -5.666541 -73.134018
1.094303 -5.666541 -73.134018
1.094303 -5.666541 -73.134018
1.094303 -5.666541 -73.134018
1.094303 -5.666541 -73.134018
1.011889 -5.789289 -73.315018
1.011889 -5.789289 -73.315018
1.011889 -5.789289 -73.315018
1.011889 -5.789289 -73.315018
1.011889 -5.789289 -73.315018
1.011889 -5.789289 -73.315018
1.011889 -5.789289 -73.315018
0.970755 -5.922286 -73.482638
0.970755 -5.922286 -73.482638
0.970755 -5.922286 -73.482638
0.970755 -5.922286 -73.482638
0.970755 -5.922286 -73.482638
0.970755 -5.922286 -73.482638
0.970755 -5.922286 -73.482638
0.970755 -5.922286 -73.482638
0.949880 -5.939248 -73.608525
0.949880 -5.939248 -73.608525
0.949880 -5.939248 -73.608525
0.949880 -5.939248 -73.608525
0.949880 -5.939248 -73.608525
0.949880 -5.939248 -73.608525
0.949880 -5.939248 -73.608525
8.074404 -1.182619 -72.782113
8.074404 -1.182619 -72.782113
8.074404 -1.182619 -72.782113
8.074404 -1.182619 -72.782113
8.074404 -1.182619 -72.782113
8.074404 -1.182619 -72.782113
8.074404 -1.182619 -72.782113
22.564063 -1.016595 -73.935855
22.564063 -1.016595 -73.935855
22.564063 -1.016595 -73.935855
22.564063 -1.016595 -73.935855
22.564063 -1.016595 -73.935855
22.564063 -1.016595 -73.935855
22.564063 -1.016595 -73.935855
22.564063 -1.016595 -73.935855
23.775311 -1.015325 -74.493957
23.775311 -1.015325 -74.493957
23.775311 -1.015325 -74.493957
23.775311 -1.015325 -74.493957
23.775311 -1.015325 -74.493957
23.775311 -1.015325 -74.493957
23.775311 -1.015325 -74.493957
24.034408 -0.977068 -74.675066
24.034408 -0.977068 -74.675066
24.034408 -0.977068 -74.675066
24.034408 -0.977068 -74.675066
24.034408 -0.977068 -74.675066
24.034408 -0.977068 -74.675066
24.034408 -0.977068 -74.675066
24.034408 -0.977068 -74.675066
21.677188 -0.870850 -74.629625
21.677188 -0.870850 -74.629625
21.677188 -0.870850 -74.629625
21.677188 -0.870850 -74.629625
21.677188 -0.870850 -74.629625
21.677188 -0.870850 -74.629625
21.677188 -0.870850 -74.629625
21.677188 -0.870850 -74.629625
21.677188 -0.870850 -74.629625
7.423766 -1.382423 -73.483506
7.423766 -1.382423 -73.483506
7.423766 -1.382423 -73.483506
7.423766 -1.382423 -73.483506
7.423766 -1.382423 -73.483506
7.423766 -1.382423 -73.483506
7.423766 -1.382423 -73.483506
1.166407 -5.223178 -73.079124
1.166407 -5.223178 -73.079124
1.166407 -5.223178 -73.079124
1.166407 -5.223178 -73.079124
1.166407 -5.223178 -73.079124
1.166407 -5.223178 -73.079124
1.166407 -5.223178 -73.079124
1.166407 -5.223178 -73.079124
1.029462 -5.825109 -73.207279
1.029462 -5.825109 -73.207279
1.029462 -5.825109 -73.207279
1.029462 -5.825109 -73.207279
1.029462 -5.825109 -73.207279
1.029462 -5.825109 -73.207279
1.029462 -5.825109 -73.207279
0.980445 -5.910703 -73.225543
0.980445 -5.910703 -73.225543
0.980445 -5.910703 -73.225543
0.980445 -5.910703 -73.225543
0.980445 -5.910703 -73.225543
0.980445 -5.910703 -73.225543
0.980445 -5.910703 -73.225543
0.980445 -5.910703 -73.225543
0.923756 -6.149476 -73.254455
0.923756 -6.149476 -73.254455
0.923756 -6.149476 -73.254455
0.923756 -6.149476 -73.254455
0.923756 -6.149476 -73.254455
0.923756 -6.149476 -73.254455
0.923756 -6.149476 -73.254455
0.923756 -6.149476 -73.254455
0.926575 -6.085343 -73.250173
0.926575 -6.085343 -73.250173
0.926575 -6.085343 -73.250173
0.926575 -6.085343 -73.250173
0.926575 -6.085343 -73.250173
0.926575 -6.085343 -73.250173
0.926575 -6.085343 -73.250173
0.923833 -6.047449 -73.289337
0.923833 -6.047449 -73.289337
0.923833 -6.047449 -73.289337
0.923833 -6.047449 -73.289337
0.923833 -6.047449 -73.289337
0.923833 -6.047449 -73.289337
0.923833 -6.047449 -73.289337
0.923833 -6.047449 -73.289337
0.930286 -6.029278 -73.260923
0.930286 -6.029278 -73.260923
0.930286 -6.029278 -73.260923
0.930286 -6.029278 -73.260923
0.930286 -6.029278 -73.260923
0.930286 -6.029278 -73.260923
0.930286 -6.029278 -73.260923
0.930286 -6.029278 -73.260923
0.930286 -6.029278 -73.260923
0.902865 -6.138842 -73.293934
0.902865 -6.138842 -73.293934
0.902865 -6.138842 -73.293934
0.902865 -6.138842 -73.293934
0.902865 -6.138842 -73.293934
0.902865 -6.138842 -73.293934
0.902865 -6.138842 -73.293934
0.902865 -6.138842 -73.293934
0.918259 -6.127415 -73.248772
0.918259 -6.127415 -73.248772
0.918259 -6.127415 -73.248772
0.918259 -6.127415 -73.248772
0.918259 -6.127415 -73.248772
0.918259 -6.127415 -73.248772
0.918259 -6.127415 -73.248772
0.921141 -6.128518 -73.213344
0.921141 -6.128518 -73.213344
0.921141 -6.128518 -73.213344
0.921141 -6.128518 -73.213344
0.921141 -6.128518 -73.213344
0.921141 -6.128518 -73.213344
0.921141 -6.128518 -73.213344
0.921141 -6.128518 -73.213344
0.916090 -6.086734 -73.270383
0.916090 -6.086734 -73.270383
0.916090 -6.086734 -73.270383
0.916090 -6.086734 -73.270383
0.916090 -6.086734 -73.270383
0.916090 -6.086734 -73.270383
0.916090 -6.086734 -73.270383
0.916090 -6.086734 -73.270383
0.917511 -6.052174 -73.252809
0.917511 -6.052174 -73.252809
0.917511 -6.052174 -73.252809
0.917511 -6.052174 -73.252809
0.917511 -6.052174 -73.252809
0.917511 -6.052174 -73.252809
0.917511 -6.052174 -73.252809
0.917511 -6.052174 -73.252809
0.926024 -6.033521 -73.221315
0.926024 -6.033521 -73.221315
0.926024 -6.033521 -73.221315
0.926024 -6.033521 -73.221315
0.926024 -6.033521 -73.221315
0.926024 -6.033521 -73.221315
0.926024 -6.033521 -73.221315
0.926024 -6.033521 -73.221315
0.923877 -6.048691 -73.265131
0.923877 -6.048691 -73.265131
0.923877 -6.048691 -73.265131
0.923877 -6.048691 -73.265131
0.923877 -6.048691 -73.265131
0.923877 -6.048691 -73.265131
0.923877 -6.048691 -73.265131
0.927291 -6.078785 -73.269229
0.927291 -6.078785 -73.269229
0.927291 -6.078785 -73.269229
0.927291 -6.078785 -73.269229
0.927291 -6.078785 -73.269229
0.927291 -6.078785 -73.269229
0.927291 -6.078785 -73.269229
0.927291 -6.078785 -73.269229
0.930259 -6.050777 -73.291167
0.930259 -6.050777 -73.291167
0.930259 -6.050777 -73.291167
0.930259 -6.050777 -73.291167
0.930259 -6.050777 -73.291167
0.930259 -6.050777 -73.291167
0.930259 -6.050777 -73.291167
0.932623 -6.032914 -73.309554
0.932623 -6.032914 -73.309554
0.932623 -6.032914 -73.309554
0.932623 -6.032914 -73.309554
0.932623 -6.032914 -73.309554
0.932623 -6.032914 -73.309554
0.932623 -6.032914 -73.309554
0.923519 -6.031439 -73.334280
0.923519 -6.031439 -73.334280
0.923519 -6.031439 -73.334280
0.923519 -6.031439 -73.334280
0.923519 -6.031439 -73.334280
0.923519 -6.031439 -73.334280
0.923519 -6.031439 -73.334280
0.923519 -6.031439 -73.334280
0.919509 -6.090536 -73.338624
0.919509 -6.090536 -73.338624
0.919509 -6.090536 -73.338624
0.919509 -6.090536 -73.338624
0.919509 -6.090536 -73.338624
0.919509 -6.090536 -73.338624
0.919509 -6.090536 -73.338624
0.919509 -6.090536 -73.338624
0.928871 -6.106292 -73.333747
0.928871 -6.106292 -73.333747
0.928871 -6.106292 -73.333747
0.928871 -6.106292 -73.333747
0.928871 -6.106292 -73.333747
0.928871 -6.106292 -73.333747
0.928871 -6.106292 -73.333747
0.931296 -6.060365 -73.321480
0.931296 -6.060365 -73.321480
0.931296 -6.060365 -73.321480
0.931296 -6.060365 -73.321480
0.931296 -6.060365 -73.321480
0.931296 -6.060365 -73.321480
0.931296 -6.060365 -73.321480
0.931296 -6.060365 -73.321480
10.133589 -0.678974 -73.165465
10.133589 -0.678974 -73.165465
10.133589 -0.678974 -73.165465
10.133589 -0.678974 -73.165465
10.133589 -0.678974 -73.165465
10.133589 -0.678974 -73.165465
10.133589 -0.678974 -73.165465
10.133589 -0.678974 -73.165465
29.962390 -1.048132 -74.218762
29.962390 -1.048132 -74.218762
29.962390 -1.048132 -74.218762
29.962390 -1.048132 -74.218762
29.962390 -1.048132 -74.218762
29.962390 -1.048132 -74.218762
29.962390 -1.048132 -74.218762
30.472220 -0.826397 -74.126636
30.472220 -0.826397 -74.126636
30.472220 -0.826397 -74.126636
30.472220 -0.826397 -74.126636
30.472220 -0.826397 -74.126636
30.472220 -0.826397 -74.126636
30.472220 -0.826397 -74.126636
30.472220 -0.826397 -74.126636
28.668899 -0.616609 -74.158595
28.668899 -0.616609 -74.158595
28.668899 -0.616609 -74.158595
28.668899 -0.616609 -74.158595
28.668899 -0.616609 -74.158595
28.668899 -0.616609 -74.158595
28.668899 -0.616609 -74.158595
28.668899 -0.616609 -74.158595
15.499127 -0.476413 -74.271470
15.499127 -0.476413 -74.271470
15.499127 -0.476413 -74.271470
15.499127 -0.476413 -74.271470
15.499127 -0.476413 -74.271470
15.499127 -0.476413 -74.271470
15.499127 -0.476413 -74.271470
15.499127 -0.476413 -74.271470
7.906320 -0.019005 -74.328311
7.906320 -0.019005 -74.328311
7.906320 -0.019005 -74.328311
7.906320 -0.019005 -74.328311
7.906320 -0.019005 -74.328311
7.906320 -0.019005 -74.328311
7.906320 -0.019005 -74.328311
7.906320 -0.019005 -74.328311
5.557040 -1.112874 -74.444855
5.557040 -1.112874 -74.444855
5.557040 -1.112874 -74.444855
5.557040 -1.112874 -74.444855
5.557040 -1.112874 -74.444855
5.557040 -1.112874 -74.444855
5.557040 -1.112874 -74.444855
5.557040 -1.112874 -74.444855
7.898633 -0.027923 -74.247988
7.898633 -0.027923 -74.247988
7.898633 -0.027923 -74.247988
7.898633 -0.027923 -74.247988
7.898633 -0.027923 -74.247988
7.898633 -0.027923 -74.247988
7.898633 -0.027923 -74.247988
18.989046 -0.284933 -74.227812
18.989046 -0.284933 -74.227812
18.989046 -0.284933 -74.227812
18.989046 -0.284933 -74.227812
18.989046 -0.284933 -74.227812
18.989046 -0.284933 -74.227812
18.989046 -0.284933 -74.227812
18.989046 -0.284933 -74.227812
21.974576 -0.336935 -74.629803
21.974576 -0.336935 -74.629803
21.974576 -0.336935 -74.629803
21.974576 -0.336935 -74.629803
21.974576 -0.336935 -74.629803
21.974576 -0.336935 -74.629803
21.974576 -0.336935 -74.629803
21.014375 -0.269863 -74.589361
21.014375 -0.269863 -74.589361
21.014375 -0.269863 -74.589361
21.014375 -0.269863 -74.589361
21.014375 -0.269863 -74.589361
21.014375 -0.269863 -74.589361
21.014375 -0.269863 -74.589361
21.014375 -0.269863 -74.589361
19.565717 -0.144400 -74.539241
19.565717 -0.144400 -74.539241
19.565717 -0.144400 -74.539241
19.565717 -0.144400 -74.539241
19.565717 -0.144400 -74.539241
19.565717 -0.144400 -74.539241
19.565717 -0.144400 -74.539241
19.565717 -0.144400 -74.539241
8.587669 0.062654 -74.480515
8.587669 0.062654 -74.480515
8.587669 0.062654 -74.480515
8.587669 0.062654 -74.480515
8.587669 0.062654 -74.480515
8.587669 0.062654 -74.480515
8.587669 0.062654 -74.480515
8.587669 0.062654 -74.480515
3.438224 -1.827733 -74.653763
3.438224 -1.827733 -74.653763
3.438224 -1.827733 -74.653763
3.438224 -1.827733 -74.653763
3.438224 -1.827733 -74.653763
3.438224 -1.827733 -74.653763
3.438224 -1.827733 -74.653763
2.320961 -2.579262 -74.874378
2.320961 -2.579262 -74.874378
2.320961 -2.579262 -74.874378
2.320961 -2.579262 -74.874378
2.320961 -2.579262 -74.874378
2.320961 -2.579262 -74.874378
2.320961 -2.579262 -74.874378
2.320961 -2.579262 -74.874378
1.847231 -3.476822 -74.929265
1.847231 -3.476822 -74.929265
1.847231 -3.476822 -74.929265
1.847231 -3.476822 -74.929265
1.847231 -3.476822 -74.929265
1.847231 -3.476822 -74.929265
1.847231 -3.476822 -74.929265
1.847231 -3.476822 -74.929265
1.119803 -5.465243 -74.982459
1.119803 -5.465243 -74.982459
1.119803 -5.465243 -74.982459
1.119803 -5.465243 -74.982459
1.119803 -5.465243 -74.982459
1.119803 -5.465243 -74.982459
1.119803 -5.465243 -74.982459
1.119803 -5.465243 -74.982459
1.102401 -5.477188 -74.955521
1.102401 -5.477188 -74.955521
1.102401 -5.477188 -74.955521
1.102401 -5.477188 -74.955521
1.102401 -5.477188 -74.955521
1.102401 -5.477188 -74.955521
1.102401 -5.477188 -74.955521
1.102401 -5.477188 -74.955521
1.089084 -5.502082 -74.928050
1.089084 -5.502082 -74.928050
1.089084 -5.502082 -74.928050
1.089084 -5.502082 -74.928050
1.089084 -5.502082 -74.928050
1.089084 -5.502082 -74.928050
1.089084 -5.502082 -74.928050
1.089084 -5.502082 -74.928050
1.086232 -5.472684 -74.930228
1.086232 -5.472684 -74.930228
1.086232 -5.472684 -74.930228
1.086232 -5.472684 -74.930228
1.086232 -5.472684 -74.930228
1.086232 -5.472684 -74.930228
1.086232 -5.472684 -74.930228
1.085429 -5.525298 -74.900777
1.085429 -5.525298 -74.900777
1.085429 -5.525298 -74.900777
1.085429 -5.525298 -74.900777
1.085429 -5.525298 -74.900777
1.085429 -5.525298 -74.900777
1.085429 -5.525298 -74.900777
1.064599 -5.597933 -74.895750
1.064599 -5.597933 -74.895750
1.064599 -5.597933 -74.895750
1.064599 -5.597933 -74.895750
1.064599 -5.597933 -74.895750
1.064599 -5.597933 -74.895750
1.064599 -5.597933 -74.895750
1.064599 -5.597933 -74.895750
1.077738 -5.552494 -75.061757
1.077738 -5.552494 -75.061757
1.077738 -5.552494 -75.061757
1.077738 -5.552494 -75.061757
1.077738 -5.552494 -75.061757
1.077738 -5.552494 -75.061757
1.077738 -5.552494 -75.061757
1.077738 -5.552494 -75.061757
0.038614 -10.469907 -75.196271
0.038614 -10.469907 -75.196271
0.038614 -10.469907 -75.196271
0.038614 -10.469907 -75.196271
0.038614 -10.469907 -75.196271
0.038614 -10.469907 -75.196271
0.038614 -10.469907 -75.196271
3.130613 -31.772305 -75.245285
3.130613 -31.772305 -75.245285
3.130613 -31.772305 -75.245285
3.130613 -31.772305 -75.245285
3.130613 -31.772305 -75.245285
3.130613 -31.772305 -75.245285
3.130613 -31.772305 -75.245285
3.420027 -32.322682 -73.817345
3.420027 -32.322682 -73.817345
3.420027 -32.322682 -73.817345
3.420027 -32.322682 -73.817345
3.420027 -32.322682 -73.817345
3.420027 -32.322682 -73.817345
3.420027 -32.322682 -73.817345
3.420027 -32.322682 -73.817345
2.319277 -24.429124 -73.738080
2.319277 -24.429124 -73.738080
2.319277 -24.429124 -73.738080
2.319277 -24.429124 -73.738080
2.319277 -24.429124 -73.738080
2.319277 -24.429124 -73.738080
2.319277 -24.429124 -73.738080
2.319277 -24.429124 -73.738080
2.319277 -24.429124 -73.738080
1.180462 -6.794971 -73.113637
1.180462 -6.794971 -73.113637
1.180462 -6.794971 -73.113637
1.180462 -6.794971 -73.113637
1.180462 -6.794971 -73.113637
1.180462 -6.794971 -73.113637
1.180462 -6.794971 -73.113637
1.064116 -6.337022 -73.526222
1.064116 -6.337022 -73.526222
1.064116 -6.337022 -73.526222
1.064116 -6.337022 -73.526222
1.064116 -6.337022 -73.526222
1.064116 -6.337022 -73.526222
1.064116 -6.337022 -73.526222
1.064116 -6.337022 -73.526222
-0.580299 -13.202357 -73.546623
-0.580299 -13.202357 -73.546623
-0.580299 -13.202357 -73.546623
-0.580299 -13.202357 -73.546623
-0.580299 -13.202357 -73.546623
-0.580299 -13.202357 -73.546623
-0.580299 -13.202357 -73.546623
-0.580299 -13.202357 -73.546623
3.405048 -28.247289 -73.590220
3.405048 -28.247289 -73.590220
3.405048 -28.247289 -73.590220
3.405048 -28.247289 -73.590220
3.405048 -28.247289 -73.590220
3.405048 -28.247289 -73.590220
3.405048 -28.247289 -73.590220
3.405048 -28.247289 -73.590220
3.934297 -31.759396 -73.459654
3.934297 -31.759396 -73.459654
3.934297 -31.759396 -73.459654
3.934297 -31.759396 -73.459654
3.934297 -31.759396 -73.459654
3.93429