-1.525539 -15.544817 121.208209
-1.525539 -15.544817 121.208209
-1.575495 -15.913193 121.846053
-1.575495 -15.913193 121.846053
-1.575495 -15.913193 121.846053
-1.575495 -15.913193 121.846053
-1.575495 -15.913193 121.846053
-1.575495 -15.913193 121.846053
-1.634146 -16.129591 122.340641
-1.634146 -16.129591 122.340641
-1.634146 -16.129591 122.340641
-1.634146 -16.129591 122.340641
-1.634146 -16.129591 122.340641
-1.634146 -16.129591 122.340641
-1.634146 -16.129591 122.340641
-1.672781 -16.240947 122.710359
-1.672781 -16.240947 122.710359
-1.672781 -16.240947 122.710359
-1.672781 -16.240947 122.710359
-1.672781 -16.240947 122.710359
0.076992 -13.566161 112.273045
0.076992 -13.566161 112.273045
0.076992 -13.566161 112.273045
0.076992 -13.566161 112.273045
0.076992 -13.566161 112.273045
0.076992 -13.566161 112.273045
-0.175805 -8.328081 99.213142
-0.175805 -8.328081 99.213142
-0.175805 -8.328081 99.213142
-0.175805 -8.328081 99.213142
-0.175805 -8.328081 99.213142
-0.175805 -8.328081 99.213142
-1.002970 3.443146 117.259964
-1.002970 3.443146 117.259964
-1.002970 3.443146 117.259964
-1.002970 3.443146 117.259964
-1.002970 3.443146 117.259964
-1.002970 3.443146 117.259964
-1.002970 3.443146 117.259964
-2.186497 3.270182 118.909974
-2.186497 3.270182 118.909974
-2.186497 3.270182 118.909974
-2.186497 3.270182 118.909974
-2.186497 3.270182 118.909974
-2.186497 3.270182 118.909974
-2.186497 3.270182 118.909974
0.220102 -10.515972 120.568835
0.220102 -10.515972 120.568835
0.220102 -10.515972 120.568835
0.220102 -10.515972 120.568835
0.220102 -10.515972 120.568835
-7.512160 10.898742 119.632935
-7.512160 10.898742 119.632935
-7.512160 10.898742 119.632935
-7.512160 10.898742 119.632935
-7.512160 10.898742 119.632935
-7.512160 10.898742 119.632935
-7.512160 10.898742 119.632935
-3.187123 -11.286641 121.718998
-3.187123 -11.286641 121.718998
-3.187123 -11.286641 121.718998
-3.187123 -11.286641 121.718998
-3.187123 -11.286641 121.718998
-5.921392 -5.673895 121.360919
-5.921392 -5.673895 121.360919
-5.921392 -5.673895 121.360919
-5.921392 -5.673895 121.360919
-5.921392 -5.673895 121.360919
-5.921392 -5.673895 121.360919
-6.785904 -2.804769 121.178812
-6.785904 -2.804769 121.178812
-6.785904 -2.804769 121.178812
-6.785904 -2.804769 121.178812
-6.785904 -2.804769 121.178812
-6.785904 -2.804769 121.178812
-6.785904 -2.804769 121.178812
-6.785085 -2.839925 121.562095
-6.785085 -2.839925 121.562095
-6.785085 -2.839925 121.562095
-6.785085 -2.839925 121.562095
-6.785085 -2.839925 121.562095
-6.785085 -2.839925 121.562095
-6.785085 -2.839925 121.562095
-6.785085 -2.839925 121.562095
-5.413199 -4.554709 121.390043
-5.413199 -4.554709 121.390043
-5.413199 -4.554709 121.390043
-5.413199 -4.554709 121.390043
-5.413199 -4.554709 121.390043
-5.413199 -4.554709 121.390043
-5.413199 -4.554709 121.390043
-5.413199 -4.554709 121.390043
-10.230793 -1.875026 124.987654
-10.230793 -1.875026 124.987654
-10.230793 -1.875026 124.987654
-10.230793 -1.875026 124.987654
-10.230793 -1.875026 124.987654
-10.230793 -1.875026 124.987654
-6.272879 -0.573669 127.363480
-6.272879 -0.573669 127.363480
-6.272879 -0.573669 127.363480
-6.272879 -0.573669 127.363480
-6.272879 -0.573669 127.363480
-8.111764 -1.131025 130.245000
-8.111764 -1.131025 130.245000
-8.111764 -1.131025 130.245000
-8.111764 -1.131025 130.245000
-8.111764 -1.131025 130.245000
-8.111764 -1.131025 130.245000
-7.744408 -0.923216 128.290310
-7.744408 -0.923216 128.290310
-7.744408 -0.923216 128.290310
-7.744408 -0.923216 128.290310
-7.744408 -0.923216 128.290310
-9.097839 -1.385480 129.745085
-9.097839 -1.385480 129.745085
-9.097839 -1.385480 129.745085
-9.097839 -1.385480 129.745085
-9.097839 -1.385480 129.745085
-9.097839 -1.385480 129.745085
-5.293589 -1.349172 127.624434
-5.293589 -1.349172 127.624434
-5.293589 -1.349172 127.624434
-5.293589 -1.349172 127.624434
-5.293589 -1.349172 127.624434
-5.293589 -1.349172 127.624434
-4.351070 0.856917 126.839359
-4.351070 0.856917 126.839359
-4.351070 0.856917 126.839359
-4.351070 0.856917 126.839359
-4.351070 0.856917 126.839359
-4.351070 0.856917 126.839359