-0.747811 -14.533000 -81.497230
-0.747811 -14.533000 -81.497230
-0.747811 -14.533000 -81.497230
-0.747811 -14.533000 -81.497230
-0.747811 -14.533000 -81.497230
-0.761993 -14.872146 -81.569493
-0.761993 -14.872146 -81.569493
-0.761993 -14.872146 -81.569493
-0.761993 -14.872146 -81.569493
-0.761993 -14.872146 -81.569493
-0.761993 -14.872146 -81.569493
-0.761993 -14.872146 -81.569493
-0.761993 -14.872146 -81.569493
-0.761993 -14.872146 -81.569493
-0.761993 -14.872146 -81.569493
-0.765804 -15.084297 -81.611369
-0.765804 -15.084297 -81.611369
-0.765804 -15.084297 -81.611369
-0.765804 -15.084297 -81.611369
-0.765804 -15.084297 -81.611369
-0.765804 -15.084297 -81.611369
-0.765804 -15.084297 -81.611369
-0.765804 -15.084297 -81.611369
-0.765804 -15.084297 -81.611369
-0.765804 -15.084297 -81.611369
-0.761504 -15.199891 -81.655847
-0.761504 -15.199891 -81.655847
-0.761504 -15.199891 -81.655847
-0.761504 -15.199891 -81.655847
-0.761504 -15.199891 -81.655847
-0.761504 -15.199891 -81.655847
-0.761504 -15.199891 -81.655847
-0.761504 -15.199891 -81.655847
-0.761504 -15.199891 -81.655847
-0.761504 -15.199891 -81.655847
-0.761504 -15.199891 -81.655847
-0.752501 -15.280007 -81.674630
-0.752501 -15.280007 -81.674630
-0.752501 -15.280007 -81.674630
-0.752501 -15.280007 -81.674630
-0.752501 -15.280007 -81.674630
-0.752501 -15.280007 -81.674630
-0.752501 -15.280007 -81.674630
-0.752501 -15.280007 -81.674630
-0.752501 -15.280007 -81.674630
-0.752501 -15.280007 -81.674630
-0.759084 -15.354931 -81.711548
-0.759084 -15.354931 -81.711548
-0.759084 -15.354931 -81.711548
-0.759084 -15.354931 -81.711548
-0.759084 -15.354931 -81.711548
-0.759084 -15.354931 -81.711548
-0.759084 -15.354931 -81.711548
-0.759084 -15.354931 -81.711548
-0.759084 -15.354931 -81.711548
-0.762361 -15.397338 -81.732031
-0.762361 -15.397338 -81.732031
-0.762361 -15.397338 -81.732031
-0.762361 -15.397338 -81.732031
-0.762361 -15.397338 -81.732031
-0.762361 -15.397338 -81.732031
-0.762361 -15.397338 -81.732031
-0.762361 -15.397338 -81.732031
-0.762361 -15.397338 -81.732031
-0.762981 -15.416295 -81.750876
-0.762981 -15.416295 -81.750876
-0.762981 -15.416295 -81.750876
-0.762981 -15.416295 -81.750876
-0.762981 -15.416295 -81.750876
-0.762981 -15.416295 -81.750876
-0.762981 -15.416295 -81.750876
-0.762981 -15.416295 -81.750876
-0.762981 -15.416295 -81.750876
-0.750740 -15.437121 -81.756490
-0.750740 -15.437121 -81.756490
-0.750740 -15.437121 -81.756490
-0.750740 -15.437121 -81.756490
-0.750740 -15.437121 -81.756490
-0.750740 -15.437121 -81.756490
-0.750740 -15.437121 -81.756490
-0.750740 -15.437121 -81.756490
-0.750740 -15.437121 -81.756490
-0.739300 -15.441555 -81.740590
-0.739300 -15.441555 -81.740590
-0.739300 -15.441555 -81.740590
-0.739300 -15.441555 -81.740590
-0.739300 -15.441555 -81.740590
-0.739300 -15.441555 -81.740590
-0.739300 -15.441555 -81.740590
-0.739300 -15.441555 -81.740590
-0.739300 -15.441555 -81.740590
-0.739300 -15.441555 -81.740590
-0.739470 -15.451039 -81.700100
-0.739470 -15.451039 -81.700100
-0.739470 -15.451039 -81.700100
-0.739470 -15.451039 -81.700100
-0.739470 -15.451039 -81.700100
-0.739470 -15.451039 -81.700100
-0.739470 -15.451039 -81.700100
-0.739470 -15.451039 -81.700100
-0.739470 -15.451039 -81.700100
-0.739470 -15.451039 -81.700100
-0.739470 -15.451039 -81.700100
-0.754195 -15.450649 -81.734777
-0.754195 -15.450649 -81.734777
-0.754195 -15.450649 -81.734777
-0.754195 -15.450649 -81.734777
-0.754195 -15.450649 -81.734777
-0.754195 -15.450649 -81.734777
-0.754195 -15.450649 -81.734777
-0.754195 -15.450649 -81.734777
-0.754195 -15.450649 -81.734777
-0.750737 -15.468345 -81.737523
-0.750737 -15.468345 -81.737523
-0.750737 -15.468345 -81.737523
-0.750737 -15.468345 -81.737523
-0.750737 -15.468345 -81.737523
-0.750737 -15.468345 -81.737523
-0.750737 -15.468345 -81.737523
-0.750737 -15.468345 -81.737523
-0.750737 -15.468345 -81.737523
-0.750737 -15.468345 -81.737523
-0.737569 -15.469444 -81.754059
-0.737569 -15.469444 -81.754059
-0.737569 -15.469444 -81.754059
-0.737569 -15.469444 -81.754059
-0.737569 -15.469444 -81.754059
-0.737569 -15.469444 -81.754059
-0.737569 -15.469444 -81.754059
-0.737569 -15.469444 -81.754059
-0.737569 -15.469444 -81.754059
-0.737569 -15.469444 -81.754059
-0.737569 -15.469444 -81.754059
-0.731563 -15.464337 -81.739463
-0.731563 -15.464337 -81.739463
-0.731563 -15.464337 -81.739463
-0.731563 -15.464337 -81.739463
-0.731563 -15.464337 -81.739463
-0.731563 -15.464337 -81.739463
-0.731563 -15.464337 -81.739463
-0.731563 -15.464337 -81.739463
-0.731563 -15.464337 -81.739463
-0.731563 -15.464337 -81.739463
-0.740826 -15.465573 -81.763887
-0.740826 -15.465573 -81.763887
-0.740826 -15.465573 -81.763887
-0.740826 -15.465573 -81.763887
-0.740826 -15.465573 -81.763887
-0.740826 -15.465573 -81.763887
-0.740826 -15.465573 -81.763887
-0.740826 -15.465573 -81.763887
-0.740826 -15.465573 -81.763887
-0.740826 -15.465573 -81.763887
-0.734567 -15.463145 -81.752556
-0.734567 -15.463145 -81.752556
-0.734567 -15.463145 -81.752556
-0.734567 -15.463145 -81.752556
-0.734567 -15.463145 -81.752556
-0.734567 -15.463145 -81.752556
-0.734567 -15.463145 -81.752556
-0.734567 -15.463145 -81.752556
-0.734567 -15.463145 -81.752556
-0.734567 -15.463145 -81.752556
-0.734567 -15.463145 -81.752556
-0.732680 -15.457029 -81.739845
-0.732680 -15.457029 -81.739845
-0.732680 -15.457029 -81.739845
-0.732680 -15.457029 -81.739845
-0.732680 -15.457029 -81.739845
-0.732680 -15.457029 -81.739845
-0.732680 -15.457029 -81.739845
-0.732680 -15.457029 -81.739845
-0.732680 -15.457029 -81.739845
-0.721494 -15.469800 -81.683325
-0.721494 -15.469800 -81.683325
-0.721494 -15.469800 -81.683325
-0.721494 -15.469800 -81.683325
-0.721494 -15.469800 -81.683325
-0.721494 -15.469800 -81.683325
-0.721494 -15.469800 -81.683325
-0.721494 -15.469800 -81.683325
-0.721494 -15.469800 -81.683325
-0.721494 -15.469800 -81.683325
-0.739238 -15.462256 -81.609573
-0.739238 -15.462256 -81.609573
-0.739238 -15.462256 -81.609573
-0.739238 -15.462256 -81.609573
-0.739238 -15.462256 -81.609573
-0.739238 -15.462256 -81.609573
-0.739238 -15.462256 -81.609573
-0.739238 -15.462256 -81.609573
-0.739238 -15.462256 -81.609573
-0.755489 -15.465177 -81.602346
-0.755489 -15.465177 -81.602346
-0.755489 -15.465177 -81.602346
-0.755489 -15.465177 -81.602346
-0.755489 -15.465177 -81.602346
-0.755489 -15.465177 -81.602346
-0.755489 -15.465177 -81.602346
-0.755489 -15.465177 -81.602346
-0.755489 -15.465177 -81.602346
-0.755489 -15.465177 -81.602346
-0.755489 -15.465177 -81.602346
-2.633144 -30.724052 -86.261300
-2.633144 -30.724052 -86.261300
-2.633144 -30.724052 -86.261300
-2.633144 -30.724052 -86.261300
-2.633144 -30.724052 -86.261300
-2.633144 -30.724052 -86.261300
-2.633144 -30.724052 -86.261300
-2.633144 -30.724052 -86.261300
-2.633144 -30.724052 -86.261300
7.547311 -56.239737 -112.001825
7.547311 -56.239737 -112.001825
7.547311 -56.239737 -112.001825
7.547311 -56.239737 -112.001825
7.547311 -56.239737 -112.001825
7.547311 -56.239737 -112.001825
7.547311 -56.239737 -112.001825
7.547311 -56.239737 -112.001825
7.547311 -56.239737 -112.001825
7.547311 -56.239737 -112.001825
7.896015 -60.635988 -118.850223
7.896015 -60.635988 -118.850223
7.896015 -60.635988 -118.850223
7.896015 -60.635988 -118.850223
7.896015 -60.635988 -118.850223
7.896015 -60.635988 -118.850223
7.896015 -60.635988 -118.850223
7.896015 -60.635988 -118.850223
7.896015 -60.635988 -118.850223
8.706671 -64.199250 -129.415201
8.706671 -64.199250 -129.415201
8.706671 -64.199250 -129.415201
8.706671 -64.199250 -129.415201
8.706671 -64.199250 -129.415201
8.706671 -64.199250 -129.415201
8.706671 -64.199250 -129.415201
8.706671 -64.199250 -129.415201
8.706671 -64.199250 -129.415201
8.706671 -64.199250 -129.415201
8.706671 -64.199250 -129.415201
27.034283 -11.104085 -142.863160
27.034283 -11.104085 -142.863160
27.034283 -11.104085 -142.863160
27.034283 -11.104085 -142.863160
27.034283 -11.104085 -142.863160
27.034283 -11.104085 -142.863160
27.034283 -11.104085 -142.863160
27.034283 -11.104085 -142.863160
27.034283 -11.104085 -142.863160
27.034283 -11.104085 -142.863160
21.529422 -52.025708 -115.325955
21.529422 -52.025708 -115.325955
21.529422 -52.025708 -115.325955
21.529422 -52.02570