0.001593 0.001461
0.002948 0.003005
0.004355 0.004194
0.005815 0.005655
0.007310 0.007048
0.008991 0.008412
0.010494 0.009543
0.011934 0.010915
0.013406 0.012323
0.014769 0.013794
0.016116 0.014996
0.017496 0.016385
0.019036 0.017796
0.020668 0.019235
0.022332 0.020455
0.023579 0.021787
0.029611 0.023319
0.035932 0.024521
0.042347 0.025799
0.048641 0.027162
0.054960 0.028588
0.061169 0.030045
0.067498 0.031504
0.073702 0.033025
0.079962 0.034582
0.081562 0.035915
0.083295 0.037277
0.084701 0.038841
0.086114 0.040152
0.087591 0.041570
0.089189 0.042958
0.090766 0.044376
0.092496 0.045839
0.094006 0.047247
0.095368 0.058123
0.096953 0.068763
0.098300 0.079654
0.099996 0.090565
0.101283 0.101240
0.102778 0.111860
0.104278 0.122518
0.105700 0.133298
0.107202 0.143906
0.108724 0.154764
0.115117 0.156175
0.121794 0.157676
0.127968 0.159170
0.134212 0.160636
0.140566 0.162189
0.147056 0.163678
0.153469 0.165086
0.159864 0.166412
0.166198 0.167940
0.172480 0.169439
0.178653 0.170902
0.184873 0.172468
0.191345 0.173944
0.197736 0.175347
0.203950 0.176808
0.210216 0.178289
0.216727 0.179564
0.223048 0.180796
0.229410 0.182414
-0.009801 -0.088251
-0.249133 -0.358618
-0.488411 -0.629300
-0.727847 -0.900040
-0.967121 -1.170637
-1.206308 -1.440941
-1.445647 -1.711654
-0.799537 3.212030
3.280793 2.229537
3.044931 2.593643
3.101488 3.024706
5.229687 2.815812
5.233988 3.241284
5.292707 3.564107
4.697098 3.897459
3.393554 3.879938
1.527028 3.427171
2.456771 3.560028
2.689413 3.742568
2.605917 3.649266
2.598030 3.613912
2.593949 3.606529
2.592045 3.569044
2.567946 3.506284
2.580208 3.455121
2.600855 3.402445
2.622443 3.365111
2.655645 3.339473
2.688043 3.320050
2.687394 3.334646
2.686335 3.377218
2.699389 3.440544
2.718945 3.471610
2.696781 3.552543
2.762470 3.683282
2.785658 3.726319
2.784095 3.869664
2.621552 4.237675
2.836387 4.130328
2.858873 4.171787
2.877572 4.281636
2.882815 4.260979
3.655487 3.875970
3.654085 3.954253
3.673447 4.084793
3.673747 4.096516
3.675636 4.168271
3.670939 4.174806
3.672728 4.183663
3.690754 4.183680
3.574754 3.393045
8.370417 -32.259885
8.370859 -33.953900
-28.111474 -51.611344
-31.518611 -55.377905
-31.583559 -57.106475
-31.648556 -58.835075
-31.713519 -60.563661
-31.778529 -62.292307
-31.894063 -62.063102
-32.009534 -61.834374
-32.125067 -61.605453
-32.240554 -61.376288
-32.356090 -61.147698
-32.471561 -60.919396
-32.587032 -60.690513
-32.702522 -60.461542
-32.818052 -60.232545
-48.441068 -69.881523
-48.614289 -67.771969
-48.031049 -66.162959
-48.207781 -64.070125
-48.321395 -62.106337
-49.309084 -61.022294
-55.051972 -59.481543
-54.696055 -59.518301
-53.968045 -59.702624
-65.060433 -61.959142
-65.041061 -62.136947
-65.045656 -62.673770
-65.081967 -63.122065
-65.101214 -63.548307
-65.169432 -64.147512
-65.317210 -64.725151
-65.334458 -64.786176
-65.340850 -64.823757
-65.346583 -64.873426
-65.352804 -64.928846
-65.347810 -64.980076
-65.332236 -65.027386
-65.322143 -65.034002
-65.310762 -65.047164
-65.300804 -65.065231
-65.117185 -65.104498
-65.077580 -65.123757
-65.087356 -65.138410
-65.067624 -65.137716
-65.082331 -65.190794
-65.029529 -65.230754
-65.009766 -65.234898
-64.976905 -65.261239
-64.989374 -65.209885
-64.895954 -65.096046
-65.008471 -64.911698
-65.285792 -64.467220
-65.212057 -64.356046
-65.260160 -64.109781
-65.405587 -63.814799
-65.368264 -63.654563
-64.853735 -63.880731
-64.613627 -63.212103
-64.640941 -62.750288
-64.711344 -62.543889
-60.734533 -63.274735
-60.843492 -62.767319
-60.858507 -61.855285
-77.632167 -64.496809
-84.920915 -66.676068
-85.013210 -66.508399
-85.115810 -66.277861
-83.832332 -84.771868
-83.786288 -85.763908
-88.027268 -88.893494
-87.859797 -90.568735
-87.692131 -92.244397
-90.892560 -95.185273
-90.724996 -96.860948
-90.557352 -98.536493
-90.567964 -101.121779
-93.877530 -103.154999
-93.879451 -103.620652
-93.881369 -104.086298
-93.883301 -104.551939
-93.885214 -105.017605
-93.887126 -105.483266
-93.889044 -105.948941
-93.890948 -106.414596
-93.892870 -106.880261
-93.978194 -106.950812
-94.063529 -107.021379
-94.148843 -107.091927
-94.234183 -107.162507
-94.319523 -107.2