-0.823421 -10.948178 -91.421939
-0.823421 -10.948178 -91.421939
-0.823421 -10.948178 -91.421939
-0.823421 -10.948178 -91.421939
-0.880545 -12.408872 -91.352810
-0.880545 -12.408872 -91.352810
-0.880545 -12.408872 -91.352810
-0.880545 -12.408872 -91.352810
-0.880545 -12.408872 -91.352810
-0.880545 -12.408872 -91.352810
-0.880545 -12.408872 -91.352810
-0.880545 -12.408872 -91.352810
-0.880545 -12.408872 -91.352810
-0.923200 -13.309502 -91.305204
-0.923200 -13.309502 -91.305204
-0.923200 -13.309502 -91.305204
-0.923200 -13.309502 -91.305204
-0.923200 -13.309502 -91.305204
-0.923200 -13.309502 -91.305204
-0.923200 -13.309502 -91.305204
-0.923200 -13.309502 -91.305204
-0.930806 -13.846215 -91.262023
-0.930806 -13.846215 -91.262023
-0.930806 -13.846215 -91.262023
-0.930806 -13.846215 -91.262023
-0.930806 -13.846215 -91.262023
-0.930806 -13.846215 -91.262023
-0.930806 -13.846215 -91.262023
-0.930806 -13.846215 -91.262023
-0.943348 -14.179138 -91.230427
-0.943348 -14.179138 -91.230427
-0.943348 -14.179138 -91.230427
-0.943348 -14.179138 -91.230427
-0.943348 -14.179138 -91.230427
-0.943348 -14.179138 -91.230427
-0.943348 -14.179138 -91.230427
-0.943348 -14.179138 -91.230427
-0.957820 -14.380253 -91.231711
-0.957820 -14.380253 -91.231711
-0.957820 -14.380253 -91.231711
-0.957820 -14.380253 -91.231711
-0.957820 -14.380253 -91.231711
-0.957820 -14.380253 -91.231711
-0.957820 -14.380253 -91.231711
-0.958370 -14.497386 -91.217859
-0.958370 -14.497386 -91.217859
-0.958370 -14.497386 -91.217859
-0.958370 -14.497386 -91.217859
-0.958370 -14.497386 -91.217859
-0.958370 -14.497386 -91.217859
-0.958370 -14.497386 -91.217859
-0.958370 -14.497386 -91.217859
-0.957337 -14.578619 -91.214567
-0.957337 -14.578619 -91.214567
-0.957337 -14.578619 -91.214567
-0.957337 -14.578619 -91.214567
-0.957337 -14.578619 -91.214567
-0.957337 -14.578619 -91.214567
-0.957337 -14.578619 -91.214567
-0.957337 -14.578619 -91.214567
-0.971593 -14.631056 -91.223180
-0.971593 -14.631056 -91.223180
-0.971593 -14.631056 -91.223180
-0.971593 -14.631056 -91.223180
-0.971593 -14.631056 -91.223180
-0.971593 -14.631056 -91.223180
-0.971593 -14.631056 -91.223180
-0.971593 -14.631056 -91.223180
-0.975644 -14.671349 -91.224300
-0.975644 -14.671349 -91.224300
-0.975644 -14.671349 -91.224300
-0.975644 -14.671349 -91.224300
-0.975644 -14.671349 -91.224300
-0.975644 -14.671349 -91.224300
-0.975644 -14.671349 -91.224300
-0.971613 -14.694216 -91.224649
-0.971613 -14.694216 -91.224649
-0.971613 -14.694216 -91.224649
-0.971613 -14.694216 -91.224649
-0.971613 -14.694216 -91.224649
-0.971613 -14.694216 -91.224649
-0.971613 -14.694216 -91.224649
-0.971613 -14.694216 -91.224649
-0.969211 -14.707883 -91.211043
-0.969211 -14.707883 -91.211043
-0.969211 -14.707883 -91.211043
-0.969211 -14.707883 -91.211043
-0.969211 -14.707883 -91.211043
-0.969211 -14.707883 -91.211043
-0.969211 -14.707883 -91.211043
-0.969211 -14.707883 -91.211043
-0.969211 -14.707883 -91.211043
-0.972212 -14.715168 -91.227039
-0.972212 -14.715168 -91.227039
-0.972212 -14.715168 -91.227039
-0.972212 -14.715168 -91.227039
-0.972212 -14.715168 -91.227039
-0.972212 -14.715168 -91.227039
-0.972212 -14.715168 -91.227039
-0.972212 -14.715168 -91.227039
-0.978753 -14.720258 -91.228289
-0.978753 -14.720258 -91.228289
-0.978753 -14.720258 -91.228289
-0.978753 -14.720258 -91.228289
-0.978753 -14.720258 -91.228289
-0.978753 -14.720258 -91.228289
-0.978753 -14.720258 -91.228289
-0.978753 -14.720258 -91.228289
-0.980189 -14.729154 -91.230359
-0.980189 -14.729154 -91.230359
-0.980189 -14.729154 -91.230359
-0.980189 -14.729154 -91.230359
-0.980189 -14.729154 -91.230359
-0.980189 -14.729154 -91.230359
-0.980189 -14.729154 -91.230359
-0.980189 -14.729154 -91.230359
-0.971163 -14.733041 -91.187315
-0.971163 -14.733041 -91.187315
-0.971163 -14.733041 -91.187315
-0.971163 -14.733041 -91.187315
-0.971163 -14.733041 -91.187315
-0.971163 -14.733041 -91.187315
-0.971163 -14.733041 -91.187315
-0.979156 -14.731420 -91.199896
-0.979156 -14.731420 -91.199896
-0.979156 -14.731420 -91.199896
-0.979156 -14.731420 -91.199896
-0.979156 -14.731420 -91.199896
-0.979156 -14.731420 -91.199896
-0.979156 -14.731420 -91.199896
-0.979156 -14.731420 -91.199896
-0.979156 -14.731420 -91.199896
-0.981467 -14.730756 -91.217361
-0.981467 -14.730756 -91.217361
-0.981467 -14.730756 -91.217361
-0.981467 -14.730756 -91.217361
-0.981467 -14.730756 -91.217361
-0.981467 -14.730756 -91.217361
-0.981467 -14.730756 -91.217361
-0.981467 -14.730756 -91.217361
-0.976455 -14.733017 -91.231192
-0.976455 -14.733017 -91.231192
-0.976455 -14.733017 -91.231192
-0.976455 -14.733017 -91.231192
-0.976455 -14.733017 -91.231192
-0.976455 -14.733017 -91.231192
-0.976455 -14.733017 -91.231192
-0.976455 -14.733017 -91.231192
-0.976455 -14.733017 -91.231192
-0.975047 -14.731934 -91.209602
-0.975047 -14.731934 -91.209602
-0.975047 -14.731934 -91.209602
-0.975047 -14.731934 -91.209602
-0.975047 -14.731934 -91.209602
-0.975047 -14.731934 -91.209602
-0.975047 -14.731934 -91.209602
-0.975047 -14.731934 -91.209602
-0.975445 -14.729300 -91.218816
-0.975445 -14.729300 -91.218816
-0.975445 -14.729300 -91.218816
-0.975445 -14.729300 -91.218816
-0.975445 -14.729300 -91.218816
-0.975445 -14.729300 -91.218816
-0.975445 -14.729300 -91.218816
-0.975445 -14.729300 -91.218816
-0.973510 -14.716283 -91.207143
-0.973510 -14.716283 -91.207143
-0.973510 -14.716283 -91.207143
-0.973510 -14.716283 -91.207143
-0.973510 -14.716283 -91.207143
-0.973510 -14.716283 -91.207143
-0.973510 -14.716283 -91.207143
-0.971977 -14.714485 -91.187574
-0.971977 -14.714485 -91.187574
-0.971977 -14.714485 -91.187574
-0.971977 -14.714485 -91.187574
-0.971977 -14.714485 -91.187574
-0.971977 -14.714485 -91.187574
-0.971977 -14.714485 -91.187574
-0.971977 -14.714485 -91.187574
-0.971977 -14.714485 -91.187574
-0.976449 -14.723292 -91.185273
-0.976449 -14.723292 -91.185273
-0.976449 -14.723292 -91.185273
-0.976449 -14.723292 -91.185273
-0.976449 -14.723292 -91.185273
-0.976449 -14.723292 -91.185273
-0.976449 -14.723292 -91.185273
-0.976449 -14.723292 -91.185273
-0.972699 -14.723135 -91.167603
-0.972699 -14.723135 -91.167603
-0.972699 -14.723135 -91.167603
-0.972699 -14.723135 -91.167603
-0.972699 -14.723135 -91.167603
-0.972699 -14.723135 -91.167603
-0.972699 -14.723135 -91.167603
-0.972699 -14.723135 -91.167603
-0.972699 -14.723135 -91.167603
-0.977481 -14.715100 -91.179474
-0.977481 -14.715100 -91.179474
-0.977481 -14.715100 -91.179474
-0.977481 -14.715100 -91.179474
-0.977481 -14.715100 -91.179474
-0.977481 -14.715100 -91.179474
-0.977481 -14.715100 -91.179474
-0.976281 -14.720275 -91.179098
-0.976281 -14.720275 -91.179098
-0.976281 -14.720275 -91.179098
-0.976281 -14.720275 -91.179098
-0.976281 -14.720275 -91.179098
-0.976281 -14.720275 -91.179098
-0.976281 -14.720275 -91.179098
-0.976281 -14.720275 -91.179098
-0.976281 -14.720275 -91.179098
-0.983654 -14.726185 -91.173327
-0.983654 -14.726185 -91.173327
-0.983654 -14.726185 -91.173327
-0.983654 -14.726185 -91.173327
-0.983654 -14.726185 -91.173327
-0.983654 -14.726185 -91.173327
-0.983654 -14.726185 -91.173327
-0.983654 -14.726185 -91.173327
-0.978031 -14.730387 -91.186270
-0.978031 -14.730387 -91.186270
-0.978031 -14.730387 -91.186270
-0.978031 -14.730387 -91.186270
-0.978031 -14.730387 -91.186270
-0.978031 -14.730387 -91.186270
-0.978031 -14.730387 -91.186270
-0.978031 -14.730387 -91.186270
-0.978031 -14.730387 -91.186270
-0.972353 -14.726829 -91.176332
-0.972353 -14.726829 -91.176332
-0.972353 -14.726829 -91.176332
-0.972353 -14.726829 -91.176332
-0.972353 -14.726829 -91.176332
-0.972353 -14.726829 -91.176332
-0.972353 -14.726829 -91.176332
-0.972353 -14.726829 -91.176332
-0.968026 -14.724795 -91.175697
-0.968026 -14.724795 -91.175697
-0.968026 -14.724795 -91.175697
-0.968026 -14.724795 -91.175697
-0.968026 -14.724795 -91.175697
-0.968026 -14.724795 -91.175697
-0.968026 -14.724795 -91.175697
-0.971358 -14.724281 -91.184091
-0.971358 -14.724281 -91.184091
-0.971358 -14.724281 -91.184091
-0.971358 -14.724281 -91.184091
-0.971358 -14.724281 -91.184091
-0.971358 -14.724281 -91.184091
-0.987910 -14.724713 -91.187451
-0.987910 -14.724713 -91.187451
-0.987910 -14.724713 -91.187451
-0.987910 -14.724713 -91.187451
-0.987910 -14.724713 -91.187451
-0.987910 -14.724713 -91.187451
-0.987910 -14.724713 -91.187451
-0.987910 -14.724713 -91.187451
-0.982031 -14.731934 -91.172808
-0.982031 -14.731934 -91.172808
-0.982031 -14.731934 -91.172808
-0.982031 -14.731934 -91.172808
-0.982031 -14.731934 -91.172808
-0.982031 -14.731934 -91.172808
-0.982031 -14.731934 -91.172808
-0.982031 -14.731934 -91.172808
-0.982031 -14.731934 -91.172808
-0.983224 -14.733333 -91.182903
-0.983224 -14.733333 -91.182903
-0.983224 -14.733333 -91.182903
-0.983224 -14.733333 -91.182903
-0.983224 -14.733333 -91.182903
-0.983224 -14.733333 -91.182903
-0.983224 -14.733333 -91.182903
-0.983224 -14.733333 -91.182903
-0.979752 -14.729407 -91.184364
-0.979752 -14.729407 -91.184364
-0.979752 -14.729407 -91.184364
-0.979752 -14.729407 -91.184364
-0.979752 -14.729407 -91.184364
-0.979752 -14.729407 -91.184364
-0.979752 -14.729407 -91.184364
-0.979752 -14.729407 -91.184364
-0.979752 -14.729407 -91.184364
-0.990431 -14.723936 -91.218331
-0.990431 -14.723936 -91.218331
-0.990431 -14.723936 -91.218331
-0.990431 -14.723936 -91.218331
-0.990431 -14.723936 -91.218331
-0.990431 -14.723936 -91.218331
-0.990431 -14.723936 -91.218331
-0.990431 -14.723936 -91.218331
-0.988531 -14.728062 -91.214219
-0.988531 -14.728062 -91.214219
-0.988531 -14.728062 -91.214219
-0.988531 -14.728062 -91.214219
-0.988531 -14.728062 -91.214219
-0.988531 -14.728062 -91.214219
-0.988531 -14.728062 -91.214219
-0.988531 -14.728062 -91.214219
-0.988531 -14.728062 -91.214219
-0.980845 -14.724824 -91.210544
-0.980845 -14.724824 -91.210544
-0.980845 -14.724824 -91.210544
-0.980845 -14.724824 -91.210544
-0.980845 -14.724824 -91.210544
-0.980845 -14.724824 -91.210544
-0.980845 -14.724824 -91.210544
-0.980845 -14.724824 -91.210544
-0.968257 -14.722425 -91.153321
-0.968257 -14.722425 -91.153321
-0.968257 -14.722425 -91.153321
-0.968257 -14.722425 -91.153321
-0.968257 -14.722425 -91.153321
-0.968257 -14.722425 -91.153321
-0.968257 -14.722425 -91.153321
-0.968257 -14.722425 -91.153321
-0.983434 -14.718518 -91.174051
-0.983434 -14.718518 -91.174051
-0.983434 -14.718518 -91.174051
-0.983434 -14.718518 -91.174051
-0.983434 -14.718518 -91.174051
-0.983434 -14.718518 -91.174051
-0.983434 -14.718518 -91.174051
-0.983434 -14.718518 -91.174051
-0.975561 -14.716503 -91.178531
-0.975561 -14.716503 -91.178531
-0.975561 -14.716503 -91.178531
-0.975561 -14.716503 -91.178531
-0.975561 -14.716503 -91.178531
-0.975561 -14.716503 -91.178531
-0.975561 -14.716503 -91.178531
-0.975561 -14.716503 -91.178531
-0.980449 -14.714440 -91.210449
-0.980449 -14.714440 -91.210449
-0.980449 -14.714440 -91.210449
-0.980449 -14.714440 -91.210449
-0.980449 -14.714440 -91.210449
-0.980449 -14.714440 -91.210449
-0.980449 -14.714440 -91.210449
-0.980449 -14.714440 -91.210449
-0.981356 -14.716300 -91.208072
-0.981356 -14.716300 -91.208072
-0.981356 -14.716300 -91.208072
-0.981356 -14.716300 -91.208072
-0.981356 -14.716300 -91.208072
-0.981356 -14.716300 -91.208072
-0.981356 -14.716300 -91.208072
-0.981356 -14.716300 -91.208072
-0.985327 -14.723963 -91.215769
-0.985327 -14.723963 -91.215769
-0.985327 -14.723963 -91.215769
-0.985327 -14.723963 -91.215769
-0.985327 -14.723963 -91.215769
-0.985327 -14.723963 -91.215769
-0.985327 -14.723963 -91.215769
-0.985327 -14.723963 -91.215769
-0.972659 -14.731656 -91.201440
-0.972659 -14.731656 -91.201440
-0.972659 -14.731656 -91.201440
-0.972659 -14.731656 -91.201440
-0.972659 -14.731656 -91.201440
-0.972659 -14.731656 -91.201440
-0.972659 -14.731656 -91.201440
-0.972659 -14.731656 -91.201440
-0.972659 -14.731656 -91.201440
-0.967066 -14.734704 -91.199787
-0.967066 -14.734704 -91.199787
-0.967066 -14.734704 -91.199787
-0.967066 -14.734704 -91.199787
-0.967066 -14.734704 -91.199787
-0.967066 -14.734704 -91.199787
-0.967066 -14.734704 -91.199787
-0.967066 -14.734704 -91.199787
-0.967066 -14.734704 -91.199787
-0.979057 -14.728733 -91.193107
-0.979057 -14.728733 -91.193107
-0.979057 -14.728733 -91.193107
-0.979057 -14.728733 -91.193107
-0.979057 -14.728733 -91.193107
-0.979057 -14.728733 -91.193107
-0.979057 -14.728733 -91.193107
-0.979057 -14.728733 -91.193107
-0.989204 -14.712719 -91.180539
-0.989204 -14.712719 -91.180539
-0.989204 -14.712719 -91.180539
-0.989204 -14.712719 -91.180539
-0.989204 -14.712719 -91.180539
-0.989204 -14.712719 -91.180539
-0.989204 -14.712719 -91.180539
-0.989204 -14.712719 -91.180539
-0.992556 -14.708401 -91.173532
-0.992556 -14.708401 -91.173532
-0.992556 -14.708401 -91.173532
-0.992556 -14.708401 -91.173532
-0.992556 -14.708401 -91.173532
-0.992556 -14.708401 -91.173532
-0.992556 -14.708401 -91.173532
-0.992556 -14.708401 -91.173532
-0.997092 -14.704354 -91.189275
-0.997092 -14.704354 -91.189275
-0.997092 -14.704354 -91.189275
-0.997092 -14.704354 -91.189275
-0.997092 -14.704354 -91.189275
-0.997092 -14.704354 -91.189275
-0.997092 -14.704354 -91.189275
-0.997092 -14.704354 -91.189275
-0.997092 -14.704354 -91.189275
-0.991547 -14.700667 -91.168901
-0.991547 -14.700667 -91.168901
-0.991547 -14.700667 -91.168901
-0.991547 -14.700667 -91.168901
-0.991547 -14.700667 -91.168901
-0.991547 -14.700667 -91.168901
-0.991547 -14.700667 -91.168901
-0.996707 -14.708486 -91.169495
-0.996707 -14.708486 -91.169495
-0.996707 -14.708486 -91.169495
-0.996707 -14.708486 -91.169495
-0.996707 -14.708486 -91.169495
-0.996707 -14.708486 -91.169495
-0.996707 -14.708486 -91.169495
-0.996707 -14.708486 -91.169495
-0.986642 -14.717306 -91.165697
-0.986642 -14.717306 -91.165697
-0.986642 -14.717306 -91.165697
-0.986642 -14.717306 -91.165697
-0.986642 -14.717306 -91.165697
-0.986642 -14.717306 -91.165697
-0.986642 -14.717306 -91.165697
-0.993022 -14.709803 -91.164721
-0.993022 -14.709803 -91.164721
-0.993022 -14.709803 -91.164721
-0.993022 -14.709803 -91.164721
-0.993022 -14.709803 -91.164721
-0.993022 -14.709803 -91.164721
-0.993022 -14.709803 -91.164721
-0.993022 -14.709803 -91.164721
-0.992980 -14.706519 -91.164632
-0.992980 -14.706519 -91.164632
-0.992980 -14.706519 -91.164632
-0.992980 -14.706519 -91.164632
-0.992980 -14.706519 -91.164632
-0.992980 -14.706519 -91.164632
-0.992980 -14.706519 -91.164632
-0.992980 -14.706519 -91.164632
-0.998225 -14.710713 -91.168996
-0.998225 -14.710713 -91.168996
-0.998225 -14.710713 -91.168996
-0.998225 -14.710713 -91.168996
-0.998225 -14.710713 -91.168996
-0.998225 -14.710713 -91.168996
-0.998225 -14.710713 -91.168996
-0.998225 -14.710713 -91.168996
-0.998673 -14.709542 -91.163368
-0.998673 -14.709542 -91.163368
-0.998673 -14.709542 -91.163368
-0.998673 -14.709542 -91.163368
-0.998673 -14.709542 -91.163368
-0.998673 -14.709542 -91.163368
-0.998673 -14.709542 -91.163368
-0.998673 -14.709542 -91.163368
-1.002050 -14.710067 -91.171906
-1.002050 -14.710067 -91.171906
-1.002050 -14.710067 -91.171906
-1.002050 -14.710067 -91.171906
-1.002050 -14.710067 -91.171906
-1.002050 -14.710067 -91.171906
-1.002050 -14.710067 -91.171906
-1.002050 -14.710067 -91.171906
-0.998561 -14.715002 -91.178060
-0.998561 -14.715002 -91.178060
-0.998561 -14.715002 -91.178060
-0.998561 -14.715002 -91.178060
-0.998561 -14.715002 -91.178060
-0.998561 -14.715002 -91.178060
-0.998561 -14.715002 -91.178060
-0.991872 -14.709468 -91.183367
-0.991872 -14.709468 -91.183367
-0.991872 -14.709468 -91.183367
-0.991872 -14.709468 -91.183367
-0.991872 -14.709468 -91.183367
-0.991872 -14.709468 -91.183367
-0.991872 -14.709468 -91.183367
-0.979247 -14.715783 -91.182295
-0.979247 -14.715783 -91.182295
-0.979247 -14.715783 -91.182295
-0.979247 -14.715783 -91.182295
-0.979247 -14.715783 -91.182295
-0.979247 -14.715783 -91.182295
-0.985904 -14.710877 -91.193496
-0.985904 -14.710877 -91.193496
-0.985904 -14.710877 -91.193496
-0.985904 -14.710877 -91.193496
-0.985904 -14.710877 -91.193496
-0.985904 -14.710877 -91.193496
-0.985904 -14.710877 -91.193496
-0.985904 -14.710877 -91.193496
-0.975278 -14.700473 -91.138718
-0.975278 -14.700473 -91.138718
-0.975278 -14.700473 -91.138718
-0.975278 -14.700473 -91.138718
-0.975278 -14.700473 -91.138718
-0.975278 -14.700473 -91.138718
-0.975278 -14.700473 -91.138718
-0.975278 -14.700473 -91.138718
-0.975278 -14.700473 -91.138718
-0.989188 -14.707747 -91.150077
-0.989188 -14.707747 -91.150077
-0.989188 -14.707747 -91.150077
-0.989188 -14.707747 -91.150077
-0.989188 -14.707747 -91.150077
-0.989188 -14.707747 -91.150077
-0.989188 -14.707747 -91.150077
-0.997772 -14.708396 -91.163764
-0.997772 -14.708396 -91.163764
-0.997772 -14.708396 -91.163764
-0.997772 -14.708396 -91.163764
-0.997772 -14.708396 -91.163764
-0.997772 -14.708396 -91.163764
-0.997772 -14.708396 -91.163764
-0.997772 -14.708396 -91.163764
-1.001617 -14.706022 -91.181345
-1.001617 -14.706022 -91.181345
-1.001617 -14.706022 -91.181345
-1.001617 -14.706022 -91.181345
-1.001617 -14.706022 -91.181345
-1.001617 -14.706022 -91.181345
-1.001617 -14.706022 -91.181345
-1.001617 -14.706022 -91.181345
-1.001617 -14.706022 -91.181345
-1.000539 -14.707127 -91.172685
-1.000539 -14.707127 -91.172685
-1.000539 -14.707127 -91.172685
-1.000539 -14.707127 -91.172685
-1.000539 -14.707127 -91.172685
-1.000539 -14.707127 -91.172685
-1.000539 -14.707127 -91.172685
-1.000539 -14.707127 -91.172685
-1.006164 -14.699645 -91.188790
-1.006164 -14.699645 -91.188790
-1.006164 -14.699645 -91.188790
-1.006164 -14.699645 -91.188790
-1.006164 -14.699645 -91.188790
-1.006164 -14.699645 -91.188790
-1.006164 -14.699645 -91.188790
-1.005220 -14.697416 -91.182069
-1.005220 -14.697416 -91.182069
-1.005220 -14.697416 -91.182069
-1.005220 -14.697416 -91.182069
-1.005220 -14.697416 -91.182069
-1.005220 -14.697416 -91.182069
-1.005220 -14.697416 -91.182069
-1.005220 -14.697416 -91.182069
-1.005220 -14.697416 -91.182069
-1.004772 -14.708543 -91.187861
-1.004772 -14.708543 -91.187861
-1.004772 -14.708543 -91.187861
-1.004772 -14.708543 -91.187861
-1.004772 -14.708543 -91.187861
-1.004772 -14.708543 -91.187861
-1.004772 -14.708543 -91.187861
-1.004772 -14.708543 -91.187861
-1.005888 -14.714931 -91.186570
-1.005888 -14.714931 -91.186570
-1.005888 -14.714931 -91.186570
-1.005888 -14.714931 -91.186570
-1.005888 -14.714931 -91.186570
-1.005888 -14.714931 -91.186570
-1.005888 -14.714931 -91.186570
-1.005888 -14.714931 -91.186570
-0.997681 -14.714418 -91.174044
-0.997681 -14.714418 -91.174044
-0.997681 -14.714418 -91.174044
-0.997681 -14.714418 -91.174044
-0.997681 -14.714418 -91.174044
-0.997681 -14.714418 -91.174044
-0.997681 -14.714418 -91.174044
-0.997681 -14.714418 -91.174044
-0.987321 -14.721530 -91.169358
-0.987321 -14.721530 -91.169358
-0.987321 -14.721530 -91.169358
-0.987321 -14.721530 -91.169358
-0.987321 -14.721530 -91.169358
-0.987321 -14.721530 -91.169358
-0.987321 -14.721530 -91.169358
-0.987321 -14.721530 -91.169358
-0.978806 -14.713481 -91.150548
-0.978806 -14.713481 -91.150548
-0.978806 -14.713481 -91.150548
-0.978806 -14.713481 -91.150548
-0.978806 -14.713481 -91.150548
-0.978806 -14.713481 -91.150548
-0.979409 -14.707983 -91.121028
-0.979409 -14.707983 -91.121028
-0.979409 -14.707983 -91.121028
-0.979409 -14.707983 -91.121028
-0.979409 -14.707983 -91.121028
-0.979409 -14.707983 -91.121028
-0.979409 -14.707983 -91.121028
-0.979409 -14.707983 -91.121028
-0.981073 -14.707021 -91.117831
-0.981073 -14.707021 -91.117831
-0.981073 -14.707021 -91.117831
-0.981073 -14.707021 -91.117831
-0.981073 -14.707021 -91.117831
-0.981073 -14.707021 -91.117831
-0.981073 -14.707021 -91.117831
-0.981073 -14.707021 -91.117831
-0.981073 -14.707021 -91.117831
-0.992817 -14.719765 -91.103939
-0.992817 -14.719765 -91.103939
-0.992817 -14.719765 -91.103939
-0.992817 -14.719765 -91.103939
-0.992817 -14.719765 -91.103939
-0.992817 -14.719765 -91.103939
-0.992817 -14.719765 -91.103939
-0.992475 -14.720530 -91.092164
-0.992475 -14.720530 -91.092164
-0.992475 -14.720530 -91.092164
-0.992475 -14.720530 -91.092164
-0.992475 -14.720530 -91.092164
-0.992475 -14.720530 -91.092164
-0.992475 -14.720530 -91.092164
-0.992475 -14.720530 -91.092164
-0.992475 -14.720530 -91.092164
-0.996979 -14.717666 -91.107347
-0.996979 -14.717666 -91.107347
-0.996979 -14.717666 -91.107347
-0.996979 -14.717666 -91.107347
-0.996979 -14.717666 -91.107347
-0.996979 -14.717666 -91.107347
-0.996979 -14.717666 -91.107347
-0.996979 -14.717666 -91.107347
-0.996979 -14.717666 -91.107347
-1.006807 -14.710136 -91.121445
-1.006807 -14.710136 -91.121445
-1.006807 -14.710136 -91.121445
-1.006807 -14.710136 -91.121445
-1.006807 -14.710136 -91.121445
-1.006807 -14.710136 -91.121445
-1.006807 -14.710136 -91.121445
-1.006807 -14.710136 -91.121445
-1.006807 -14.710136 -91.121445
-1.003983 -14.706430 -91.122920
-1.003983 -14.706430 -91.122920
-1.003983 -14.706430 -91.122920
-1.003983 -14.706430 -91.122920
-1.003983 -14.706430 -91.122920
-1.003983 -14.706430 -91.122920
-1.003983 -14.706430 -91.122920
-0.993924 -14.714027 -91.132277
-0.993924 -14.714027 -91.132277
-0.993924 -14.714027 -91.132277
-0.993924 -14.714027 -91.132277
-0.993924 -14.714027 -91.132277
-0.993924 -14.714027 -91.132277
-0.993924 -14.714027 -91.132277
-0.993924 -14.714027 -91.132277
-0.993924 -14.714027 -91.132277
-0.991424 -14.712502 -91.145917
-0.991424 -14.712502 -91.145917
-0.991424 -14.712502 -91.145917
-0.991424 -14.712502 -91.145917
-0.991424 -14.712502 -91.145917
-0.991424 -14.712502 -91.145917
-0.991424 -14.712502 -91.145917
-0.991424 -14.712502 -91.145917
-0.984588 -14.703881 -91.144100
-0.984588 -14.703881 -91.144100
-0.984588 -14.703881 -91.144100
-0.984588 -14.703881 -91.144100
-0.984588 -14.703881 -91.144100
-0.984588 -14.703881 -91.144100
-0.984588 -14.703881 -91.144100
-0.984588 -14.703881 -91.144100
-0.984588 -14.703881 -91.144100
-0.989101 -14.708305 -91.157747
-0.989101 -14.708305 -91.157747
-0.989101 -14.708305 -91.157747
-0.989101 -14.708305 -91.157747
-0.989101 -14.708305 -91.157747
-0.989101 -14.708305 -91.157747
-0.989101 -14.708305 -91.157747
-0.989101 -14.708305 -91.157747
-0.996776 -14.707658 -91.166681
-0.996776 -14.707658 -91.166681
-0.996776 -14.707658 -91.166681
-0.996776 -14.707658 -91.166681
-0.996776 -14.707658 -91.166681
-0.996776 -14.707658 -91.166681
-0.996776 -14.707658 -91.166681
-0.996776 -14.707658 -91.166681
-0.986332 -14.709098 -91.133206
-0.986332 -14.709098 -91.133206
-0.986332 -14.709098 -91.133206
-0.986332 -14.709098 -91.133206
-0.986332 -14.709098 -91.133206
-0.986332 -14.709098 -91.133206
-0.986332 -14.709098 -91.133206
-0.986332 -14.709098 -91.133206
-0.997032 -14.703917 -91.159270
-0.997032 -14.703917 -91.159270
-0.997032 -14.703917 -91.159270
-0.997032 -14.703917 -91.159270
-0.997032 -14.703917 -91.159270
-0.997032 -14.703917 -91.159270
-0.997032 -14.703917 -91.159270
-0.996298 -14.699768 -91.164297
-0.996298 -14.699768 -91.164297
-0.996298 -14.699768 -91.164297
-0.996298 -14.699768 -91.164297
-0.996298 -14.699768 -91.164297
-0.996298 -14.699768 -91.164297
-0.996298 -14.699768 -91.164297
-0.996298 -14.699768 -91.164297
-0.996298 -14.699768 -91.164297
-0.989125 -14.702604 -91.145828
-0.989125 -14.702604 -91.145828
-0.989125 -14.702604 -91.145828
-0.989125 -14.702604 -91.145828
-0.989125 -14.702604 -91.145828
-0.989125 -14.702604 -91.145828
-0.989125 -14.702604 -91.145828
-0.989125 -14.702604 -91.145828
-0.984625 -14.701740 -91.156968
-0.984625 -14.701740 -91.156968
-0.984625 -14.701740 -91.156968
-0.984625 -14.701740 -91.156968
-0.984625 -14.701740 -91.156968
-0.984625 -14.701740 -91.156968
-0.984625 -14.701740 -91.156968
-0.984625 -14.701740 -91.156968
-0.894053 -14.424987 -91.219417
-0.894053 -14.424987 -91.219417
-0.894053 -14.424987 -91.219417
-0.894053 -14.424987 -91.219417
-0.894053 -14.424987 -91.219417
-0.894053 -14.424987 -91.219417
-0.894053 -14.424987 -91.219417
-0.894053 -14.424987 -91.219417
-0.963541 -14.639652 -90.640640
-0.963541 -14.639652 -90.640640
-0.963541 -14.639652 -90.640640
-0.963541 -14.639652 -90.640640
-0.963541 -14.639652 -90.640640
-0.963541 -14.639652 -90.640640
-0.963541 -14.639652 -90.640640
-1.533656 -14.823998 -90.744869
-1.533656 -14.823998 -90.744869
-1.533656 -14.823998 -90.744869
-1.533656 -14.823998 -90.744869
-1.533656 -14.823998 -90.744869
-1.533656 -14.823998 -90.744869
-1.533656 -14.823998 -90.744869
-1.533656 -14.823998 -90.744869
-1.533656 -14.823998 -90.744869
-5.237982 -6.275854 -95.473136
-5.237982 -6.275854 -95.473136
-5.237982 -6.275854 -95.473136
-5.237982 -6.275854 -95.473136
-5.237982 -6.275854 -95.473136
-5.237982 -6.275854 -95.473136
-5.237982 -6.275854 -95.473136
-5.237982 -6.275854 -95.473136
-5.237982 -6.275854 -95.473136
-4.611042 -4.574350 -101.408816
-4.611042 -4.574350 -101.408816
-4.611042 -4.574350 -101.408816
-4.611042 -4.574350 -101.408816
-4.611042 -4.574350 -101.408816
-4.611042 -4.574350 -101.408816
-4.611042 -4.574350 -101.408816
-4.611042 -4.574350 -101.408816
-4.611042 -4.574350 -101.408816
-1.754332 -4.218316 -107.622307
-1.754332 -4.218316 -107.622307
-1.754332 -4.218316 -107.622307
-1.754332 -4.218316 -107.622307
-1.754332 -4.218316 -107.622307
-1.754332 -4.218316 -107.622307
-1.754332 -4.218316 -107.622307
-1.754332 -4.218316 -107.622307
0.131918 -1.139353 -114.900366
0.131918 -1.139353 -114.900366
0.131918 -1.139353 -114.900366
0.131918 -1.139353 -114.900366
0.131918 -1.139353 -114.900366
0.131918 -1.139353 -114.900366
0.131918 -1.139353 -114.900366
0.131918 -1.139353 -114.900366
3.337722 0.145324 -118.198241
3.337722 0.145324 -118.198241
3.337722 0.145324 -118.198241
3.337722 0.145324 -118.198241
3.337722 0.145324 -118.198241
3.337722 0.145324 -118.198241
3.337722 0.145324 -118.198241
3.337722 0.145324 -118.198241
3.289269 -0.348327 -121.604606
3.289269 -0.348327 -121.604606
3.289269 -0.348327 -121.604606
3.289269 -0.348327 -121.604606
3.289269 -0.348327 -121.604606
3.289269 -0.348327 -121.604606
3.289269 -0.348327 -121.604606
3.289269 -0.348327 -121.604606
3.289269 -0.348327 -121.604606
4.222881 -0.887334 -124.036427
4.222881 -0.887334 -124.036427
4.222881 -0.887334 -124.036427
4.222881 -0.887334 -124.036427
4.222881 -0.887334 -124.036427
4.222881 -0.887334 -124.036427
4.222881 -0.887334 -124.036427
4.222881 -0.887334 -124.036427
6.955638 -2.878494 -126.384154
6.955638 -2.878494 -126.384154
6.955638 -2.878494 -126.384154
6.955638 -2.878494 -126.384154
6.955638 -2.878494 -126.384154
6.955638 -2.878494 -126.384154
6.955638 -2.878494 -126.384154
7.183484 -1.271755 -125.391905
7.183484 -1.271755 -125.391905
7.183484 -1.271755 -125.391905
7.183484 -1.271755 -125.391905
7.183484 -1.271755 -125.391905
7.183484 -1.271755 -125.391905
7.183484 -1.271755 -125.391905
7.183484 -1.271755 -125.391905
7.183484 -1.271755 -125.391905
7.063245 1.056208 -125.055655
7.063245 1.056208 -125.055655
7.063245 1.056208 -125.055655
7.063245 1.056208 -125.055655
7.063245 1.056208 -125.055655
7.063245 1.056208 -125.055655
7.063245 1.056208 -125.055655
10.438172 3.201390 -130.203350
10.438172 3.201390 -130.203350
10.438172 3.201390 -130.203350
10.438172 3.201390 -130.203350
10.438172 3.201390 -130.203350
10.438172 3.201390 -130.203350
10.438172 3.201390 -130.203350
10.438172 3.201390 -130.203350
16.405735 1.553968 -137.304383
16.405735 1.553968 -137.304383
16.405735 1.553968 -137.304383
16.405735 1.553968 -137.304383
16.405735 1.553968 -137.304383
16.405735 1.553968 -137.304383
16.405735 1.553968 -137.304383
16.405735 1.553968 -137.304383
15.274104 2.198443 -136.584167
15.274104 2.198443 -136.584167
15.274104 2.198443 -136.584167
15.274104 2.198443 -136.584167
15.274104 2.198443 -136.584167
15.274104 2.198443 -136.584167
15.274104 2.198443 -136.584167
15.274104 2.198443 -136.584167
25.836956 9.217555 -141.069361
25.836956 9.217555 -141.069361
25.836956 9.217555 -141.069361
25.836956 9.217555 -141.069361
25.836956 9.217555 -141.069361
25.836956 9.217555 -141.069361
30.666252 -0.817296 -163.160502
30.666252 -0.817296 -163.160502
30.666252 -0.817296 -163.160502
30.666252 -0.817296 -163.160502
30.666252 -0.817296 -163.160502
30.666252 -0.817296 -163.160502
30.666252 -0.817296 -163.160502
14.893876 -0.020145 -156.490030
14.893876 -0.020145 -156.490030
14.893876 -0.020145 -156.490030
14.893876 -0.020145 -156.490030
14.893876 -0.020145 -156.490030
14.893876 -0.020145 -156.490030
14.893876 -0.020145 -156.490030
1.716656 0.641560 -165.051030
1.716656 0.641560 -165.051030
1.716656 0.641560 -165.051030
1.716656 0.641560 -165.051030
1.716656 0.641560 -165.051030
1.716656 0.641560 -165.051030
1.716656 0.641560 -165.051030
1.716656 0.641560 -165.051030
-4.482383 -14.896945 -172.456649
-4.482383 -14.896945 -172.456649
-4.482383 -14.896945 -172.456649
-4.482383 -14.896945 -172.456649
-4.482383 -14.896945 -172.456649
-4.482383 -14.896945 -172.456649
-4.482383 -14.896945 -172.456649
-4.482383 -14.896945 -172.456649
-12.960285 2.039088 -174.222881
-12.960285 2.039088 -174.222881
-12.960285 2.039088 -174.222881
-12.960285 2.039088 -174.222881
-12.960285 2.039088 -174.222881
-12.960285 2.039088 -174.222881
-12.960285 2.039088 -174.222881
-15.648749 -3.996531 -170.014569
-15.648749 -3.996531 -170.014569
-15.648749 -3.996531 -170.014569
-15.648749 -3.996531 -170.014569
-15.648749 -3.996531 -170.014569
-15.648749 -3.996531 -170.014569
-15.648749 -3.996531 -170.014569
-15.648749 -3.996531 -170.014569
1.688584 -19.192487 -159.463061
1.688584 -19.192487 -159.463061
1.688584 -19.192487 -159.463061
1.688584 -19.192487 -159.463061
1.688584 -19.192487 -159.463061
1.688584 -19.192487 -159.463061
1.688584 -19.192487 -159.463061
1.688584 -19.192487 -159.463061
15.454534 -7.825559 -164.845318
15.454534 -7.825559 -164.845318
15.454534 -7.825559 -164.845318
15.454534 -7.825559 -164.845318
15.454534 -7.825559 -164.845318
15.454534 -7.825559 -164.845318
15.454534 -7.825559 -164.845318
8.542884 -9.178103 -171.101184
8.542884 -9.178103 -171.101184
8.542884 -9.178103 -171.101184
8.542884 -9.178103 -171.101184
8.542884 -9.178103 -171.101184
8.542884 -9.178103 -171.101184
8.542884 -9.178103 -171.101184
5.709582 -10.297938 -174.721048
5.709582 -10.297938 -174.721048
5.709582 -10.297938 -174.721048
5.709582 -10.297938 -174.721048
5.709582 -10.297938 -174.721048
5.709582 -10.297938 -174.721048
5.709582 -10.297938 -174.721048
5.709582 -10.297938 -174.721048
-2.455017 -15.415066 179.885900
-2.455017 -15.415066 179.885900
-2.455017 -15.415066 179.885900
-2.455017 -15.415066 179.885900
-2.455017 -15.415066 179.885900
-2.455017 -15.415066 179.885900
-2.455017 -15.415066 179.885900
-2.455017 -15.415066 179.885900
-3.841901 -14.872331 -179.995770
-3.841901 -14.872331 -179.995770
-3.841901 -14.872331 -179.995770
-3.841901 -14.872331 -179.995770
-3.841901 -14.872331 -179.995770
-3.841901 -14.872331 -179.995770
-3.841901 -14.872331 -179.995770
-3.841901 -14.872331 -179.995770
-3.841901 -14.872331 -179.995770
-1.126595 -14.531159 -179.189644
-1.126595 -14.531159 -179.189644
-1.126595 -14.531159 -179.189644
-1.126595 -14.531159 -179.189644
-1.126595 -14.531159 -179.189644
-1.126595 -14.531159 -179.189644
-1.126595 -14.531159 -179.189644
-1.126595 -14.531159 -179.189644
-1.126595 -14.531159 -179.189644
-1.126595 -14.531159 -179.189644
-1.126595 -14.531159 -179.189644
-1.126595 -14.531159 -179.189644
-1.126595 -14.531159 -179.189644
-1.126595 -14.531159 -179.189644
-1.126595 -14.531159 -179.189644
-1.126595 -14.531159 -179.189644
-1.259263 -14.674935 179.662990
-1.259263 -14.674935 179.662990
-1.259263 -14.674935 179.662990
-1.259263 -14.674935 179.662990
-1.259263 -14.674935 179.662990
-1.259263 -14.674935 179.662990
-1.259263 -14.674935 179.662990
-1.231492 -14.693549 179.286196
-1.231492 -14.693549 179.286196
-1.231492 -14.693549 179.286196
-1.231492 -14.693549 179.286196
-1.231492 -14.693549 179.286196
-1.231492 -14.693549 179.286196
-1.231492 -14.693549 179.286196
-1.211151 -14.728786 179.010215
-1.211151 -14.728786 179.010215
-1.211151 -14.728786 179.010215
-1.211151 -14.728786 179.010215
-1.211151 -14.728786 179.010215
-1.211151 -14.728786 179.010215
-1.211151 -14.728786 179.010215
-1.177483 -14.750898 178.807031
-1.177483 -14.750898 178.807031
-1.177483 -14.750898 178.807031
-1.177483 -14.750898 178.807031
-1.177483 -14.750898 178.807031
-1.177483 -14.750898 178.807031
-1.177483 -14.750898 178.807031
-1.177483 -14.750898 178.807031
-1.141934 -14.755710 178.653748
-1.141934 -14.755710 178.653748
-1.141934 -14.755710 178.653748
-1.141934 -14.755710 178.653748
-1.141934 -14.755710 178.653748
-1.141934 -14.755710 178.653748
-1.141934 -14.755710 178.653748
-1.141934 -14.755710 178.653748
-1.118970 -14.758808 178.542238
-1.118970 -14.758808 178.542238
-1.118970 -14.758808 178.542238
-1.118970 -14.758808 178.542238
-1.118970 -14.758808 178.542238
-1.118970 -14.758808 178.542238
-1.118970 -14.758808 178.542238
-1.118970 -14.758808 178.542238
-1.102786 -14.777179 178.439307
-1.102786 -14.777179 178.439307
-1.102786 -14.777179 178.439