0.000073 0.000004
0.000158 0.000005
0.000246 0.000009
0.000334 0.000006
0.001395 0.000489
0.002456 0.000953
0.003513 0.001438
0.004564 0.001903
0.005626 0.002376
0.006676 0.002852
0.007728 0.003315
0.008805 0.003787
0.008378 0.003960
0.007964 0.004131
0.007523 0.004306
0.007086 0.004465
0.006651 0.004631
0.006206 0.004785
0.005775 0.004956
0.006038 0.005292
0.006205 0.005516
0.006375 0.005742
0.006543 0.005963
0.006719 0.006180
0.006891 0.006403
0.007069 0.006627
0.007249 0.006843
0.007301 0.006847
0.007376 0.006840
0.007450 0.006839
0.007546 0.006841
0.007611 0.006837
0.007705 0.006843
0.007786 0.006841
0.007881 0.006836
0.007794 0.006657
0.007714 0.006480
0.007630 0.006303
0.007536 0.006115
0.007447 0.005943
0.007365 0.005774
0.007266 0.005599
0.007172 0.005420
0.007072 0.005429
0.006998 0.005425
0.006910 0.005426
0.006811 0.005422
0.006723 0.005429
0.006638 0.005427
0.006543 0.005423
0.006452 0.005432
0.006191 0.005094
0.005928 0.004749
0.005665 0.004393
0.005405 0.004074
0.005151 0.003736
0.004897 0.003396
0.004638 0.003054
0.004379 0.002708
0.004624 0.002554
0.004883 0.002372
0.005141 0.002208
0.005405 0.002041
0.005655 0.001859
0.005911 0.001708
0.006162 0.001534
0.006436 0.001369
0.006862 0.001532
0.007292 0.001700
0.007730 0.001865
0.008166 0.002026
0.008587 0.002187
0.009015 0.002348
0.009446 0.002515
0.009534 0.002345
0.009610 0.002175
0.009701 0.002010
0.009792 0.001830
0.009877 0.001658
0.009942 0.001491
0.010029 0.001319
0.010268 0.001468
0.010490 0.001615
0.010711 0.001766
0.010938 0.001908
0.011162 0.002055
0.010907 0.001896
0.010651 0.001729
0.010402 0.001557
0.010144 0.001389
0.009881 0.001227
0.009635 0.001047
0.009380 0.000877
0.008944 0.000874
0.008497 0.000873
0.008041 0.000871
0.007574 0.000863
0.007124 0.000857
0.006662 0.000861
0.006212 0.000850
0.005764 0.000853
0.005483 0.000670
0.005217 0.000493
0.004936 0.000324
0.004655 0.000155
0.004407 -0.000026
0.004124 -0.000192
0.003848 -0.000364
0.004468 -0.000726
0.005112 -0.001088
0.005746 -0.001436
0.006384 -0.001794
0.007020 -0.002142
0.007659 -0.002496
0.008301 -0.002850
0.008931 -0.003205
0.008662 -0.002848
0.008381 -0.002501
0.008116 -0.002154
0.007836 -0.001795
0.007570 -0.001436
0.007293 -0.001091
0.007024 -0.000733
0.006748 -0.000388
0.002647 -0.002259
-0.001465 -0.004104
-0.005565 -0.005953
-0.009674 -0.007821
-0.013776 -0.009682
-0.017891 -0.011543
-0.022006 -0.013386
-0.021586 -0.013560
-0.021171 -0.013724
-0.020739 -0.013890
-0.020301 -0.014058
-0.019882 -0.014219
-0.019434 -0.014392
-0.019008 -0.014565
-0.019088 -0.014223
-0.019182 -0.013898
-0.019259 -0.013559
-0.019332 -0.013226
-0.019425 -0.012886
-0.019526 -0.012567
-0.019602 -0.012222
-0.019689 -0.011900
-0.019888 -0.011894
-0.020083 -0.011894
-0.020281 -0.011896
-0.020478 -0.011901
-0.020684 -0.011897
-0.020883 -0.011901
-0.021083 -0.011897
-0.021286 -0.011894
0.183792 -0.347344
0.361804 -0.638545
0.539823 -0.929743
0.717846 -1.220938
0.895866 -1.512122
1.073889 -1.803304
1.251914 -2.094492
1.429924 -2.385670
1.340942 -2.254986
1.177292 -2.014619
1.013647 -1.774266
0.850000 -1.533892
0.685585 -1.303659
0.621370 -1.277932
0.499742 -0.729126
0.279505 -0.415129
0.179146 -0.777854
0.527250 -0.976715
0.180201 -1.078749
0.794402 -1.829052
1.244171 -2.271473
1.572912 -2.563565
1.188176 -3.563806
2.049385 -3.833518
3.086090 -2.349295
3.260445 -1.199302
4.039842 -0.079998
5.014479 1.108358
6.171045 2.450401
6.997562 3.996938
7.946775 5.354116
7.317101 5.718011
7.494859 6.445835
5.499398 7.038802
5.045689 6.666701
4.901726 7.061025
4.983871 7.534692
4.708994 7.176953
4.336040 7.164646
4.505048 7.186804
4.946907 7.198185
4.942706 7.186374
4.543784 6.776321
4.086108 6.663048
3.644162 6.255440
3.383078 5.784102
3.061259 5.960255
2.671989 6.223120
2.318455 6.224993
2.111396 6.102396
2.113838 6.313215
2.150351 6.360443
2.031257 6.642967
2.084526 6.970496
2.394910 7.337785
2.731238 7.342978
2.606531 7.268155
2.589824 7.319954
2.526766 7.395325
2.514835 7.486550
2.663889 7.567316
3.073084 7.688632
3.413491 7.826375
3.744933 7.997803
4.031663 8.177870
4.453017 8.280123
4.842374 8.282906
5.177898 8.196975
5.363780 8.193845
5.619964 8.105513
5.544787 8.129993
5.372585 8.149042
5.807457 8.194769
6.272106 8.145705
6.565214 8.142692
7.228893 7.968096
7.524752 7.972052
7.611257 8.039198
7.381733 8.226714
6.540514 8.682556
5.471735 9.258162
4.242816 9.818888
2.937372 10.357865
1.775858 10.752181
-0.015608 10.913315
-1.234570 10.922117
-1.557134 9.935585
-1.348348 9.061531
-1.228165 8.452542
-1.516466 7.959958
-2.109154 7.186919
-3.379954 6.641817
-4.435630 6.494928
-5.014647 7.044619
-5.153680 7.125176
-5.252823 7.010177
-5.195068 6.933621
-5.111773 5.958304
-5.762481 6.040483
-6.298825 5.919463
-6.599046 5.752022
-6.551169 5.480784
-6.476209 5.117022
-6.479695 5.177934
-6.506730 5.314429
-6.525657 5.473224
-6.521271 5.523097
-6.558777 5.585739
-6.715165 5.804654
-6.800551 5.951622
-6.822708 6.109344
-6.725856 6.392932
-6.666076 6.509779
-6.677633 6.549951
-6.812246 6.559403
-6.906055 6.562817
-6.963416 6.598931
-6.950283 6.516105
-6.888826 6.514195
-6.869048 6.535404
-6.868572 6.571668
-6.877623 6.600057
-6.896710 6.610885
-6.885050 6.609150
-6.668387 6.719982
-6.554371 6.802621
-6.575595 6.924448
-6.727474 6.958806
-6.781356 7.017762
-6.720985 7.140340
-6.793559 7.270992
-6.828199 7.326167
-6.655220 7.326216
-6.528713 7.287421
-6.533733 7.197374
-6.481616 7.118825
-6.490222 7.180878
-6.528353 7.226023
-6.638740 7.279245
-6.646893 7.264719
-6.592141 7.221074
-6.649549 7.186865
-6.697018 7.192703
-6.782672 7.241135
-6.800631 7.234511
-6.779245 7.260831
-6.741632 7.279149
-6.710737 7.276715
-6.615253 7.247799
-6.536412 7.228122
-6.492994 7.234125
-6.485233 7.243571
-6.472388 7.254030
-6.426391 7.244376
-6.364291 7.198772
-6.369513 7.229644
-6.370480 7.227276
-6.361363 7.241090
-6.294742 7.209944
-6.293750 7.193188
-6.346781 7.179052
-6.385522 7.179416
-6.390137 7.167240
-6.385507 7.158516
-6.420032 7.152070
-6.420038 7.129444
-6.383430 7.117509
-6.383874 7.104024
-6.345578 7.067304
-6.271149 6.976355
-6.242574 6.955603
-6.243567 7.017889
-6.243439 7.020705
-6.141000 6.987467
-6.043217 6.951083
-5.890926 6.862740
-5.823763 6.788031
-5.782551 6.795815
-5.747150 6.782853
-5.635923 6.720357
-5.434038 6.621205
-5.224506 6.592933
-4.961212 6.487208
-4.706108 6.335379
-4.479123 6.209368
-4.330580 6.112394
-4.275605 6.092306
-4.249138 6.094910
-4.284602 6.114889
-4.242675 6.082761
-4.100019 6.003420
-4.033591 5.957154
-3.986391 5.923581
-3.992332 5.901321
-4.038536 5.886828
-4.081043 5.901848
-4.176065 5.930111
-4.308942 5.979020
-4.318132 5.994194
-4.162230 6.042139
-3.777798 5.997111
-2.956049 5.889368
-2.026440 6.134834
-1.196572 6.395499
-0.092211 6.823590
1.030822 6.936800
1.578555 6.808350
2.445794 6.771936
3.577750 7.076822
4.388879 7.462039
5.279997 7.634221
5.767186 7.724088
6.552340 7.779589
7.047442 7.760055
7.430589 7.723844
7.973495 7.861429
8.544400 7.864405
9.279110 7.845891
10.197835 7.701014
11.040623 7.485129
11.930245 7.250063
12.584006 7.119609
13.046685 7.022593
13.470447 6.940115
14.046735 7.170444
14.670160 7.812590
15.310067 8.159316
16.006801 8.523388
16.695444 8.620689
17.474801 8.654263
17.834936 8.709328
17.862181 8.671301
17.780336 8.535932
17.745420 8.493035
17.683854 8.467243
17.592893 8.619281
17.424916 9.253384
17.341762 9.427450
17.273802 9.845557
17.295736 10.320238
17.202163 10.359574
17.031160 10.098336
16.649557 9.966640
16.386465 9.969275
16.182557 10.174939
16.243091 10.277534
16.324332 10.307732
16.363886 10.408549
16.281674 10.451400
16.026295 10.467408
15.814662 10.389516
15.661641 10.150150
15.530234 9.666307
15.278716 9.703392
15.151730 9.964123
15.278403 10.397729
15.329848 10.653218
15.346454 10.634969
15.229588 10.611645
15.080929 10.446659
15.106348 10.553029
15.146222 10.695624
14.520910 10.760793
13.376395 10.845073
12.123239 10.851458
10.908986 10.849498
9.860684 10.783741
8.915049 10.598702
7.636178 10.371042
6.706182 10.202490
6.240462 10.266481
5.203407 10.494961
4.908259 10.464209
4.069413 10.499417
3.499155 10.514502
3.243098 10.510952
3.122105 10.500062
3.279028 10.412598
3.381848 10.414102
3.432809 10.366729
3.507610 10.384581
3.582809 10.305437
3.648833 10.213164
3.649703 10.148014
3.645325 10.185234
3.728853 10.125230
3.932404 10.022975
4.078199 9.983611
4.130392 9.955406
4.130417 9.903928
4.125534 9.894051
4.117427 9.874513
4.183025 9.827159
4.268399 9.718989
4.384877 9.539008
4.417420 9.436866
4.409110 9.349209
4.352802 9.357475
4.247564 9.545126
4.216265 10.029508
4.202412 11.235927
4.228707 11.975166
4.187398 12.038355
4.220857 12.345379
4.163132 13.213055
4.127680 13.828582
4.155483 14.162891
4.157105 14.361374
4.329671 14.685758
4.404631 14.945766
4.435969 15.118007
4.486942 15.470363
4.521007 15.581024
4.521401 15.594518
4.548396 15.574714
4.562499 15.636993
4.572984 15.683599
4.582085 15.585162
4.598882 15.191536
4.593991 14.722349
4.555981 13.756219
4.542422 13.511073
4.588273 12.586426
4.741859 11.928251
4.792847 10.921474
4.806496 9.963844
4.790531 9.432319
4.792003 8.804874
4.851551 8.111755
4.801958 7.597972
4.759200 7.288124
4.696001 7.173900
4.723308 6.850023
4.782471 6.505411
4.762172 6.462764
4.886829 6.409941
4.952494 6.386076
5.006597 6.390849
5.021607 6.506363
4.895379 6.789804
4.905830 6.966864
4.904437 7.128389
5.020132 7.146671
5.177360 7.108073
5.219218 7.071956
5.279935 7.021327
5.271049 7.114426
5.048832 7.029680
4.916517 6.989430
4.816975 6.952064
4.363739 7.082920
3.643325 7.262515
2.877268 7.264376
2.252809 7.205719
1.546134 7.165297
0.812321 7.080798
-0.111801 7.101363
-0.895923 7.106053
-1.611891 7.050466
-2.290080 7.099341
-2.969467 7.102221
-3.132688 7.086945
-3.225231 6.955094
-3.400515 6.711521
-3.433189 6.569123
-3.467330 6.521465
-3.437558 6.545895
-3.414147 6.568346
-3.418309 6.601050
-3.353075 6.628672
-3.231045 6.567737
-3.194045 6.548610
-3.157444 6.607749
-3.052690 6.769338
-2.649517 6.908207
-2.168584 7.041771
-1.879774 7.036715
-1.468510 7.045645
-0.749584 7.110851
0.265830 7.462946
1.815285 8.262365
2.833454 8.695700
3.810793 8.928685
4.528930 9.745623
5.660062 10.037763
6.336739 10.104105
7.399969 10.383358
8.506839 10.613292
9.649898 10.819512
10.831053 11.077918
11.803367 11.513980
12.877576 11.915295
14.183819 11.794124
15.298073 11.886897
16.082614 11.874230
16.797147 11.744425
17.420665 11.852699
18.128948 12.114064
18.619210 12.159481
18.895217 12.227344
19.404181 12.223475
20.536007 11.865013
21.001767 11.912443
21.763418 11.750002
22.480600 11.691105
22.879057 11.512141
22.942648 11.459542
23.010041 11.479628
23.035918 11.625884
22.986634 11.805284
22.915160 11.968755
22.934734 11.932563
23.044225 11.943850
23.098494 12.013794
23.071189 12.121178
23.154926 12.274736
23.317779 12.404797
23.417908 12.472648
23.368195 12.498322
23.273168 12.554624
23.102226 12.463703
22.825374 12.264446
22.635128 11.919496
22.338188 11.620632
22.147444 11.402641
21.951449 11.363726
21.352021 11.473904
20.798714 11.442739
20.767495 11.257929
21.182198 11.283257
21.840592 11.457285
22.176200 11.409845
22.602069 11.089978
23.063995 10.985405
23.818203 11.371562
23.790792 11.211148
23.542065 10.756995
24.097373 10.931544
24.703378 10.914602
25.101272 10.921426
25.352096 11.096322
24.356280 10.964651
23.947845 10.712660
23.769442 11.366048
23.983270 11.859569
24.700501 12.165884
24.398773 12.808578
23.113870 12.919876
22.995824 13.098876
22.555843 14.010121
21.403469 14.564036
20.684126 14.643249
20.486340 14.766391
21.073917 14.830293
21.110495 14.458853
20.423695 14.248745
20.050762 14.226143
19.726743 14.273148
19.558354 14.195660
19.366447 14.381826
18.850814 13.777248
19.068309 14.266332
18.914363 14.506590
18.376523 15.025814
17.316990 15.301189
16.875820 15.330690
17.257765 15.240896
17.774517 14.886407
17.539364 14.716606
17.530328 14.529545
17.943237 14.438364
18.082994 14.167153
17.902081 13.729584
17.868439 14.216091
18.092335 14.358267
17.968141 14.851968
17.882039 14.887520
17.877529 15.431610
18.019643 15.606488
18.105439 15.494723
17.993104 15.391300
17.922779 15.280851
17.923608 15.223329
17.963298 15.132981
18.128211 14.858443
18.299791 14.631372
18.442384 14.322432
18.557751 14.127110
18.627638 13.795199
18.876743 13.379839
19.351820 12.938732
19.554984 12.582551
19.475961 12.071659
19.755957 11.203934
20.745866 10.783116
21.501605 10.930175
21.975929 11.385595
22.412881 11.699142
22.827174 11.513943
23.058093 11.444907
23.042021 11.157207
23.167637 11.306629
23.609688 11.809059
24.602275 11.956171
25.085625 12.121248
24.320448 12.567584
24.017529 13.183656
24.136311 13.075924
23.737791 12.875822
23.344026 12.972745
23.393178 13.067914
23.614824 13.011188
23.707801 12.942472
23.564815 13.070632
23.317051 13.033701
23.017224 12.868731
22.915170 12.530497
22.969560 12.460762
23.044212 12.256624
23.174434 11.970124
23.032803 11.848291
22.898786 11.788687
22.839318 11.794057
22.979866 11.839453
23.110414 12.063486
22.897177 12.332682
23.053137 12.353012
23.054097 12.329210
22.979299 12.359601
22.947474 12.506396
23.274574 12.484314
23.225308 12.566442
23.238613 12.655346
23.259798 12.693558
23.285778 12.684337
23.309085 12.666098
23.298924 12.670335
23.303919 12.655942
23.258275 12.687637
23.165987 12.766740
23.140977 12.787546
23.200380 12.804084
23.210693 12.911612
23.440882 12.845434
23.690678 12.901582
24.025975 12.956714
24.680115 12.856215
25.358507 12.811078
25.907110 12.689960
25.754638 12.312678
25.807845 11.714829
26.036712 11.676867
26.245113 12.349123
26.458798 12.625017
26.699634 13.167060
26.942049 13.558913
26.433389 13.757238
26.075873 13.886358
26.020684 14.232185
25.351795 13.810233
25.227132 14.051699
25.120878 14.390555
25.176216 14.312872
25.075352 14.408091
24.856650 14.866765
24.859305 14.936903
24.858648 14.622516
24.450873 14.688920
24.305865 14.713606
24.356297 14.717459
24.362969 14.617204
24.296645 14.551160
24.410878 14.968858
24.645056 16.223371
24.857038 17.017365
25.177690 17.874097
25.713205 18.616470
26.555263 19.149093
27.153837 19.468789
27.639730 19.855418
27.326004 19.890091
27.056070 20.124231
26.946020 20.282124
26.754772 20.450776
26.512600 20.571098
26.257309 20.824488
25.765599 21.080765
25.209601 21.453028
24.858994 21.949937
24.588787 21.867860
24.411493 21.769235
24.511155 21.543324
24.260739 21.692326
24.078124 21.677582
23.705353 22.086403
23.249580 21.728429
22.928809 21.452431
22.912968 21.321142
22.972557 21.234910
23.022302 21.198581
23.103109 21.091719
23.154605 21.035232
23.206026 20.930818
23.275390 20.741385
23.245025 20.544117
23.186673 20.444502
23.023288 20.363669
22.910104 20.324518
22.842626 20.307527
22.713898 20.394949
22.645900 20.449116
22.611876 20.402413
22.186528 20.312880
21.777998 20.244369
20.865044 20.399417
20.110499 20.448636
18.879022 20.623742
17.658361 20.658339
16.705586 20.676823
16.010288 20.612966
15.297700 20.742629
14.842689 20.858723
14.814290 20.833380
14.767026 20.755096
14.658689 20.720275
14.535816 20.754666
14.563147 20.678367
14.542496 20.648252
14.561456 20.666692
14.570256 20.648568
14.533120 20.675121
14.553653 20.667872
14.581619 20.651763
14.626981 20.625352
14.684952 20.554674
14.733481 20.501178
14.826570 20.398801
14.853138 20.357658
14.884395 20.305348
14.902438 20.291019
14.914186 20.256240
14.944972 20.223925
14.982438 20.190968
15.023177 20.143226
15.050759 20.075555
15.074361 20.032058
15.152785 19.964144
15.270329 19.935285
15.352108 19.979436
15.471356 19.926035
15.570079 19.893517
15.624006 19.879497
15.680354 19.830484
15.749872 19.815165
15.814704 19.784132
15.855770 19.776721
15.927568 19.775011
16.029615 19.732261
16.069270 19.718614
16.141718 19.684902
16.165741 19.672413
16.206860 19.658964
16.252385 19.634493
16.309332 19.621307
16.372022 19.605543
16.436379 19.579085
16.469523 19.562372
16.496296 19.534194
16.550016 19.512246
16.593245 19.496432
16.646275 19.503842
16.663972 19.494597
16.684444 19.470248
16.687880 19.473006
16.715870 19.428649
16.777901 19.397754
16.819230 19.384183
16.872028 19.372869
16.953702 19.339478
17.061064 19.319812
17.100652 19.335072
17.161146 19.304664
17.202623 19.306678
17.199624 19.320065
17.212589 19.301964
17.201184 19.305343
17.182588 19.336290
17.195578 19.334084
17.165102 19.342580
17.150096 19.368500
17.162781 19.354471
17.177057 19.359285
17.183102 19.354015
17.200305 19.347581
17.202107 19.348100
17.208020 19.323937
17.206139 19.324045
17.233251 19.311039
17.231228 19.322165
17.229201 19.311677
17.224520 19.318362
17.234902 19.297456
17.213530 19.294024
17.191177 19.273560
17.193286 19.257011
17.184734 19.245064
17.165426 19.253495
17.191312 19.245834
17.181932 19.267832
17.182497 19.270584
17.168211 19.299070
17.179341 19.291422
17.178242 19.323648
17.192253 19.313909
17.195717 19.320934
17.199781 19.349420
17.216809 19.350616
17.197342 19.371984
17.217341 19.375837
17.231665 19.367213
17.243765 19.370936
17.259818 19.371546
17.263817 19.380877
17.254023 19.386861
17.263695 19.356501
17.267664 19.369886
17.273142 19.344835
17.279946 19.346951
17.271484 19.345048
17.288814 19.317989
17.291043 19.320668
17.310918 19.286641
17.295860 19.299041
17.281987 19.300247
17.292111 19.285717
17.286622 19.293619
17.286968 19.286975
17.275525 19.304432
17.270508 19.312640
17.179012 19.333492
17.135836 19.350790
17.172072 19.303238
17.190300 19.308959
17.253097 19.294457
17.268444 19.307890
17.318998 19.299790
17.330528 19.264730
17.340214 19.273829
17.288502 19.253704
17.282395 19.248919
17.249662 19.246768
17.195047 19.235369
17.117227 19.235283
17.011331 19.226526
16.912454 19.216830
16.809115 19.357083
16.804836 19.339996
16.795806 19.246152
16.978257 18.988286
17.273427 18.678770
17.489325 18.459216
18.012812 18.192737
18.551189 18.015883
19.260131 17.729221
19.510480 17.595788
19.261294 17.577009
19.189804 17.517706
19.341259 17.467830
19.528815 17.426139
19.616823 17.447575
19.643867 17.523424
19.646239 17.749087
19.627322 17.926734
19.624184 18.089386
19.604659 18.167593
19.582485 18.237958
19.552518 18.285326
19.477777 18.410958
19.492163 18.437097
19.512678 18.459523
19.530746 18.470868
19.537319 18.459985
19.592531 18.432072
19.638146 18.414891
19.633351 18.439228
19.655743 18.459994
19.653128 18.492795
19.654300 18.512255
19.647298 18.523300
19.624558 18.538869
19.616579 18.548006
19.628466 18.548222
19.718420 18.568641
20.000810 18.704075
20.314394 18.726050
20.644978 18.974539
20.564524 19.197282
20.390824 19.394874
20.562920 19.582505
20.833586 19.724196
20.959419 19.819827
21.125567 19.778992
21.300775 19.915155
21.494751 19.957014
21.490821 20.043388
21.385629 19.982736
21.471686 19.863304
21.481779 19.847299
21.507537 19.833161
21.501371 19.747764
21.538896 19.695745
21.603489 19.651124
21.667221 19.629305
21.797308 19.565419
21.943735 19.500198
22.191630 19.411073
22.313973 19.370917
22.399709 19.346974
22.519527 19.294512
22.711657 19.226826
22.920168 19.144626
23.156501 19.064964
23.384702 19.010380
23.642820 18.945552
23.843556 18.886846
24.215767 18.840796
24.569527 18.778985
24.818586 18.717940
24.971534 18.780149
25.215644 18.864832
25.313482 18.878888
25.429978 18.869875
25.589446 18.928519
25.865820 18.932922
26.150595 18.929556
26.289226 18.926274
26.524406 18.930447
26.832853 18.923477
27.167447 18.956067
27.375861 18.920441
27.762164 18.928808
28.095566 18.990183
28.609148 19.058504
28.878225 19.075370
29.528134 19.022099
30.004929 18.907326
30.350833 18.856523
30.627095 18.732908
30.744158 18.700477
30.770989 18.699335
30.830690 18.713079
30.836216 18.758238
30.850527 18.782493
30.822780 18.790284
30.789211 18.884314
30.738201 18.967444
30.696616 19.015598
30.613180 19.059360
30.593070 19.089999
30.559905 19.175385
30.558956 19.199555
30.564616 19.208768
30.632602 19.230830
30.685322 19.208994
30.840021 19.122727
30.905737 19.074712
31.010896 19.182928
31.185347 19.073667
31.589006 18.912320
32.022365 19.071868
32.378920 19.275351
32.699134 19.268163
33.296305 19.131523
33.693662 19.170814
33.913229 19.171515
34.045578 19.333809
34.192052 19.339749
34.331702 19.333871
34.617378 19.290702
34.727665 19.327959
34.781650 19.379026
34.823279 19.447989
34.880873 19.475603
34.937385 19.450334
35.044791 19.448370
35.092856 19.414229
35.161718 19.464511
35.189655 19.631192
34.713044 19.842702
33.992658 20.311087
32.537779 21.025745
30.647574 21.678043
28.782957 21.845062
27.219641 21.708982
25.654456 21.312330
24.980369 21.094545
24.342644 21.012290
23.980082 20.979878
23.368514 21.074077
22.668887 21.077560
22.281937 21.127478
21.255109 21.168869
20.814106 20.954241
20.645250 20.881661
20.560299 20.709004
20.183179 20.590940
19.525762 20.353280
18.862507 20.269236
18.116505 20.476170
17.382948 20.802567
17.019481 20.852761
17.023285 20.826894
17.238038 20.769540
17.361771 20.751943
17.453281 20.775944
17.588296 20.805425
17.674885 20.788131
17.709852 20.793521
17.716054 20.816666
17.742968 20.801154
17.726744 20.816164
17.702746 20.770290
17.665704 20.772794
17.625538 20.778240
17.642771 20.790345
17.609050 20.786224
17.521748 20.746240
17.434064 20.673991
17.113362 20.709068
16.510032 20.949791
16.242737 20.974308
16.163412 20.725810
16.157863 20.693768
16.128887 20.646241
16.130769 20.633992
16.164328 20.579452
16.151791 20.563118
16.124071 20.510823
16.129869 20.477688
16.132944 20.484050
16.132945 20.500545
16.164640 20.479825
16.164446 20.471763
16.180359 20.440524
16.153167 20.438744
16.159430 20.388545
16.168796 20.404041
16.159558 20.471994
16.193051 20.482609
16.175882 20.381100
16.135850 20.360134
16.065579 20.364780
16.024537 20.374717
15.988468 20.373471
16.000539 20.375300
15.975992 20.404288
15.934682 20.415671
15.956237 20.397703
15.960616 20.377461
15.977565 20.363107
15.978168 20.344702
15.945203 20.302745
15.898074 20.291611
15.899137 20.295038
15.905884 20.296751
15.957689 20.245548
15.986579 20.264418
16.018307 20.221806
15.884663 20.278192
15.754786 20.345681
15.492703 20.440066
15.276040 20.486658
14.922398 20.441652
14.676731 20.464499
14.403473 20.383143
14.050985 20.214632
13.954896 20.079526
13.965779 20.010212
13.894847 19.973692
13.865726 19.991886
13.841577 19.961497
13.807947 19.933640
13.759945 19.897248
13.731311 19.897782
13.724112 19.908927
13.628392 19.950287
13.493206 20.027641
13.397533 20.035975
13.256638 20.057867
12.948143 20.172431
12.782476 20.140988
12.728316 20.076210
12.631493 20.048706
12.540354 20.044003
12.506444 20.023707
12.465530 20.003989
12.452788 19.989903
12.428526 19.978081
12.409135 19.999581
12.367646 19.992694
12.364747 19.989595
12.295997 20.008503
12.236938 19.959067
12.161736 19.893125
12.045899 19.704952
12.017918 19.586923
11.973592 19.593989
11.883025 19.595633
11.760159 19.569159
11.669398 19.497597
11.566421 19.526000
11.411603 19.540710
11.212890 19.546097
11.097147 19.579099
11.039710 19.593465
10.951006 19.525177
10.875906 19.466393
10.677974 19.451422
10.483694 19.471159
10.319408 19.476201
10.193344 19.529777
10.033204 19.653826
9.825861 19.813679
9.565872 19.887633
9.175296 19.914344
8.531367 20.177084
7.954561 20.454648
7.932570 20.390282
7.887937 20.315474
7.747496 20.317644
7.751442 20.359662
7.751431 20.414884
7.746316 20.489760
7.496915 20.678727
7.396115 20.722789
7.369940 20.646211
7.699132 20.511488
7.865571 20.476113
8.025016 20.447901
8.145186 20.407369
8.198400 20.358554
8.214547 20.314372
8.229661 20.302880
8.262000 20.281451
8.243966 20.296052
8.230244 20.269003
8.243446 20.258723
8.319730 20.191982
8.488805 20.056428
8.537005 20.036207
8.599207 20.044598
8.669873 19.997221
8.806457 20.000006
8.910657 19.931878
8.971984 19.902296
9.042176 19.926719
9.179468 19.915265
9.158949 20.011370
9.040955 20.068377
8.991992 20.074720
8.819914 20.050208
8.662356 20.068896
8.601760 20.045725
8.504548 20.099877
8.440067 20.099815
8.443389 20.162737
8.430697 20.129340
8.342211 20.175207
8.220959 20.195572
8.158006 20.234965
8.119100 20.295566
8.106483 20.285676
8.020456 20.292609
7.879205 20.326702
7.746456 20.352362
7.510228 20.410993
7.155205 20.550642
6.675114 20.798149
6.223871 21.029042
5.883267 21.135941
5.791611 21.060425
5.702469 21.051921
5.292587 20.994077
5.046693 21.016188
4.705521 21.117999
4.415651 21.226178
3.853155 21.467791
3.588641 21.552995
3.250444 21.484152
3.178889 21.405600
3.133967 21.671906
3.060947 21.681871
3.044416 21.719127
3.032333 21.785650
3.020244 21.805464
3.034621 21.814140
3.053588 21.767775
3.055036 22.047402
3.083656 22.031923
3.083305 22.022345
3.111833 22.040325
3.150908 22.004921
3.116517 22.020634
3.127684 21.999766
3.211832 21.957041
3.175900 22.562575
3.230397 22.616517
3.270995 22.655930
3.339838 22.631982
3.387966 22.665739
3.465736 22.661734
3.510897 22.706134
3.487779 22.726634
3.490703 22.685691
3.498074 22.674818
