-0.000817 -0.007829
0.000570 0.003742
-0.001710 -0.011493
-0.006728 -0.027709
-0.009461 -0.032535
-0.006465 -0.038866
-0.009466 -0.032330
-0.008932 -0.038204
-0.010291 -0.037000
-0.008216 -0.032201
-0.008857 -0.026651
-0.010577 -0.016368
-0.011474 -0.015790
-0.011722 -0.029346
-0.012340 -0.030113
-0.010465 -0.019502
-0.012004 -0.016280
-0.008675 -0.001376
-0.010229 -0.009269
-0.016501 -0.043232
-0.017928 -0.059278
-0.020673 -0.055405
-0.020761 -0.055750
-0.020531 -0.063001
-0.022385 -0.069591
-0.023679 -0.075478
-0.023741 -0.080807
-0.026011 -0.083594
-0.024040 -0.070050
-0.023939 -0.082675
-0.029271 -0.088878
-0.028069 -0.075135
-0.029363 -0.088348
-0.031251 -0.108464
-0.034966 -0.108061
-0.034739 -0.108186
-0.034392 -0.097601
-0.032534 -0.094827
-0.032373 -0.090833
-0.031190 -0.089989
-0.035408 -0.084107
-0.055254 -0.228665
-0.052075 -0.283620
-0.208426 -0.261482
-0.434174 -1.015545
-0.531404 -0.979669
-0.649002 -1.499773
-0.671836 -1.468806
-0.825001 -1.692109
-1.006925 -1.875828
-2.002462 -1.906258
-2.558634 -2.173252
-3.538540 -2.228774
-4.426481 -2.314198
-5.331296 -2.412273
-6.141904 -2.479179
-6.404209 -2.838907
-6.342653 -2.914968
-6.659389 -2.850627
-6.205458 -3.280082
-6.013287 -3.122811
-6.120664 -3.113250
-5.982026 -3.043252
-6.085056 -3.077229
-5.804159 -3.041167
-5.948130 -3.097026
-5.770590 -3.003024
-5.802722 -3.034369
-5.855050 -3.044078
-5.938604 -3.000794
-5.848252 -3.016945
-5.848799 -3.022405
-6.376381 -3.055818
-6.553524 -2.970208
-6.336647 -2.995814
-6.145575 -2.755443
-6.250540 -2.686349
-6.048438 -2.588847
-6.577141 -2.683880
-7.451344 -2.734269
-8.055715 -2.642756
-8.099682 -2.726464
-7.488778 -1.784375
-7.206245 -1.833710
-6.837424 -1.880717
-6.542774 -1.889682
-6.396408 -1.389194
-6.547753 -1.038065
-6.724500 -0.945967
-7.249010 -0.735129
-7.890165 -0.275148
-8.701448 -0.025033
-9.608048 0.188586
-9.878941 0.038678
-10.281382 0.057398
-10.212220 0.300209
-10.169956 0.307683
-10.172133 0.334518
-10.259504 0.414117
-10.316562 0.520715
-10.372614 0.638440
-10.385112 0.706801
-10.336274 0.886276
-10.344551 0.833431
-10.382845 0.720977
-10.453168 0.438028
-10.486565 0.379796
-10.551404 0.187711
-10.588568 0.152473
-10.550364 0.042818
-9.981867 -0.291927
-9.927681 -0.276821
-9.766065 -0.219376
-10.071634 -0.027863
-10.976425 -0.150623
-11.919817 -0.164177
-12.881585 -0.145767
-13.861775 -0.134396
-14.808047 -0.125200
-15.728302 -0.126310
-16.558133 -0.159442
-16.274513 -0.165485
-15.931586 -0.419398
-15.357020 -0.595827
-14.733033 -0.568181
-13.991345 -0.505218
-14.068916 -0.460853
-14.537265 -0.465121
-14.696988 -0.377915
-15.324716 -0.556754
-15.563521 -0.542713
-15.779554 -0.433709
-16.231398 -0.370406
-16.304984 -0.440973
-16.546091 -0.432993
-16.772316 -0.342671
-17.077373 -0.365759
-17.336901 -0.265285
-17.239695 -0.138025
-17.768069 -0.018281
-18.589431 -0.100667
-19.133882 -0.164046
-19.382533 -0.221656
-19.535103 -0.226956
-19.281500 -0.193794
-19.188865 -0.161353
-18.600098 0.443796
-18.494438 0.617478
-18.771814 0.758604
-19.018545 1.286286
-20.010506 1.057040
-20.783212 0.986232
-21.202921 0.937949
-21.793596 1.107971
-22.587814 1.224249
-22.681578 1.555312
-22.706725 1.670956
-22.782485 1.667833
-22.805025 1.773788
-22.807676 1.818634
-22.854636 1.925850
-22.807137 2.159567
-22.837465 2.156241
-22.967506 1.939246
-23.082768 1.595595
-23.134747 1.038374
-23.045721 0.926269
-23.038891 0.671391
-23.046908 0.616384
-23.051709 0.624476
-23.054612 0.620685
-23.056832 0.633940
-23.056243 0.635070
-23.057938 0.640049
-23.059997 0.632318
-23.058502 0.628125
-23.062758 0.626078
-23.064710 0.613300
-23.067140 0.603795
-23.069402 0.603962
-23.072976 0.589711
-23.071657 0.593644
-23.070518 0.598807
-23.072981 0.591789
-23.074564 0.589225
-23.074891 0.590991
-23.070013 0.620672
-23.066816 0.634059
-23.065122 0.671358
-23.066757 0.654094
-23.065460 0.680683
-23.064816 0.695787
-23.066403 0.714136
-23.070918 0.684618
-23.071819 0.681052
-23.072363 0.680599
-23.071968 0.694622
-23.071176 0.709937
-23.090584 0.685435
-23.134505 0.621981
-23.136925 0.642347
-23.136679 0.637695
-23.135868 0.631734
-23.125911 0.696981
-23.166276 0.510116
-23.207564 0.342029
-23.451502 -1.357101
-23.054661 -0.602625
-22.981166 -0.252774
-23.028340 0.263220
-23.119100 0.840022
-23.369814 0.843955
-23.733948 0.010847
-24.095972 -0.294786
-24.797013 0.383885
-24.738836 0.599770
-24.393486 1.214337
-23.958759 1.804223
-24.352736 1.771923
-25.043438 1.243339
-24.969585 0.657614
-24.831423 0.329673
-24.972451 0.111756
-25.065320 -0.707305
-25.039892 -0.425301
-25.090330 -0.371489
-25.917752 -0.386380
-25.344655 0.170631
-24.838078 0.049374
-23.932587 -0.069742
-22.987844 0.023428
-22.895262 -0.048077
-22.471047 0.050809
-21.443273 -0.115776
-20.896466 -0.128274
-20.796069 -0.067685
-20.796945 0.787144
-19.593656 0.852436
-18.946131 0.885088
-18.071026 0.989850
-17.260195 1.063272
-16.771385 1.280066
-16.249670 1.829991
-16.609101 1.584892
-16.933905 1.012987
-17.193070 0.592033
-17.545805 1.034025
-17.683878 1.552293
-17.809332 1.454681
-18.196243 1.218255
-18.806599 1.125344
-18.949492 1.398588
-19.003967 1.904066
-19.319612 2.220754
-19.632512 1.757266
-20.026116 1.645408
-20.449384 1.943830
-20.597623 2.097579
-21.580631 2.626290
-22.095196 2.873191
-22.493740 3.059248
-23.134367 3.082090
-23.476286 2.886700
-23.417389 2.812076
-23.663593 2.571653
-24.380562 2.098172
-24.908351 1.494177
-25.524326 1.310072
-26.025827 1.189611
-26.808011 1.203290
-26.487888 0.630832
-27.225129 0.091195
-27.358457 -0.280296
-27.481826 -0.424859
-27.724948 -1.088113
-27.921348 -1.279769
-28.291740 -1.433695
-28.529969 -1.791335
-28.469447 -1.869851
-28.385762 -2.181740
-28.641835 -2.723980
-28.602279 -2.447000
-28.466587 -2.825128
-28.489017 -1.776004
-27.922097 -2.790624
-27.736399 -4.506334
-27.329748 -5.245726
-27.546638 -5.640068
-27.605214 -5.507873
-28.548617 -7.357976
-28.226253 -9.270580
-27.145762 -9.747427
-26.877920 -10.265869
-26.397458 -10.554344
-26.603815 -11.479519
-26.147402 -12.165728
-26.543291 -12.129007
-26.602208 -11.878794
-26.626257 -11.993857
-26.649390 -12.154991
-27.110560 -12.080153
-27.173489 -11.852149
-27.398523 -11.602722
-27.572878 -11.526531
-27.799289 -11.320947
-28.166103 -10.831304
-28.421209 -10.818861
-28.531058 -10.741278
-28.905692 -10.159486
-29.015896 -9.820433
-28.950882 -9.814418
-29.068052 -10.186051
-29.221117 -10.238897
-29.563365 -10.651958
-30.275879 -11.222806
-30.647681 -11.648142
-31.529445 -12.508989
-31.846529 -12.974958
-31.715325 -12.971575
-32.569795 -12.965991
-32.886048 -13.861874
-32.855851 -14.087201
-33.348079 -14.440739
-34.399211 -15.010036
-34.927711 -15.376319
-34.391629 -15.284264
-34.621785 -15.735193
-35.630391 -15.954483
-35.834563 -15.733849
-35.512313 -15.368268
-35.171698 -15.652752
-34.699271 -16.317391
-34.290174 -16.758959
-34.359241 -16.837468
-34.819623 -16.543177
-35.503970 -16.853415
-35.478370 -17.046067
-35.214662 -17.403407
-34.718427 -17.920019
-34.594931 -17.794134
-34.587539 -17.660292
-34.580693 -17.559489
-34.374192 -17.654337
-34.228084 -18.220926
-33.633525 -18.397174
-32.972004 -18.613520
-32.805363 -18.423067
-32.987211 -17.998020
-33.160009 -17.328144
-33.597874 -17.313193
-33.343451 -17.129131
-33.296889 -16.865971
-33.271726 -16.470955
-33.578327 -16.391919
-33.517924 -16.208874
-33.402037 -16.125402
-33.110743 -15.927101
-33.151548 -15.922944
-33.028908 -15.431580
-33.050164 -15.416157
-33.120211 -15.730527
-33.554285 -15.957294
-33.848129 -15.966187
-33.754302 -15.951749
-33.710143 -15.799411
-33.849800 -15.797148
-33.714837 -15.680299
-33.651247 -15.619691
-33.745035 -15.485144
-33.692341 -15.347118
-33.720685 -15.324741
-33.755749 -15.273717
-33.796558 -15.482782
-33.856447 -15.401873
-33.890446 -15.253066
-33.945838 -15.194290
-33.853458 -15.171771
-34.016414 -15.139378
-33.942816 -14.995677
-33.861038 -15.118869
-33.882933 -15.061828
-33.945242 -15.053140
-33.924492 -14.984130
-34.050219 -15.019481
-33.995006 -15.299154
-34.041265 -15.295597
-33.908019 -15.126263
-0.133306 -0.112889
-0.155623 -0.141164
-0.189470 -0.175909
-0.171866 -0.248800
-0.126866 -0.278389
-0.096309 -0.274237
-0.098616 -0.261264
-0.020975 -0.184647
-0.116742 -0.211223
-0.057966 -0.040350
-0.006245 0.040403
-0.198226 -0.174113
-0.169280 -0.222736
-0.286400 -0.225496
-0.231969 -0.166816
-0.285157 -0.175435
-0.368273 -0.140794
-0.217691 0.002263
-0.178679 -0.115757
-0.275795 -0.152594
-0.296051 -0.081763
-0.466818 -0.200267
-0.558524 -0.262060
-0.534407 -0.251181
-0.643699 -0.056664
-0.698632 0.029928
-0.706967 -0.006066
-0.653083 -0.040994
-0.696320 0.027802
-0.783043 -0.118424
-0.803128 -0.320921
-0.801728 -0.373041
-0.778492 -0.330770
-0.776110 -0.284027
-0.702787 -0.148736
-0.776417 -0.121521
-0.753086 -0.023782
-0.769848 -0.044581
-0.800325 -0.062584
-0.825567 -0.042656
-0.829285 -0.037355
-0.736894 -0.106313
-0.689261 -0.066533
-1.018162 -0.257583
-1.107065 -0.319668
-1.632128 -0.624833
-1.255907 -0.882235
-1.323940 -1.022696
-1.694757 -1.144016
-2.219602 -1.318464
-2.890484 -1.514073
-3.561791 -1.603669
-4.095490 -1.700780
-4.675527 -1.791703
-5.136560 -1.897401
-5.435359 -1.972616
-5.690375 -2.012003
-5.895337 -2.024465
-5.566501 -2.150797
-5.739309 -2.243715
-5.406289 -2.374380
-4.618432 -2.277124
-4.464159 -2.286137
-4.222229 -2.128647
-4.213381 -2.177472
-4.116447 -2.245371
-3.785733 -2.126939
-3.785771 -2.153513
-3.832040 -2.216757
-3.809387 -2.203277
-4.019285 -2.278789
-4.082229 -2.258470
-4.245738 -2.290588
-4.526240 -2.285868
-4.582623 -2.241922
-4.715305 -2.191506
-4.692604 -2.135774
-4.653752 -2.109664
-4.896578 -2.120748
-5.381532 -2.075132
-6.127713 -2.095089
-6.610123 -1.840401
-6.808288 -1.848153
-6.767557 -1.680733
-6.867982 -1.649459
-6.971170 -1.318287
-6.674829 -1.242560
-5.823587 -1.259990
-5.391888 -1.265225
-5.121518 -1.313303
-5.016595 -1.419742
-4.863965 -1.516364
-5.034247 -1.521496
-6.087503 -1.934648
-6.329707 -1.764726
-6.700980 -1.842752
-6.946844 -1.974785
-7.206455 -1.924273
-7.153893 -1.946777
-7.128120 -1.964197
-7.090292 -1.877132
-7.124447 -1.895673
-7.104169 -1.913452
-7.235365 -1.749146
-7.313969 -1.640294
-7.477359 -1.669132
-7.631915 -1.596503
-7.583003 -1.452786
-7.639008 -1.394334
-7.763849 -1.479289
-7.762572 -1.408382
-7.781299 -1.401736
-8.381848 -1.671328
-8.532428 -1.864293
-8.766305 -1.930945
-9.284960 -2.105972
-10.180561 -2.268508
-10.822142 -2.416077
-11.533994 -2.578873
-12.367662 -2.739870
-12.468611 -2.774704
-12.519764 -2.820256
-12.155960 -2.859365
-11.560536 -2.785845
-11.051421 -2.593547
-10.263229 -2.484071
-9.607465 -2.431213
-9.395555 -2.425194
-8.990449 -2.270690
-9.292518 -2.286271
-9.288859 -2.144030
-9.259187 -2.110151
-9.114093 -2.070948
-9.149954 -1.976396
-8.773553 -1.883541
-8.850896 -1.930443
-9.001339 -2.001968
-9.185094 -2.108417
-9.183115 -1.954199
-9.499978 -2.067464
-9.849932 -1.831049
-10.655281 -1.430151
-11.274343 -1.299412
-11.139958 -1.143419
-10.149079 -0.809045
-9.198441 -0.729709
-8.253192 -0.648830
-7.283665 -0.576443
-6.387197 -0.551659
-5.733884 -0.607587
-4.943434 -0.602472
-5.367966 -0.594973
-6.146675 -0.825729
-6.470635 -1.111253
-6.622482 -1.434227
-7.046075 -1.753634
-6.820113 -1.632849
-6.600776 -1.523838
-6.562959 -1.602447
-6.630505 -1.714343
-6.615157 -1.556833
-6.724209 -1.871284
-6.726456 -1.938069
-7.024744 -1.828707
-7.174884 -1.547589
-7.149142 -1.272702
-7.242822 -1.205443
-7.338196 -1.224645
-7.370133 -1.209094
-7.596143 -1.181453
-7.499788 -1.231541
-7.546316 -1.382773
-7.490119 -1.547005
-7.521678 -1.543457
-7.227970 -1.517646
-7.253897 -1.529217
-7.240760 -1.450834
-7.244451 -1.399968
-7.137612 -1.628199
-7.203516 -1.334792
-7.339038 -1.291727
-7.329814 -1.256550
-7.288422 -1.157079
-7.103049 -1.200748
-7.130365 -1.232996
-7.084699 -1.350240
-6.951626 -1.698519
-6.940151 -1.874847
-7.162824 -1.271108
-7.292772 -1.499622
-7.205842 -1.841270
-7.290850 -2.038923
-7.418723 -1.985989
-7.643613 -1.765887
-7.841749 -1.454986
-7.851891 -1.171932
-7.835521 -1.190661
-7.770936 -1.233122
-7.689328 -1.155966
-7.221721 -1.610720
-7.171913 -2.057131
-7.348504 -2.535422
-7.282718 -2.798948
-7.161382 -3.175959
-7.056449 -3.156133
-6.950368 -2.959804
-6.850714 -2.877572
-6.794852 -2.815621
-6.863819 -2.969157
-6.888033 -2.773722
-6.992746 -2.727010
-7.237372 -3.672428
-7.064375 -4.378287
-7.043785 -4.534832
-7.039404 -4.165277
-7.047225 -3.903320
-7.103020 -4.609672
-7.132496 -5.126597
-6.862310 -5.444529
-6.577906 -5.808611
-6.364461 -6.332275
-6.136076 -6.950689
-6.012127 -7.195517
-6.025688 -7.258147
-6.339430 -7.014152
-6.467620 -7.661270
-6.413644 -8.135116
-6.535644 -8.641226
-6.615301 -8.754624
-6.727483 -9.049968
-6.644557 -9.097417
-6.730414 -9.143590
-6.846096 -9.143369
-6.895165 -9.332089
-6.939859 -9.644115
-6.819668 -9.621611
-6.820666 -9.648776
-6.713364 -9.771322
-6.703800 -9.857085
-6.678903 -9.678009
-6.780937 -9.647227
-6.684824 -9.635100
-6.650777 -9.676996
-6.673833 -9.762420
-6.647954 -9.650465
-6.530302 -9.572208
-6.577287 -9.583297
-6.730237 -9.854517
-6.878189 -9.961225
-7.423405 -10.225903
-7.985065 -10.277955
-8.755463 -10.285504
-9.523824 -10.296078
-10.582931 -10.265037
-11.686852 -10.218905
-12.766330 -10.177115
-13.854653 -10.134342
-13.530396 -10.142618
-12.922984 -10.236192
-12.262861 -10.436947
-12.760706 -10.828348
-13.085984 -10.766913
-13.135140 -10.796706
-12.862540 -10.865411
-13.101963 -10.813152
-13.196358 -10.838042
-13.390140 -10.568098
-13.812503 -10.505898
-14.202968 -10.415688
-14.875926 -10.321340
-15.038160 -10.298808
-15.342282 -10.054194
-15.685632 -10.023349
-14.960690 -9.811861
-14.339834 -9.595873
-14.116477 -9.401731
-13.426209 -9.216295
-12.941166 -9.058573
-12.527408 -8.831119
-11.771203 -8.622991
-11.667064 -8.241303
-11.948753 -7.839007
-12.052407 -7.632544
-12.083247 -7.714011
-12.414403 -7.802845
-12.515623 -7.712631
-11.607310 -7.423794
-10.974025 -7.687697
-10.540971 -8.510839
-10.864086 -9.060135
-11.054472 -8.632291
-11.397416 -7.962097
-12.136853 -7.659800
-11.777012 -7.529206
-11.614224 -7.613863
-11.731250 -7.293157
-10.863279 -7.101288
-10.503359 -7.312789
-9.359430 -6.295314
-9.333140 -5.760863
-10.076300 -5.513453
-8.997378 -4.508720
-9.363168 -4.187080
-9.859708 -4.057852
-9.372495 -3.043463
-9.060020 -2.394537
-8.737596 -2.148262
-8.762472 -2.049263
-9.005608 -1.199366
-7.990256 -0.054608
-7.454773 1.117457
-6.271550 2.265048
-6.316439 2.227464
-5.181019 1.884409
-4.963453 1.641142
-5.037272 1.845592
-5.422624 2.513380
-4.888547 2.498190
-4.728472 2.238104
-3.890941 2.334532
-4.155671 2.203911
-3.867935 2.935485
-3.855912 3.935838
-3.274331 4.215137
-3.518118 4.296129
-3.254188 4.488445
-3.285296 4.161742
-2.488983 4.104182
-1.886995 4.504017
-1.634290 4.910473
-2.094997 4.812678
-2.768637 5.099890
-2.838199 4.611468
-2.825830 5.294567
-2.606014 5.749469
-2.591939 5.362606
-2.787662 5.267711
-2.852073 5.201408
-2.428490 5.208784
-2.154188 5.327302
-1.939612 5.430279
-1.863411 5.653965
-1.592256 6.173379
-1.561653 6.402971
-1.664677 6.422970
-1.896744 6.291284
-2.116484 5.917579
-1.802074 6.140099
-1.504542 6.267253
-1.443466 6.019467
-1.129547 6.091676
-1.149387 6.435525
-1.125868 6.509809
-1.281809 6.356778
-1.375594 6.195130
-1.202953 6.377067
-1.402128 6.258154
-1.349257 6.156415
-1.136439 6.282456
-1.025709 6.278334
-0.867537 6.376032
-0.672839 6.836091
-0.765846 6.785405
-0.889194 6.479325
-0.943397 6.441201
-0.949793 6.472029
-0.814297 6.878786
-0.773174 7.038056
-0.682851 7.358646
-0.538498 7.516360
-0.711209 7.551080
-0.603439 7.641581
-0.538788 8.078402
-0.515661 8.232830
-0.336490 7.908405
-0.039973 8.389899
0.014397 8.258533
0.445527 9.033153
0.778682 9.450348
0.953690 9.744350
0.963133 9.735198
0.326624 9.393455
-0.269003 8.910861
-0.829457 8.437986
-1.311982 8.510341
-1.309761 8.596347
-0.573411 8.777287
-1.416049 8.909205
-2.089159 8.777879
-2.096668 8.395420
-2.104185 8.012961
-2.111694 7.630502
-2.119211 7.248037
-2.126727 6.865579
-2.134247 6.483118
-2.141759 6.100663
-2.090947 6.132185
-2.036705 6.165829
-1.982464 6.199478
-1.928217 6.233116
-1.873994 6.266731
-1.819737 6.300365
-1.765464 6.334002
-1.711207 6.367641
-1.710373 6.375941
-1.698297 6.379676
-1.697713 6.385972
-1.697090 6.392261
-0.763745 5.944569
-0.763125 5.950874
-0.762505 5.957176
-0.761884 5.963483
-0.761264 5.969785
-0.761205 5.969877
-0.761143 5.969978
-0.761079 5.970089
-0.761019 5.970174
-0.760956 5.970274
-0.760895 5.970379
-0.760832 5.970467
-0.760775 5.970243
-0.760723 5