-1.035972 -14.288898 -81.228209
-1.035972 -14.288898 -81.228209
-1.035972 -14.288898 -81.228209
-1.035972 -14.288898 -81.228209
-1.035972 -14.288898 -81.228209
-1.053062 -14.623594 -81.370216
-1.053062 -14.623594 -81.370216
-1.053062 -14.623594 -81.370216
-1.053062 -14.623594 -81.370216
-1.053062 -14.623594 -81.370216
-1.053062 -14.623594 -81.370216
-1.053062 -14.623594 -81.370216
-1.053062 -14.623594 -81.370216
-1.053062 -14.623594 -81.370216
-1.053062 -14.623594 -81.370216
-1.053062 -14.623594 -81.370216
-1.033030 -14.820807 -81.365004
-1.033030 -14.820807 -81.365004
-1.033030 -14.820807 -81.365004
-1.033030 -14.820807 -81.365004
-1.033030 -14.820807 -81.365004
-1.033030 -14.820807 -81.365004
-1.033030 -14.820807 -81.365004
-1.033030 -14.820807 -81.365004
-1.033030 -14.820807 -81.365004
-1.042647 -14.944620 -81.406081
-1.042647 -14.944620 -81.406081
-1.042647 -14.944620 -81.406081
-1.042647 -14.944620 -81.406081
-1.042647 -14.944620 -81.406081
-1.042647 -14.944620 -81.406081
-1.042647 -14.944620 -81.406081
-1.042647 -14.944620 -81.406081
-1.042647 -14.944620 -81.406081
-1.036756 -15.020728 -81.473481
-1.036756 -15.020728 -81.473481
-1.036756 -15.020728 -81.473481
-1.036756 -15.020728 -81.473481
-1.036756 -15.020728 -81.473481
-1.036756 -15.020728 -81.473481
-1.036756 -15.020728 -81.473481
-1.036756 -15.020728 -81.473481
-1.036756 -15.020728 -81.473481
-1.036756 -15.020728 -81.473481
-1.039826 -15.091822 -81.553217
-1.039826 -15.091822 -81.553217
-1.039826 -15.091822 -81.553217
-1.039826 -15.091822 -81.553217
-1.039826 -15.091822 -81.553217
-1.039826 -15.091822 -81.553217
-1.039826 -15.091822 -81.553217
-1.039826 -15.091822 -81.553217
-1.039826 -15.091822 -81.553217
-1.041543 -15.121438 -81.571296
-1.041543 -15.121438 -81.571296
-1.041543 -15.121438 -81.571296
-1.041543 -15.121438 -81.571296
-1.041543 -15.121438 -81.571296
-1.041543 -15.121438 -81.571296
-1.041543 -15.121438 -81.571296
-1.041543 -15.121438 -81.571296
-1.041543 -15.121438 -81.571296
-1.041543 -15.121438 -81.571296
-0.965293 -15.078693 -81.575627
-0.965293 -15.078693 -81.575627
-0.965293 -15.078693 -81.575627
-0.965293 -15.078693 -81.575627
-0.965293 -15.078693 -81.575627
-0.965293 -15.078693 -81.575627
-0.965293 -15.078693 -81.575627
-1.474139 -32.073814 -79.829817
-1.474139 -32.073814 -79.829817
-1.474139 -32.073814 -79.829817
-1.474139 -32.073814 -79.829817
-1.474139 -32.073814 -79.829817
-1.474139 -32.073814 -79.829817
-1.474139 -32.073814 -79.829817
-1.474139 -32.073814 -79.829817
-1.625583 -45.538551 -78.414875
-1.625583 -45.538551 -78.414875
-1.625583 -45.538551 -78.414875
-1.625583 -45.538551 -78.414875
-1.625583 -45.538551 -78.414875
-1.625583 -45.538551 -78.414875
-1.625583 -45.538551 -78.414875
-1.625583 -45.538551 -78.414875
-1.207602 -49.642208 -77.560131
-1.207602 -49.642208 -77.560131
-1.207602 -49.642208 -77.560131
-1.207602 -49.642208 -77.560131
-1.207602 -49.642208 -77.560131
-1.207602 -49.642208 -77.560131
-1.207602 -49.642208 -77.560131
-1.207602 -49.642208 -77.560131
-1.207602 -49.642208 -77.560131
-0.375420 -45.946396 -77.801879
-0.375420 -45.946396 -77.801879
-0.375420 -45.946396 -77.801879
-0.375420 -45.946396 -77.801879
-0.375420 -45.946396 -77.801879
-0.375420 -45.946396 -77.801879
-0.375420 -45.946396 -77.801879
-0.375420 -45.946396 -77.801879
-0.375420 -45.946396 -77.801879
-0.248937 -39.204132 -77.329353
-0.248937 -39.204132 -77.329353
-0.248937 -39.204132 -77.329353
-0.248937 -39.204132 -77.329353
-0.248937 -39.204132 -77.329353
-0.248937 -39.204132 -77.329353
-0.248937 -39.204132 -77.329353
-0.248937 -39.204132 -77.329353
-0.248937 -39.204132 -77.329353
-0.688192 -30.449038 -76.580074
-0.688192 -30.449038 -76.580074
-0.688192 -30.449038 -76.580074
-0.688192 -30.449038 -76.580074
-0.688192 -30.449038 -76.580074
-0.688192 -30.449038 -76.580074
-0.688192 -30.449038 -76.580074
-0.688192 -30.449038 -76.580074
-0.688192 -30.449038 -76.580074
-1.137216 -25.515749 -76.703680
-1.137216 -25.515749 -76.703680
-1.137216 -25.515749 -76.703680
-1.137216 -25.515749 -76.703680
-1.137216 -25.515749 -76.703680
-1.137216 -25.515749 -76.703680
-1.137216 -25.515749 -76.703680
-1.137216 -25.515749 -76.703680
-1.137216 -25.515749 -76.703680
-1.410048 -32.702922 -77.918122
-1.410048 -32.702922 -77.918122
-1.410048 -32.702922 -77.918122
-1.410048 -32.702922 -77.918122
-1.410048 -32.702922 -77.918122
-1.410048 -32.702922 -77.918122
-1.410048 -32.702922 -77.918122
-1.410048 -32.702922 -77.918122
-1.491141 -41.880702 -78.653385
-1.491141 -41.880702 -78.653385
-1.491141 -41.880702 -78.653385
-1.491141 -41.880702 -78.653385
-1.491141 -41.880702 -78.653385
-1.491141 -41.880702 -78.653385
-1.491141 -41.880702 -78.653385
-1.491141 -41.880702 -78.653385
-2.016999 -46.888187 -78.110986
-2.016999 -46.888187 -78.110986
-2.016999 -46.888187 -78.110986
-2.016999 -46.888187 -78.110986
-2.016999 -46.888187 -78.110986
-2.016999 -46.888187 -78.110986
-2.016999 -46.888187 -78.110986
-2.016999 -46.888187 -78.110986
-2.085678 -49.937641 -77.532783
-2.085678 -49.937641 -77.532783
-2.085678 -49.937641 -77.532783
-2.085678 -49.937641 -77.532783
-2.085678 -49.937641 -77.532783
-2.085678 -49.937641 -77.532783
-2.085678 -49.937641 -77.532783
-2.085678 -49.937641 -77.532783
-2.085678 -49.937641 -77.532783
-2.085678 -49.937641 -77.532783
-1.606377 -48.183430 -77.688887
-1.606377 -48.183430 -77.688887
-1.606377 -48.183430 -77.688887
-1.606377 -48.183430 -77.688887
-1.606377 -48.183430 -77.688887
-1.606377 -48.183430 -77.688887
-1.606377 -48.183430 -77.688887
-1.606377 -48.183430 -77.688887
-1.606377 -48.183430 -77.688887
-0.900624 -41.223760 -77.792972
-0.900624 -41.223760 -77.792972
-0.900624 -41.223760 -77.792972
-0.900624 -41.223760 -77.792972
-0.900624 -41.223760 -77.792972
-0.900624 -41.223760 -77.792972
-0.900624 -41.223760 -77.792972
-0.900624 -41.223760 -77.792972
-0.900624 -41.223760 -77.792972
-1.290743 -32.126447 -77.355130
-1.290743 -32.126447 -77.355130
-1.290743 -32.126447 -77.355130
-1.290743 -32.126447 -77.355130
-1.290743 -32.126447 -77.355130
-1.290743 -32.126447 -77.355130
-1.290743 -32.126447 -77.355130
-1.290743 -32.126447 -77.355130
-1.660657 -22.013990 -77.589644
-1.660657 -22.013990 -77.589644
-1.660657 -22.013990 -77.589644
-1.660657 -22.013990 -77.589644
-1.660657 -22.013990 -77.589644
-1.660657 -22.013990 -77.589644
-1.660657 -22.013990 -77.589644
-1.660657 -22.013990 -77.589644
-1.660657 -22.013990 -77.589644
-1.660657 -22.013990 -77.589644
-1.358717 -15.552991 -78.618046
-1.358717 -15.552991 -78.618046
-1.358717 -15.552991 -78.618046
-1.358717 -15.552991 -78.618046
-1.358717 -15.552991 -78.618046
-1.358717 -15.552991 -78.618046
-1.358717 -15.552991 -78.618046
-1.358717 -15.552991 -78.618046
-1.358717 -15.552991 -78.618046
-1.377120 -15.415600 -79.170137
-1.377120 -15.415600 -79.170137
-1.377120 -15.415600 -79.170137
-1.377120 -15.415600 -79.170137
-1.377120 -15.415600 -79.170137
-1.377120 -15.415600 -79.170137
-1.377120 -15.415600 -79.170137
-1.377120 -15.415600 -79.170137
-1.377120 -15.415600 -79.170137
-1.413482 -15.320166 -79.782046
-1.413482 -15.320166 -79.782046
-1.413482 -15.320166 -79.782046
-1.413482 -15.320166 -79.782046
-1.413482 -15.320166 -79.782046
-1.413482 -15.320166 -79.782046
-1.413482 -15.320166 -79.782046
-1.413482 -15.320166 -79.782046
-1.413482 -15.320166 -79.782046
-1.358498 -15.267090 -80.112320
-1.358498 -15.267090 -80.112320
-1.358498 -15.267090 -80.112320
-1.358498 -15.267090 -80.112320
-1.358498 -15.267090 -80.112320
-1.358498 -15.267090 -80.112320
-1.358498 -15.267090 -80.112320
-1.358498 -15.267090 -80.112320
-1.318800 -15.240203 -80.406995
-1.318800 -15.240203 -80.406995
-1.318800 -15.240203 -80.406995
-1.318800 -15.240203 -80.406995
-1.318800 -15.240203 -80.406995
-1.318800 -15.240203 -80.406995
-1.318800 -15.240203 -80.406995
-1.318800 -15.240203 -80.406995
-1.318800 -15.240203 -80.406995
-1.291536 -15.227787 -80.693897
-1.291536 -15.227787 -80.693897
-1.291536 -15.227787 -80.693897
-1.291536 -15.227787 -80.693897
-1.291536 -15.227787 -80.693897
-1.291536 -15.227787 -80.693897
-1.291536 -15.227787 -80.693897
-1.291536 -15.227787 -80.693897
-1.291536 -15.227787 -80.693897
-1.270397 -15.216130 -80.901986
-1.270397 -15.216130 -80.901986
