-0.986633 -15.143571 -84.491564
-0.986633 -15.143571 -84.491564
-0.986633 -15.143571 -84.491564
-0.986633 -15.143571 -84.491564
-0.978807 -15.162124 -84.505197
-0.978807 -15.162124 -84.505197
-0.978807 -15.162124 -84.505197
-0.978807 -15.162124 -84.505197
-0.978807 -15.162124 -84.505197
-0.978807 -15.162124 -84.505197
-0.978807 -15.162124 -84.505197
-0.978807 -15.162124 -84.505197
-0.978807 -15.162124 -84.505197
-0.978807 -15.162124 -84.505197
-0.993884 -15.169150 -84.528625
-0.993884 -15.169150 -84.528625
-0.993884 -15.169150 -84.528625
-0.993884 -15.169150 -84.528625
-0.993884 -15.169150 -84.528625
-0.993884 -15.169150 -84.528625
-0.993884 -15.169150 -84.528625
-0.993884 -15.169150 -84.528625
-0.993884 -15.169150 -84.528625
-1.002473 -15.181012 -84.567359
-1.002473 -15.181012 -84.567359
-1.002473 -15.181012 -84.567359
-1.002473 -15.181012 -84.567359
-1.002473 -15.181012 -84.567359
-1.002473 -15.181012 -84.567359
-1.002473 -15.181012 -84.567359
-1.002473 -15.181012 -84.567359
-1.002473 -15.181012 -84.567359
-0.981075 -15.187221 -84.521911
-0.981075 -15.187221 -84.521911
-0.981075 -15.187221 -84.521911
-0.981075 -15.187221 -84.521911
-0.981075 -15.187221 -84.521911
-0.981075 -15.187221 -84.521911
-0.981075 -15.187221 -84.521911
-0.981075 -15.187221 -84.521911
-0.981075 -15.187221 -84.521911
-0.966079 -15.195487 -84.467023
-0.966079 -15.195487 -84.467023
-0.966079 -15.195487 -84.467023
-0.966079 -15.195487 -84.467023
-0.966079 -15.195487 -84.467023
-0.966079 -15.195487 -84.467023
-0.966079 -15.195487 -84.467023
-0.966079 -15.195487 -84.467023
-0.966079 -15.195487 -84.467023
-0.966079 -15.195487 -84.467023
-0.991467 -15.195708 -84.524732
-0.991467 -15.195708 -84.524732
-0.991467 -15.195708 -84.524732
-0.991467 -15.195708 -84.524732
-0.991467 -15.195708 -84.524732
-0.991467 -15.195708 -84.524732
-0.991467 -15.195708 -84.524732
-0.991467 -15.195708 -84.524732
-0.991467 -15.195708 -84.524732
-0.979656 -15.190320 -84.529595
-0.979656 -15.190320 -84.529595
-0.979656 -15.190320 -84.529595
-0.979656 -15.190320 -84.529595
-0.979656 -15.190320 -84.529595
-0.979656 -15.190320 -84.529595
-0.979656 -15.190320 -84.529595
-0.979656 -15.190320 -84.529595
-0.979656 -15.190320 -84.529595
-0.986828 -15.196302 -84.569551
-0.986828 -15.196302 -84.569551
-0.986828 -15.196302 -84.569551
-0.986828 -15.196302 -84.569551
-0.986828 -15.196302 -84.569551
-0.986828 -15.196302 -84.569551
-0.986828 -15.196302 -84.569551
-0.986828 -15.196302 -84.569551
-0.986828 -15.196302 -84.569551
-0.981863 -15.186290 -84.565870
-0.981863 -15.186290 -84.565870
-0.981863 -15.186290 -84.565870
-0.981863 -15.186290 -84.565870
-0.981863 -15.186290 -84.565870
-0.981863 -15.186290 -84.565870
-0.981863 -15.186290 -84.565870
-0.981863 -15.186290 -84.565870
-0.981863 -15.186290 -84.565870
-0.987890 -15.192851 -84.576054
-0.987890 -15.192851 -84.576054
-0.987890 -15.192851 -84.576054
-0.987890 -15.192851 -84.576054
-0.987890 -15.192851 -84.576054
-0.987890 -15.192851 -84.576054
-0.987890 -15.192851 -84.576054
-0.987890 -15.192851 -84.576054
-0.987890 -15.192851 -84.576054
-0.985970 -15.199751 -84.581006
-0.985970 -15.199751 -84.581006
-0.985970 -15.199751 -84.581006
-0.985970 -15.199751 -84.581006
-0.985970 -15.199751 -84.581006
-0.985970 -15.199751 -84.581006
-0.985970 -15.199751 -84.581006
-0.985970 -15.199751 -84.581006
-0.985970 -15.199751 -84.581006
-0.984825 -15.205275 -84.590534
-0.984825 -15.205275 -84.590534
-0.984825 -15.205275 -84.590534
-0.984825 -15.205275 -84.590534
-0.984825 -15.205275 -84.590534
-0.984825 -15.205275 -84.590534
-0.984825 -15.205275 -84.590534
-0.984825 -15.205275 -84.590534
-0.984825 -15.205275 -84.590534
-0.956805 -15.197321 -84.496878
-0.956805 -15.197321 -84.496878
-0.956805 -15.197321 -84.496878
-0.956805 -15.197321 -84.496878
-0.956805 -15.197321 -84.496878
-0.956805 -15.197321 -84.496878
-0.956805 -15.197321 -84.496878
-0.956805 -15.197321 -84.496878
-0.956805 -15.197321 -84.496878
-0.959553 -15.192542 -84.468055
-0.959553 -15.192542 -84.468055
-0.959553 -15.192542 -84.468055
-0.959553 -15.192542 -84.468055
-0.959553 -15.192542 -84.468055
-0.959553 -15.192542 -84.468055
-0.959553 -15.192542 -84.468055
-0.959553 -15.192542 -84.468055
-0.959553 -15.192542 -84.468055
-0.980364 -15.195906 -84.509494
-0.980364 -15.195906 -84.509494
-0.980364 -15.195906 -84.509494
-0.980364 -15.195906 -84.509494
-0.980364 -15.195906 -84.509494
-0.980364 -15.195906 -84.509494
-0.980364 -15.195906 -84.509494
-0.980364 -15.195906 -84.509494
-0.975733 -15.191848 -84.471019
-0.975733 -15.191848 -84.471019
-0.975733 -15.191848 -84.471019
-0.975733 -15.191848 -84.471019
-0.975733 -15.191848 -84.471019
-0.975733 -15.191848 -84.471019
-0.975733 -15.191848 -84.471019
-0.975733 -15.191848 -84.471019
-0.975733 -15.191848 -84.471019
-0.975733 -15.191848 -84.471019
-0.975733 -15.191848 -84.471019
-0.984738 -15.199667 -84.471634
-0.984738 -15.199667 -84.471634
-0.984738 -15.199667 -84.471634
-0.984738 -15.199667 -84.471634
-0.984738 -15.199667 -84.471634
-0.984738 -15.199667 -84.471634
-0.984738 -15.199667 -84.471634
-0.984738 -15.199667 -84.471634
-0.984738 -15.199667 -84.471634
-0.994363 -15.201249 -84.486421
-0.994363 -15.201249 -84.486421
-0.994363 -15.201249 -84.486421
-0.994363 -15.201249 -84.486421
-0.994363 -15.201249 -84.486421
-0.994363 -15.201249 -84.486421
-0.994363 -15.201249 -84.486421
-0.994363 -15.201249 -84.486421
-0.994363 -15.201249 -84.486421
-0.977737 -15.191577 -84.402581
-0.977737 -15.191577 -84.402581
-0.977737 -15.191577 -84.402581
-0.977737 -15.191577 -84.402581
-0.977737 -15.191577 -84.402581
-0.977737 -15.191577 -84.402581
-0.977737 -15.191577 -84.402581
-0.977737 -15.191577 -84.402581
-0.977737 -15.191577 -84.402581
-0.977737 -15.191577 -84.402581
-0.993716 -15.189791 -84.431759
-0.993716 -15.189791 -84.431759
-0.993716 -15.189791 -84.431759
-0.993716 -15.189791 -84.431759
-0.993716 -15.189791 -84.431759
-0.993716 -15.189791 -84.431759
-0.993716 -15.189791 -84.431759
-0.993716 -15.189791 -84.431759
-1.003117 -15.187569 -84.461327
-1.003117 -15.187569 -84.461327
-1.003117 -15.187569 -84.461327
-1.003117 -15.187569 -84.461327
-1.003117 -15.187569 -84.461327
-1.003117 -15.187569 -84.461327
-1.003117 -15.187569 -84.461327
-1.003117 -15.187569 -84.461327
-1.003117 -15.187569 -84.461327
-1.003117 -15.187569 -84.461327
-1.002596 -15.189863 -84.486804
-1.002596 -15.189863 -84.486804
-1.002596 -15.189863 -84.486804
-1.002596 -15.189863 -84.486804
-1.002596 -15.189863 -84.486804
-1.002596 -15.189863 -84.486804
-1.002596 -15.189863 -84.486804
-1.002596 -15.189863 -84.486804
-1.002596 -15.189863 -84.486804
-0.994482 -15.184260 -84.486319
-0.994482 -15.184260 -84.486319
-0.994482 -15.184260 -84.486319
-0.994482 -15.184260 -84.486319
-0.994482 -15.184260 -84.486319
-0.994482 -15.184260 -84.486319
-0.994482 -15.184260 -84.486319
-0.994482 -15.184260 -84.486319
-0.994482 -15.184260 -84.486319
-0.994830 -15.187504 -84.510450
-0.994830 -15.187504 -84.510450
-0.994830 -15.187504 -84.510450
-0.994830 -15.187504 -84.510450
-0.994830 -15.187504 -84.510450
-0.994830 -15.187504 -84.510450
-0.994830 -15.187504 -84.510450
-0.994830 -15.187504 -84.510450
-0.994830 -15.187504 -84.510450
-0.988378 -15.182436 -84.511563
-0.988378 -15.182436 -84.511563
-0.988378 -15.182436 -84.511563
-0.988378 -15.182436 -84.511563
-0.988378 -15.182436 -84.511563
-0.988378 -15.182436 -84.511563
-0.988378 -15.182436 -84.511563
-0.988378 -15.182436 -84.511563
-0.988378 -15.182436 -84.511563
-0.997206 -15.177133 -84.531302
-0.997206 -15.177133 -84.531302
-0.997206 -15.177133 -84.531302
-0.997206 -15.177133 -84.531302
-0.997206 -15.177133 -84.531302
-0.997206 -15.177133 -84.531302
-0.997206 -15.177133 -84.531302
-0.997206 -15.177133 -84.531302
-0.997206 -15.177133 -84.531302
-0.996742 -15.178028 -84.547381
-0.996742 -15.178028 -84.547381
-0.996742 -15.178028 -84.547381
-0.996742 -15.178028 -84.547381
-0.996742 -15.178028 -84.547381
-0.996742 -15.178028 -84.547381
-0.996742 -15.178028 -84.547381
-0.996742 -15.178028 -84.547381
-0.984273 -15.180338 -84.520613
-0.984273 -15.180338 -84.520613
-0.984273 -15.180338 -84.520613
-0.984273 -15.180338 -84.520613
-0.984273 -15.180338 -84.520613
-0.984273 -15.180338 -84.520613
-0.984273 -15.180338 -84.520613
-0.984273 -15.180338 -84.520613
-0.984273 -15.180338 -84.520613
-0.962480 -15.186130 -84.474844
-0.962480 -15.186130 -84.474844
-0.962480 -15.186130 -84.474844
-0.962480 -15.186130 -84.474844
-0.962480 -15.186130 -84.474844
-0.962480 -15.186130 -84.474844
-0.962480 -15.186130 -84.474844
-0.962480 -15.186130 -84.474844
-0.988801 -15.181096 -84.506884
-0.988801 -15.181096 -84.506884
-0.988801 -15.181096 -84.506884
-0.988801 -15.181096 -84.506884
-0.988801 -15.181096 -84.506884
-0.988801 -15.181096 -84.506884
-0.988801 -15.181096 -84.506884
-0.988801 -15.181096 -84.506884
-0.988801 -15.181096 -84.506884
-0.976335 -15.181801 -84.509043
-0.976335 -15.181801 -84.509043
-0.976335 -15.181801 -84.509043
-0.976335 -15.181801 -84.509043
-0.976335 -15.181801 -84.509043
-0.976335 -15.181801 -84.509043
-0.976335 -15.181801 -84.509043
-0.976335 -15.181801 -84.509043
-0.976335 -15.181801 -84.509043
-0.976335 -15.181801 -84.509043
-0.991598 -15.181313 -84.550755
-0.991598 -15.181313 -84.550755
-0.991598 -15.181313 -84.550755
-0.991598 -15.181313 -84.550755
-0.991598 -15.181313 -84.550755
-0.991598 -15.181313 -84.550755
-0.991598 -15.181313 -84.550755
-0.991598 -15.181313 -84.550755
-0.996636 -15.178554 -84.557687
-0.996636 -15.178554 -84.557687
-0.996636 -15.178554 -84.557687
-0.996636 -15.178554 -84.557687
-0.996636 -15.178554 -84.557687
-0.996636 -15.178554 -84.557687
-0.996636 -15.178554 -84.557687
-0.996636 -15.178554 -84.557687
-0.998514 -15.181868 -84.561451
-0.998514 -15.181868 -84.561451
-0.998514 -15.181868 -84.561451
-0.998514 -15.181868 -84.561451
-0.998514 -15.181868 -84.561451
-0.998514 -15.181868 -84.561451
-0.998514 -15.181868 -84.561451
-0.998514 -15.181868 -84.561451
-0.998514 -15.181868 -84.561451
-0.997649 -15.178029 -84.523694
-0.997649 -15.178029 -84.523694
-0.997649 -15.178029 -84.523694
-0.997649 -15.178029 -84.523694
-0.997649 -15.178029 -84.523694
-0.997649 -15.178029 -84.523694
-0.997649 -15.178029 -84.523694
-0.979996 -15.177683 -84.502226
-0.979996 -15.177683 -84.502226
-0.979996 -15.177683 -84.502226
-0.979996 -15.177683 -84.502226
-0.979996 -15.177683 -84.502226
-0.979996 -15.177683 -84.502226
-0.979996 -15.177683 -84.502226
-0.979996 -15.177683 -84.502226
-0.979996 -15.177683 -84.502226
-0.951893 -15.175690 -84.367583
-0.951893 -15.175690 -84.367583
-0.951893 -15.175690 -84.367583
-0.951893 -15.175690 -84.367583
-0.951893 -15.175690 -84.367583
-0.951893 -15.175690 -84.367583
-0.951893 -15.175690 -84.367583
-0.951893 -15.175690 -84.367583
-0.951893 -15.175690 -84.367583
-0.950283 -15.173192 -84.346635
-0.950283 -15.173192 -84.346635
-0.950283 -15.173192 -84.346635
-0.950283 -15.173192 -84.346635
-0.950283 -15.173192 -84.346635
-0.950283 -15.173192 -84.346635
-0.950283 -15.173192 -84.346635
-0.950283 -15.173192 -84.346635
-0.950283 -15.173192 -84.346635
-0.985377 -15.176216 -84.390204
-0.985377 -15.176216 -84.390204
-0.985377 -15.176216 -84.390204
-0.985377 -15.176216 -84.390204
-0.985377 -15.176216 -84.390204
-0.985377 -15.176216 -84.390204
-0.985377 -15.176216 -84.390204
-0.985377 -15.176216 -84.390204
-0.985377 -15.176216 -84.390204
-0.985377 -15.176216 -84.390204
-0.953617 -15.177263 -84.260916
-0.953617 -15.177263 -84.260916
-0.953617 -15.177263 -84.260916
-0.953617 -15.177263 -84.260916
-0.953617 -15.177263 -84.260916
-0.953617 -15.177263 -84.260916
-0.953617 -15.177263 -84.260916
-0.953617 -15.177263 -84.260916
-0.953617 -15.177263 -84.260916
-0.979336 -15.177322 -84.317552
-0.979336 -15.177322 -84.317552
-0.979336 -15.177322 -84.317552
-0.979336 -15.177322 -84.317552
-0.979336 -15.177322 -84.317552
-0.979336 -15.177322 -84.317552
-0.979336 -15.177322 -84.317552
-0.979336 -15.177322 -84.317552
-0.989036 -15.177857 -84.356723
-0.989036 -15.177857 -84.356723
-0.989036 -15.177857 -84.356723
-0.989036 -15.177857 -84.356723
-0.989036 -15.177857 -84.356723
-0.989036 -15.177857 -84.356723
-0.989036 -15.177857 -84.356723
-0.989036 -15.177857 -84.356723
-0.973538 -15.178548 -84.302696
-0.973538 -15.178548 -84.302696
-0.973538 -15.178548 -84.302696
-0.973538 -15.178548 -84.302696
-0.973538 -15.178548 -84.302696
-0.973538 -15.178548 -84.302696
-0.973538 -15.178548 -84.302696
-0.973538 -15.178548 -84.302696
-0.973538 -15.178548 -84.302696
-0.973538 -15.178548 -84.302696
-0.985407 -15.181019 -84.315325
-0.985407 -15.181019 -84.315325
-0.985407 -15.181019 -84.315325
-0.985407 -15.181019 -84.315325
-0.985407 -15.181019 -84.315325
-0.985407 -15.181019 -84.315325
-0.985407 -15.181019 -84.315325
-0.985407 -15.181019 -84.315325
-0.985407 -15.181019 -84.315325
-0.992072 -15.187609 -84.327578
-0.992072 -15.187609 -84.327578
-0.992072 -15.187609 -84.327578
-0.992072 -15.187609 -84.327578
-0.992072 -15.187609 -84.327578
-0.992072 -15.187609 -84.327578
-0.992072 -15.187609 -84.327578
-0.992072 -15.187609 -84.327578
-0.992072 -15.187609 -84.327578
-0.984683 -15.178912 -84.365117
-0.984683 -15.178912 -84.365117
-0.984683 -15.178912 -84.365117
-0.984683 -15.178912 -84.365117
-0.984683 -15.178912 -84.365117
-0.984683 -15.178912 -84.365117
-0.984683 -15.178912 -84.365117
-0.984683 -15.178912 -84.365117
-0.984683 -15.178912 -84.365117
-0.992995 -15.180213 -84.374898
-0.992995 -15.180213 -84.374898
-0.992995 -15.180213 -84.374898
-0.992995 -15.180213 -84.374898
-0.992995 -15.180213 -84.374898
-0.992995 -15.180213 -84.374898
-0.992995 -15.180213 -84.374898
-0.992995 -15.180213 -84.374898
-0.992995 -15.180213 -84.374898
-0.998469 -15.181642 -84.415107
-0.998469 -15.181642 -84.415107
-0.998469 -15.181642 -84.415107
-0.998469 -15.181642 -84.415107
-0.998469 -15.181642 -84.415107
-0.998469 -15.181642 -84.415107
-0.998469 -15.181642 -84.415107
-0.998469 -15.181642 -84.415107
-0.998469 -15.181642 -84.415107
-0.998207 -15.179400 -84.434676
-0.998207 -15.179400 -84.434676
-0.998207 -15.179400 -84.434676
-0.998207 -15.179400 -84.434676
-0.998207 -15.179400 -84.434676
-0.998207 -15.179400 -84.434676
-0.998207 -15.179400 -84.434676
-0.998207 -15.179400 -84.434676
-0.998207 -15.179400 -84.434676
-0.984516 -15.187161 -84.431008
-0.984516 -15.187161 -84.431008
-0.984516 -15.187161 -84.431008
-0.984516 -15.187161 -84.431008
-0.984516 -15.187161 -84.431008
-0.984516 -15.187161 -84.431008
-0.984516 -15.187161 -84.431008
-0.984516 -15.187161 -84.431008
-0.984516 -15.187161 -84.431008
-0.980024 -15.188599 -84.437087
-0.980024 -15.188599 -84.437087
-0.980024 -15.188599 -84.437087
-0.980024 -15.188599 -84.437087
-0.980024 -15.188599 -84.437087
-0.980024 -15.188599 -84.437087
-0.980024 -15.188599 -84.437087
-0.980024 -15.188599 -84.437087
-0.980024 -15.188599 -84.437087
-0.942927 -15.174291 -84.144570
-0.942927 -15.174291 -84.144570
-0.942927 -15.174291 -84.144570
-0.942927 -15.174291 -84.144570
-0.942927 -15.174291 -84.144570
-0.942927 -15.174291 -84.144570
-0.942927 -15.174291 -84.144570
-0.942927 -15.174291 -84.144570
-1.468462 -32.704158 -82.166575
-1.468462 -32.704158 -82.166575
-1.468462 -32.704158 -82.166575
-1.468462 -32.704158 -82.166575
-1.468462 -32.704158 -82.166575
-1.468462 -32.704158 -82.166575
-1.468462 -32.704158 -82.166575
-1.468462 -32.704158 -82.166575
-1.468462 -32.704158 -82.166575
-1.145234 -42.456593 -81.106031
-1.145234 -42.456593 -81.106031
-1.145234 -42.456593 -81.106031
-1.145234 -42.456593 -81.106031
-1.145234 -42.456593 -81.106031
-1.145234 -42.456593 -81.106031
-1.145234 -42.456593 -81.106031
-1.145234 -42.456593 -81.106031
-1.145234 -42.456593 -81.106031
-0.790092 -44.830561 -80.590761
-0.790092 -44.830561 -80.590761
-0.790092 -44.830561 -80.590761
-0.790092 -44.830561 -80.590761
-0.790092 -44.830561 -80.590761
-0.790092 -44.830561 -80.590761
-0.790092 -44.830561 -80.590761
-0.790092 -44.830561 -80.590761
-0.790092 -44.830561 -80.590761
-0.663206 -39.698122 -80.429330
-0.663206 -39.698122 -80.429330
-0.663206 -39.698122 -80.429330
-0.663206 -39.698122 -80.429330
-0.663206 -39.698122 -80.429330
-0.663206 -39.698122 -80.429330
-0.663206 -39.698122 -80.429330
-0.663206 -39.698122 -80.429330
-0.663206 -39.698122 -80.429330
-0.841093 -34.299646 -80.417432
-0.841093 -34.299646 -80.417432
-0.841093 -34.299646 -80.417432
-0.841093 -34.299646 -80.417432
-0.841093 -34.299646 -80.417432
-0.841093 -34.299646 -80.417432
