-1.229165 -15.472463 -91.638107
-1.229165 -15.472463 -91.638107
-1.229165 -15.472463 -91.638107
-1.229165 -15.472463 -91.638107
-1.215885 -15.491731 -91.646413
-1.215885 -15.491731 -91.646413
-1.215885 -15.491731 -91.646413
-1.215885 -15.491731 -91.646413
-1.215885 -15.491731 -91.646413
-1.215885 -15.491731 -91.646413
-1.215885 -15.491731 -91.646413
-1.215885 -15.491731 -91.646413
-1.215885 -15.491731 -91.646413
-1.215885 -15.491731 -91.646413
-1.215885 -15.491731 -91.646413
-1.198632 -15.491998 -91.654117
-1.198632 -15.491998 -91.654117
-1.198632 -15.491998 -91.654117
-1.198632 -15.491998 -91.654117
-1.198632 -15.491998 -91.654117
-1.198632 -15.491998 -91.654117
-1.198632 -15.491998 -91.654117
-1.198632 -15.491998 -91.654117
-1.198632 -15.491998 -91.654117
-1.198632 -15.491998 -91.654117
-1.198632 -15.491998 -91.654117
-1.198632 -15.491998 -91.654117
-1.201145 -15.486143 -91.695624
-1.201145 -15.486143 -91.695624
-1.201145 -15.486143 -91.695624
-1.201145 -15.486143 -91.695624
-1.201145 -15.486143 -91.695624
-1.201145 -15.486143 -91.695624
-1.201145 -15.486143 -91.695624
-1.201145 -15.486143 -91.695624
-1.201145 -15.486143 -91.695624
-1.202417 -15.483839 -91.703711
-1.202417 -15.483839 -91.703711
-1.202417 -15.483839 -91.703711
-1.202417 -15.483839 -91.703711
-1.202417 -15.483839 -91.703711
-1.202417 -15.483839 -91.703711
-1.202417 -15.483839 -91.703711
-1.202417 -15.483839 -91.703711
-1.202417 -15.483839 -91.703711
-1.202417 -15.483839 -91.703711
-1.208632 -15.488523 -91.719475
-1.208632 -15.488523 -91.719475
-1.208632 -15.488523 -91.719475
-1.208632 -15.488523 -91.719475
-1.208632 -15.488523 -91.719475
-1.208632 -15.488523 -91.719475
-1.208632 -15.488523 -91.719475
-1.208632 -15.488523 -91.719475
-1.208632 -15.488523 -91.719475
-1.116032 -15.486414 -91.156497
-1.116032 -15.486414 -91.156497
-1.116032 -15.486414 -91.156497
-1.116032 -15.486414 -91.156497
-1.116032 -15.486414 -91.156497
-1.116032 -15.486414 -91.156497
-1.116032 -15.486414 -91.156497
-1.116032 -15.486414 -91.156497
-1.116032 -15.486414 -91.156497
-1.116032 -15.486414 -91.156497
-0.590470 -14.805169 -88.924371
-0.590470 -14.805169 -88.924371
-0.590470 -14.805169 -88.924371
-0.590470 -14.805169 -88.924371
-0.590470 -14.805169 -88.924371
-0.590470 -14.805169 -88.924371
-0.590470 -14.805169 -88.924371
-0.590470 -14.805169 -88.924371
-0.590470 -14.805169 -88.924371
-0.590470 -14.805169 -88.924371
-1.556241 -15.520246 -90.030889
-1.556241 -15.520246 -90.030889
-1.556241 -15.520246 -90.030889
-1.556241 -15.520246 -90.030889
-1.556241 -15.520246 -90.030889
-1.556241 -15.520246 -90.030889
-1.556241 -15.520246 -90.030889
-1.556241 -15.520246 -90.030889
-1.556241 -15.520246 -90.030889
-1.556241 -15.520246 -90.030889
-1.741092 -15.494189 -91.366901
-1.741092 -15.494189 -91.366901
-1.741092 -15.494189 -91.366901
-1.741092 -15.494189 -91.366901
-1.741092 -15.494189 -91.366901
-1.741092 -15.494189 -91.366901
-1.741092 -15.494189 -91.366901
-1.741092 -15.494189 -91.366901
-1.741092 -15.494189 -91.366901
-1.741092 -15.494189 -91.366901
-1.798874 -15.489126 -92.478910
-1.798874 -15.489126 -92.478910
-1.798874 -15.489126 -92.478910
-1.798874 -15.489126 -92.478910
-1.798874 -15.489126 -92.478910
-1.798874 -15.489126 -92.478910
-1.798874 -15.489126 -92.478910
-1.798874 -15.489126 -92.478910
-1.798874 -15.489126 -92.478910
-1.685771 -15.494320 -93.018830
-1.685771 -15.494320 -93.018830
-1.685771 -15.494320 -93.018830
-1.685771 -15.494320 -93.018830
-1.685771 -15.494320 -93.018830
-1.685771 -15.494320 -93.018830
-1.685771 -15.494320 -93.018830
-1.685771 -15.494320 -93.018830
-1.685771 -15.494320 -93.018830
-1.685771 -15.494320 -93.018830
-1.685771 -15.494320 -93.018830
-1.603104 -15.494112 -93.484000
-1.603104 -15.494112 -93.484000
-1.603104 -15.494112 -93.484000
-1.603104 -15.494112 -93.484000
-1.603104 -15.494112 -93.484000
-1.603104 -15.494112 -93.484000
-1.603104 -15.494112 -93.484000
-1.603104 -15.494112 -93.484000
-1.603104 -15.494112 -93.484000
-1.603104 -15.494112 -93.484000
-1.431627 -15.419523 -93.831944
-1.431627 -15.419523 -93.831944
-1.431627 -15.419523 -93.831944
-1.431627 -15.419523 -93.831944
-1.431627 -15.419523 -93.831944
-1.431627 -15.419523 -93.831944
-1.431627 -15.419523 -93.831944
-1.431627 -15.419523 -93.831944
-1.431627 -15.419523 -93.831944
-1.431627 -15.419523 -93.831944
-1.420569 -15.519148 -93.763075
-1.420569 -15.519148 -93.763075
-1.420569 -15.519148 -93.763075
-1.420569 -15.519148 -93.763075
-1.420569 -15.519148 -93.763075
-1.420569 -15.519148 -93.763075
-1.420569 -15.519148 -93.763075
-1.420569 -15.519148 -93.763075
-1.420569 -15.519148 -93.763075
-1.420569 -15.519148 -93.763075
-1.420569 -15.519148 -93.763075
-1.450585 -15.544708 -94.224837
-1.450585 -15.544708 -94.224837
-1.450585 -15.544708 -94.224837
-1.450585 -15.544708 -94.224837
-1.450585 -15.544708 -94.224837
-1.450585 -15.544708 -94.224837
-1.450585 -15.544708 -94.224837
-1.450585 -15.544708 -94.224837
-1.450585 -15.544708 -94.224837
-1.461709 -15.559786 -94.622354
-1.461709 -15.559786 -94.622354
-1.461709 -15.559786 -94.622354
-1.461709 -15.559786 -94.622354
-1.461709 -15.559786 -94.622354
-1.461709 -15.559786 -94.622354
-1.461709 -15.559786 -94.622354
-1.461709 -15.559786 -94.622354
-1.461709 -15.559786 -94.622354
-1.461709 -15.559786 -94.622354
-1.461709 -15.559786 -94.622354
-1.404148 -15.565586 -94.873431
-1.404148 -15.565586 -94.873431
-1.404148 -15.565586 -94.873431
-1.404148 -15.565586 -94.873431
-1.404148 -15.565586 -94.873431
-1.404148 -15.565586 -94.873431
-1.404148 -15.565586 -94.873431
-1.404148 -15.565586 -94.873431
-1.404148 -15.565586 -94.873431
-1.404148 -15.565586 -94.873431
11.142833 -10.271498 -95.691319
11.142833 -10.271498 -95.691319
11.142833 -10.271498 -95.691319
11.142833 -10.271498 -95.691319
11.142833 -10.271498 -95.691319
11.142833 -10.271498 -95.691319
11.142833 -10.271498 -95.691319
11.142833 -10.271498 -95.691319
11.142833 -10.271498 -95.691319
11.142833 -10.271498 -95.691319
-13.229986 14.827016 -119.782462
-13.229986 14.827016 -119.782462
-13.229986 14.827016 -119.782462
-13.229986 14.827016 -119.782462
-13.229986 14.827016 -119.782462
-13.229986 14.827016 -119.782462
-13.229986 14.827016 -119.782462
-13.229986 14.827016 -119.782462
-13.229986 14.827016 -119.782462
-13.229986 14.827016 -119.782462
-3.265862 9.129342 -133.705133
-3.265862 9.129342 -133.705133
-3.265862 9.129342 -133.705133
-3.265862 9.129342 -133.705133
-3.265862 9.129342 -133.705133
-3.265862 9.129342 -133.705133
-3.265862 9.129342 -133.705133
-3.265862 9.129342 -133.705133
-3.265862 9.129342 -133.705133
1.356124 5.191678 -147.308411
1.356124 5.191678 -147.308411
1.356124 5.191678 -147.308411
1.356124 5.191678 -147.308411
1.356124 5.191678 -147.308411
1.356124 5.191678 -147.308411
1.356124 5.191678 -147.308411
1.356124 5.191678 -147.308411
1.356124 5.191678 -147.308411
1.356124 5.191678 -147.308411
1.356124 5.191678 -147.308411
-1.323543 8.922275 -159.790213
-1.323543 8.922275 -159.790213
-1.323543 8.922275 -159.790213
-1.323543 8.922275 -159.790213
-1.323543 8.922275 -159.790213
-1.323543 8.922275 -159.790213
-1.323543 8.922275 -159.790213
-1.323543 8.922275 -159.790213
-1.323543 8.922275 -159.790213
-1.323543 8.922275 -159.790213
-0.399070 6.441980 -168.532186
-0.399070 6.441980 -168.532186
-0.399070 6.441980 -168.532186
-0.399070 6.441980 -168.532186
-0.399070 6.441980 -168.532186
-0.399070 6.441980 -168.532186
-0.399070 6.441980 -168.532186
-0.399070 6.441980 -168.532186
-0.399070 6.441980 -168.532186
-0.399070 6.441980 -168.532186
-0.399070 6.441980 -168.532186
-0.058173 9.967223 -174.797792
-0.058173 9.967223 -174.797792
-0.058173 9.967223 -174.797792
-0.058173 9.967223 -174.797792
-0.058173 9.967223 -174.797792
-0.058173 9.967223 -174.797792
-0.058173 9.967223 -174.797792
-0.058173 9.967223 -174.797792
-0.058173 9.967223 -174.797792
-0.058173 9.967223 -174.797792
-0.058173 9.967223 -174.797792
1.248559 9.398467 179.925051
1.248559 9.398467 179.925051
1.248559 9.398467 179.925051
1.248559 9.398467 179.925051
1.248559 9.398467 179.925051
1.248559 9.398467 179.925051
1.248559 9.398467 179.925051
1.248559 9.398467 179.925051
1.248559 9.398467 179.925051
1.248559 9.398467 179.925051
0.039349 12.780982 179.533544
0.039349 12.780982 179.533544
0.039349 12.780982 179.533544
0.039349 12.780982 179.533544
0.039349 12.780982 179.533544
0.039349 12.780982 179.533544
0.039349 12.780982 179.533544
0.039349 12.780982 179.533544
0.039349 12.780982 179.533544
0.039349 12.780982 179.533544
0.039349 12.780982 179.533544
0.399190 16.801039 178.807482
0.399190 16.801039 178.807482
0.399190 16.801039 178.807482
0.399190 16.801039 178.807482
0.399190 16.801039 178.807482
0.399190 16.801039 178.807482
0.399190 16.801039 178.807482
0.399190 16.801039 178.807482
0.399190 16.801039 178.807482
0.473865 14.576209 178.403448
0.473865 14.576209 178.403448
0.473865 14.576209 178.403448
0.473865 14.576209 178.403448
0.473865 14.576209 178.403448
0.473865 14.576209 178.403448
0.473865 14.576209 178.403448
0.473865 14.576209 178.403448
0.473865 14.576209 178.403448
0.473865 14.576209 178.403448
0.473865 14.576209 178.403448
-0.409507 14.750101 178.860142
-0.409507 14.750101 178.860142
-0.409507 14.750101 178.860142
-0.409507 14.750101 178.860142
-0.409507 14.750101 178.860142
-0.409507 14.750101 178.860142
-0.409507 14.750101 178.860142
-0.409507 14.750101 178.860142
-0.409507 14.750101 178.860142
-0.409507 14.750101 178.860142
-0.409507 14.750101 178.860142
-4.734591 14.892027 179.868210
-4.734591 14.892027 179.868210
-4.734591 14.892027 179.868210
-4.734591 14.892027 179.868210
-4.734591 14.892027 179.868210
-4.734591 14.892027 179.868210
-4.734591 14.892027 179.868210
-4.734591 14.892027 179.868210
-4.734591 14.892027 179.868210
-2.630069 7.539988 176.149568
-2.630069 7.539988 176.149568
-2.630069 7.539988 176.149568
-2.630069 7.539988 176.149568
-2.630069 7.539988 176.149568
-2.630069 7.539988 176.149568
-2.630069 7.539988 176.149568
-2.630069 7.539988 176.149568
-2.630069 7.539988 176.149568
-2.630069 7.539988 176.149568
-2.630069 7.539988 176.149568
-4.392504 7.400141 172.874287
-4.392504 7.400141 172.874287
-4.392504 7.400141 172.874287
-4.392504 7.400141 172.874287
-4.392504 7.400141 172.874287
-4.392504 7.400141 172.874287
-4.392504 7.400141 172.874287
-4.392504 7.400141 172.874287
-4.392504 7.400141 172.874287
-4.392504 7.400141 172.874287
-3.532631 7.098424 173.361321
-3.532631 7.098424 173.361321
-3.532631 7.098424 173.361321
-3.532631 7.098424 173.361321
-3.532631 7.098424 173.361321
-3.532631 7.098424 173.361321
-3.532631 7.098424 173.361321
-3.532631 7.098424 173.361321
-3.532631 7.098424 173.361321
-3.532631 7.098424 173.361321
-4.129415 10.561119 171.817766
-4.129415 10.561119 171.817766
-4.129415 10.561119 171.817766
-4.129415 10.561119 171.817766
-4.129415 10.561119 171.817766
-4.129415 10.561119 171.817766
-4.129415 10.561119 171.817766
-4.129415 10.561119 171.817766
-4.129415 10.561119 171.817766
-4.129415 10.561119 171.817766
-4.129415 10.561119 171.817766
-4.647510 10.165687 174.278506
-4.647510 10.165687 174.278506
-4.647510 10.165687 174.278506
-4.647510 10.165687 174.278506
-4.647510 10.165687 174.278506
-4.647510 10.165687 174.278506
-4.647510 10.165687 174.278506
-4.647510 10.165687 174.278506
-4.647510 10.165687 174.278506
-4.647510 10.165687 174.278506
-5.037498 8.727030 176.183350
-5.037498 8.727030 176.183350
-5.037498 8.727030 176.183350
-5.037498 8.727030 176.183350
-5.037498 8.727030 176.183350
-5.037498 8.727030 176.183350
-5.037498 8.727030 176.183350
-5.037498 8.727030 176.183350
-5.037498 8.727030 176.183350
-5.037498 8.727030 176.183350
-6.335225 9.494672 176.084463
-6.335225 9.494672 176.084463
-6.335225 9.494672 176.084463
-6.335225 9.494672 176.084463
-6.335225 9.494672 176.084463
-6.335225 9.494672 176.084463
-6.335225 9.494672 176.084463
-6.335225 9.494672 176.084463
-6.335225 9.494672 176.084463
-6.335225 9.494672 176.084463
-6.851061 8.598596 175.613617
-6.851061 8.598596 175.613617
-6.851061 8.598596 175.613617
-6.851061 8.598596 175.613617
-6.851061 8.598596 175.613617
-6.851061 8.598596 175.613617
-6.851061 8.598596 175.613617
-6.851061 8.598596 175.613617
-6.851061 8.598596 175.613617
-6.851061 8.598596 175.613617
-11.174319 5.074857 176.350635
-11.174319 5.074857 176.350635
-11.174319 5.074857 176.350635
-11.174319 5.074857 176.350635
-11.174319 5.074857 176.350635
-11.174319 5.074857 176.350635
-11.174319 5.074857 176.350635
-11.174319 5.074857 176.350635
-11.174319 5.074857 176.350635
-11.174319 5.074857 176.350635
-11.174319 5.074857 176.350635
-12.831049 3.024754 177.959117
-12.831049 3.024754 177.959117
-12.831049 3.024754 177.959117
-12.831049 3.024754 177.959117
-12.831049 3.024754 177.959117
-12.831049 3.024754 177.959117
-12.831049 3.024754 177.959117
-12.831049 3.024754 177.959117
-12.831049 3.024754 177.959117
-12.831049 3.024754 177.959117
-9.075862 4.097463 173.987636
-9.075862 4.097463 173.987636
-9.075862 4.097463 173.987636
-9.075862 4.097463 173.987636
-9.075862 4.097463 173.987636
-9.075862 4.097463 173.987636
-9.075862 4.097463 173.987636
-9.075862 4.097463 173.987636
-9.075862 4.097463 173.987636
-9.075862 4.097463 173.987636
-9.312812 -0.709633 173.082772
-9.312812 -0.709633 173.082772
-9.312812 -0.709633 173.082772
-9.312812 -0.709633 173.082772
-9.312812 -0.709633 173.082772
-9.312812 -0.709633 173.082772
-9.312812 -0.709633 173.082772
-9.312812 -0.709633 173.082772
-9.312812 -0.709633 173.082772
-9.312812 -0.709633 173.082772
-11.904834 -1.287382 166.208282
-11.904834 -1.287382 166.208282
-11.904834 -1.287382 166.208282
-11.904834 -1.287382 166.208282
-11.904834 -1.287382 166.208282
-11.904834 -1.287382 166.208282
-11.904834 -1.287382 166.208282
-11.904834 -1.287382 166.208282
-11.904834 -1.287382 166.208282
-11.904834 -1.287382 166.208282
-10.484205 1.826797 162.821506
-10.484205 1.826797 162.821506
-10.484205 1.826797 162.821506
-10.484205 1.826797 162.821506
-10.484205 1.826797 162.821506
-10.484205 1.826797 162.821506
-10.484205 1.826797 162.821506
-10.484205 1.826797 162.821506
-10.484205 1.826797 162.821506
-10.484205 1.826797 162.821506
-5.425878 6.909360 157.239288
-5.425878 6.909360 157.239288
-5.425878 6.909360 157.239288
-5.425878 6.909360 157.239288
-5.425878 6.909360 157.239288
-5.425878 6.909360 157.239288
-5.425878 6.909360 157.239288
-5.425878 6.909360 157.239288
-5.425878 6.909360 157.239288
-5.034216 6.933439 154.709522
-5.034216 6.933439 154.709522
-5.034216 6.933439 154.709522
-5.034216 6.933439 154.709522
-5.034216 6.933439 154.709522
-5.034216 6.933439 154.709522
-5.034216 6.933439 154.709522
-5.034216 6.933439 154.709522
-5.034216 6.933439 154.709522
-5.034216 6.933439 154.709522
-5.034216 6.933439 154.709522
-3.331784 8.933355 154.522894
-3.331784 8.933355 154.522894
-3.331784 8.933355 154.522894
-3.331784 8.933355 154.522894
-3.331784 8.933355 154.522894
-3.331784 8.933355 154.522894
-3.331784 8.933355 154.522894
-3.331784 8.933355 154.522894
-3.331784 8.933355 154.522894
-3.331784 8.933355 154.522894
-3.160522 12.877897 155.770346
-3.160522 12.877897 155.770346
-3.160522 12.877897 155.770346
-3.160522 12.877897 155.770346
-3.160522 12.877897 155.770346
-3.160522 12.877897 155.770346
-3.160522 12.877897 155.770346
-3.160522 12.877897 155.770346
-3.160522 12.877897 155.770346
-3.160522 12.877897 155.770346
-5.242737 13.524295 156.926506
-5.242737 13.524295 156.926506
-5.242737 13.524295 156.926506
-5.242737 13.524295 156.926506
-5.242737 13.524295 156.926506
-5.242737 13.524295 156.926506
-5.242737 13.524295 156.926506
-5.242737 13.524295 156.926506
-5.242737 13.524295 156.926506
-5.242737 13.524295 156.926506
-5.242737 13.524295 156.926506
-7.430919 10.892792 156.309125
-7.430919 10.892792 156.309125
-7.430919 10.892792 156.309125
-7.430919 10.892792 156.309125
-7.430919 10.892792 156.309125
-7.430919 10.892792 156.309125
-7.430919 10.892792 156.309125
-7.430919 10.892792 156.309125
-7.430919 10.892792 156.309125
-7.430919 10.892792 156.309125
-7.599243 9.596789 155.285007
-7.599243 9.596789 155.285007
-7.599243 9.596789 155.285007
-7.599243 9.596789 155.285007
-7.599243 9.596789 155.285007
-7.599243 9.596789 155.285007
-7.599243 9.596789 155.285007
-7.599243 9.596789 155.285007
-7.599243 9.596789 155.285007
-7.599243 9.596789 155.285007
-7.599243 9.596789 155.285007
-6.977378 7.472216 154.437216
-6.977378 7.472216 154.437216
-6.977378 7.472216 154.437216
-6.977378 7.472216 154.437216
-6.977378 7.472216 154.437216
-6.977378 7.472216 154.437216
-6.977378 7.472216 154.437216
-6.977378 7.472216 154.437216
-6.977378 7.472216 154.437216
-6.977378 7.472216 154.437216
-6.977378 7.472216 154.437216
-5.510942 5.361509 154.684264
-5.510942 5.361509 154.684264
-5.510942 5.361509 154.684264
-5.510942 5.361509 154.684264
-5.510942 5.361509 154.684264
-5.510942 5.361509 154.684264
-5.510942 5.361509 154.684264
-5.510942 5.361509 154.684264
-5.510942 5.361509 154.684264
-5.510942 5.361509 154.684264
-5.510942 5.361509 154.684264
-3.972847 6.977243 152.863336
-3.972847 6.977243 152.863336
-3.972847 6.977243 152.863336
-3.972847 6.977243 152.863336
-3.972847 6.977243 152.863336
-3.972847 6.977243 152.863336
-3.972847 6.977243 152.863336
-3.972847 6.977243 152.863336
-3.972847 6.977243 152.863336
-3.972847 6.977243 152.863336
-3.972847 6.977243 152.863336
-12.524061 4.607616 160.382445
-12.524061 4.607616 160.382445
-12.524061 4.607616 160.382445
-12.524061 4.607616 160.382445
-12.524061 4.607616 160.382445
-12.524061 4.607616 160.382445
-12.524061 4.607616 160.382445
-12.524061 4.607616 160.382445
-12.524061 4.607616 160.382445
-12.524061 4.607616 160.382445
-13.197327 4.093534 167.051947
-13.197327 4.093534 167.051947
-13.197327 4.093534 167.051947
-13.197327 4.093534 167.051947
-13.197327 4.093534 167.051947
-13.197327 4.093534 167.051947
-13.197327 4.093534 167.051947
-13.197327 4.093534 167.051947
-13.197327 4.093534 167.051947
-13.197327 4.093534 167.051947
-3.262474 15.011572 -156.946997
-3.262474 15.011572 -156.946997
-3.262474 15.011572 -156.946997
-3.262474 15.011572 -156.946997
-3.262474 15.011572 -156.946997
-3.262474 15.011572 -156.946997
-3.262474 15.011572 -156.946997
-3.262474 15.011572 -156.946997
-3.262474 15.011572 -156.946997
-3.262474 15.011572 -156.946997
-3.085580 -1.407860 -129.271248
-3.085580 -1.407860 -129.271248
-3.085580 -1.407860 -129.271248
-3.085580 -1.407860 -129.271248
-3.085580 -1.407860 -129.271248
-3.085580 -1.407860 -129.271248
-3.085580 -1.407860 -129.271248
-3.085580 -1.407860 -129.271248
-3.085580 -1.407860 -129.271248
-3.085580 -1.407860 -129.271248
-3.085580 -1.407860 -129.271248
-2.291093 2.455222 -118.173570
-2.291093 2.455222 -118.173570
-2.291093 2.455222 -118.173570
-2.291093 2.455222 -118.173570
-2.291093 2.455222 -118.173570
-2.291093 2.455222 -118.173570
-2.291093 2.455222 -118.173570
-2.291093 2.455222 -118.173570
-2.291093 2.455222 -118.173570
-2.291093 2.455222 -118.173570
-7.358446 2.887421 -114.293148
-7.358446 2.887421 -114.293148
-7.358446 2.887421 -114.293148
-7.358446 2.887421 -114.293148
-7.358446 2.887421 -114.293148
-7.358446 2.887421 -114.293148
-7.358446 2.887421 -114.293148
-7.358446 2.887421 -114.293148
-7.358446 2.887421 -114.293148
-7.358446 2.887421 -114.293148
-7.531389 2.211587 -115.463569
-7.531389 2.211587 -115.463569
-7.531389 2.211587 -115.463569
-7.531389 2.211587 -115.463569
-7.531389 2.211587 -115.463569
-7.531389 2.211587 -115.463569
-7.531389 2.211587 -115.463569
-7.531389 2.211587 -115.463569
-7.531389 2.211587 -115.463569
-7.531389 2.211587 -115.463569
-7.531389 2.211587 -115.463569
-7.163958 2.702952 -114.769363
-7.163958 2.702952 -114.769363
-7.163958 2.702952 -114.769363
-7.163958 2.702952 -114.769363
-7.163958 2.702952 -114.769363
-7.163958 2.702952 -114.769363
-7.163958 2.702952 -114.769363
-7.163958 2.702952 -114.769363
-7.163958 2.702952 -114.769363
-7.163958 2.702952 -114.769363
1.126177 0.526888 -107.500880
1.126177 0.526888 -107.500880
1.126177 0.526888 -107.500880
1.126177 0.526888 -107.500880
1.126177 0.526888 -107.500880
1.126177 0.526888 -107.500880
1.126177 0.526888 -107.500880
1.126177 0.526888 -107.500880
1.126177 0.526888 -107.500880
1.126177 0.526888 -107.500880
1.126177 0.526888 -107.500880
0.018126 2.400924 -106.018231
0.018126 2.400924 -106.018231
0.018126 2.400924 -106.018231
0.018126 2.400924 -106.018231
0.018126 2.400924 -106.018231
0.018126 2.400924 -106.018231
0.018126 2.400924 -106.018231
0.018126 2.400924 -106.018231
0.018126 2.400924 -106.018231
0.018126 2.400924 -106.018231
0.018126 2.400924 -106.018231
-0.853526 0.112476 -108.550127
-0.853526 0.112476 -108.550127
-0.853526 0.112476 -108.550127
-0.853526 0.112476 -108.550127
-0.853526 0.112476 -108.550127
-0.853526 0.112476 -108.550127
-0.853526 0.112476 -108.550127
-0.853526 0.112476 -108.550127
-0.853526 0.112476 -108.550127
-0.853526 0.112476 -108.550127
-0.070335 -2.017229 -112.264104
-0.070335 -2.017229 -112.264104
-0.070335 -2.017229 -112.264104
-0.070335 -2.017229 -112.264104
-0.070335 -2.017229 -112.264104
-0.070335 -2.017229 -112.264104
-0.070335 -2.017229 -112.264104
-0.070335 -2.017229 -112.264104
-0.070335 -2.017229 -112.264104
-0.070335 -2.017229 -112.264104
-0.070335 -2.017229 -112.264104
-0.560674 -3.433531 -118.766745
-0.560674 -3.433531 -118.766745
-0.560674 -3.433531 -118.766745
-0.560674 -3.433531 -118.766745
-0.560674 -3.433531 -118.766745
-0.560674 -3.433531 -118.766745
-0.560674 -3.433531 -118.766745
-0.560674 -3.433531 -118.766745
-0.560674 -3.433531 -118.766745
-0.289436 -3.804036 -121.459588
-0.289436 -3.804036 -121.459588
-0.289436 -3.804036 -121.459588
-0.289436 -3.804036 -121.459588
-0.289436 -3.804036 -121.459588
-0.289436 -3.804036 -121.459588
-0.289436 -3.804036 -121.459588
-0.289436 -3.804036 -121.459588
-0.289436 -3.804036 -121.459588
-0.289436 -3.804036 -121.459588
-0.289436 -3.804036 -121.459588
-1.527468 -3.627010 -123.206777
-1.527468 -3.627010 -123.206777
-1.527468 -3.627010 -123.206777
-1.527468 -3.627010 -123.206777
-1.527468 -3.627010 -123.206777
-1.527468 -3.627010 -123.206777
-1.527468 -3.627010 -123.206777
-1.527468 -3.627010 -123.206777
-1.527468 -3.627010 -123.206777
-1.527468 -3.627010 -123.206777
-1.527468 -3.627010 -123.206777
-1.940378 -2.987100 -122.734128
-1.940378 -2.987100 -122.734128
-1.940378 -2.987100 -122.734128
-1.940378 -2.987100 -122.734128
-1.940378 -2.987100 -122.734128
-1.940378 -2.987100 -122.734128
-1.940378 -2.987100 -122.734128
-1.940378 -2.987100 -122.734128
-1.940378 -2.987100 -122.734128
-1.940378 -2.987100 -122.734128
-1.931425 -2.567546 -123.978753
-1.931425 -2.567546 -123.978753
-1.931425 -2.567546 -123.978753
-1.931425 -2.567546 -123.978753
-1.931425 -2.567546 -123.978753
-1.931425 -2.567546 -123.978753
-1.931425 -2.567546 -123.978753
-1.931425 -2.567546 -123.978753
-1.931425 -2.567546 -123.978753
-1.931425 -2.567546 -123.978753
-1.931425 -2.567546 -123.978753
-1.931425 -2.567546 -123.978753
-1.395183 -2.536649 -124.649040
-1.395183 -2.536649 -124.649040
-1.395183 -2.536649 -124.649040
-1.395183 -2.536649 -124.649040
-1.395183 -2.536649 -124.649040
-1.395183 -2.536649 -124.649040
-1.395183 -2.536649 -124.649040
-1.395183 -2.536649 -124.649040
-1.395183 -2.536649 -124.649040
-1.395183 -2.536649 -124.649040
-1.395183 -2.536649 -124.649040
-1.004184 -2.676612 -125.262992
-1.004184 -2.676612 -125.262992
-1.004184 -2.676612 -125.262992
-1.004184 -2.676612 -125.262992
-1.004184 -2.676612 -125.262992
-1.004184 -2.676612 -125.262992
-1.004184 -2.676612 -125.262992
-1.004184 -2.676612 -125.262992
-1.004184 -2.676612 -125.262992
-1.004184 -2.676612 -125.262992
0.128296 -3.172003 -126.442334
0.128296 -3.172003 -126.442334
0.128296 -3.172003 -126.442334
0.128296 -3.172003 -126.442334
0.128296 -3.172003 -126.442334
0.128296 -3.172003 -126.442334
0.128296 -3.172003 -126.442334
0.128296 -3.172003 -126.442334
1.506785 -2.660058 -127.751257
1.506785 -2.660058 -127.751257
1.506785 -2.660058 -127.751257
1.506785 -2.660058 -127.751257
1.506785 -2.660058 -127.751257
1.506785 -2.660058 -127.751257
1.506785 -2.660058 -127.751257
1.506785 -2.660058 -127.751257
1.690149 -2.468574 -129.123087
1.690149 -2.468574 -129.123087
1.690149 -2.468574 -129.123087
1.690149 -2.468574 -129.123087
1.690149 -2.468574 -129.123087
1.690149 -2.468574 -129.123087
1.690149 -2.468574 -129.123087
1.690149 -2.468574 -129.123087
1.690149 -2.468574 -129.123087
2.839794 -2.899850 -129.086546
2.839794 -2.899850 -129.086546
2.839794 -2.899850 -129.086546
2.839794 -2.899850 -129.086546
2.839794 -2.899850 -129.086546
2.839794 -2.899850 -129.086546
2.839794 -2.899850 -129.086546
2.839794 -2.899850 -129.086546
2.839794 -2.899850 -129.086546
2.590596 -3.243516 -129.817827
2.590596 -3.243516 -129.817827
2.590596 -3.243516 -129.817827
2.590596 -3.243516 -129.817827
2.590596 -3.243516 -129.817827
2.590596 -3.243516 -129.817827
2.590596 -3.243516 -129.817827
2.590596 -3.243516 -129.817827
2.590596 -3.243516 -129.817827
2.590596 -3.243516 -129.817827
2.590596 -3.243516 -129.817827
2.417506 -3.537839 -130.721966
2.417506 -3.537839 -130.721966
2.417506 -3.537839 -130.721966
2.417506 -3.537839 -130.721966
2.417506 -3.537839 -130.721966
2.417506 -3.537839 -130.721966
2.417506 -3.537839 -130.721966
2.417506 -3.537839 -130.721966
2.417506 -3.537839 -130.721966
2.417506 -3.537839 -130.721966
2.417506 -3.537839 -130.721966
2.553567 -3.890015 -131.395436
2.553567 -3.890015 -131.395436
2.553567 -3.890015 -131.395436
2.553567 -3.890015 -131.395436
2.553567 -3.890015 -131.395436
2.553567 -3.890015 -131.395436
2.553567 -3.890015 -131.395436
2.553567 -3.890015 -131.395436
2.553567 -3.890015 -131.395436
2.553567 -3.890015 -131.395436
2.415421 -4.257093 -131.758324
2.415421 -4.257093 -131.758324
2.415421 -4.257093 -131.758324
2.415421 -4.257093 -131.758324
2.415421 -4.257093 -131.758324
2.415421 -4.257093 -131.758324
2.415421 -4.257093 -131.758324
2.415421 -4.257093 -131.758324
2.415421 -4.257093 -131.758324
2.415421 -4.257093 -131.758324
1.693453 -4.199542 -131.552804
1.693453 -4.199542 -131.552804
1.693453 -4.199542 -131.552804
1.693453 -4.199542 -131.552804
1.693453 -4.199542 -131.552804
1.693453 -4.199542 -131.552804
1.693453 -4.199542 -131.552804
1.693453 -4.199542 -131.552804
1.693453 -4.199542 -131.552804
1.693453 -4.199542 -131.552804
1.693453 -4.199542 -131.552804
1.790342 -4.637200 -131.408851
1.790342 -4.637200 -131.408851
1.790342 -4.637200 -131.408851
1.790342 -4.637200 -131.408851
1.790342 -4.637200 -131.408851
1.790342 -4.637200 -131.408851
1.790342 -4.637200 -131.408851
1.790342 -4.637200 -131.408851
1.790342 -4.637200 -131.408851
1.790342 -4.637200 -131.408851
1.790342 -4.637200 -131.408851
1.430368 -5.199024 -130.866616
1.430368 -5.199024 -130.866616
1.430368 -5.199024 -130.866616
1.430368 -5.199024 -130.866616
1.430368 -5.199024 -130.866616
1.430368 -5.199024 -130.866616
1.430368 -5.199024 -130.866616
1.430368 -5.199024 -130.866616
1.430368 -5.199024 -130.866616
1.430368 -5.199024 -130.866616
1.328008 -6.622359 -130.532879
1.328008 -6.622359 -130.532879
1.328008 -6.622359 -130.532879
1.328008 -6.622359 -130.532879
1.328008 -6.622359 -130.532879
1.328008 -6.622359 -130.532879
1.328008 -6.622359 -130.532879
1.328008 -6.622359 -130.532879
1.328008 -6.622359 -130.532879
1.328008 -6.622359 -130.532879
1.328008 -6.622359 -130.532879
0.530476 -6.647094 -131.044720
0.530476 -6.647094 -131.044720
0.530476 -6.647094 -131.044720
0.530476 -6.647094 -131.044720
0.530476 -6.647094 -131.044720
0.530476 -6.647094 -131.044720
0.530476 -6.647094 -131.044720
0.530476 -6.647094 -131.044720
0.530476 -6.647094 -131.044720
0.530476 -6.647094 -131.044720
0.530476 -6.647094 -131.044720
0.530476 -6.647094 -131.044720
1.348384 -6.609367 -131.197798
1.348384 -6.609367 -131.197798
1.348384 -6.609367 -131.197798
1.348384 -6.609367 -131.197798
1.348384 -6.609367 -131.197798
1.348384 -6.609367 -131.197798
1.348384 -6.609367 -131.197798
1.348384 -6.609367 -131.197798
1.348384 -6.609367 -131.197798
1.348384 -6.609367 -131.197798
1.348384 -6.609367 -131.197798
1.589527 -6.612920 -131.412676
1.589527 -6.612920 -131.412676
1.589527 -6.612920 -131.412676
1.589527 -6.612920 -131.412676
1.589527 -6.612920 -131.412676
1.589527 -6.612920 -131.412676
1.589527 -6.612920 -131.412676
1.589527 -6.612920 -131.412676
1.589527 -6.612920 -131.412676
1.589527 -6.612920 -131.412676
1.726785 -6.589445 -131.015336
1.726785 -6.589445 -131.015336
1.726785 -6.589445 -131.015336
1.726785 -6.589445 -131.015336
1.726785 -6.589445 -131.015336
1.726785 -6.589445 -131.015336
1.726785 -6.589445 -131.015336
1.726785 -6.589445 -131.015336
1.726785 -6.589445 -131.015336
1.726785 -6.589445 -131.015336
2.511978 -6.488126 -130.839159
2.511978 -6.488126 -130.839159
2.511978 -6.488126 -130.839159
2.511978 -6.488126 -130.839159
2.511978 -6.488126 -130.839159
2.511978 -6.488126 -130.839159
2.511978 -6.488126 -130.839159
2.511978 -6.488126 -130.839159
2.511978 -6.488126 -130.839159
2.511978 -6.488126 -130.839159
2.877581 -6.573163 -131.132966
2.877581 -6.573163 -131.132966
2.877581 -6.573163 -131.132966
2.877581 -6.573163 -131.132966
2.877581 -6.573163 -131.132966
2.877581 -6.573163 -131.132966
2.877581 -6.573163 -131.132966
2.877581 -6.573163 -131.132966
2.908779 -6.666009 -130.776212
2.908779 -6.666009 -130.776212
2.908779 -6.666009 -130.776212
2.908779 -6.666009 -130.776212
2.908779 -6.666009 -130.776212
2.900933 -6.651790 -130.696845
2.900933 -6.651790 -130.696845
2.900933 -6.651790 -130.696845
2.900933 -6.651790 -130.696845
2.900933 -6.651790 -130.696845
2.900933 -6.651790 -130.696845
2.900933 -6.651790 -130.696845
2.900933 -6.651790 -130.696845
2.725976 -6.529547 -130.702910
2.725976 -6.529547 -130.702910
2.725976 -6.529547 -130.702910
2.725976 -6.529547 -130.702910
2.725976 -6.529547 -130.702910
2.725976 -6.529547 -130.702910
2.725976 -6.529547 -130.702910
2.725976 -6.529547 -130.702910
2.611082 -6.500083 -130.964998
2.611082 -6.500083 -130.964998
2.611082 -6.500083 -130.964998
2.611082 -6.500083 -130.964998
2.611082 -6.500083 -130.964998
2.611082 -6.500083 -130.964998
2.611082 -6.500083 -130.964998
2.611082 -6.500083 -130.964998
2.611082 -6.500083 -130.964998
2.611082 -6.500083 -130.964998
2.611082 -6.500083 -130.964998
2.679668 -6.517728 -131.067861
2.679668 -6.517728 -131.067861
2.679668 -6.517728 -131.067861
2.679668 -6.517728 -131.067861
2.679668 -6.517728 -131.067861
2.679668 -6.517728 -131.067861
2.679668 -6.517728 -131.067861
2.679668 -6.517728 -131.067861
2.679668 -6.517728 -131.067861
2.679668 -6.517728 -131.067861
1.147944 -6.076753 -132.755450
1.147944 -6.076753 -132.755450
1.147944 -6.076753 -132.755450
1.147944 -6.076753 -132.755450
1.147944 -6.076753 -132.755450
1.147944 -6.076753 -132.755450
1.147944 -6.076753 -132.755450
1.147944 -6.076753 -132.755450
1.147944 -6.076753 -132.755450
-5.397475 -17.097065 -133.310335
-5.397475 -17.097065 -133.310335
-5.397475 -17.097065 -133.310335
-5.397475 -17.097065 -133.310335
-5.397475 -17.097065 -133.310335
-5.397475 -17.097065 -133.310335
-5.397475 -17.097065 -133.310335
-5.397475 -17.097065 -133.310335
-5.397475 -17.097065 -133.310335
-5.397475 -17.097065 -133.310335
-13.597004 -15.084345 -135.282087
-13.597004 -15.084345 -135.282087
-13.597004 -15.084345 -135.282087
-13.597004 -15.084345 -135.282087
-13.597004 -15.084345 -135.282087
-13.597004 -15.084345 -135.282087
-13.597004 -15.084345 -135.282087
-13.597004 -15.084345 -135.282087
-13.597004 -15.084345 -135.282087
-11.838466 -1.935680 -142.159036
-11.838466 -1.935680 -142.159036
-11.838466 -1.935680 -142.159036
-11.838466 -1.935680 -142.159036
-11.838466 -1.935680 -142.159036
-11.838466 -1.935680 -142.159036
-11.838466 -1.935680 -142.159036
-11.838466 -1.935680 -142.159036
-11.838466 -1.935680 -142.159036
6.260361 -1.876743 -160.092490
6.260361 -1.876743 -160.092490
6.260361 -1.876743 -160.092490
6.260361 -1.876743 -160.092490
6.260361 -1.876743 -160.092490
6.260361 -1.876743 -160.092490
6.260361 -1.876743 -160.092490
6.260361 -1.876743 -160.092490
6.260361 -1.876743 -160.092490
16.528872 2.699082 176.131673
16.528872 2.699082 176.131673
16.528872 2.699082 176.131673
16.528872 2.699082 176.131673
16.528872 2.699082 176.131673
16.528872 2.699082 176.131673
16.528872 2.699082 176.131673
16.528872 2.699082 176.131673
16.528872 2.699082 176.131673
9.449561 7.068881 175.683408
9.449561 7.068881 175.683408
9.449561 7.068881 175.683408
9.449561 7.068881 175.683408
9.449561 7.068881 175.683408
9.449561 7.068881 175.683408
9.449561 7.068881 175.683408
9.449561 7.068881 175.683408
9.449561 7.068881 175.683408
1.492325 1.763633 -169.945297
1.492325 1.763633 -169.945297
1.492325 1.763633 -169.945297
1.492325 1.763633 -169.945297
1.492325 1.763633 -169.945297
1.492325 1.763633 -169.945297
1.492325 1.763633 -169.945297
1.492325 1.763633 -169.945297
1.492325 1.763633 -169.945297
1.492325 1.763633 -169.945297
0.693236 -15.516508 -156.672177
0.693236 -15.516508 -156.672177
0.693236 -15.516508 -156.672177
0.693236 -15.516508 -156.672177
0.693236 -15.516508 -156.672177
0.693236 -15.516508 -156.672177
0.693236 -15.516508 -156.672177
0.693236 -15.516508 -156.672177
0.693236 -15.516508 -156.672177
0.693236 -15.516508 -156.672177
0.693236 -15.516508 -156.672177
2.881752 -15.116093 -145.240585
2.881752 -15.116093 -145.240585
2.881752 -15.116093 -145.240585
2.881752 -15.116093 -145.240585
2.881752 -15.116093 -145.240585
2.881752 -15.116093 -145.240585
2.881752 -15.116093 -145.240585
2.881752 -15.116093 -145.240585
2.881752 -15.116093 -145.240585
2.881752 -15.116093 -145.240585
3.567185 -14.747377 -136.532668
3.567185 -14.747377 -136.532668
3.567185 -14.747377 -136.532668
3.567185 -14.747377 -136.532668
3.567185 -14.747377 -136.532668
3.567185 -14.747377 -136.532668
3.567185 -14.747377 -136.532668
3.567185 -14.747377 -136.532668
3.567185 -14.747377 -136.532668
3.458165 -14.608339 -129.746547
3.458165 -14.608339 -129.746547
3.458165 -14.608339 -129.746547
3.458165 -14.608339 -129.746547
3.458165 -14.608339 -129.746547
3.458165 -14.608339 -129.746547
3.458165 -14.608339 -129.746547
3.458165 -14.608339 -129.746547
3.458165 -14.608339 -129.746547
3.072052 -14.644957 -124.323568
3.072052 -14.644957 -124.323568
3.072052 -14.644957 -124.323568
3.072052 -14.644957 -124.323568
3.072052 -14.644957 -124.323568
3.072052 -14.644957 -124.323568
3.072052 -14.644957 -124.323568
3.072052 -14.644957 -124.323568
2.565264 -14.766418 -119.979636
2.565264 -14.766418 -119.979636
2.565264 -14.766418 -119.979636
2.565264 -14.766418 -119.979636
2.565264 -14.766418 -119.979636
2.565264 -14.766418 -119.979636
2.565264 -14.766418 -119.979636
2.565264 -14.766418 -119.979636
2.565264 -14.766418 -119.979636
2.044536 -14.882926 -116.527317
2.044536 -14.882926 -116.527317
2.044536 -14.882926 -116.527317
2.044536 -14.882926 -116.527317
2.044536 -14.882926 -116.527317
2.044536 -14.882926 -116.527317
2.044536 -14.882926 -116.527317
2.044536 -14.882926 -116.527317
2.044536 -14.882926 -116.527317
1.544205 -15.015645 -113.804680
1.544205 -15.015645 -113.804680
1.544205 -15.015645 -113.804680
1.544205 -15.015645 -113.804680
1.544205 -15.015645 -113.804680
1.544205 -15.015645 -113.804680
1.544205 -15.015645 -113.804680
1.544205 -15.015645 -113.804680
1.544205 -15.015645 -113.804680
1.544205 -15.015645 -113.804680
1.022201 -15.232370 -111.785171
1.022201 -15.232370 -111.785171
1.022201 -15.232370 -111.785171
1.022201 -15.232370 -111.785171
1.022201 -15.232370 -111.785171
1.022201 -15.232370 -111.785171
1.022201 -15.232370 -111.785171
1.022201 -15.232370 -111.785171
1.022201 -15.232370 -111.785171
1.022201 -15.232370 -111.785171
1.022201 -15.232370 -111.785171
1.176340 -14.396355 -107.605512
1.176340 -14.396355 -107.605512
1.176340 -14.396355 -107.605512
1.176340 -14.396355 -107.605512
1.176340 -14.396355 -107.605512
1.176340 -14.396355 -107.605512
1.176340 -14.396355 -107.605512
1.176340 -14.396355 -107.605512
1.176340 -14.396355 -107.605512
1.176340 -14.396355 -107.605512
5.033145 -2.561779 -99.040707
5.033145 -2.561779 -99.040707
5.033145 -2.561779 -99.040707
5.033145 -2.561779 -99.040707
5.033145 -2.561779 -99.040707
5.033145 -2.561779 -99.040707
5.033145 -2.561779 -99.040707
5.033145 -2.561779 -99.040707
5.033145 -2.561779 -99.040707
5.033145 -2.561779 -99.040707
-3.849572 2.033300 -100.310009
-3.849572 2.033300 -100.310009
-3.849572 2.033300 -100.310009
-3.849572 2.033300 -100.310009
-3.849572 2.033300 -100.310009
-3.849572 2.033300 -100.310009
-3.849572 2.033300 -100.310009
-3.849572 2.033300 -100.310009
-3.849572 2.033300 -100.310009
-3.849572 2.033300 -100.310009
-3.013589 4.456250 -86.723213
-3.013589 4.456250 -86.723213
-3.013589 4.456250 -86.723213
-3.013589 4.456250 -86.723213
-3.013589 4.456250 -86.723213
-3.013589 4.456250 -86.723213
-3.013589 4.456250 -86.723213
-3.013589 4.456250 -86.723213
-3.013589 4.456250 -86.723213
-3.013589 4.456250 -86.723213
1.301561 -0.324909 -90.518516
1.301561 -0.324909 -90.518516
1.301561 -0.324909 -90.518516
1.301561 -0.324909 -90.518516
1.301561 -0.324909 -90.518516
1.301561 -0.324909 -90.518516
1.301561 -0.324909 -90.518516
1.301561 -0.324909 -90.518516
1.301561 -0.324909 -90.518516
-0.367609 0.512075 -101.047198
-0.367609 0.512075 -101.047198
-0.367609 0.512075 -101.047198
-0.367609 0.512075 -101.047198
-0.367609 0.512075 -101.047198
-0.367609 0.512075 -101.047198
-0.367609 0.512075 -101.047198
-0.367609 0.512075 -101.047198
-0.367609 0.512075 -101.047198
-0.367609 0.512075 -101.047198
0.242420 1.857907 -106.098123
0.242420 1.857907 -106.098123
0.242420 1.857907 -106.098123
0.242420 1.857907 -106.098123
0.242420 1.857907 -106.098123
0.242420 1.857907 -106.098123
0.242420 1.857907 -106.098123
0.242420 1.857907 -106.098123
0.242420 1.857907 -106.098123
1.021103 1.131468 -107.912713
1.021103 1.131468 -107.912713
1.021103 1.131468 -107.912713
1.021103 1.131468 -107.912713
1.021103 1.131468 -107.912713
1.021103 1.131468 -107.912713
1.021103 1.131468 -107.912713
1.021103 1.131468 -107.912713
1.021103 1.131468 -107.912713
1.782412 1.234278 -98.980520
1.782412 1.234278 -98.980520
1.782412 1.234278 -98.980520
1.782412 1.234278 -98.980520
1.782412 1.234278 -98.980520
1.782412 1.234278 -98.980520
1.782412 1.234278 -98.980520
1.782412 1.234278 -98.980520
1.782412 1.234278 -98.980520
0.654612 1.042420 -88.897972
0.654612 1.042420 -88.897972
0.654612 1.042420 -88.897972
0.654612 1.042420 -88.897972
0.654612 1.042420 -88.897972
0.654612 1.042420 -88.897972
0.654612 1.042420 -88.897972
0.654612 1.042420 -88.897972
0.654612 1.042420 -88.897972
0.654612 1.042420 -88.897972
0.712368 0.561341 -79.258123
0.712368 0.561341 -79.258123
0.712368 0.561341 -79.258123
0.712368 0.561341 -79.258123
0.712368 0.561341 -79.258123
0.712368 0.561341 -79.258123
0.712368 0.561341 -79.258123
0.712368 0.561341 -79.258123
0.712368 0.561341 -79.258123
0.620531 0.745151 -65.145743
0.620531 0.745151 -65.145743
0.620531 0.745151 -65.145743
0.620531 0.745151 -65.145743
0.620531 0.745151 -65.145743
0.620531 0.745151 -65.145743
0.620531 0.745151 -65.145743
0.620531 0.745151 -65.145743
0.620531 0.745151 -65.145743
0.620531 0.745151 -65.145743
0.304031 0.585294 -48.984877
0.304031 0.585294 -48.984877
0.304031 0.585294 -48.984877
0.304031 0.585294 -48.984877
0.304031 0.585294 -48.984877
0.304031 0.585294 -48.984877
0.304031 0.585294 -48.984877
0.304031 0.585294 -48.984877
0.304031 0.585294 -48.984877
-0.300240 0.376799 -32.064917
-0.300240 0.376799 -32.064917
-0.300240 0.376799 -32.064917
-0.300240 0.376799 -32.064917
-0.300240 0.376799 -32.064917
-0.300240 0.376799 -32.064917
-0.300240 0.376799 -32.064917
-0.300240 0.376799 -32.064917
-0.300240 0.376799 -32.064917
-0.340419 0.123222 -14.357356
-0.340419 0.123222 -14.357356
-0.340419 0.123222 -14.357356
-0.340419 0.123222 -14.357356
-0.340419 0.123222 -14.357356
-0.340419 0.123222 -14.357356
-0.340419 0.123222 -14.357356
-0.340419 0.123222 -14.357356
-0.340419 0.123222 -14.357356
-0.340419 0.123222 -14.357356
-0.143747 0.173627 1.353073
-0.143747 0.173627 1.353073
-0.143747 0.173627 1.353073
-0.143747 0.173627 1.353073
-0.143747 0.173627 1.353073
-0.143747 0.173627 1.353073
-0.143747 0.173627 1.353073
-0.143747 0.173627 1.353073
-0.143747 0.173627 1.353073
-0.143747 0.173627 1.353073
-0.277141 -0.015016 16.696939
-0.277141 -0.015016 16.696939
-0.277141 -0.015016 16.696939
-0.277141 -0.015016 16.696939
-0.277141 -0.015016 16.696939
-0.277141 -0.015016 16.696939
-0.269033 -0.048072 30.589996
-0.269033 -0.048072 30.589996
-0.269033 -0.048072 30.589996
-0.269033 -0.048072 30.589996
-0.269033 -0.048072 30.589996
-0.269033 -0.048072 30.589996
-0.269033 -0.048072 30.589996
-0.159807 -0.300922 41.988182
-0.159807 -0.300922 41.988182
-0.159807 -0.300922 41.988182
-0.159807 -0.300922 41.988182
-0.159807 -0.300922 41.988182
-0.159807 -0.300922 41.988182
-0.159807 -0.300922 41.988182
-0.159807 -0.300922 41.988182
-0.159807 -0.300922 41.988182
-0.159807 -0.300922 41.988182
-0.159807 -0.300922 41.988182
0.209917 -0.417727 43.434884
0.209917 -0.417727 43.434884
0.209917 -0.417727 43.434884
0.209917 -0.417727 43.434884
0.209917 -0.417727 43.434884
0.209917 -0.417727 43.434884
0.209917 -0.417727 43.434884
0.209917 -0.417727 43.434884
0.209917 -0.417727 43.434884
-2.182539 1.287656 44.950865
-2.182539 1.287656 44.950865
-2.182539 1.287656 44.950865
-2.182539 1.287656 44.950865
-2.182539 1.287656 44.950865
-2.182539 1.287656 44.950865
-2.182539 1.287656 44.950865
-2.182539 1.287656 44.950865
-2.182539 1.287656 44.950865
-2.182539 1.287656 44.950865
-2.182539 1.287656 44.950865
3.048807 -2.034937 45.076858
3.048807 -2.034937 45.076858
3.048807 -2.034937 45.076858
3.048807 -2.034937 45.076858
3.048807 -2.034937 45.076858
3.048807 -2.034937 45.076858
3.048807 -2.034937 45.076858
3.048807 -2.034937 45.076858
3.048807 -2.034937 45.076858
3.048807 -2.034937 45.076858
3.048807 -2.034937 45.076858
-13.720713 1.293450 55.704953
-13.720713 1.293450 55.704953
-13.720713 1.293450 55.704953
-13.720713 1.293450 55.704953
-13.720713 1.293450 55.704953
-13.720713 1.293450 55.704953
-13.720713 1.293450 55.704953
-13.720713 1.293450 55.704953
-13.720713 1.293450 55.704953
-13.720713 1.293450 55.704953
-14.571874 -1.953038 73.563951
-14.571874 -1.953038 73.563951
-14.571874 -1.953038 73.563951
-14.571874 -1.953038 73.563951
-14.571874 -1.953038 73.563951
-14.571874 -1.953038 73.563951
-14.571874 -1.953038 73.563951
-14.571874 -1.953038 73.563951
-14.571874 -1.953038 73.563951
-13.586171 -3.270745 87.166895
-13.586171 -3.270745 87.166895
-13.586171 -3.270745 87.166895
-13.586171 -3.270745 87.166895
-13.586171 -3.270745 87.166895
-13.586171 -3.270745 87.166895
-13.586171 -3.270745 87.166895
-13.586171 -3.270745 87.166895
-13.586171 -3.270745 87.166895
-13.586171 -3.270745 87.166895
-13.029767 -3.365875 99.536477
-13.029767 -3.365875 99.536477
-13.029767 -3.365875 99.536477
-13.029767 -3.365875 99.536477
-13.029767 -3.365875 99.536477
-13.029767 -3.365875 99.536477
-13.029767 -3.365875 99.536477
-13.029767 -3.365875 99.536477
-3.542583 -1.605987 107.942179
-3.542583 -1.605987 107.942179
-3.542583 -1.605987 107.942179
-3.542583 -1.605987 107.942179
-3.542583 -1.605987 107.942179
-3.542583 -1.605987 107.942179
-3.542583 -1.605987 107.942179
-3.542583 -1.605987 107.942179
-3.542583 -1.605987 107.942179
-3.542583 -1.605987 107.942179
-0.811288 -1.532376 100.084989
-0.811288 -1.532376 100.084989
-0.811288 -1.532376 100.084989
-0.811288 -1.532376 100.084989
-0.811288 -1.532376 100.084989
-0.811288 -1.532376 100.084989
-0.811288 -1.532376 100.084989
-0.811288 -1.532376 100.084989
-0.811288 -1.532376 100.084989
-1.825022 -5.278415 85.458617
-1.825022 -5.278415 85.458617
-1.825022 -5.278415 85.458617
-1.825022 -5.278415 85.458617
-1.825022 -5.278415 85.458617
-1.825022 -5.278415 85.458617
-1.825022 -5.278415 85.458617
-1.825022 -5.278415 85.458617
-1.825022 -5.278415 85.458617
-2.833351 -1.779233 90.875093
-2.833351 -1.779233 90.875093
-2.833351 -1.779233 90.875093
-2.833351 -1.779233 90.875093
-2.833351 -1.779233 90.875093
-2.833351 -1.779233 90.875093
-2.833351 -1.779233 90.875093
-2.833351 -1.779233 90.875093
-2.833351 -1.779233 90.875093
-2.833351 -1.779233 90.875093
-3.208706 -2.064032 107.309813
-3.208706 -2.064032 107.309813
-3.208706 -2.064032 107.309813
-3.208706 -2.064032 107.309813
-3.208706 -2.064032 107.309813
-3.208706 -2.064032 107.309813
-3.208706 -2.064032 107.309813
-3.208706 -2.064032 107.309813
-3.208706 -2.064032 107.309813
-3.208706 -2.064032 107.309813
-3.529946 -1.609131 121.918535
-3.529946 -1.609131 121.918535
-3.529946 -1.609131 121.918535
-3.529946 -1.609131 121.918535
-3.529946 -1.609131 121.918535
-3.529946 -1.609131 121.918535
-3.529946 -1.609131 121.918535
-3.529946 -1.609131 121.918535
-3.529946 -1.609131 121.918535
-3.529946 -1.609131 121.918535
-2.970104 0.250449 129.629846
-2.970104 0.250449 129.629846
-2.970104 0.250449 129.629846
-2.970104 0.250449 129.629846
-2.970104 0.250449 129.629846
-2.970104 0.250449 129.629846
-2.970104 0.250449 129.629846
-2.970104 0.250449 129.629846
-2.970104 0.250449 129.629846
-1.264291 -0.338283 133.368910
-1.264291 -0.338283 133.368910
-1.264291 -0.338283 133.368910
-1.264291 -0.338283 133.368910
-1.264291 -0.338283 133.368910
-1.264291 -0.338283 133.368910
-1.264291 -0.338283 133.368910
-1.264291 -0.338283 133.368910
-1.264291 -0.338283 133.368910
0.536892 -3.428113 136.266400
0.536892 -3.428113 136.266400
0.536892 -3.428113 136.266400
0.536892 -3.428113 136.266400
0.536892 -3.428113 136.266400
0.536892 -3.428113 136.266400
0.536892 -3.428113 136.266400
0.536892 -3.428113 136.266400
0.536892 -3.428113 136.266400
0.536892 -3.428113 136.266400
0.536892 -3.428113 136.266400
0.687162 -6.835639 136.976384
0.687162 -6.835639 136.976384
0.687162 -6.835639 136.976384
0.687162 -6.835639 136.976384
0.687162 -6.835639 136.976384
0.687162 -6.835639 136.976384
0.687162 -6.835639 136.976384
0.687162 -6.835639 136.976384
0.687162 -6.835639 136.976384
0.687162 -6.835639 136.976384
-1.394386 -4.741254 127.319863
-1.394386 -4.741254 127.319863
-1.394386 -4.741254 127.319863
-1.394386 -4.741254 127.319863
-1.394386 -4.741254 127.319863
-1.394386 -4.741254 127.319863
-1.394386 -4.741254 127.319863
-1.394386 -4.741254 127.319863
-1.394386 -4.741254 127.319863
-1.394386 -4.741254 127.319863
-0.883472 -4.333250 126.537710
-0.883472 -4.333250 126.537710
-0.883472 -4.333250 126.537710
-0.883472 -4.333250 126.537710
-0.883472 -4.333250 126.537710
-0.883472 -4.333250 126.537710
-0.883472 -4.333250 126.537710
-0.883472 -4.333250 126.537710
-0.883472 -4.333250 126.537710
-0.883472 -4.333250 126.537710
0.046082 -3.943272 127.720713
0.046082 -3.943272 127.720713
0.046082 -3.943272 127.720713
0.046082 -3.943272 127.720713
0.046082 -3.943272 127.720713
0.046082 -3.943272 127.720713
0.046082 -3.943272 127.720713
0.046082 -3.943272 127.720713
0.046082 -3.943272 127.720713
0.046082 -3.943272 127.720713
0.668446 -3.371967 127.165309
0.668446 -3.371967 127.165309
0.668446 -3.371967 127.165309
0.668446 -3.371967 127.165309
0.668446 -3.371967 127.165309
0.668446 -3.371967 127.165309
0.668446 -3.371967 127.165309
0.668446 -3.371967 127.165309
0.668446 -3.371967 127.165309
0.668446 -3.371967 127.165309
-0.652238 -3.330227 126.391148
-0.652238 -3.330227 126.391148
-0.652238 -3.330227 126.391148
-0.652238 -3.330227 126.391148
-0.652238 -3.330227 126.391148
-0.652238 -3.330227 126.391148
-0.652238 -3.330227 126.391148
-0.652238 -3.330227 126.391148
-0.652238 -3.330227 126.391148
-0.652238 -3.330227 126.391148
-0.264734 -3.530585 130.065913
-0.264734 -3.530585 130.065913
-0.264734 -3.530585 130.065913
-0.264734 -3.530585 130.065913
-0.264734 -3.530585 130.065913
-0.264734 -3.530585 130.065913
-0.264734 -3.530585 130.065913
-0.264734 -3.530585 130.065913
-0.264734 -3.530585 130.065913
-0.264734 -3.530585 130.065913
-0.264734 -3.530585 130.065913
-0.033353 -3.610058 134.695811
-0.033353 -3.610058 134.695811
-0.033353 -3.610058 134.695811
-0.033353 -3.610058 134.695811
-0.033353 -3.610058 134.695811
-0.033353 -3.610058 134.695811
-0.033353 -3.610058 134.695811
-0.033353 -3.610058 134.695811
-0.033353 -3.610058 134.695811
-0.095740 -3.327757 135.470573
-0.095740 -3.327757 135.470573
-0.095740 -3.327757 135.470573
-0.095740 -3.327757 135.470573
-0.095740 -3.327757 135.470573
-0.095740 -3.327757 135.470573
-0.095740 -3.327757 135.470573
-0.095740 -3.327757 135.470573
-0.095740 -3.327757 135.470573
-0.095740 -3.327757 135.470573
-0.095740 -3.327757 135.470573
-0.267827 -3.632371 137.847493
-0.267827 -3.632371 137.847493
-0.267827 -3.632371 137.847493
-0.267827 -3.632371 137.847493
-0.267827 -3.632371 137.847493
-0.267827 -3.632371 137.847493
-0.267827 -3.632371 137.847493
-0.267827 -3.632371 137.847493
-0.267827 -3.632371 137.847493
-0.500746 -3.557161 138.495036
-0.500746 -3.557161 138.495036
-0.500746 -3.557161 138.495036
-0.500746 -3.557161 138.495036
-0.500746 -3.557161 138.495036
-0.500746 -3.557161 138.495036
-0.500746 -3.557161 138.495036
-0.224258 -3.788872 141.967996
-0.224258 -3.788872 141.967996
-0.224258 -3.788872 141.967996
-0.224258 -3.788872 141.967996
-0.224258 -3.788872 141.967996
-0.224258 -3.788872 141.967996
-0.224258 -3.788872 141.967996
-0.555202 -3.561185 143.734665
-0.555202 -3.561185 143.734665
-0.555202 -3.561185 143.734665
-0.555202 -3.561185 143.734665
-0.555202 -3.561185 143.734665
-0.555202 -3.561185 143.734665
-0.555202 -3.561185 143.734665
-0.555202 -3.561185 143.734665
-0.555202 -3.561185 143.734665
-0.432698 -3.485074 144.568795
-0.432698 -3.485074 144.568795
-0.432698 -3.485074 144.568795
-0.432698 -3.485074 144.568795
-0.432698 -3.485074 144.568795
-0.432698 -3.485074 144.568795
-0.432698 -3.485074 144.568795
-0.432698 -3.485074 144.568795
-0.432698 -3.485074 144.568795
-0.432698 -3.485074 144.568795
0.960058 0.507874 139.467982
0.960058 0.507874 139.467982
0.960058 0.507874 139.467982
0.960058 0.507874 139.467982
0.960058 0.507874 139.467982
0.960058 0.507874 139.467982
0.960058 0.507874 139.467982
0.960058 0.507874 139.467982
0.960058 0.507874 139.467982
0.960058 0.507874 139.467982
0.266247 -2.328306 114.278832
0.266247 -2.328306 114.278832
0.266247 -2.328306 114.278832
0.266247 -2.328306 114.278832
0.266247 -2.328306 114.278832
0.266247 -2.328306 114.278832
0.266247 -2.328306 114.278832
0.266247 -2.328306 114.278832
-0.375605 -10.726583 93.267647
-0.375605 -10.726583 93.267647
-0.375605 -10.726583 93.267647
-0.375605 -10.726583 93.267647
-0.375605 -10.726583 93.267647
-0.375605 -10.726583 93.267647
-0.375605 -10.726583 93.267647
-0.375605 -10.726583 93.267647
-0.375605 -10.726583 93.267647
4.207662 -13.517772 93.763491
4.207662 -13.517772 93.763491
4.207662 -13.517772 93.763491
4.207662 -13.517772 93.763491
4.207662 -13.517772 93.763491
4.207662 -13.517772 93.763491
4.207662 -13.517772 93.763491
4.207662 -13.517772 93.763491
4.207662 -13.517772 93.763491
4.207662 -13.517772 93.763491
1.719842 -12.917853 108.284849
1.719842 -12.917853 108.284849
1.719842 -12.917853 108.284849
1.719842 -12.917853 108.284849
1.719842 -12.917853 108.284849
1.719842 -12.917853 108.284849
1.719842 -12.917853 108.284849
1.719842 -12.917853 108.284849
1.719842 -12.917853 108.284849
1.719842 -12.917853 108.284849
1.719842 -12.917853 108.284849
3.801670 -13.248343 122.802867
3.801670 -13.248343 122.802867
3.801670 -13.248343 122.802867
3.801670 -13.248343 122.802867
3.801670 -13.248343 122.802867
3.801670 -13.248343 122.802867
3.801670 -13.248343 122.802867
3.801670 -13.248343 122.802867
3.801670 -13.248343 122.802867
4.864525 -13.162677 136.383209
4.864525 -13.162677 136.383209
4.864525 -13.162677 136.383209
4.864525 -13.162677 136.383209
4.864525 -13.162677 136.383209
4.864525 -13.162677 136.383209
4.864525 -13.162677 136.383209
4.864525 -13.162677 136.383209
4.864525 -13.162677 136.383209
4.864525 -13.162677 136.383209
5.203479 -13.091641 148.711045
5.203479 -13.091641 148.711045
5.203479 -13.091641 148.711045
5.203479 -13.091641 148.711045
5.203479 -13.091641 148.711045
5.203479 -13.091641 148.711045
5.091239 -13.150172 159.568628
5.091239 -13.150172 159.568628
5.091239 -13.150172 159.568628
5.091239 -13.150172 159.568628
5.091239 -13.150172 159.568628
5.091239 -13.150172 159.568628
5.091239 -13.150172 159.568628
5.091239 -13.150172 159.568628
4.727941 -13.352340 168.987773
4.727941 -13.352340 168.987773
4.727941 -13.352340 168.987773
4.727941 -13.352340 168.987773
4.727941 -13.352340 168.987773
4.727941 -13.352340 168.987773
4.727941 -13.352340 168.987773
4.727941 -13.352340 168.987773
4.727941 -13.352340 168.987773
4.224865 -13.636584 177.001334
4.224865 -13.636584 177.001334
4.224865 -13.636584 177.001334
4.224865 -13.636584 177.001334
4.224865 -13.636584 177.001334
4.224865 -13.636584 177.001334
4.224865 -13.636584 177.001334
4.224865 -13.636584 177.001334
4.224865 -13.636584 177.001334
4.224865 -13.636584 177.001334
4.224865 -13.636584 177.001334
3.627384 -13.975103 -176.268441
3.627384 -13.975103 -176.268441
3.627384 -13.975103 -176.268441
3.627384 -13.975103 -176.268441
3.627384 -13.975103 -176.268441
3.627384 -13.975103 -176.268441
3.627384 -13.975103 -176.268441
3.627384 -13.975103 -176.268441
3.014978 -14.313914 -170.737995
3.014978 -14.313914 -170.737995
3.014978 -14.313914 -170.737995
3.014978 -14.313914 -170.737995
3.014978 -14.313914 -170.737995
3.014978 -14.313914 -170.737995
3.014978 -14.313914 -170.737995
3.014978 -14.313914 -170.737995
3.014978 -14.313914 -170.737995
3.014978 -14.313914 -170.737995
2.409812 -14.625406 -166