-0.958917 -14.880090 163.606773
-0.958917 -14.880090 163.606773
-0.983712 -15.228008 163.918489
-0.983712 -15.228008 163.918489
-0.983712 -15.228008 163.918489
-0.983712 -15.228008 163.918489
-0.983712 -15.228008 163.918489
-0.983712 -15.228008 163.918489
-0.983712 -15.228008 163.918489
-0.983712 -15.228008 163.918489
-1.009645 -15.435599 164.169047
-1.009645 -15.435599 164.169047
-1.009645 -15.435599 164.169047
-1.009645 -15.435599 164.169047
-1.009645 -15.435599 164.169047
-1.009645 -15.435599 164.169047
-1.009645 -15.435599 164.169047
-1.047800 -15.575700 164.344337
-1.047800 -15.575700 164.344337
-1.047800 -15.575700 164.344337
-1.047800 -15.575700 164.344337
-1.047800 -15.575700 164.344337
-1.047800 -15.575700 164.344337
-1.047800 -15.575700 164.344337
-1.047800 -15.575700 164.344337
-1.047800 -15.575700 164.344337
-1.065793 -15.660750 164.503932
-1.065793 -15.660750 164.503932
-1.065793 -15.660750 164.503932
-1.065793 -15.660750 164.503932
-1.065793 -15.660750 164.503932
-1.065793 -15.660750 164.503932
-1.098409 -15.732641 164.622695
-1.098409 -15.732641 164.622695
-1.098409 -15.732641 164.622695
-1.098409 -15.732641 164.622695
-1.098409 -15.732641 164.622695
-1.129516 -15.761145 164.707471
-1.129516 -15.761145 164.707471
-1.129516 -15.761145 164.707471
-1.129516 -15.761145 164.707471
-1.129516 -15.761145 164.707471
-1.129516 -15.761145 164.707471
-1.129516 -15.761145 164.707471
-1.145285 -15.782392 164.800280
-1.145285 -15.782392 164.800280
-1.145285 -15.782392 164.800280
-1.145285 -15.782392 164.800280
-1.145285 -15.782392 164.800280
-1.145285 -15.782392 164.800280
-1.145285 -15.782392 164.800280
-1.145285 -15.782392 164.800280
-1.157746 -15.803548 164.855864
-1.157746 -15.803548 164.855864
-1.157746 -15.803548 164.855864
-1.157746 -15.803548 164.855864
-1.157746 -15.803548 164.855864
-1.157746 -15.803548 164.855864
-1.157746 -15.803548 164.855864
-1.157746 -15.803548 164.855864
-1.178059 -15.803051 164.896777
-1.178059 -15.803051 164.896777
-1.178059 -15.803051 164.896777
-1.178059 -15.803051 164.896777
-1.178059 -15.803051 164.896777
-1.178059 -15.803051 164.896777
-1.178059 -15.803051 164.896777
-1.178059 -15.803051 164.896777
-1.178059 -15.803051 164.896777
-1.190051 -15.807214 164.934780
-1.190051 -15.807214 164.934780
-1.190051 -15.807214 164.934780
-1.190051 -15.807214 164.934780
-1.190051 -15.807214 164.934780
-1.190051 -15.807214 164.934780
-1.190051 -15.807214 164.934780
-1.190051 -15.807214 164.934780
-1.199275 -15.807636 164.975816
-1.199275 -15.807636 164.975816
-1.199275 -15.807636 164.975816
-1.199275 -15.807636 164.975816
-1.199275 -15.807636 164.975816
-1.199275 -15.807636 164.975816
-1.199275 -15.807636 164.975816
-1.199275 -15.807636 164.975816
-1.212857 -15.813505 164.993192
-1.212857 -15.813505 164.993192
-1.212857 -15.813505 164.993192
-1.212857 -15.813505 164.993192
-1.212857 -15.813505 164.993192
-1.212857 -15.813505 164.993192
-1.212857 -15.813505 164.993192
-1.212857 -15.813505 164.993192
-1.214996 -15.811767 165.018054
-1.214996 -15.811767 165.018054
-1.214996 -15.811767 165.018054
-1.214996 -15.811767 165.018054
-1.214996 -15.811767 165.018054
-1.214996 -15.811767 165.018054
-1.214996 -15.811767 165.018054
-1.214996 -15.811767 165.018054
-1.217879 -15.818011 164.999831
-1.217879 -15.818011 164.999831
-1.217879 -15.818011 164.999831
-1.217879 -15.818011 164.999831
-1.217879 -15.818011 164.999831
-1.217879 -15.818011 164.999831
-1.217879 -15.818011 164.999831
-1.217879 -15.818011 164.999831
-1.217879 -15.818011 164.999831
-1.205858 -15.815394 165.027807
-1.205858 -15.815394 165.027807
-1.205858 -15.815394 165.027807
-1.205858 -15.815394 165.027807
-1.205858 -15.815394 165.027807
-1.205858 -15.815394 165.027807
-1.205858 -15.815394 165.027807
-1.205655 -15.820081 165.036536
-1.205655 -15.820081 165.036536
-1.205655 -15.820081 165.036536
-1.205655 -15.820081 165.036536
-1.205655 -15.820081 165.036536
-1.205655 -15.820081 165.036536
-1.205655 -15.820081 165.036536
-1.205655 -15.820081 165.036536
-1.200833 -15.823238 165.053270
-1.200833 -15.823238 165.053270
-1.200833 -15.823238 165.053270
-1.200833 -15.823238 165.053270
-1.200833 -15.823238 165.053270
-1.200833 -15.823238 165.053270
-1.200833 -15.823238 165.053270
-1.200833 -15.823238 165.053270
-1.200833 -15.823238 165.053270
-1.213335 -15.792434 165.049486
-1.213335 -15.792434 165.049486
-1.213335 -15.792434 165.049486
-1.213335 -15.792434 165.049486
-1.213335 -15.792434 165.049486
-1.213335 -15.792434 165.049486
-1.213335 -15.792434 165.049486
-1.204769 -15.759502 165.057136
-1.204769 -15.759502 165.057136
-1.204769 -15.759502 165.057136
-1.204769 -15.759502 165.057136
-1.204769 -15.759502 165.057136
-1.204769 -15.759502 165.057136
-1.204769 -15.759502 165.057136
-1.204769 -15.759502 165.057136
-1.204220 -15.769249 165.074471
-1.204220 -15.769249 165.074471
-1.204220 -15.769249 165.074471
-1.204220 -15.769249 165.074471
-1.204220 -15.769249 165.074471
-1.204220 -15.769249 165.074471
-1.204220 -15.769249 165.074471
-1.204220 -15.769249 165.074471
-1.204220 -15.769249 165.074471
-1.292006 -15.817366 165.363538
-1.292006 -15.817366 165.363538
-1.292006 -15.817366 165.363538
-1.292006 -15.817366 165.363538
-1.292006 -15.817366 165.363538
-1.292006 -15.817366 165.363538
-1.292006 -15.817366 165.363538
-1.292006 -15.817366 165.363538
-8.861492 -17.456956 173.991720
-8.861492 -17.456956 173.991720
-8.861492 -17.456956 173.991720
-8.861492 -17.456956 173.991720
-8.861492 -17.456956 173.991720
-8.861492 -17.456956 173.991720
-8.861492 -17.456956 173.991720
-8.861492 -17.456956 173.991720
-8.861492 -17.456956 173.991720
-3.638501 -18.665953 160.189602
-3.638501 -18.665953 160.189602
-3.638501 -18.665953 160.189602
-3.638501 -18.665953 160.189602
-3.638501 -18.665953 160.189602
-3.638501 -18.665953 160.189602
-3.638501 -18.665953 160.189602
-3.638501 -18.665953 160.189602
-3.733949 -13.217758 166.751774
-3.733949 -13.217758 166.751774
-3.733949 -13.217758 166.751774
-3.733949 -13.217758 166.751774
-3.733949 -13.217758 166.751774
-3.733949 -13.217758 166.751774
-3.733949 -13.217758 166.751774
-0.783316 -12.468725 161.919033
-0.783316 -12.468725 161.919033
-0.783316 -12.468725 161.919033
-0.783316 -12.468725 161.919033
-0.783316 -12.468725 161.919033
-0.783316 -12.468725 161.919033
-0.783316 -12.468725 161.919033
-0.783316 -12.468725 161.919033
0.488582 -11.684475 164.551934
0.488582 -11.684475 164.551934
0.488582 -11.684475 164.551934
0.488582 -11.684475 164.551934
0.488582 -11.684475 164.551934
0.488582 -11.684475 164.551934
0.488582 -11.684475 164.551934
3.391570 -17.543715 168.333250
3.391570 -17.543715 168.333250
3.391570 -17.543715 168.333250
3.391570 -17.543715 168.333250
3.391570 -17.543715 168.333250
3.391570 -17.543715 168.333250
3.391570 -17.543715 168.333250
4.206553 -28.008857 163.242969
4.206553 -28.008857 163.242969
4.206553 -28.008857 163.242969
4.206553 -28.008857 163.242969
4.206553 -28.008857 163.242969
4.206553 -28.008857 163.242969
4.206553 -28.008857 163.242969
4.206553 -28.008857 163.242969
4.206553 -28.008857 163.242969
4.003782 -31.446621 163.142784
4.003782 -31.446621 163.142784
4.003782 -31.446621 163.142784
4.003782 -31.446621 163.142784
4.003782 -31.446621 163.142784
4.003782 -31.446621 163.142784
4.003782 -31.446621 163.142784
4.003782 -31.446621 163.142784
3.413563 -30.515858 164.507019
3.413563 -30.515858 164.507019
3.413563 -30.515858 164.507019
3.413563 -30.515858 164.507019
3.413563 -30.515858 164.507019
3.413563 -30.515858 164.507019
3.413563 -30.515858 164.507019
3.413563 -30.515858 164.507019
2.966111 -30.585461 164.072810
2.966111 -30.585461 164.072810
2.966111 -30.585461 164.072810
2.966111 -30.585461 164.072810
2.966111 -30.585461 164.072810
2.966111 -30.585461 164.072810
2.966111 -30.585461 164.072810
2.966111 -30.585461 164.072810
2.304334 -31.220016 157.721007
2.304334 -31.220016 157.721007
2.304334 -31.220016 157.721007
2.304334 -31.220016 157.721007
2.304334 -31.220016 157.721007
2.304334 -31.220016 157.721007
2.304334 -31.220016 157.721007
2.304334 -31.220016 157.721007
3.771826 -32.069275 151.467505
3.771826 -32.069275 151.467505
3.771826 -32.069275 151.467505
3.771826 -32.069275 151.467505
3.771826 -32.069275 151.467505
3.771826 -32.069275 151.467505
3.771826 -32.069275 151.467505
3.771826 -32.069275 151.467505
3.987756 -32.165379 149.460658
3.987756 -32.165379 149.460658
3.987756 -32.165379 149.460658
3.987756 -32.165379 149.460658
3.987756 -32.165379 149.460658
3.987756 -32.165379 149.460658
3.987756 -32.165379 149.460658
3.987756 -32.165379 149.460658
3.321828 -31.242545 152.594349
3.321828 -31.242545 152.594349
3.321828 -31.242545 152.594349
3.321828 -31.242545 152.594349
3.321828 -31.242545 152.594349
3.321828 -31.242545 152.594349
3.321828 -31.242545 152.594349
3.313612 -31.757019 152.837149
3.313612 -31.757019 152.837149
3.313612 -31.757019 152.837149
3.313612 -31.757019 152.837149
3.313612 -31.757019 152.837149
3.313612 -31.757019 152.837149
3.313612 -31.757019 152.837149
3.313612 -31.757019 152.837149
3.313612 -31.757019 152.837149
3.479238 -32.023557 153.236510
3.479238 -32.023557 153.236510
3.479238 -32.023557 153.236510
3.479238 -32.023557 153.236510
3.479238 -32.023557 153.236510
3.479238 -32.023557 153.236510
3.479238 -32.023557 153.236510
3.337049 -31.985619 153.809139
3.337049 -31.985619 153.809139
3.337049 -31.985619 153.809139
3.337049 -31.985619 153.809139
3.337049 -31.985619 153.809139
3.337049 -31.985619 153.809139
3.337049 -31.985619 153.809139
3.337049 -31.985619 153.809139
2.850197 -32.001919 153.534443
2.850197 -32.001919 153.534443
2.850197 -32.001919 153.534443
2.850197 -32.001919 153.534443
2.850197 -32.001919 153.534443
2.850197 -32.001919 153.534443
2.850197 -32.001919 153.534443
2.850197 -32.001919 153.534443
2.850197 -32.001919 153.534443
2.393072 -32.703342 152.221216
2.393072 -32.703342 152.221216
2.393072 -32.703342 152.221216
2.393072 -32.703342 152.221216
2.393072 -32.703342 152.221216
2.393072 -32.703342 152.221216
2.393072 -32.703342 152.221216
2.517317 -34.027941 151.934785
2.517317 -34.027941 151.934785
2.517317 -34.027941 151.934785
2.517317 -34.027941 151.934785
2.517317 -34.027941 151.934785
2.517317 -34.027941 151.934785
2.517317 -34.027941 151.934785
2.517317 -34.027941 151.934785
3.881353 -34.439043 149.540503
3.881353 -34.439043 149.540503
3.881353 -34.439043 149.540503
3.881353 -34.439043 149.540503
3.881353 -34.439043 149.540503
3.881353 -34.439043 149.540503
3.881353 -34.439043 149.540503
3.967022 -34.195851 150.981195
3.967022 -34.195851 150.981195
3.967022 -34.195851 150.981195
3.967022 -34.195851 150.981195
3.967022 -34.195851 150.981195
3.967022 -34.195851 150.981195
3.967022 -34.195851 150.981195
3.967022 -34.195851 150.981195
4.079282 -33.502580 153.049704
4.079282 -33.502580 153.049704
4.079282 -33.502580 153.049704
4.079282 -33.502580 153.049704
4.079282 -33.502580 153.049704
4.079282 -33.502580 153.049704
4.079282 -33.502580 153.049704
4.079282 -33.502580 153.049704
3.481430 -32.523838 151.964756
3.481430 -32.523838 151.964756
3.481430 -32.523838 151.964756
3.481430 -32.523838 151.964756
3.481430 -32.523838 151.964756
3.481430 -32.523838 151.964756
3.481430 -32.523838 151.964756
3.481430 -32.523838 151.964756
3.559139 -30.652916 151.343195
3.559139 -30.652916 151.343195
3.559139 -30.652916 151.343195
3.559139 -30.652916 151.343195
3.559139 -30.652916 151.343195
3.559139 -30.652916 151.343195
3.559139 -30.652916 151.343195
3.559139 -30.652916 151.343195
3.635996 -30.499885 152.311648
3.635996 -30.499885 152.311648
3.635996 -30.499885 152.311648
3.635996 -30.499885 152.311648
3.635996 -30.499885 152.311648
3.635996 -30.499885 152.311648
3.635996 -30.499885 152.311648
3.635996 -30.499885 152.311648
2.935322 -31.172840 153.723653
2.935322 -31.172840 153.723653
2.935322 -31.172840 153.723653
2.935322 -31.172840 153.723653
2.935322 -31.172840 153.723653
2.935322 -31.172840 153.723653
2.935322 -31.172840 153.723653
2.935322 -31.172840 153.723653
2.659301 -31.438876 154.657449
2.659301 -31.438876 154.657449
2.659301 -31.438876 154.657449
2.659301 -31.438876 154.657449
2.659301 -31.438876 154.657449
2.659301 -31.438876 154.657449
2.659301 -31.438876 154.657449
2.659301 -31.438876 154.657449
2.331145 -31.391717 154.715943
2.331145 -31.391717 154.715943
2.331145 -31.391717 154.715943
2.331145 -31.391717 154.715943
2.331145 -31.391717 154.715943
2.331145 -31.391717 154.715943
2.331145 -31.391717 154.715943
2.331145 -31.391717 154.715943
1.980318 -31.657223 153.818797
1.980318 -31.657223 153.818797
1.980318 -31.657223 153.818797
1.980318 -31.657223 153.818797
1.980318 -31.657223 153.818797
1.980318 -31.657223 153.818797
1.980318 -31.657223 153.818797
1.980318 -31.657223 153.818797
1.937136 -31.567758 153.237371
1.937136 -31.567758 153.237371
1.937136 -31.567758 153.237371
1.937136 -31.567758 153.237371
1.937136 -31.567758 153.237371
1.937136 -31.567758 153.237371
1.937136 -31.567758 153.237371
1.613404 -31.388093 153.465485
1.613404 -31.388093 153.465485
1.613404 -31.388093 153.465485
1.613404 -31.388093 153.465485
1.613404 -31.388093 153.465485
1.613404 -31.388093 153.465485
1.613404 -31.388093 153.465485
1.613404 -31.388093 153.465485
1.436562 -31.411654 153.144453
1.436562 -31.411654 153.144453
1.436562 -31.411654 153.144453
1.436562 -31.411654 153.144453
1.436562 -31.411654 153.144453
1.436562 -31.411654 153.144453
1.436562 -31.411654 153.144453
1.549211 -31.198808 152.690109
1.549211 -31.198808 152.690109
1.549211 -31.198808 152.690109
1.549211 -31.198808 152.690109
1.549211 -31.198808 152.690109
1.549211 -31.198808 152.690109
1.549211 -31.198808 152.690109
1.549211 -31.198808 152.690109
1.558889 -31.066166 153.005499
1.558889 -31.066166 153.005499
1.558889 -31.066166 153.005499
1.558889 -31.066166 153.005499
1.558889 -31.066166 153.005499
1.558889 -31.066166 153.005499
1.558889 -31.066166 153.005499
1.558889 -31.066166 153.005499
1.558889 -31.066166 153.005499
1.286400 -31.025407 153.044226
1.286400 -31.025407 153.044226
1.286400 -31.025407 153.044226
1.286400 -31.025407 153.044226
1.286400 -31.025407 153.044226
1.286400 -31.025407 153.044226
1.286400 -31.025407 153.044226
1.286400 -31.025407 153.044226
1.517114 -30.948117 153.022575
1.517114 -30.948117 153.022575
1.517114 -30.948117 153.022575
1.517114 -30.948117 153.022575
1.517114 -30.948117 153.022575
1.517114 -30.948117 153.022575
1.517114 -30.948117 153.022575
1.293073 -30.721781 153.297982
1.293073 -30.721781 153.297982
1.293073 -30.721781 153.297982
1.293073 -30.721781 153.297982
1.293073 -30.721781 153.297982
1.293073 -30.721781 153.297982
1.293073 -30.721781 153.297982
1.293073 -30.721781 153.297982
1.884062 -30.733806 153.259022
1.884062 -30.733806 153.259022
1.884062 -30.733806 153.259022
1.884062 -30.733806 153.259022
1.884062 -30.733806 153.259022
1.884062 -30.733806 153.259022
1.884062 -30.733806 153.259022
2.145505 -31.301248 152.728795
2.145505 -31.301248 152.728795
2.145505 -31.301248 152.728795
2.145505 -31.301248 152.728795
2.145505 -31.301248 152.728795
2.145505 -31.301248 152.728795
2.145505 -31.301248 152.728795
2.145505 -31.301248 152.728795
2.096454 -31.284985 152.938386
2.096454 -31.284985 152.938386
2.096454 -31.284985 152.938386
2.096454 -31.284985 152.938386
2.096454 -31.284985 152.938386
2.096454 -31.284985 152.938386
2.096454 -31.284985 152.938386
2.096454 -31.284985 152.938386
1.854320 -31.059715 152.996251
1.854320 -31.059715 152.996251
1.854320 -31.059715 152.996251
1.854320 -31.059715 152.996251
1.854320 -31.059715 152.996251
1.854320 -31.059715 152.996251
1.854320 -31.059715 152.996251
1.854320 -31.059715 152.996251
1.733160 -31.146598 153.106012
1.733160 -31.146598 153.106012
1.733160 -31.146598 153.106012
1.733160 -31.146598 153.106012
1.733160 -31.146598 153.106012
1.733160 -31.146598 153.106012
1.733160 -31.146598 153.106012
1.733160 -31.146598 153.106012
2.087250 -31.525995 153.058256
2.087250 -31.525995 153.058256
2.087250 -31.525995 153.058256
2.087250 -31.525995 153.058256
2.087250 -31.525995 153.058256
2.087250 -31.525995 153.058256
2.087250 -31.525995 153.058256
2.087250 -31.525995 153.058256
3.925220 -32.332217 152.876395
3.925220 -32.332217 152.876395
3.925220 -32.332217 152.876395
3.925220 -32.332217 152.876395
3.925220 -32.332217 152.876395
3.925220 -32.332217 152.876395
3.925220 -32.332217 152.876395
3.925220 -32.332217 152.876395
3.757953 -33.929211 153.157895
3.757953 -33.929211 153.157895
3.757953 -33.929211 153.157895
3.757953 -33.929211 153.157895
3.757953 -33.929211 153.157895
3.757953 -33.929211 153.157895
3.757953 -33.929211 153.157895
3.757953 -33.929211 153.157895
0.948068 -36.959486 154.560037
0.948068 -36.959486 154.560037
0.948068 -36.959486 154.560037
0.948068 -36.959486 154.560037
0.948068 -36.959486 154.560037
0.948068 -36.959486 154.560037
0.948068 -36.959486 154.560037
0.948068 -36.959486 154.560037
0.381238 -36.185031 155.936716
0.381238 -36.185031 155.936716
0.381238 -36.185031 155.936716
0.381238 -36.185031 155.936716
0.381238 -36.185031 155.936716
0.381238 -36.185031 155.936716
0.381238 -36.185031 155.936716
-7.964133 -37.188054 154.744547
-7.964133 -37.188054 154.744547
-7.964133 -37.188054 154.744547
-7.964133 -37.188054 154.744547
-7.964133 -37.188054 154.744547
-7.964133 -37.188054 154.744547
-7.964133 -37.188054 154.744547
-7.964133 -37.188054 154.744547
-3.904574 -39.552225 153.502286
-3.904574 -39.552225 153.502286
-3.904574 -39.552225 153.502286
-3.904574 -39.552225 153.502286
-3.904574 -39.552225 153.502286
-3.904574 -39.552225 153.502286
-3.904574 -39.552225 153.502286
-3.904574 -39.552225 153.502286
-1.588643 -41.435049 154.750176
-1.588643 -41.435049 154.750176
-1.588643 -41.435049 154.750176
-1.588643 -41.435049 154.750176
-1.588643 -41.435049 154.750176
-1.588643 -41.435049 154.750176
-1.588643 -41.435049 154.750176
-1.588643 -41.435049 154.750176
-1.723206 -41.715162 156.938240
-1.723206 -41.715162 156.938240
-1.723206 -41.715162 156.938240
-1.723206 -41.715162 156.938240
-1.723206 -41.715162 156.938240
-1.723206 -41.715162 156.938240
-1.723206 -41.715162 156.938240
-1.212427 -41.481310 158.741000
-1.212427 -41.481310 158.741000
-1.212427 -41.481310 158.741000
-1.212427 -41.481310 158.741000
-1.212427 -41.481310 158.741000
-1.212427 -41.481310 158.741000
-1.212427 -41.481310 158.741000
-1.212427 -41.481310 158.741000
-1.212427 -41.481310 158.741000
-0.942566 -41.480425 159.723250
-0.942566 -41.480425 159.723250
-0.942566 -41.480425 159.723250
-0.942566 -41.480425 159.723250
-0.942566 -41.480425 159.723250
-0.942566 -41.480425 159.723250
-0.942566 -41.480425 159.723250
-1.244987 -41.462926 159.933032
-1.244987 -41.462926 159.933032
-1.244987 -41.462926 159.933032
-1.244987 -41.462926 159.933032
-1.244987 -41.462926 159.933032
-1.244987 -41.462926 159.933032
-1.244987 -41.462926 159.933032
-1.244987 -41.462926 159.933032
-1.251430 -41.482785 160.401788
-1.251430 -41.482785 160.401788
-1.251430 -41.482785 160.401788
-1.251430 -41.482785 160.401788
-1.251430 -41.482785 160.401788
-1.251430 -41.482785 160.401788
-1.251430 -41.482785 160.401788
-1.251430 -41.482785 160.401788
-1.433219 -41.558173 160.672400
-1.433219 -41.558173 160.672400
-1.433219 -41.558173 160.672400
-1.433219 -41.558173 160.672400
-1.433219 -41.558173 160.672400
-1.433219 -41.558173 160.672400
-1.433219 -41.558173 160.672400
-1.433219 -41.558173 160.672400
-1.486683 -41.556411 161.040793
-1.486683 -41.556411 161.040793
-1.486683 -41.556411 161.040793
-1.486683 -41.556411 161.040793
-1.486683 -41.556411 161.040793
-1.486683 -41.556411 161.040793
-1.486683 -41.556411 161.040793
-1.486683 -41.556411 161.040793
-1.905168 -41.958054 161.364066
-1.905168 -41.958054 161.364066
-1.905168 -41.958054 161.364066
-1.905168 -41.958054 161.364066
-1.905168 -41.958054 161.364066
-1.905168 -41.958054 161.364066
-1.905168 -41.958054 161.364066
-1.944206 -42.005633 161.437627
-1.944206 -42.005633 161.437627
-1.944206 -42.005633 161.437627
-1.944206 -42.005633 161.437627
-1.944206 -42.005633 161.437627
-1.944206 -42.005633 161.437627
-1.944206 -42.005633 161.437627
-1.944206 -42.005633 161.437627
-2.129778 -42.292928 160.874178
-2.129778 -42.292928 160.874178
-2.129778 -42.292928 160.874178
-2.129778 -42.292928 160.874178
-2.129778 -42.292928 160.874178
-2.129778 -42.292928 160.874178
-2.129778 -42.292928 160.874178
-2.129778 -42.292928 160.874178
-2.173114 -42.010813 160.563746
-2.173114 -42.010813 160.563746
-2.173114 -42.010813 160.563746
-2.173114 -42.010813 160.563746
-2.173114 -42.010813 160.563746
-2.173114 -42.010813 160.563746
-2.173114 -42.010813 160.563746
-2.173114 -42.010813 160.563746
-2.679616 -34.931841 160.366025
-2.679616 -34.931841 160.366025
-2.679616 -34.931841 160.366025
-2.679616 -34.931841 160.366025
-2.679616 -34.931841 160.366025
-2.679616 -34.931841 160.366025
-2.679616 -34.931841 160.366025
-2.679616 -34.931841 160.366025
-2.679616 -34.931841 160.366025
-3.006013 -30.833533 160.720198
-3.006013 -30.833533 160.720198
-3.006013 -30.833533 160.720198
-3.006013 -30.833533 160.720198
-3.006013 -30.833533 160.720198
-3.006013 -30.833533 160.720198
-3.006013 -30.833533 160.720198
-3.006013 -30.833533 160.720198
-2.684347 -30.309214 160.419697
-2.684347 -30.309214 160.419697
-2.684347 -30.309214 160.419697
-2.684347 -30.309214 160.419697
-2.684347 -30.309214 160.419697
-2.684347 -30.309214 160.419697
-2.684347 -30.309214 160.419697
-2.684347 -30.309214 160.419697
-2.684347 -30.309214 160.419697
-2.684347 -30.309214 160.419697
-2.684347 -30.309214 160.419697
-2.684347 -30.309214 160.419697
-2.684347 -30.309214 160.419697
-2.684347 -30.309214 160.419697
-2.684347 -30.309214 160.419697
-2.610126 -30.185550 160.355507
-2.610126 -30.185550 160.355507
-2.610126 -30.185550 160.355507
-2.610126 -30.185550 160.355507
-2.610126 -30.185550 160.355507
-2.610126 -30.185550 160.355507
-2.610126 -30.185550 160.355507
-2.610126 -30.185550 160.355507
-2.975023 -30.186216 160.490403
-2.975023 -30.186216 160.490403
-2.975023 -30.186216 160.490403
-2.975023 -30.186216 160.490403
-2.975023 -30.186216 160.490403
-2.975023 -30.186216 160.490403
-2.975023 -30.186216 160.490403
-2.975023 -30.186216 160.490403
-2.825358 -26.510024 160.412921
-2.825358 -26.510024 160.412921
-2.825358 -26.510024 160.412921
-2.825358 -26.510024 160.412921
-2.825358 -26.510024 160.412921
-2.825358 -26.510024 160.412921
-2.825358 -26.510024 160.412921
-2.825358 -26.510024 160.412921
-3.008109 -27.528171 160.802816
-3.008109 -27.528171 160.802816
-3.008109 -27.528171 160.802816
-3.008109 -27.528171 160.802816
-3.008109 -27.528171 160.802816
-3.008109 -27.528171 160.802816
-3.008109 -27.528171 160.802816
-3.008109 -27.528171 160.802816
-4.316134 -28.173642 161.262146
-4.316134 -28.173642 161.262146
-4.316134 -28.173642 161.262146
-4.316134 -28.173642 161.262146
-4.316134 -28.173642 161.262146
-4.316134 -28.173642 161.262146
-4.316134 -28.173642 161.262146
-4.316134 -28.173642 161.262146
-5.588286 -8.971613 161.817946
-5.588286 -8.971613 161.817946
-5.588286 -8.971613 161.817946
-5.588286 -8.971613 161.817946
-5.588286 -8.971613 161.817946
-5.588286 -8.971613 161.817946
-5.588286 -8.971613 161.817946
-6.026593 7.165255 164.114706
-6.026593 7.165255 164.114706
-6.026593 7.165255 164.114706
-6.026593 7.165255 164.114706
-6.026593 7.165255 164.114706
-6.026593 7.165255 164.114706
-6.026593 7.165255 164.114706
-6.026593 7.165255 164.114706
-4.554912 11.281482 168.081530
-4.554912 11.281482 168.081530
-4.554912 11.281482 168.081530
-4.554912 11.281482 168.081530
-4.554912 11.281482 168.081530
-4.554912 11.281482 168.081530
-4.554912 11.281482 168.081530
-4.554912 11.281482 168.081530
-9.290069 3.388322 167.201173
-9.290069 3.388322 167.201173
-9.290069 3.388322 167.201173
-9.290069 3.388322 167.201173
-9.290069 3.388322 167.201173
-9.290069 3.388322 167.201173
-9.290069 3.388322 167.201173
-4.144865 2.577341 165.484651
-4.144865 2.577341 165.484651
-4.144865 2.577341 165.484651
-4.144865 2.577341 165.484651
-4.144865 2.577341 165.484651
-4.144865 2.577341 165.484651
-4.144865 2.577341 165.484651
-4.144865 2.577341 165.484651
-5.033154 3.433979 162.422336
-5.033154 3.433979 162.422336
-5.033154 3.433979 162.422336
-5.033154 3.433979 162.422336
-5.033154 3.433979 162.422336
-5.033154 3.433979 162.422336
-5.033154 3.433979 162.422336
-5.033154 3.433979 162.422336
-5.033154 3.433979 162.422336
-5.738092 5.189778 165.450090
-5.738092 5.189778 165.450090
-5.738092 5.189778 165.450090
-5.738092 5.189778 165.450090
-5.738092 5.189778 165.450090
-5.738092 5.189778 165.450090
-5.738092 5.189778 165.450090
-5.738092 5.189778 165.450090
-5.092869 5.715139 167.524105
-5.092869 5.715139 167.524105
-5.092869 5.715139 167.524105
-5.092869 5.715139 167.524105
-5.092869 5.715139 167.524105
-5.092869 5.715139 167.524105
-5.183423 5.906135 168.279674
-5.183423 5.906135 168.279674
-5.183423 5.906135 168.279674
-5.183423 5.906135 168.279674
-5.183423 5.906135 168.279674
-5.183423 5.906135 168.279674
-5.183423 5.906135 168.279674
-5.183423 5.906135 168.279674
-5.513724 5.848326 169.096701
-5.513724 5.848326 169.096701
-5.513724 5.848326 169.096701
-5.513724 5.848326 169.096701
-5.513724 5.848326 169.096701
-5.513724 5.848326 169.096701
-5.513724 5.848326 169.096701
-5.513724 5.848326 169.096701
-6.161068 5.734765 171.832547
-6.161068 5.734765 171.832547
-6.161068 5.734765 171.832547
-6.161068 5.734765 171.832547
-6.161068 5.734765 171.832547
-6.161068 5.734765 171.832547
-6.161068 5.734765 171.832547
-6.239802 5.910986 174.147954
-6.239802 5.910986 174.147954
-6.239802 5.910986 174.147954
-6.239802 5.910986 174.147954
-6.239802 5.910986 174.147954
-6.239802 5.910986 174.147954
-6.239802 5.910986 174.147954
-6.239802 5.910986 174.147954
-6.886143 6.492736 176.023128
-6.886143 6.492736 176.023128
-6.886143 6.492736 176.023128
-6.886143 6.492736 176.023128
-6.886143 6.492736 176.023128
-6.886143 6.492736 176.023128
-6.886143 6.492736 176.023128
-6.886143 6.492736 176.023128
-7.323827 5.419086 177.170845
-7.323827 5.419086 177.170845
-7.323827 5.419086 177.170845
-7.323827 5.419086 177.170845
-7.323827 5.419086 177.170845
-7.323827 5.419086 177.170845
-7.323827 5.419086 177.170845
-7.323827 5.419086 177.170845
-7.323827 5.419086 177.170845
-8.844625 4.318963 177.620094
-8.844625 4.318963 177.620094
-8.844625 4.318963 177.620094
-8.844625 4.318963 177.620094
-8.844625 4.318963 177.620094
-8.844625 4.318963 177.620094
-8.844625 4.318963 177.620094
-11.847430 -0.986483 -178.026736
-11.847430 -0.986483 -178.026736
-11.847430 -0.986483 -178.026736
-11.847430 -0.986483 -178.026736
-11.847430 -0.986483 -178.026736
-11.847430 -0.986483 -178.026736
-11.847430 -0.986483 -178.026736
-11.847430 -0.986483 -178.026736
-12.055625 -2.428090 -179.493437
-12.055625 -2.428090 -179.493437
-12.055625 -2.428090 -179.493437
-12.055625 -2.428090 -179.493437
-12.055625 -2.428090 -179.493437
-12.055625 -2.428090 -179.493437
-12.055625 -2.428090 -179.493437
-8.242344 -11.197485 -176.012254
-8.242344 -11.197485 -176.012254
-8.242344 -11.197485 -176.012254
-8.242344 -11.197485 -176.012254
-8.242344 -11.197485 -176.012254
-8.242344 -11.197485 -176.012254
-8.242344 -11.197485 -176.012254
-8.242344 -11.197485 -176.012254
-6.057837 -10.672980 -179.738108
-6.057837 -10.672980 -179.738108
-6.057837 -10.672980 -179.738108
-6.057837 -10.672980 -179.738108
-6.057837 -10.672980 -179.738108
-6.057837 -10.672980 -179.738108
-6.057837 -10.672980 -179.738108
-6.057837 -10.672980 -179.738108
-6.587684 -0.486809 -179.513095
-6.587684 -0.486809 -179.513095
-6.587684 -0.486809 -179.513095
-6.587684 -0.486809 -179.513095
-6.587684 -0.486809 -179.513095
-6.587684 -0.486809 -179.513095
-6.587684 -0.486809 -179.513095
-6.587684 -0.486809 -179.513095
-8.003652 2.867962 -168.373247
-8.003652 2.867962 -168.373247
-8.003652 2.867962 -168.373247
-8.003652 2.867962 -168.373247
-8.003652 2.867962 -168.373247
-8.003652 2.867962 -168.373247
-8.003652 2.867962 -168.373247
-8.003652 2.867962 -168.373247
0.401503 1.746168 -160.037944
0.401503 1.746168 -160.037944
0.401503 1.746168 -160.037944
0.401503 1.746168 -160.037944
0.401503 1.746168 -160.037944
0.401503 1.746168 -160.037944
0.401503 1.746168 -160.037944
0.401503 1.746168 -160.037944
2.341069 -11.177978 -176.663827
2.341069 -11.177978 -176.663827
2.341069 -11.177978 -176.663827
2.341069 -11.177978 -176.663827
2.341069 -11.177978 -176.663827
2.341069 -11.177978 -176.663827
2.341069 -11.177978 -176.663827
7.524702 -18.158459 157.745268
7.524702 -18.158459 157.745268
7.524702 -18.158459 157.745268
7.524702 -18.158459 157.745268
7.524702 -18.158459 157.745268
7.524702 -18.158459 157.745268
7.524702 -18.158459 157.745268
7.524702 -18.158459 157.745268
1.560357 -23.525333 150.894069
1.560357 -23.525333 150.894069
1.560357 -23.525333 150.894069
1.560357 -23.525333 150.894069
1.560357 -23.525333 150.894069
1.560357 -23.525333 150.894069
1.560357 -23.525333 150.894069
1.560357 -23.525333 150.894069
-0.083742 -28.308808 144.923255
-0.083742 -28.308808 144.923255
-0.083742 -28.308808 144.923255
-0.083742 -28.308808 144.923255
-0.083742 -28.308808 144.923255
-0.083742 -28.308808 144.923255
-0.083742 -28.308808 144.923255
-0.083742 -28.308808 144.923255
4.739399 -32.399965 153.322038
4.739399 -32.399965 153.322038
4.739399 -32.399965 153.322038
4.739399 -32.399965 153.322038
4.739399 -32.399965 153.322038
4.739399 -32.399965 153.322038
4.739399 -32.399965 153.322038
15.097549 -29.195087 158.282285
15.097549 -29.195087 158.282285
15.097549 -29.195087 158.282285
15.097549 -29.195087 158.282285
15.097549 -29.195087 158.282285
15.097549 -29.195087 158.282285
15.097549 -29.195087 158.282285
15.097549 -29.195087 158.282285
4.783775 -29.015631 150.887471
4.783775 -29.015631 150.887471
4.783775 -29.015631 150.887471
4.783775 -29.015631 150.887471
4.783775 -29.015631 150.887471
4.783775 -29.015631 150.887471
4.783775 -29.015631 150.887471
4.783775 -29.015631 150.887471
4.783775 -29.015631 150.887471
-6.437394 -28.312331 144.664240
-6.437394 -28.312331 144.664240
-6.437394 -28.312331 144.664240
-6.437394 -28.312331 144.664240
-6.437394 -28.312331 144.664240
-6.437394 -28.312331 144.664240
-6.437394 -28.312331 144.664240
-2.223217 -29.005098 144.448912
-2.223217 -29.005098 144.448912
-2.223217 -29.005098 144.448912
-2.223217 -29.005098 144.448912
-2.223217 -29.005098 144.448912
-2.223217 -29.005098 144.448912
-2.223217 -29.005098 144.448912
-2.223217 -29.005098 144.448912
-2.223217 -29.005098 144.448912
-2.711447 -29.033232 143.972219
-2.711447 -29.033232 143.972219
-2.711447 -29.033232 143.972219
-2.711447 -29.033232 143.972219
-2.711447 -29.033232 143.972219
-2.711447 -29.033232 143.972219
-2.711447 -29.033232 143.972219
-2.711447 -29.033232 143.972219
-2.323157 -30.431590 144.207300
-2.323157 -30.431590 144.207300
-2.323157 -30.431590 144.207300
-2.323157 -30.431590 144.207300
-2.323157 -30.431590 144.207300
-2.323157 -30.431590 144.207300
-2.323157 -30.431590 144.207300
-2.323157 -30.431590 144.207300
-2.787036 -30.858894 143.899218
-2.787036 -30.858894 143.899218
-2.787036 -30.858894 143.899218
-2.787036 -30.858894 143.899218
-2.787036 -30.858894 143.899218
-2.787036 -30.858894 143.899218
-2.787036 -30.858894 143.899218
-2.787036 -30.858894 143.899218
-2.546452 -30.824056 143.830697
-2.546452 -30.824056 143.830697
-2.546452 -30.824056 143.830697
-2.546452 -30.824056 143.830697
-2.546452 -30.824056 143.830697
-2.546452 -30.824056 143.830697
-2.546452 -30.824056 143.830697
-2.546452 -30.824056 143.830697
-2.346170 -25.579946 144.053457
-2.346170 -25.579946 144.053457
-2.346170 -25.579946 144.053457
-2.346170 -25.579946 144.053457
-2.346170 -25.579946 144.053457
-2.346170 -25.579946 144.053457
-2.346170 -25.579946 144.053457
-2.346170 -25.579946 144.053457
-2.043020 -19.474073 143.903275
-2.043020 -19.474073 143.903275
-2.043020 -19.474073 143.903275
-2.043020 -19.474073 143.903275
-2.043020 -19.474073 143.903275
-2.043020 -19.474073 143.903275
-2.043020 -19.474073 143.903275
-2.043020 -19.474073 143.903275
-2.067020 -18.654456 143.206609
-2.067020 -18.654456 143.206609
-2.067020 -18.654456 143.206609
-2.067020 -18.654456 143.206609
-2.067020 -18.654456 143.206609
-2.067020 -18.654456 143.206609
-2.067020 -18.654456 143.206609
-2.067020 -18.654456 143.206609
-1.518821 -19.728872 141.829070
-1.518821 -19.728872 141.829070
-1.518821 -19.728872 141.829070
-1.518821 -19.728872 141.829070
-1.518821 -19.728872 141.829070
-1.518821 -19.728872 141.829070
-1.518821 -19.728872 141.829070
-1.518821 -19.728872 141.829070
-3.009099 -15.035693 146.539550
-3.009099 -15.035693 146.539550
-3.009099 -15.035693 146.539550
-3.009099 -15.035693 146.539550
-3.009099 -15.035693 146.539550
-3.009099 -15.035693 146.539550
-3.009099 -15.035693 146.539550
7.322519 -20.543153 146.556407
7.322519 -20.543153 146.556407
7.322519 -20.543153 146.556407
7.322519 -20.543153 146.556407
7.322519 -20.543153 146.556407
7.322519 -20.543153 146.556407
7.322519 -20.543153 146.556407
7.322519 -20.543153 146.556407
6.969320 -12.665066 138.523354
6.969320 -12.665066 138.523354
6.969320 -12.665066 138.523354
6.969320 -12.665066 138.523354
6.969320 -12.665066 138.523354
6.969320 -12.665066 138.523354
6.969320 -12.665066 138.523354
12.028111 -4.850498 129.458859
12.028111 -4.850498 129.458859
12.028111 -4.850498 129.458859
12.028111 -4.850498 129.458859
12.028111 -4.850498 129.458859
12.028111 -4.850498 129.458859
12.028111 -4.850498 129.458859
12.028111 -4.850498 129.458859
8.937766 -0.762103 127.659746
8.937766 -0.762103 127.659746
8.937766 -0.762103 127.659746
8.937766 -0.762103 127.659746
8.937766 -0.762103 127.659746
8.937766 -0.762103 127.659746
8.937766 -0.762103 127.659746
9.313217 -4.603621 122.083512
9.313217 -4.603621 122.083512
9.313217 -4.603621 122.083512
9.313217 -4.603621 122.083512
9.313217 -4.603621 122.083512
9.313217 -4.603621 122.083512
9.313217 -4.603621 122.083512
9.313217 -4.603621 122.083512
12.192603 -3.783833 115.801664
12.192603 -3.783833 115.801664
12.192603 -3.783833 115.801664
12.192603 -3.783833 115.801664
12.192603 -3.783833 115.801664
12.192603 -3.783833 115.801664
12.192603 -3.783833 115.801664
12.192603 -3.783833 115.801664
11.396242 -8.857703 106.374965
11.396242 -8.857703 106.374965
11.396242 -8.857703 106.374965
11.396242 -8.857703 106.374965
11.396242 -8.857703 106.374965
11.396242 -8.857703 106.374965
11.396242 -8.857703 106.374965
11.396242 -8.857703 106.374965
11.396242 -8.857703 106.374965
5.741912 -26.945762 102.342250
5.741912 -26.945762 102.342250
5.741912 -26.945762 102.342250
5.741912 -26.945762 102.342250
5.741912 -26.945762 102.342250
5.741912 -26.945762 102.342250
5.741912 -26.945762 102.342250
6.359499 -15.671936 113.466026
6.359499 -15.671936 113.466026
6.359499 -15.671936 113.466026
6.359499 -15.671936 113.466026
6.359499 -15.671936 113.466026
6.359499 -15.671936 113.466026
6.359499 -15.671936 113.466026
6.359499 -15.671936 113.466026
6.359499 -15.671936 113.466026
2.715061 -16.996263 116.958985
2.715061 -16.996263 116.958985
2.715061 -16.996263 116.958985
2.715061 -16.996263 116.958985
2.715061 -16.996263 116.958985
2.715061 -16.996263 116.958985
2.715061 -16.996263 116.958985
2.715061 -16.996263 116.958985
-1.562931 -20.696482 124.120711
-1.562931 -20.696482 124.120711
-1.562931 -20.696482 124.120711
-1.562931 -20.696482 124.120711
-1.562931 -20.696482 124.120711
-1.562931 -20.696482 124.120711
-1.562931 -20.696482 124.120711
-1.562931 -20.696482 124.120711
1.365077 -20.305765 126.263669
1.365077 -20.305765 126.263669
1.365077 -20.305765 126.263669
1.365077 -20.305765 126.263669
1.365077 -20.305765 126.263669
1.365077 -20.305765 126.263669
1.365077 -20.305765 126.263669
1.365077 -20.305765 126.263669
2.625510 -21.947459 132.334574
2.625510 -21.947459 132.334574
2.625510 -21.947459 132.334574
2.625510 -21.947459 132.334574
2.625510 -21.947459 132.334574
2.625510 -21.947459 132.334574
2.625510 -21.947459 132.334574
2.625510 -21.947459 132.334574
0.989013 -22.960615 137.328794
0.989013 -22.960615 137.328794
0.989013 -22.960615 137.328794
0.989013 -22.960615 137.328794
0.989013 -22.960615 137.328794
0.989013 -22.960615 137.328794
0.989013 -22.960615 137.328794
0.989013 -22.960615 137.328794
0.872458 -21.492864 143.434178
0.872458 -21.492864 143.434178
0.872458 -21.492864 143.434178
0.872458 -21.492864 143.434178
0.872458 -21.492864 143.434178
0.872458 -21.492864 143.434178
0.872458 -21.492864 143.434178
0.872458 -21.492864 143.434178
0.872458 -21.492864 143.434178
0.496040 -21.837337 145.954217
0.496040 -21.837337 145.954217
0.496040 -21.837337 145.954217
0.496040 -21.837337 145.954217
0.496040 -21.837337 145.954217
0.496040 -21.837337 145.954217
0.496040 -21.837337 145.954217
-0.245198 -24.190360 147.103560
-0.245198 -24.190360 147.103560
-0.245198 -24.190360 147.103560
-0.245198 -24.190360 147.103560
-0.245198 -24.190360 147.103560
-0.245198 -24.190360 147.103560
-0.245198 -24.190360 147.103560
-0.828380 -24.654147 147.347166
-0.828380 -24.654147 147.347166
-0.828380 -24.654147 147.347166
-0.828380 -24.654147 147.347166
-0.828380 -24.654147 147.347166
-0.828380 -24.654147 147.347166
-0.828380 -24.654147 147.347166
-0.828380 -24.654147 147.347166
-1.561994 -24.411222 147.981280
-1.561994 -24.411222 147.981280
-1.561994 -24.411222 147.981280
-1.561994 -24.411222 147.981280
-1.561994 -24.411222 147.981280
-1.561994 -24.411222 147.981280
-1.561994 -24.411222 147.981280
-1.966112 -24.332192 148.510388
-1.966112 -24.332192 148.510388
-1.966112 -24.332192 148.510388
-1.966112 -24.332192 148.510388
-1.966112 -24.332192 148.510388
-1.966112 -24.332192 148.510388
-1.966112 -24.332192 148.510388
-1.966112 -24.332192 148.510388
-2.209216 -24.279963 149.002708
-2.209216 -24.279963 149.002708
-2.209216 -24.279963 149.002708
-2.209216 -24.279963 149.002708
-2.209216 -24.279963 149.002708
-2.209216 -24.279963 149.002708
-2.209216 -24.279963 149.002708
-2.209216 -24.279963 149.002708
-2.367851 -24.254608 149.308304
-2.367851 -24.254608 149.308304
-2.367851 -24.254608 149.308304
-2.367851 -24.254608 149.308304
-2.367851 -24.254608 149.308304
-2.367851 -24.254608 149.308304
-2.367851 -24.254608 149.308304
-2.367851 -24.254608 149.308304
-2.469306 -24.329284 149.636222
-2.469306 -24.329284 149.636222
-2.469306 -24.329284 149.636222
-2.469306 -24.329284 149.636222
-2.469306 -24.329284 149.636222
-2.469306 -24.329284 149.636222
-2.469306 -24.329284 149.636222
-2.469306 -24.329284 149.636222
-2.469306 -24.329284 149.636222
-2.723705 -24.536492 149.728839
-2.723705 -24.536492 149.728839
-2.723705 -24.536492 149.728839
-2.723705 -24.536492 149.728839
-2.723705 -24.536492 149.728839
-2.723705 -24.536492 149.728839
-2.723705 -24.536492 149.728839
-2.723705 -24.536492 149.728839
-2.962916 -24.646743 149.991132
-2.962916 -24.646743 149.991132
-2.962916 -24.646743 149.991132
-2.962916 -24.646743 149.991132
-2.962916 -24.646743 149.991132
-2.962916 -24.646743 149.991132
-2.962916 -24.646743 149.991132
-2.962916 -24.646743 149.991132
-2.970811 -24.610415 150.011732
-2.970811 -24.610415 150.011732
-2.970811 -24.610415 150.011732
-2.970811 -24.610415 150.011732
-2.970811 -24.610415 150.011732
-2.970811 -24.610415 150.011732
-2.970811 -24.610415 150.011732
-2.970811 -24.610415 150.011732
-2.854811 -24.509386 150.225312
-2.854811 -24.509386 150.225312
-2.854811 -24.509386 150.225312
-2.854811 -24.509386 150.225312
-2.854811 -24.509386 150.225312
-2.854811 -24.509386 150.225312
-2.854811 -24.509386 150.225312
-2.854811 -24.509386 150.225312
-2.816823 -24.547907 150.324923
-2.816823 -24.547907 150.324923
-2.816823 -24.547907 150.324923
-2.816823 -24.547907 150.324923
-2.816823 -24.547907 150.324923
-2.816823 -24.547907 150.324923
-2.816823 -24.547907 150.324923
-2.755002 -24.720475 150.397610
-2.755002 -24.720475 150.397610
-2.755002 -24.720475 150.397610
-2.755002 -24.720475 150.397610
-2.755002 -24.720475 150.397610
-2.755002 -24.720475 150.397610
-2.755002 -24.720475 150.397610
-2.959718 -24.864547 150.541700
-2.959718 -24.864547 150.541700
-2.959718 -24.864547 150.541700
-2.959718 -24.864547 150.541700
-2.959718 -24.864547 150.541700
-2.959718 -24.864547 150.541700
-2.940723 -24.748321 150.432226
-2.940723 -24.748321 150.432226
-2.940723 -24.748321 150.432226
-2.940723 -24.748321 150.432226
-2.940723 -24.748321 150.432226
-2.940723 -24.748321 150.432226
-2.940723 -24.748321 150.432226
-2.940723 -24.748321 150.432226
-2.940723 -24.748321 150.432226
-2.940723 -24.748321 150.432226
-2.940723 -24.748321 150.432226
-2.940723 -24.748321 150.432226
-2.940723 -24.748321 150.432226
-2.940723 -24.748321 150.432226
-2.940723 -24.748321 150.432226
-2.940723 -24.748321 150.432226
-2.940723 -24.748321 150.432226
-3.115778 -25.132431 150.174960
-3.115778 -25.132431 150.174960
-3.115778 -25.132431 150.174960
-3.115778 -25.132431 150.174960
-3.115778 -25.132431 150.174960
-3.115778 -25.132431 150.174960
-3.115778 -25.132431 150.174960
-3.115778 -25.132431 150.174960
-3.115778 -25.132431 150.174960
-1.745631 -25.685155 149.899170
-1.745631 -25.685155 149.899170
-1.745631 -25.685155 149.899170
-1.745631 -25.685155 149.899170
-1.745631 -25.685155 149.899170
-1.745631 -25.685155 149.899170
-1.745631 -25.685155 149.899170
-1.745631 -25.685155 149.899170
-2.017230 -25.881911 148.325208
-2.017230 -25.881911 148.325208
-2.017230 -25.881911 148.325208
-2.017230 -25.881911 148.325208
-2.017230 -25.881911 148.325208
-2.017230 -25.881911 148.325208
-2.017230 -25.881911 148.325208
-2.017230 -25.881911 148.325208
-2.017230 -25.881911 148.325208
-2.041265 -25.561484 147.514847
-2.041265 -25.561484 147.514847
-2.041265 -25.561484 147.514847
-2.041265 -25.561484 147.514847
-2.041265 -25.561484 147.514847
-2.041265 -25.561484 147.514847
-2.041265 -25.561484 147.514847
-2.041265 -25.561484 147.514847
-2.135993 -25.050870 146.715442
-2.135993 -25.050870 146.715442
-2.135993 -25.050870 146.715442
-2.135993 -25.050870 146.715442
-2.135993 -25.050870 146.715442
-2.135993 -25.050870 146.715442
-2.135993 -25.050870 146.715442
-2.135993 -25.050870 146.715442
-1.965699 -25.186041 145.718111
-1.965699 -25.186041 145.718111
-1.965699 -25.186041 145.718111
-1.965699 -25.186041 145.718111
-1.965699 -25.186041 145.718111
-1.965699 -25.186041 145.718111
-1.965699 -25.186041 145.718111
-1.965699 -25.186041 145.718111
-2.033733 -27.692842 144.096733
-2.033733 -27.692842 144.096733
-2.033733 -27.692842 144.096733
-2.033733 -27.692842 144.096733
-2.033733 -27.692842 144.096733
-2.033733 -27.692842 144.096733
-2.033733 -27.692842 144.096733
-2.033733 -27.692842 144.096733
-2.033733 -27.692842 144.096733
-2.405719 -26.857026 141.507941
-2.405719 -26.857026 141.507941
-2.405719 -26.857026 141.507941
-2.405719 -26.857026 141.507941
-2.405719 -26.857026 141.507941
-2.405719 -26.857026 141.507941
-2.405719 -26.857026 141.507941
-2.405719 -26.857026 141.507941
-2.488904 -26.762749 139.807798
-2.488904 -26.762749 139.807798
-2.488904 -26.762749 139.807798
-2.488904 -26.762749 139.807798
-2.488904 -26.762749 139.807798
-2.488904 -26.762749 139.807798
-2.488904 -26.762749 139.807798
-2.488904 -26.762749 139.807798
-2.488904 -26.762749 139.807798
-2.546539 -26.912682 138.549431
-2.546539 -26.912682 138.549431
-2.546539 -26.912682 138.549431
-2.546539 -26.912682 138.549431
-2.546539 -26.912682 138.549431
-2.546539 -26.912682 138.549431
-2.546539 -26.912682 138.549431
-2.546539 -26.912682 138.549431
-1.740877 -27.438622 136.892359
-1.740877 -27.438622 136.892359
-1.740877 -27.438622 136.892359
-1.740877 -27.438622 136.892359
-1.740877 -27.438622 136.892359
-1.740877 -27.438622 136.892359
-1.740877 -27.438622 136.892359
-1.740877 -27.438622 136.892359
-1.984726 -28.055017 133.973013
-1.984726 -28.055017 133.973013
-1.984726 -28.055017 133.973013
-1.984726 -28.055017 133.973013
-1.984726 -28.055017 133.973013
-1.984726 -28.055017 133.973013
-1.984726 -28.055017 133.973013
-1.984726 -28.055017 133.973013
-2.098002 -28.247217 131.863113
-2.098002 -28.247217 131.863113
-2.098002 -28.247217 131.863113
-2.098002 -28.247217 131.863113
-2.098002 -28.247217 131.863113
-2.098002 -28.247217 131.863113
-2.098002 -28.247217 131.863113
-2.063883 -28.363233 130.093903
-2.063883 -28.363233 130.093903
-2.063883 -28.363233 130.093903
-2.063883 -28.363233 130.093903
-2.063883 -28.363233 130.093903
-2.063883 -28.363233 130.093903
-2.063883 -28.363233 130.093903
-2.063883 -28.363233 130.093903
-2.063883 -28.363233 130.093903
-1.539199 -28.288342 129.086641
-1.539199 -28.288342 129.086641
-1.539199 -28.288342 129.086641
-1.539199 -28.288342 129.086641
-1.539199 -28.288342 129.086641
-1.539199 -28.288342 129.086641
-1.539199 -28.288342 129.086641
-1.539199 -28.288342 129.086641
-1.682279 -28.376631 127.749727
-1.682279 -28.376631 127.749727
-1.682279 -28.376631 127.749727
-1.682279 -28.376631 127.749727
-1.682279 -28.376631 127.749727
-1.682279 -28.376631 127.749727
-1.682279 -28.376631 127.749727
-1.682279 -28.376631 127.749727
-1.191841 -28.006994 126.317819
-1.191841 -28.006994 126.317819
-1.191841 -28.006994 126.317819
-1.191841 -28.006994 126.317819
-1.191841 -28.006994 126.317819
-1.191841 -28.006994 126.317819
-1.191841 -28.006994 126.317819
-1.191841 -28.006994 126.317819
-1.191841 -28.006994 126.317819
-0.869897 -27.937316 125.371018
-0.869897 -27.937316 125.371018
-0.869897 -27.937316 125.371018
-0.869897 -27.937316 125.371018
-0.869897 -27.937316 125.371018
-0.869897 -27.937316 125.371018
-0.869897 -27.937316 125.371018
0.194850 -23.801645 126.690529
0.194850 -23.801645 126.690529
0.194850 -23.801645 126.690529
0.194850 -23.801645 126.690529
0.194850 -23.801645 126.690529
0.194850 -23.801645 126.690529
0.194850 -23.801645 126.690529
0.194850 -23.801645 126.690529
1.623026 -13.172262 128.385509
1.623026 -13.172262 128.385509
1.623026 -13.172262 128.385509
1.623026 -13.172262 128.385509
1.623026 -13.172262 128.385509
1.623026 -13.172262 128.385509
1.623026 -13.172262 128.385509
1.623026 -13.172262 128.385509
0.054643 -13.914741 129.684884
0.054643 -13.914741 129.684884
0.054643 -13.914741 129.684884
0.054643 -13.914741 129.684884
0.054643 -13.914741 129.684884
0.054643 -13.914741 129.684884
0.054643 -13.914741 129.684884
0.054643 -13.914741 129.684884
-3.883301 -8.257394 136.679954
-3.883301 -8.257394 136.679954
-3.883301 -8.257394 136.679954
-3.883301 -8.257394 136.679954
-3.883301 -8.257394 136.679954
-3.883301 -8.257394 136.679954
-3.883301 -8.257394 136.679954
-3.883301 -8.257394 136.679954
-4.443034 -6.330378 137.891383
-4.443034 -6.330378 137.891383
-4.443034 -6.330378 137.891383
-4.443034 -6.330378 137.891383
-4.443034 -6.330378 137.891383
-4.443034 -6.330378 137.891383
-4.443034 -6.330378 137.891383
-4.443034 -6.330378 137.891383
-4.691487 -1.846614 139.395268
-4.691487 -1.846614 139.395268
-4.691487 -1.846614 139.395268
-4.691487 -1.846614 139.395268
-4.691487 -1.846614 139.395268
-4.691487 -1.846614 139.395268
-4.691487 -1.846614 139.395268
-4.691487 -1.846614 139.395268
-0.077754 -0.812744 143.562271
-0.077754 -0.812744 143.562271
-0.077754 -0.812744 143.562271
-0.077754 -0.812744 143.562271
-0.077754 -0.812744 143.562271
-0.077754 -0.812744 143.562271
-0.077754 -0.812744 143.562271
-0.077754 -0.812744 143.562271
2.126087 -1.762324 141.861486
2.126087 -1.762324 141.861486
2.126087 -1.762324 141.861486
2.126087 -1.762324 141.861486
2.126087 -1.762324 141.861486
2.126087 -1.762324 141.861486
2.126087 -1.762324 141.861486
2.126087 -1.762324 141.861486
2.126087 -1.762324 141.861486
-0.045259 -8.125784 135.797220
-0.045259 -8.125784 135.797220
-0.045259 -8.125784 135.797220
-0.045259 -8.125784 135.797220
-0.045259 -8.125784 135.797220
-0.045259 -8.125784 135.797220
-0.045259 -8.125784 135.797220
-0.045259 -8.125784 135.797220
-0.048977 -12.880565 133.226009
-0.048977 -12.880565 133.226009
-0.048977 -12.880565 133.226009
-0.048977 -12.880565 133.226009
-0.048977 -12.880565 133.226009
-0.048977 -12.880565 133.226009
-0.048977 -12.880565 133.226009
-2.657492 -25.638459 133.761824
-2.657492 -25.638459 133.761824
-2.657492 -25.638459 133.761824
-2.657492 -25.638459 133.761824
-2.657492 -25.638459 133.761824
-2.657492 -25.638459 133.761824
-2.657492 -25.638459 133.761824
-2.657492 -25.638459 133.761824
-1.429549 -30.371495 136.461989
-1.429549 -30.371495 136.461989
-1.429549 -30.371495 136.461989
-1.429549 -30.371495 136.461989
-1.429549 -30.371495 136.461989
-1.429549 -30.371495 136.461989
-1.429549 -30.371495 136.461989
-1.429549 -30.371495 136.461989
0.638803 -29.644756 139.522979
0.638803 -29.644756 139.522979
0.638803 -29.644756 139.522979
0.638803 -29.644756 139.522979
0.638803 -29.644756 139.522979
0.638803 -29.644756 139.522979
0.638803 -29.644756 139.522979
0.638803 -29.644756 139.522979
0.704043 -32.537146 141.460895
0.704043 -32.537146 141.460895
0.704043 -32.537146 141.460895
0.704043 -32.537146 141.460895
0.704043 -32.537146 141.460895
0.704043 -32.537146 141.460895
0.704043 -32.537146 141.460895
0.704043 -32.537146 141.460895
1.154493 -39.064464 145.824703
1.154493 -39.064464 145.824703
1.154493 -39.064464 145.824703
1.154493 -39.064464 145.824703
1.154493 -39.064464 145.824703
1.154493 -39.064464 145.824703
1.154493 -39.064464 145.824703
1.154493 -39.064464 145.824703
1.154493 -39.064464 145.824703
0.334142 -39.410253 148.258491
0.334142 -39.410253 148.258491
0.334142 -39.410253 148.258491
0.334142 -39.410253 148.258491
0.334142 -39.410253 148.258491
0.334142 -39.410253 148.258491
0.334142 -39.410253 148.258491
0.334142 -39.410253 148.258491
-3.492240 -35.668262 147.506883
-3.492240 -35.668262 147.506883
-3.492240 -35.668262 147.506883
-3.492240 -35.668262 147.506883
-3.492240 -35.668262 147.506883
-3.492240 -35.668262 147.506883
-3.492240 -35.668262 147.506883
-3.492240 -35.668262 147.506883
-3.731763 -35.352725 150.275732
-3.731763 -35.352725 150.275732
-3.731763 -35.352725 150.275732
-3.731763 -35.352725 150.275732
-3.731763 -35.352725 150.275732
-3.731763 -35.352725 150.275732
-3.731763 -35.352725 150.275732
-4.822922 -38.483372 154.271434
-4.822922 -38.483372 154.271434
-4.822922 -38.483372 154.271434
-4.822922 -38.483372 154.271434
-4.822922 -38.483372 154.271434
-4.822922 -38.483372 154.271434
-4.822922 -38.483372 154.271434
-4.822922 -38.483372 154.271434
-5.770747 -38.809978 156.804273
-5.770747 -38.809978 156.804273
-5.770747 -38.809978 156.804273
-5.770747 -38.809978 156.804273
-5.770747 -38.809978 156.804273
-5.770747 -38.809978 156.804273
-5.770747 -38.809978 156.804273
-5.770747 -38.809978 156.804273
-6.684430 -39.743874 159.783574
-6.684430 -39.743874 159.783574
-6.684430 -39.743874 159.783574
-6.684430 -39.743874 159.783574
-6.684430 -39.743874 159.783574
-6.684430 -39.743874 159.783574
-6.684430 -39.743874 159.783574
-6.684430 -39.743874 159.783574
-7.015787 -40.317951 161.917312
-7.015787 -40.317951 161.917312
-7.015787 -40.317951 161.917312
-7.015787 -40.317951 161.917312
-7.015787 -40.317951 161.917312
-7.015787 -40.317951 161.917312
-7.015787 -40.317951 161.917312
-7.015787 -40.317951 161.917312
-8.032374 -41.075156 163.962038
-8.032374 -41.075156 163.962038
-8.032374 -41.075156 163.962038
-8.032374 -41.075156 163.962038
-8.032374 -41.075156 163.962038
-8.032374 -41.075156 163.962038
-8.032374 -41.075156 163.962038
-8.032374 -41.075156 163.962038
-7.629338 -40.612957 165.136721
-7.629338 -40.612957 165.136721
-7.629338 -40.612957 165.136721
-7.629338 -40.612957 165.136721
-7.629338 -40.612957 165.136721
-7.629338 -40.612957 165.136721
-7.629338 -40.612957 165.136721
-7.629338 -40.612957 165.136721
-7.629338 -40.612957 165.136721
-7.998671 -40.996455 164.762905
-7.998671 -40.996455 164.762905
-7.998671 -40.996455 164.762905
-7.998671 -40.996455 164.762905
-7.998671 -40.996455 164.762905
-7.998671 -40.996455 164.762905
-7.998671 -40.996455 164.762905
-7.998671 -40.996455 164.762905
-7.616741 -38.334461 166.051038
-7.616741 -38.334461 166.051038
-7.616741 -38.334461 166.051038
-7.616741 -38.334461 166.051038
-7.616741 -38.334461 166.051038
-7.616741 -38.334461 166.051038
-7.616741 -38.334461 166.051038
-7.616741 -38.334461 166.051038
-12.640010 -24.456512 167.419698
-12.640010 -24.456512 167.419698
-12.640010 -24.456512 167.419698
-12.640010 -24.456512 167.419698
-12.640010 -24.456512 167.419698
-12.640010 -24.456512 167.419698
-12.640010 -24.456512 167.419698
-12.640010 -24.456512 167.419698
-20.004641 -9.340287 155.433071
-20.004641 -9.340287 155.433071
-20.004641 -9.340287 155.433071
-20.004641 -9.340287 155.433071
-20.004641 -9.340287 155.433071
-20.004641 -9.340287 155.433071
-20.004641 -9.340287 155.433071
-16.660645 -3.762881 162.410533
-16.660645 -3.762881 162.410533
-16.660645 -3.762881 162.410533
-16.660645 -3.762881 162.410533
-16.660645 -3.762881 162.410533
-16.660645 -3.762881 162.410533
-16.660645 -3.762881 162.410533
-16.660645 -3.762881 162.410533
-7.013625 0.652901 156.508048
-7.013625 0.652901 156.508048
-7.013625 0.652901 156.508048
-7.013625 0.652901 156.508048
-7.013625 0.652901 156.508048
-7.013625 0.652901 156.508048
-7.013625 0.652901 156.508048
-7.013625 0.652901 156.508048
-1.728600 -3.762107 150.531878
-1.728600 -3.762107 150.531878
-1.728600 -3.762107 150.531878
-1.728600 -3.762107 150.531878
-1.728600 -3.762107 150.531878
-1.728600 -3.762107 150.531878
-1.728600 -3.762107 150.531878
-1.728600 -3.762107 150.531878
-0.013213 -14.565281 153.318718
-0.013213 -14.565281 153.318718
-0.013213 -14.565281 153.318718
-0.013213 -14.565281 153.318718
-0.013213 -14.565281 153.318718
-0.013213 -14.565281 153.318718
-0.013213 -14.565281 153.318718
-0.013213 -14.565281 153.318718
0.137336 -15.089669 156.246315
0.137336 -15.089669 156.246315
0.137336 -15.089669 156.246315
0.137336 -15.089669 156.246315
0.137336 -15.089669 156.246315
0.137336 -15.089669 156.246315
0.137336 -15.089669 156.246315
0.137336 -15.089669 156.246315
0.080297 -15.367116 158.481276
0.080297 -15.367116 158.481276
0.080297 -15.367116 158.481276
0.080297 -15.367116 158.481276
0.080297 -15.367116 158.481276
0.080297 -15.367116 158.481276
0.080297 -15.367116 158.481276
0.080297 -15.367116 158.481276
0.080297 -15.367116 158.481276
-0.092208 -15.534101 160.193085
-0.092208 -15.534101 160.193085
-0.092208 -15.534101 160.193085
-0.092208 -15.534101 160.193085
-0.092208 -15.534101 160.193085
-0.092208 -15.534101 160.193085
-0.092208 -15.534101 160.193085
-0.293299 -15.641780 161.464648
-0.293299 -15.641780 161.464648
-0.293299 -15.641780 161.464648
-0.293299 -15.641780 161.464648
-0.293299 -15.641780 161.464648
-0.293299 -15.641780 161.464648
-0.293299 -15.641780 161.464648
-0.293299 -15.641780 161.464648
-0.499727 -15.719284 162.440955
-0.499727 -15.719284 162.440955
-0.499727 -15.719284 162.440955
-0.499727 -15.719284 162.440955
-0.499727 -15.719284 162.440955
-0.499727 -15.719284 162.440955
-0.499727 -15.719284 162.440955
-0.499727 -15.719284 162.440955
-0.689286 -15.763931 163.180528
-0.689286 -15.763931 163.180528
-0.689286 -15.763931 163.180528
-0.689286 -15.763931 163.180528
-0.689286 -15.763931 163.180528
-0.689286 -15.763931 163.180528
-0.689286 -15.763931 163.180528
-0.689286 -15.763931 163.180528
-0.849414 -15.780800 163.742488
-0.849414 -15.780800 163.742488
-0.849414 -15.780800 163.742488
-0.849414 -15.780800 163.742488
-0.849414 -15.780800 163.742488
-0.849414 -15.780800 163.742488
-0.849414 -15.780800 163.742488
-0.849414 -15.780800 163.742488
-0.980203 -15.794300 164.163542
-0.980203 -15.794300 164.163542
-0.980203 -15.794300 164.163542
-0.980203 -15.794300 164.163542
-0.980203 -15.794300 164.163542
-0.980203 -15.794300 164.163542
-1.094954 -15.801735 164.481091
-1.094954 -15.801735 164.481091
-1.094954 -15.801735 164.481091
-1.094954 -15.801735 164.481091
-1.094954 -15.801735 164.481091
-1.094954 -15.801735 164.481091
-1.094954 -15.801735 164.481091
-1.191952 -15.818450 164.740707
-1.191952 -15.818450 164.740707
-1.191952 -15.818450 164.740707
-1.191952 -15.818450 164.740707
-1.191952 -15.818450 164.740707
-1.191952 -15.818450 164.740707
-1.191952 -15.818450 164.740707
-1.263011 -15.828166 164.935367
-1.263011 -15.828166 164.935367
-1.263011 -15.828166 164.935367
-1.263011 -15.828166 164.935367
-1.263011 -15.828166 164.935367
-1.263011 -15.828166 164.935367
-1.263011 -15.828166 164.935367
-1.263011 -15.828166 164.935367
-1.324945 -15.840534 165.074635
-1.324945 -15.840534 165.074635
-1.324945 -15.840534 165.074635
-1.324945 -15.840534 165.074635
-1.324945 -15.840534 165.074635
-1.324945 -15.840534 165.074635
-1.324945 -15.840534 165.074635
-1.324945 -15.840534 165.074635
-1.372673 -15.837931 165.169875
-1.372673 -15.837931 165.169875
-1.372673 -15.837931 165.169875
-1.372673 -15.837931 165.169875
-1.372673 -15.837931 165.169875
-1.372673 -15.837931 165.169875
-1.372673 -15.837931 165.169875
-1.372673 -15.837931 165.169875
-1.403851 -15.831243 165.236865
-1.403851 -15.831243 165.236865
-1.403851 -15.831243 165.236865
-1.403851 -15.831243 165.236865
-1.403851 -15.831243 165.236865
-1.403851 -15.831243 165.236865
-1.403851 -15.831243 165.236865
-1.403851 -15.831243 165.236865
-1.403851 -15.831243 165.236865
-1.431422 -15.830939 165.295482
-1.431422 -15.830939 165.295482
-1.431422 -15.830939 165.295482
-1.431422 -15.830939 165.295482
-1.431422 -15.830939 165.295482
-1.431422 -15.830939 165.295482
-1.431422 -15.830939 165.295482
-1.454077 -15.830797 165.333540
-1.454077 -15.830797 165.333540
-1.454077 -15.830797 165.333540
-1.454077 -15.830797 165.333540
-1.454077 -15.830797 165.333540
-1.454077 -15.830797 165.333540
-1.454077 -15.830797 165.333540
-1.454077 -15.830797 165.333540
-1.462779 -15.825873 165.371366
-1.462779 -15.825873 165.371366
-1.462779 -15.825873 165.371366
-1.462779 -15.825873 165.371366
-1.462779 -15.825873 165.371366
-1.462779 -15.825873 165.371366
-1.462779 -15.825873 165.371366
-1.462779 -15.825873 165.371366
-1.476463 -15.839678 165.385245
-1.476463 -15.839678 165.385245
-1.476463 -15.839678 165.385245
-1.476463 -15.839678 165.385245
-1.476463 -15.839678 165.385245
-1.476463 -15.839678 165.385245
-1.476463 -15.839678 165.385245
-1.476463 -15.839678 165.385245
-1.484848 -15.836992 165.403153
-1.484848 -15.836992 165.403153
-1.484848 -15.836992 165.403153
-1.484848 -15.836992 165.403153
-1.484848 -15.836992 165.403153
-1.484848 -15.836992 165.403153
-1.484848 -15.836992 165.403153
-1.484848 -15.836992 165.403153
-1.489913 -15.844897 165.411800
-1.489913 -15.844897 165.411800
-1.489913 -15.844897 165.411800
-1.489913 -15.844897 165.411800
-1.489913 -15.844897 165.411800
-1.489913 -15.844897 165.411800
-1.489913 -15.844897 165.411800
-1.489913 -15.844897 165.411800
-1.489913 -15.844897 165.411800
-1.497610 -15.839832 165.424504
-1.497610 -15.839832 165.424504
-1.497610 -15.839832 165.424504
-1.497610 -15.839832 165.424504
-1.497610 -15.839832 165.424504
-1.497610 -15.839832 165.424504
-1.497610 -15.839832 165.424504
-1.507393 -15.839398 165.409751
-1.507393 -15.839398 165.409751
-1.507393 -15.839398 165.409751
-1.507393 -15.839398 165.409751
-1.507393 -15.839398 165.409751
-1.507393 -15.839398 165.409751
-1.507393 -15.839398 165.409751
-1.507393 -15.839398 165.409751
-1.500436 -15.836649 165.425447
-1.500436 -15.836649 165.425447
-1.500436 -15.836649 165.425447
-1.500436 -15.836649 165.425447
-1.500436 -15.836649 165.425447
-1.500436 -15.836649 165.425447
-1.500436 -15.836649 165.425447
-1.500436 -15.836649 165.425447
-1.507245 -15.838440 165.432919
-1.507245 -15.838440 165.432919
-1.507245 -15.838440 165.432919
-1.507245 -15.838440 165.432919
-1.507245 -15.838440 165.432919
-1.507245 -15.838440 165.432919
-1.507245 -15.838440 165.432919
-1.507245 -15.838440 165.432919
-1.506866 -15.837779 165.421718
-1.506866 -15.837779 165.421718
-1.506866 -15.837779 165.421718
-1.506866 -15.837779 165.421718
-1.506866 -15.837779 165.421718
-1.506866 -15.837779 165.421718
-1.506866 -15.837779 165.421718
-1.506866 -15.837779 165.421718
-1.496915 -15.836755 165.448205
-1.496915 -15.836755 165.448205
-1.496915 -15.836755 165.448205
-1.496915 -15.836755 165.448205
-1.496915 -15.836755 165.448205
-1.496915 -15.836755 165.448205
-1.496915 -15.836755 165.448205
-1.496915 -15.836755 165.448205
-1.496915 -15.836755 165.448205
-1.496915 -15.836755 165.448205
-1.496915 -15.836755 165.448205
-1.496915 -15.836755 165.448205
-1.496915 -15.836755 165.448205
-1.496915 -15.836755 165.448205
-1.496915 -15.836755 165.448205
-1.496915 -15.836755 165.448205
-1.496915 -15.836755 165.448205
-1.523969 -15.846980 165.417387
-1.523969 -15.846980 165.417387
-1.523969 -15.846980 165.417387
-1.523969 -15.846980 165.417387
-1.523969 -15.846980 165.417387
-1.523969 -15.846980 165.417387
-1.523969 -15.846980 165.417387
-1.523969 -15.846980 165.417387
-1.521977 -15.851875 165.428657
-1.521977 -15.851875 165.428657
-1.521977 -15.851875 165.428657
-1.521977 -15.851875 165.428657
-1.521977 -15.851875 165.428657
-1.521977 -15.851875 165.428657
-1.521977 -15.851875 165.428657
-1.521977 -15.851875 165.428657
-1.506777 -15.848979 165.426717
-1.506777 -15.848979 165.426717
-1.506777 -15.848979 165.426717
-1.506777 -15.848979 165.426717
-1.506777 -15.848979 165.426717
-1.506777 -15.848979 165.426717
-1.506777 -15.848979 165.426717
-1.503549 -15.842935 165.425625
-1.503549 -15.842935 165.425625
-1.503549 -15.842935 165.425625
-1.503549 -15.842935 165.425625
-1.503549 -15.842935 165.425625
-1.503549 -15.842935 165.425625
-1.503549 -15.842935 165.425625
-1.503549 -15.842935 165.425625
-1.501603 -15.839499 165.431499
-1.501603 -15.839499 165.431499
-1.501603 -15.839499 165.431499
-1.501603 -15.839499 165.431499
-1.501603 -15.839499 165.431499
-1.501603 -15.839499 165.431499
-1.501603 -15.839499 165.431499
-1.501603 -15.839499 165.431499
-1.500252 -15.841167 165.437892
-1.500252 -15.841167 165.437892
-1.500252 -15.841167 165.437892
-1.500252 -15.841167 165.437892
-1.500252 -15.841167 165.437892
-1.500252 -15.841167 165.437892
-1.500252 -15.841167 165.437892
-1.497335 -15.845636 165.447317
-1.497335 -15.845636 165.447317
-1.497335 -15.845636 165.447317
-1.497335 -15.845636 165.447317
-1.497335 -15.845636 165.447317
-1.497335 -15.845636 165.447317
-1.497335 -15.845636 165.447317
-1.497335 -15.845636 165.447317
-1.498055 -15.845050 165.453779
-1.498055 -15.845050 165.453779
-1.498055 -15.845050 165.453779
-1.498055 -15.845050 165.453779
-1.498055 -15.845050 165.453779
-1.498055 -15.845050 165.453779
-1.498055 -15.845050 165.453779
-1.498055 -15.845050 165.453779
-1.497905 -15.842415 165.469160
-1.497905 -15.842415 165.469160
-1.497905 -15.842415 165.469160
-1.497905 -15.842415 165.469160
-1.497905 -15.842415 165.469160
-1.497905 -15.842415 165.469160
-1.497905 -15.842415 165.469160
-1.497905 -15.842415 165.469160
-1.506116 -15.839530 165.454912
-1.506116 -15.839530 165.454912
-1.506116 -15.839530 165.454912
-1.506116 -15.839530 165.454912
-1.506116 -15.839530 165.454912
-1.506116 -15.839530 165.454912
-1.506116 -15.839530 165.454912
-1.506116 -15.839530 165.454912
-1.506116 -15.839530 165.454912
-1.502232 -15.842911 165.465527
-1.502232 -15.842911 165.465527
-1.502232 -15.842911 165.465527
-1.502232 -15.842911 165.465527
-1.502232 -15.842911 165.465527
-1.502232 -15.842911 165.465527
-1.502232 -15.842911 165.465527
-1.502232 -15.842911 165.465527
-1.501150 -15.848629 165.471127
-1.501150 -15.848629 165.471127
-1.501150 -15.848629 165.471127
-1.501150 -15.848629 165.471127
-1.501150 -15.848629 165.471127
-1.501150 -15.848629 165.471127
-1.501150 -15.848629 165.471127
-1.501150 -15.848629 165.471127
-1.501150 -15.848629 165.471127
-1.501305 -15.832486 165.467343
-1.501305 -15.832486 165.467343
-1.501305 -15.832486 165.467343
-1.501305 -15.832486 165.467343
-1.501305 -15.832486 165.467343
-1.501305 -15.832486 165.467343
-1.501305 -15.832486 165.467343
-1.497515 -15.828779 165.468286
-1.497515 -15.828779 165.468286
-1.497515 -15.828779 165.468286
-1.497515 -15.828779 165.468286
-1.497515 -15.828779 165.468286
-1.497515 -15.828779 165.468286
-1.497515 -15.828779 165.468286
-1.497515 -15.828779 165.468286
-1.500924 -15.828029 165.463027
-1.500924 -15.828029 165.463027
-1.500924 -15.828029 165.463027
-1.500924 -15.828029 165.463027
-1.500924 -15.828029 165.463027
-1.500924 -15.828029 165.463027
-1.500924 -15.828029 165.463027
-1.500924 -15.828029 165.463027
-1.500924 -15.828029 165.463027
-1.504679 -15.826800 165.453273
-1.504679 -15.826800 165.453273
-1.504679 -15.826800 165.453273
-1.504679 -15.826800 165.453273
-1.504679 -15.826800 165.453273
-1.504679 -15.826800 165.453273
-1.504679 -15.826800 165.453273
-1.503742 -15.836666 165.458177
-1.503742 -15.836666 165.458177
-1.503742 -15.836666 165.458177
-1.503742 -15.836666 165.458177
-1.503742 -15.836666 165.458177
-1.503742 -15.836666 165.458177
-1.503742 -15.836666 165.458177
-1.503742 -15.836666 165.458177
-1.503462 -15.837248 165.445842
-1.503462 -15.837248 165.445842
-1.503462 -15.837248 165.445842
-1.503462 -15.837248 165.445842
-1.503462 -15.837248 165.445842
-1.503462 -15.837248 165.445842
-1.503462 -15.837248 165.445842
-1.506802 -15.848110 165.405708
-1.506802 -15.848110 165.405708
-1.506802 -15.848110 165.405708
-1.506802 -15.848110 165.405708
-1.506802 -15.848110 165.405708
-1.506802 -15.848110 165.405708
-1.506802 -15.848110 165.405708
-1.506802 -15.848110 165.405708
-1.502090 -15.851851 165.411008
-1.502090 -15.851851 165.411008
-1.502090 -15.851851 165.411008
-1.502090 -15.851851 165.411008
-1.502090 -15.851851 165.411008
-1.502090 -15.851851 165.411008
-1.502090 -15.851851 165.411008
-1.502090 -15.851851 165.411008
-1.500794 -15.849862 165.410912
-1.500794 -15.849862 165.410912
-1.500794 -15.849862 165.410912
-1.500794 -15.849862 165.410912
-1.500794 -15.849862 165.410912
-1.500794 -15.849862 165.410912
-1.500794 -15.849862 165.410912
-1.500794 -15.849862 165.410912
-1.503374 -15.844420 165.381543
-1.503374 -15.844420 165.381543
-1.503374 -15.844420 165.381543
-1.503374 -15.844420 165.381543
-1.503374 -15.844420 165.381543
-1.503374 -15.844420 165.381543
-1.503374 -15.844420 165.381543
-1.503374 -15.844420 165.381543
-1.494308 -15.841399 165.400845
-1.494308 -15.841399 165.400845
-1.494308 -15.841399 165.400845
-1.494308 -15.841399 165.400845
-1.494308 -15.841399 165.400845
-1.494308 -15.841399 165.400845
-1.494308 -15.841399 165.400845
-1.494308 -15.841399 165.400845
-1.494308 -15.841399 165.400845
-1.495058 -15.839560 165.392689
-1.495058 -15.839560 165.392689
-1.495058 -15.839560 165.392689
-1.495058 -15.839560 165.392689
-1.495058 -15.839560 165.392689
-1.495058 -15.839560 165.392689
-1.495058 -15.839560 165.392689
-1.528620 -15.880752 165.201321
-1.528620 -15.880752 165.201321
-1.528620 -15.880752 165.201321
-1.528620 -15.880752 165.201321
-1.528620 -15.880752 165.201321
-1.528620 -15.880752 165.201321
-1.528620 -15.880752 165.201321
-1.528620 -15.880752 165.201321
-1.518347 -15.880998 165.241360
-1.518347 -15.880998 165.241360
-1.518347 -15.880998 165.241360
-1.518347 -15.880998 165.241360
-1.518347 -15.880998 165.241360
-1.518347 -15.880998 165.241360
-1.518347 -15.880998 165.241360
-1.525989 -15.893278 165.265634
-1.525989 -15.893278 165.265634
-1.525989 -15.893278 165.265634
-1.525989 -15.893278 165.265634
-1.525989 -15.893278 165.265634
-1.525989 -15.893278 165.265634
-1.525989 -15.893278 165.265634
-1.518184 -15.894315 165.289636
-1.518184 -15.894315 165.289636
-1.518184 -15.894315 165.289636
-1.518184 -15.894315 165.289636
-1.518184 -15.894315 165.289636
-1.518184 -15.894315 165.289636
-1.510944 -15.895250 165.328868
-1.510944 -15.895250 165.328868
-1.510944 -15.895250 165.328868
-1.510944 -15.895250 165.328868
-1.510944 -15.895250 165.328868
-1.510944 -15.895250 165.328868
-1.510944 -15.895250 165.328868
-1.510944 -15.895250 165.328868
-1.513667 -15.887858 165.367254
-1.513667 -15.887858 165.367254
-1.513667 -15.887858 165.367254
-1.513667 -15.887858 165.367254
-1.513667 -15.887858 165.367254
-1.513667 -15.887858 165.367254
-1.513667 -15.887858 165.367254
-1.518444 -15.888203 165.388100
-1.518444 -15.888203 165.388100
-1.518444 -15.888203 165.388100
-1.518444 -15.888203 165.388100
-1.518444 -15.888203 165.388100
-1.518444 -15.888203 165.388100
-1.518444 -15.888203 165.388100
-1.514092 -15.886059 165.396883
-1.514092 -15.886059 165.396883
-1.514092 -15.886059 165.396883
-1.514092 -15.886059 165.396883
-1.514092 -15.886059 165.396883
-1.514092 -15.886059 165.396883
-1.514092 -15.886059 165.396883
-1.514092 -15.886059 165.396883
-1.512569 -15.877352 165.411664
-1.512569 -15.877352 165.411664
-1.512569 -15.877352 165.411664
-1.512569 -15.877352 165.411664
-1.512569 -15.877352 165.411664
-1.512569 -15.877352 165.411664
-1.512569 -15.877352 165.411664
-1.512569 -15.877352 165.411664
-1.506149 -15.887630 165.432031
-1.506149 -15.887630 165.432031
-1.506149 -15.887630 165.432031
-1.506149 -15.887630 165.432031
-1.506149 -15.887630 165.432031
-1.506149 -15.887630 165.432031
-1.506149 -15.887630 165.432031
-1.506149 -15.887630 165.432031
-1.508229 -15.876932 165.464447
-1.508229 -15.876932 165.464447
-1.508229 -15.876932 165.464447
-1.508229 -15.876932 165.464447
-1.508229 -15.876932 165.464447
-1.508229 -15.876932 165.464447
-1.508229 -15.876932 165.464447
-1.508925 -15.875870 165.481632
-1.508925 -15.875870 165.481632
-1.508925 -15.875870 165.481632
-1.508925 -15.875870 165.481632
-1.508925 -15.875870 165.481632
-1.508925 -15.875870 165.481632
-1.508925 -15.875870 165.481632
-1.512374 -15.874248 165.496549
-1.512374 -15.874248 165.496549
-1.512374 -15.874248 165.496549
-1.512374 -15.874248 165.496549
-1.512374 -15.874248 165.496549
-1.512374 -15.874248 165.496549
-1.512374 -15.874248 165.496549
-1.512374 -15.874248 165.496549
-1.516156 -15.877830 165.512505
-1.516156 -15.877830 165.512505
-1.516156 -15.877830 165.512505
-1.516156 -15.877830 165.512505
-1.516156 -15.877830 165.512505
-1.516156 -15.877830 165.512505
-1.516156 -15.877830 165.512505
-1.510675 -15.888253 165.519198
-1.510675 -15.888253 165.519198
-1.510675 -15.888253 165.519198
-1.510675 -15.888253 165.519198
-1.510675 -15.888253 165.519198
-1.510675 -15.888253 165.519198
-1.510675 -15.888253 165.519198
-1.522016 -15.894431 165.520714
-1.522016 -15.894431 165.520714
-1.522016 -15.894431 165.520714
-1.522016 -15.894431 165.520714
-1.522016 -15.894431 165.520714
-1.522016 -15.894431 165.520714
-1.522016 -15.894431 165.520714
-1.522016 -15.894431 165.520714
-1.523255 -15.884368 165.522504
-1.523255 -15.884368 165.522504
-1.523255 -15.884368 165.522504
-1.523255 -15.884368 165.522504
-1.523255 -15.884368 165.522504
-1.523255 -15.884368 165.522504
-1.523255 -15.884368 165.522504
-1.521505 -15.881914 165.519403
-1.521505 -15.881914 165.519403
-1.521505 -15.881914 165.519403
-1.521505 -15.881914 165.519403
-1.521505 -15.881914 165.519403
-1.521505 -15.881914 165.519403
-1.521505 -15.881914 165.519403
-1.521505 -15.881914 165.519403
-1.522282 -15.883977 165.512259
-1.522282 -15.883977 165.512259
-1.522282 -15.883977 165.512259
-1.522282 -15.883977 165.512259
-1.522282 -15.883977 165.512259
-1.522282 -15.883977 165.512259
-1.522282 -15.883977 165.512259
-1.522282 -15.883977 165.512259
-1.529407 -15.876457 165.508707
-1.529407 -15.876457 165.508707
-1.529407 -15.876457 165.508707
-1.529407 -15.876457 165.508707
-1.529407 -15.876457 165.508707
-1.529407 -15.876457 165.508707
-1.529407 -15.876457 165.508707
-1.521973 -15.877034 165.507040
-1.521973 -15.877034 165.507040
-1.521973 -15.877034 165.507040
-1.521973 -15.877034 165.507040
-1.521973 -15.877034 165.507040
-1.521973 -15.877034 165.507040
-1.513028 -15.872781 165.496563
-1.513028 -15.872781 165.496563
-1.513028 -15.872781 165.496563
-1.513028 -15.872781 165.496563
-1.513028 -15.872781 165.496563
-1.513028 -15.872781 165.496563
-1.513028 -15.872781 165.496563
-1.513028 -15.872781 165.496563
-1.513028 -15.872781 165.496563
-1.508787 -15.873997 165.493612
-1.508787 -15.873997 165.493612
-1.508787 -15.873997 165.493612
-1.508787 -15.873997 165.493612
-1.508787 -15.873997 165.493612
-1.508787 -15.873997 165.493612
-1.508787 -15.873997 165.493612
-1.508787 -15.873997 165.493612
-1.501240 -15.870095 165.495607
-1.501240 -15.870095 165.495607
-1.501240 -15.870095 165.495607
-1.501240 -15.870095 165.495607
-1.501240 -15.870095 165.495607
-1.501240 -15.870095 165.495607
-1.501240 -15.870095 165.495607
-1.506717 -15.863207 165.488257
-1.506717 -15.863207 165.488257
-1.506717 -15.863207 165.488257
-1.506717 -15.863207 165.488257
-1.506717 -15.863207 165.488257
-1.506717 -15.863207 165.488257
-1.506717 -15.863207 165.488257
-1.501859 -15.870628 165.491959
-1.501859 -15.870628 165.491959
-1.501859 -15.870628 165.491959
-1.501859 -15.870628 165.491959
-1.501859 -15.870628 165.491959
-1.501859 -15.870628 165.491959
-1.501859 -15.870628 165.491959
-1.509535 -15.871273 165.464666
-1.509535 -15.871273 165.464666
-1.509535 -15.871273 165.464666
-1.509535 -15.871273 165.464666
-1.509535 -15.871273 165.464666
-1.509535 -15.871273 165.464666
-1.506199 -15.867218 165.467740
-1.506199 -15.867218 165.467740
-1.506199 -15.867218 165.467740
-1.506199 -15.867218 165.467740
-1.506199 -15.867218 165.467740
-1.506199 -15.867218 165.467740
-1.506199 -15.867218 165.467740
-1.506199 -15.867218 165.467740
-1.516561 -15.870161 165.461087
-1.516561 -15.870161 165.461087
-1.516561 -15.870161 165.461087
-1.516561 -15.870161 165.461087
-1.516561 -15.870161 165.461087
-1.516561 -15.870161 165.461087
-1.516561 -15.870161 165.461087
-1.516561 -15.870161 165.461087
-1.516355 -15.870691 165.457877
-1.516355 -15.870691 165.457877
-1.516355 -15.870691 165.457877
-1.516355 -15.870691 165.457877
-1.516355 -15.870691 165.457877
-1.516355 -15.870691 165.457877
-1.516355 -15.870691 165.457877
-1.507920 -15.879753 165.464338
-1.507920 -15.879753 165.464338
-1.507920 -15.879753 165.464338
-1.507920 -15.879753 165.464338
-1.507920 -15.879753 165.464338
-1.507920 -15.879753 165.464338
-1.519950 -15.890037 165.463232
-1.519950 -15.890037 165.463232
-1.519950 -15.890037 165.463232
-1.519950 -15.890037 165.463232
-1.519950 -15.890037 165.463232
-1.519950 -15.890037 165.463232
-1.519950 -15.890037 165.463232
-1.519950 -15.890037 165.463232
-1.520763 -15.888745 165.470649
-1.520763 -15.888745 165.470649
-1.520763 -15.888745 165.470649
-1.520763 -15.888745 165.470649
-1.520763 -15.888745 165.470649
-1.520763 -15.888745 165.470649
-1.520763 -15.888745 165.470649
-1.517845 -15.884271 165.481851
-1.517845 -15.884271 165.481851
-1.517845 -15.884271 165.481851
-1.517845 -15.884271 165.481851
-1.517845 -15.884271 165.481851
-1.517845 -15.884271 165.481851
-1.517845 -15.884271 165.481851
-1.514286 -15.887805 165.490402
-1.514286 -15.887805 165.490402
-1.514286 -15.887805 165.490402
-1.514286 -15.887805 165.490402
-1.514286 -15.887805 165.490402
-1.514286 -15.887805 165.490402
-1.513427 -15.876664 165.504090
-1.513427 -15.876664 165.504090
-1.513427 -15.876664 165.504090
-1.513427 -15.876664 165.504090
-1.513427 -15.876664 165.504090
-1.513427 -15.876664 165.504090
-1.513427 -15.876664 165.504090
-1.513427 -15.876664 165.504090
-1.519565 -15.869142 165.499841
-1.519565 -15.869142 165.499841
-1.519565 -15.869142 165.499841
-1.519565 -15.869142 165.499841
-1.519565 -15.869142 165.499841
-1.519565 -15.869142 165.499841
-1.519565 -15.869142 165.499841
-1.521360 -15.861895 165.495825
-1.521360 -15.861895 165.495825
-1.521360 -15.861895 165.495825
-1.521360 -15.861895 165.495825
-1.521360 -15.861895 165.495825
-1.521360 -15.861895 165.495825
-1.521360 -15.861895 165.495825
-1.521317 -15.869354 165.495170
-1.521317 -15.869354 165.495170
-1.521317 -15.869354 165.495170
-1.521317 -15.869354 165.495170
-1.521317 -15.869354 165.495170
-1.521317 -15.869354 165.495170
-1.521317 -15.869354 165.495170
-1.507813 -15.873250 165.492192
-1.507813 -15.873250 165.492192
-1.507813 -15.873250 165.492192
-1.507813 -15.873250 165.492192
-1.507813 -15.873250 165.492192
-1.507813 -15.873250 165.492192
-1.498698 -15.879423 165.499199
-1.498698 -15.879423 165.499199
-1.498698 -15.879423 165.499199
-1.498698 -15.879423 165.499199
-1.498698 -15.879423 165.499199
-1.498698 -15.879423 165.499199
-1.498698 -15.879423 165.499199
-1.498698 -15.879423 165.499199
-1.505238 -15.873544 165.479406
-1.505238 -15.873544 165.479406
-1.505238 -15.873544 165.479406
-1.505238 -15.873544 165.479406
-1.505238 -15.873544 165.479406
-1.505238 -15.873544 165.479406
-1.505238 -15.873544 165.479406
-1.508010 -15.871355 165.472534
-1.508010 -15.871355 165.472534
-1.508010 -15.871355 165.472534
-1.508010 -15.871355 165.472534
-1.508010 -15.871355 165.472534
-1.508010 -15.871355 165.472534
-1.505590 -15.872038 165.481905
-1.505590 -15.872038 165.481905
-1.505590 -15.872038 165.481905
-1.505590 -15.872038 165.481905
-1.505590 -15.872038 165.481905
-1.505590 -15.872038 165.481905
-1.505590 -15.872038 165.481905
-1.505590 -15.872038 165.481905
-1.507149 -15.869376 165.476182
-1.507149 -15.869376 165.476182
-1.507149 -15.869376 165.476182
-1.507149 -15.869376 165.476182
-1.507149 -15.869376 165.476182
-1.507149 -15.869376 165.476182
-1.507149 -15.869376 165.476182
-1.495808 -15.865595 165.470444
-1.495808 -15.865595 165.470444
-1.495808 -15.865595 165.470444
-1.495808 -15.865595 165.470444
-1.495808 -15.865595 165.470444
-1.495808 -15.865595 165.470444
-1.495808 -15.865595 165.470444
-1.495808 -15.865595 165.470444
-1.495073 -15.877922 165.478873
-1.495073 -15.877922 165.478873
-1.495073 -15.877922 165.478873
-1.495073 -15.877922 165.478873
-1.495073 -15.877922 165.478873
-1.495073 -15.877922 165.478873
-1.495073 -15.877922 165.478873
-1.495073 -15.877922 165.478873
-1.499791 -15.882420 165.462549
-1.499791 -15.882420 165.462549
-1.499791 -15.882420 165.462549
-1.499791 -15.882420 165.462549
-1.499791 -15.882420 165.462549
-1.499791 -15.882420 165.462549
-1.499791 -15.882420 165.462549
-1.501283 -15.880815 165.453601
-1.501283 -15.880815 165.453601
-1.501283 -15.880815 165.453601
-1.501283 -15.880815 165.453601
-1.501283 -15.880815 165.453601
-1.501283 -15.880815 165.453601
-1.501283 -15.880815 165.453601
-1.501283 -15.880815 165.453601
-1.502492 -15.879971 165.435173
-1.502492 -15.879971 165.435173
-1.502492 -15.879971 165.435173
-1.502492 -15.879971 165.435173
-1.502492 -15.879971 165.435173
-1.502492 -15.879971 165.435173
-1.502492 -15.879971 165.435173
-1.502492 -15.879971 165.435173
-1.502637 -15.872938 165.438998
-1.502637 -15.872938 165.438998
-1.502637 -15.872938 165.438998
-1.502637 -15.872938 165.438998
-1.502637 -15.872938 165.438998
-1.502637 -15.872938 165.438998
-1.502637 -15.872938 165.438998
-1.506003 -15.859255 165.435569
-1.506003 -15.859255 165.435569
-1.506003 -15.859255 165.435569
-1.506003 -15.859255 165.435569
-1.506003 -15.859255 165.435569
-1.506003 -15.859255 165.435569
-1.506003 -15.859255 165.435569
-1.506003 -15.859255 165.435569
-1.505522 -15.863934 165.437209
-1.505522 -15.863934 165.437209
-1.505522 -15.863934 165.437209
-1.505522 -15.863934 165.437209
-1.505522 -15.863934 165.437209
-1.505522 -15.863934 165.437209
-1.505522 -15.863934 165.437209
-1.494646 -15.867532 165.447413
-1.494646 -15.867532 165.447413
-1.494646 -15.867532 165.447413
-1.494646 -15.867532 165.447413
-1.494646 -15.867532 165.447413
-1.494646 -15.867532 165.447413
-1.494646 -15.867532 165.447413
-1.510129 -15.870371 165.440979
-1.510129 -15.870371 165.440979
-1.510129 -15.870371 165.440979
-1.510129 -15.870371 165.440979
-1.510129 -15.870371 165.440979
-1.510129 -15.870371 165.440979
-1.510129 -15.870371 165.440979
-1.510129 -15.870371 165.440979
-1.502455 -15.871218 165.453055
-1.502455 -15.871218 165.453055
-1.502455 -15.871218 165.453055
-1.502455 -15.871218 165.453055
-1.502455 -15.871218 165.453055
-1.502455 -15.871218 165.453055
-1.504392 -15.870768 165.445473
-1.504392 -15.870768 165.445473
-1.504392 -15.870768 165.445473
-1.504392 -15.870768 165.445473
-1.504392 -15.870768 165.445473
-1.504392 -15.870768 165.445473
-1.504392 -15.870768 165.445473
-1.504392 -15.870768 165.445473
-1.510219 -15.866842 165.439872
-1.510219 -15.866842 165.439872
-1.510219 -15.866842 165.439872
-1.510219 -15.866842 165.439872
-1.510219 -15.866842 165.439872
-1.510219 -15.866842 165.439872
-1.510219 -15.866842 165.439872
-1.510219 -15.866842 165.439872
-1.502956 -15.858542 165.431908
-1.502956 -15.858542 165.431908
-1.502956 -15.858542 165.431908
-1.502956 -15.858542 165.431908
-1.502956 -15.858542 165.431908
-1.502956 -15.858542 165.431908
-1.502956 -15.858542 165.431908
-1.497833 -15.861053 165.431007
-1.497833 -15.861053 165.431007
-1.497833 -15.861053 165.431007
-1.497833 -15.861053 165.431007
-1.497833 -15.861053 165.431007
-1.497833 -15.861053 165.431007
-1.497833 -15.861053 165.431007
-1.497833 -15.861053 165.431007
-1.500725 -15.863572 165.428971
-1.500725 -15.863572 165.428971
-1.500725 -15.863572 165.428971
-1.500725 -15.863572 165.428971
-1.500725 -15.863572 165.428971
-1.500725 -15.863572 165.428971
-1.500725 -15.863572 165.428971
-1.498375 -15.868047 165.425338
-1.498375 -15.868047 165.425338
-1.498375 -15.868047 165.425338
-1.498375 -15.868047 165.425338
-1.498375 -15.868047 165.425338
-1.498375 -15.868047 165.425338
-1.498375 -15.868047 165.425338
-1.498375 -15.868047 165.425338
-1.501525 -15.861376 165.432236
-1.501525 -15.861376 165.432236
-1.501525 -15.861376 165.432236
-1.501525 -15.861376 165.432236
-1.501525 -15.861376 165.432236
-1.501525 -15.861376 165.432236
-1.501525 -15.861376 165.432236
-1.501525 -15.861376 165.432236
-1.495640 -15.856025 165.425392
-1.495640 -15.856025 165.425392
-1.495640 -15.856025 165.425392
-1.495640 -15.856025 165.425392
-1.495640 -15.856025 165.425392
-1.495640 -15.856025 165.425392
-1.495640 -15.856025 165.425392
-1.489354 -15.853842 165.445296
-1.489354 -15.853842 165.445296
-1.489354 -15.853842 165.445296
-1.489354 -15.853842 165.445296
-1.489354 -15.853842 165.445296
-1.489354 -15.853842 165.445296
-1.489354 -15.853842 165.445296
-1.489354 -15.853842 165.445296
-1.494658 -15.859344 165.441471
-1.494658 -15.859344 165.441471
-1.494658 -15.859344 165.441471
-1.494658 -15.859344 165.441471
-1.494658 -15.859344 165.441471
-1.494658 -15.859344 165.441471
-1.494658 -15.859344 165.441471
-1.494020 -15.866560 165.439012
-1.494020 -15.866560 165.439012
-1.494020 -15.866560 165.439012
-1.494020 -15.866560 165.439012
-1.494020 -15.866560 165.439012
-1.494020 -15.866560 165.439012
-1.494020 -15.866560 165.439012
-1.49