-0.007984 -0.007467
-0.047039 -0.018907
-0.087995 -0.042213
-0.075720 -0.067300
-0.145288 -0.089860
-0.218412 -0.119853
-0.194810 -0.125379
-0.174739 -0.110567
-0.149342 -0.127167
-0.159885 -0.108709
-0.098864 -0.108654
-0.070563 -0.087982
0.103441 -0.029275
0.154153 -0.012395
0.119601 -0.026109
0.042420 -0.077391
-0.207455 -0.179152
-0.295423 -0.213823
-0.091364 -0.148911
-0.010084 -0.096834
0.067846 -0.069433
0.035649 -0.062803
-0.119156 -0.133600
-0.231123 -0.175487
-0.409058 -0.214649
-0.427993 -0.195996
-0.334874 -0.139248
-0.137629 -0.099977
-0.209389 -0.099979
-0.154077 -0.079880
-0.195298 -0.101223
-0.213213 -0.114287
-0.219118 -0.121319
-0.150104 -0.099136
-0.079439 -0.037818
-0.045295 -0.050789
-0.168051 -0.115419
-0.198857 -0.145017
-0.235820 -0.194461
-0.304622 -0.201333
-0.196141 -0.173494
-0.200273 -0.187151
-0.272877 -0.243357
-0.357292 -0.280467
-0.371316 -0.285013
-0.301966 -0.260572
-0.234854 -0.232450
-0.067388 -0.207941
0.124494 -0.138604
0.137279 -0.169564
0.112657 -0.183808
0.020202 -0.246783
0.067221 -0.222267
0.149814 -0.204324
0.172440 -0.195654
0.035718 -0.260477
-0.094418 -0.323131
0.046792 -0.285583
0.305358 -0.196545
0.458209 -0.176826
0.594752 -0.169135
0.612054 -0.183269
0.505583 -0.224715
0.526906 -0.237562
0.466413 -0.261444
0.320941 -0.313202
0.086960 -0.467464
-0.100730 -0.517470
-0.105296 -0.529825
-0.021157 -0.485337
0.010669 -0.482221
-0.001631 -0.485538
-0.046724 -0.519796
-0.070164 -0.529799
0.029798 -0.504963
-0.058939 -0.516973
-0.168171 -0.538162
-0.180772 -0.540149
-0.004946 -0.450209
0.014569 -0.437823
-0.177203 -0.472895
-0.181050 -0.493664
-0.267518 -0.507828
-0.342304 -0.529688
-0.344123 -0.533218
-0.416905 -0.558240
-0.310981 -0.502353
-0.278867 -0.471305
-0.375225 -0.424871
-0.318964 -0.377435
-0.383191 -0.271090
-0.408987 -0.231326
-0.553070 -0.205396
-0.568084 -0.143360
-0.406652 -0.045292
-0.440965 0.010269
-0.568177 0.023720
-0.653184 -0.028323
-0.969369 -0.046751
-1.092655 -0.066461
-1.136638 0.106769
-1.140145 0.233518
-1.130305 0.340826
-1.198689 0.507696
-1.321732 0.657923
-1.485094 0.917978
-1.432655 1.147830
-1.338389 1.340473
-1.462336 1.593886
-1.516583 1.720933
-1.607181 1.966566
-1.654735 2.217345
-1.732834 2.364731
-2.152736 2.631439
-2.269905 2.945395
-2.271126 3.183188
-2.266551 3.393286
-2.535176 3.490671
-2.656040 3.596111
-2.766035 3.726916
-2.733476 3.824416
-2.770015 4.042532
-2.874311 4.221900
-2.939903 4.311594
-3.194525 4.520711
-3.414542 4.681107
-3.558982 4.813580
-3.625313 5.000561
-3.639724 5.223861
-3.621975 5.435526
-3.759448 5.605625
-3.897113 5.762398
-3.933530 5.874418
-3.831607 6.147689
-3.821796 6.250729
-3.848962 6.313225
-3.989356 6.421746
-4.495217 6.269964
-5.109946 5.903075
-5.673245 5.478411
-6.125765 5.276781
-6.186238 5.266077
-6.161098 5.280155
-6.371968 5.123012
-6.351258 5.215482
-5.982065 5.487033
-5.843848 5.461011
-5.985272 5.361043
-5.799433 5.619234
-5.484840 5.778694
-5.631333 5.757283
-5.615487 5.832550
-5.504613 6.166950
-5.727914 6.045489
-6.217141 5.859482
-6.059176 6.088307
-5.686353 6.373720
-5.743181 6.348238
-5.861998 6.405062
-5.924328 6.435598
-5.985652 6.494306
-6.134219 6.488001
-6.229654 6.536673
-6.205860 6.559803
-6.269629 6.598600
-6.821118 6.201645
-7.195421 5.908923
-7.613822 5.580895
-7.696587 5.587198
-7.767148 5.575983
-7.939087 5.468771
-7.790870 5.375142
-7.924649 5.089750
-8.121082 4.816101
-8.670205 4.431821
-8.884264 4.141048
-8.889644 3.897638
-9.061011 3.715987
-9.188790 3.567913
-9.457698 3.421431
-9.619414 3.562037
-9.521340 3.640194
-9.461963 3.635379
-9.377605 3.884711
-8.747024 4.419629
-8.635199 5.178469
-8.322625 5.906811
-8.452180 6.606861
-7.972122 7.133946
-7.484230 7.463253
-6.668513 7.610196
-6.839021 7.558897
-7.470580 7.409377
-7.521680 7.371821
-7.596355 7.655264
-7.660754 7.605637
-8.231998 7.109876
-8.351322 6.774119
-8.621022 6.646312
-8.685810 6.525840
-9.087052 6.229115
-9.614270 6.138825
-10.184303 6.480242
-9.610738 5.969132
-9.327933 5.742071
-9.192969 5.745097
-8.775989 5.547147
-8.502905 5.455149
-8.403592 5.439684
-8.372904 5.366688
-8.333127 5.313137
-8.373089 5.267136
-8.388628 5.245222
-8.460954 5.178919
-8.863520 4.793927
-9.085971 4.499779
-9.057133 4.534671
-8.880805 4.678093
-8.910829 4.610519
-8.741962 4.590933
-8.437185 4.644738
-7.905360 4.862172
-7.746557 4.844522
-7.281425 5.108604
-7.086439 5.093239
-7.043873 4.659007
-7.209208 4.133085
-7.121716 3.970936
-6.612100 3.944096
-6.116667 3.944545
-5.694193 3.822119
-5.201029 3.640844
-4.955229 3.494866
-4.534495 3.190658
-4.302406 2.973430
-3.997670 2.589722
-3.653696 2.507210
-3.495718 2.265543
-3.982997 1.785565
-4.350208 1.209208
-3.633647 1.492514
-2.671368 1.919953
-2.625754 1.821609
-2.751944 1.335671
-2.539776 1.136808
-2.314705 1.044836
-2.352821 0.703905
-2.547297 0.425261
-2.471722 0.316929
-1.999221 0.330438
-1.585532 0.277775
-1.222795 0.293987
-1.292913 0.182826
-1.371660 0.074407
-1.341598 0.257541
-1.251320 0.401129
-1.499600 0.516992
-1.688476 0.432462
-1.757999 0.355564
-2.124580 -0.129215
-2.014781 -0.021181
-1.972462 -0.097773
-1.730218 -0.006852
-1.736119 -0.283999
-1.597983 -0.443173
-1.150657 -0.541812
-0.981645 -0.690168
-0.759738 -0.686283
-0.534831 -0.669752
-0.424153 -0.609429
0.060362 -0.346406
0.250690 -0.290979
0.354842 -0.248865
0.397428 -0.240898
0.470437 -0.214058
0.859265 -0.086176
1.372076 0.127484
1.447590 0.095407
1.651637 0.143661
1.950747 0.194911
2.000538 0.147444
2.111436 0.133589
2.319028 0.152436
2.441620 0.136511
2.709764 0.175573
2.784864 0.207642
2.820309 0.206332
2.820480 0.194847
2.821427 0.177360
2.829322 0.176339
2.825211 0.159622
2.828815 0.154543
2.817655 0.121165
2.793174 0.088249
2.847335 0.032301
3.310054 0.245600
3.585209 0.328968
3.604397 0.301847
3.709628 0.280179
3.751566 0.229742
3.791119 0.181515
4.045985 0.252319
4.092198 0.253176
4.114865 0.227520
4.139206 0.220602
4.178374 0.211557
4.886396 0.473778
5.409625 0.625809
5.357943 0.569315
5.040405 0.443426
4.912290 0.402301
4.753995 0.336474
4.788124 0.351622
4.767885 0.335379
4.751597 0.320549
4.850228 0.354856
4.752308 0.363601
4.627370 0.333818
4.416795 0.340686
4.599545 0.457148
4.637250 0.523379
4.581602 0.563568
4.394650 0.569268
4.389087 0.636498
4.319005 0.684080
4.272380 0.727885
4.223707 0.738039
4.200601 0.765684
4.165893 0.783946
4.174636 0.800485
4.206246 0.837587
4.212252 0.855816
4.125602 0.851644
4.249209 0.940653
4.183062 0.960815
4.050046 0.963210
4.150128 1.050955
4.080709 1.079581
4.009601 1.112197
4.098569 1.188069
3.881658 1.108436
3.834997 1.079543
3.828984 1.058038
3.879538 1.050599
3.905965 1.034006
3.938822 1.037099
3.972985 1.030159
3.974900 1.017079
3.920896 0.991275
3.869263 0.980502
3.844335 0.981124
3.730204 0.956433
3.673155 0.938697
3.607824 0.928741
3.581755 0.930735
3.595427 0.944426
3.624145 0.965812
3.657856 0.969527
3.690981 0.980300
3.370418 0.930035
2.886334 0.806280
2.730347 0.752536
2.744685 0.745866
2.789114 0.751594
2.874006 0.778309
2.888744 0.788993
2.903214 0.800697
2.880403 0.791122
2.836691 0.786936
2.819470 0.792390
2.805212 0.793367
2.794095 0.800498
2.793392 0.795652
2.793041 0.792870
2.789683 0.787529
2.773007 0.785795
2.761558 0.780718
2.739882 0.773288
2.732446 0.771701
2.724099 0.769782
2.722871 0.723953
2.728943 0.682605
2.729940 0.640410
2.735741 0.596983
2.776466 0.566926
2.805604 0.534396
2.832841 0.498399
2.850205 0.580673
2.951511 0.711998
2.858032 0.780856
2.875744 0.866800
2.735759 0.899485
2.557261 0.915227
2.608902 1.008594
2.666508 1.103238
2.655176 1.065724
2.753017 1.066104
2.726848 1.023968
2.598341 0.945415
2.601970 0.916862
2.614752 0.884032
2.561476 0.827744
2.600444 0.871566
2.730309 0.945358
2.838337 1.012148
2.629947 0.977319
2.731733 1.033326
2.470117 0.970999
2.624719 1.016118
2.665434 0.881521
2.494135 0.795291
2.565477 0.734654
2.648618 0.559991
2.765455 0.392304
2.951124 0.134516
3.050374 -0.133142
2.738510 -0.357619
2.522699 -0.338738
2.351217 -0.293352
1.805478 -0.339749
1.620723 -0.305175
1.071775 -0.346586
0.932170 -0.264552
0.508937 -0.133377
-0.077996 0.013111
-0.375775 0.157299
-0.358774 0.248344
-0.315867 0.274368
0.014457 0.385402
0.213976 0.349083
0.241624 0.363913
0.344659 0.275682
0.366051 0.236662
0.286873 0.199086
0.285252 0.189010
0.288956 0.176914
0.384099 0.140100
0.472049 0.151829
0.499149 0.147609
0.507739 0.128815
0.516940 0.126159
0.515813 0.120748
0.516865 0.114396
0.522194 0.110382
0.531426 0.109201
0.636511 0.134340
0.639505 0.124382
0.643702 0.121418
0.537650 0.094410
0.557741 0.224724
0.636380 0.294653
0.665767 0.320159
0.652408 0.384084
0.579199 0.439681
0.646982 0.540423
0.721089 0.644151
0.780672 0.747412
0.819088 0.803152
0.828923 0.855024
0.879199 0.917287
0.873096 0.966098
0.792394 0.997340
0.769441 1.047755
0.788723 1.109792
0.795580 1.106383
0.778632 1.114518
0.721152 1.098456
0.744437 1.105514
0.808993 1.131919
0.847572 1.130051
0.875057 1.106955
0.852498 1.068640
0.848091 1.044087
0.572174 0.990413
0.336524 0.956433
-0.223252 0.867896
0.081468 0.946630
0.166219 1.050651
0.457039 1.056221
0.897695 1.234506
1.033635 1.192339
1.211431 1.116174
1.331237 1.034704
2.101653 1.085478
2.572221 1.099182
2.803758 1.077972
3.221555 1.083241
3.084863 0.933604
3.083392 1.029251
2.585614 1.114306
2.682859 1.516046
2.666502 1.646699
2.639002 1.764072
2.626666 1.852489
2.667287 1.861063
2.644545 1.858952
2.891997 2.026720
2.884464 2.106255
2.748424 2.150706
2.603565 2.209269
2.522338 2.303362
2.213922 2.313686
2.143112 2.385589
2.095167 2.403093
2.046041 2.437256
1.975495 2.432495
1.948028 2.468320
1.892683 2.468831
1.833054 2.467038
1.978813 2.465723
2.230185 2.334985
2.116029 2.072468
2.205938 1.949115
2.070663 1.725489
2.540463 1.684268
3.106016 1.678771
3.606533 1.634727
3.512165 1.453052
3.714589 1.510661
3.517606 1.547749
3.603685 1.509696
3.547787 1.552427
3.601801 1.545574
3.587741 1.566992
3.509181 1.553623
3.378937 1.543490
3.065313 1.544934
2.982270 1.625005
2.842963 1.673499
2.713434 1.724932
2.463031 1.739307
2.461229 1.827264
2.427479 1.901865
2.409621 1.979482
2.457533 2.075756
2.473612 2.119313
2.434236 2.123766
2.442341 2.156785
2.279623 2.125650
2.255097 2.166756
2.163832 2.209317
2.034750 2.213401
1.908090 2.227950
1.844983 2.256058
1.795014 2.279060
1.691350 2.295838
1.649935 2.303843
1.557636 2.314600
1.577539 2.378260
1.290096 2.342322
1.192471 2.294554
1.069621 2.256564
1.039579 2.195727
1.067646 2.172116
0.984852 2.172527
1.039112 2.095308
0.959594 1.974866
0.831714 1.911646
0.271390 1.971188
0.260451 2.166866
0.268621 2.229739
0.051244 2.208832
-0.504684 2.123134
-0.649626 2.185368
-0.955876 2.231525
-1.226802 2.297899
-1.347109 2.375167
-1.093673 2.844219
-0.550964 3.430050
-0.749588 3.542929
-0.833683 3.636440
-0.886622 3.911237
-1.003754 3.964944
-1.384772 4.081632
-1.562686 3.913230
-1.716471 3.864103
-1.813183 3.278073
-1.821217 3.294973
-1.893785 3.381183
-1.896607 3.579328
-2.235594 3.400010
-2.412509 3.291510
-2.155329 3.677471
-2.326102 3.737320
-2.488656 3.745955
-2.731570 3.700093
-2.846277 3.782918
-2.933514 3.637043
-3.195717 3.290224
-3.344001 2.898567
-3.386836 2.767722
-3.095531 2.876414
-3.058050 2.842625
-2.810447 2.855238
-2.470115 2.895646
-2.247564 2.842810
-1.912297 2.769324
-1.979980 2.753406
-1.959437 3.154242
-2.210979 3.351786
-1.799393 3.868352
-2.578076 3.375683
-3.638366 2.790418
-2.949391 3.402310
-3.024297 3.288452
-3.283679 2.932592
-3.639818 2.616247
-3.744316 2.361405
-3.708280 2.045984
-3.562118 1.975303
-3.616542 1.870703
-3.830711 1.668826
-4.067691 1.447909
-4.126228 1.550654
-4.437072 1.538388
-4.911499 1.467470
-5.591830 1.248635
-6.659205 0.631490
-7.557082 0.070166
-8.055658 -0.204706
-8.950892 1.047714
-8.775827 2.082726
-10.515545 2.445014
-11.436095 2.837209
-13.250498 2.789490
-15.042820 3.368232
-17.013380 3.570724
-18.008616 3.579973
-19.335659 3.657585
-19.867769 3.746834
-20.664148 4.113818
-21.133559 4.127851
-21.142500 4.344899
-21.105497 4.336511
-21.211747 4.259851
-21.281761 4.159890
-20.950426 3.974215
-20.541710 3.876408
-19.552199 3.500570
-18.374804 3.534013
-17.481448 3.523885
-14.973835 3.527982
-13.370867 3.283221
-11.577272 2.796429
-9.198241 2.449262
-7.758504 2.130895
-7.416177 1.728592
-7.073286 1.374938
-6.083789 1.647204
-5.005469 2.318221
-4.144710 2.496620
-3.424490 3.074227
-2.552670 3.397898
-1.375433 3.914753
-0.834406 4.105323
0.252460 4.603223
0.664132 4.755689
1.735365 5.245093
2.716976 5.639424
3.144742 5.903111
3.779096 6.265825
4.376594 6.604645
4.523320 6.682635
4.524939 6.703990
5.141110 6.989173
5.403218 7.117519
5.504347 7.169351
5.468732 7.164755
5.423826 7.144104
5.467323 7.165924
5.553300 7.207655
5.374186 7.129369
5.231862 7.062693
5.073656 6.994529
5.061801 6.993830
5.201271 7.066409
5.059314 6.995859
4.990288 6.958885
4.950595 6.945243
4.957261 6.953753
5.042537 6.999693
5.116061 7.033309
5.030488 6.984838
4.882015 6.916429
4.748653 6.855595
4.762903 6.853444
4.919391 6.913068
5.081067 6.977993
5.112769 6.965244
4.990033 6.894549
4.945294 6.862094
5.045283 6.900922
5.040102 6.889986
5.214702 6.968574
5.690208 7.153262
5.750992 7.165629
5.797485 7.175060
5.945937 7.232091
6.058108 7.271536
6.173917 7.311977
6.464742 7.419089
6.684240 7.498181
7.082864 7.649104
7.391735 7.765564
7.407241 7.779695
7.433950 7.795603
7.465413 7.808417
7.630069 7.874061
7.616332 7.868311
7.237817 7.712980
7.227972 7.703367
7.196704 7.687141
7.210325 7.691842
6.902707 7.646004
6.298622 7.476391
5.833038 7.371980
5.272726 7.163599
4.698794 6.959808
3.551566 6.504611
2.548087 6.141024
2.287405 6.197393
1.535222 5.981654
1.022203 5.895871
0.508223 5.768339
-0.022874 5.635005
-0.636691 5.353695
-1.669376 4.889646
-2.872530 5.158082
-4.532359 5.265396
-5.470083 5.400431
-6.588480 5.524405
-8.273227 5.574197
-9.995357 5.747964
-11.260535 5.910596
-11.677327 6.278474
-11.866997 6.685621
-11.956481 6.686984
-12.432411 6.689888
-12.822595 6.869130
-13.365794 6.884452
-13.688493 6.923461
-13.891305 6.947463
-14.439984 7.034626
-14.790360 7.113173
-14.703976 7.054146
-14.393695 6.941643
-14.082350 6.667766
-14.027597 6.693838
-13.879395 6.559552
-13.594784 6.532971
-13.218267 6.529339
-12.940925 6.145922
-12.386255 5.801254
-11.467569 5.495443
-10.777328 5.217671
-8.949797 5.068143
-7.756871 4.826234
-6.200405 4.723503
-5.000720 4.568887
-3.969946 4.522237
-3.401650 5.004854
-2.030536 5.705791
-0.554467 6.459532
0.022181 6.677184
1.344660 7.220924
2.451183 7.673357
3.591502 8.195888
4.501167 8.632599
5.480254 9.180461
5.903255 9.484216
6.257635 9.692776
6.393112 9.754167
6.500298 9.794432
6.597306 9.831649
6.643025 9.855676
6.664221 9.857343
6.695208 9.858921
6.737105 9.867850
6.762573 9.876468
6.793516 9.887011
6.705073 9.848128
5.850544 9.865640
5.529515 10.104812
5.543373 10.513606
5.284218 10.747577
4.993276 10.953614
4.711214 11.406547
4.073130 11.827215
3.332725 12.320731
3.536059 12.951348
1.972323 13.085562
0.955706 13.102005
-0.467020 13.721742
-1.052264 14.171273
-1.862784 14.357637
-2.162114 14.582688
-2.707109 14.680279
-3.017821 14.892984
-3.496562 14.860800
-3.633539 14.853435
-3.899990 14.941433
-3.851975 14.946435
-3.734800 14.735956
-3.555860 14.720532
-3.200547 14.636128
-2.904643 14.605355
-2.190462 14.205144
-1.748117 13.845284
-0.819835 13.590109
-0.362935 13.289332
0.715192 13.323484
2.369211 13.375311
3.520072 13.210372
4.489059 13.317789
4.802019 13.409535
5.707043 12.886458
6.771819 12.500560
7.364434 12.838731
8.487296 13.526533
8.925181 13.521471
9.922573 13.767334
11.199346 14.341837
11.742001 14.600406
12.245366 14.819209
12.781351 15.017414
14.090355 15.541815
14.667050 15.698949
15.105448 15.958952
15.045492 15.957266
15.127793 15.977346
15.168449 15.917793
15.137819 15.865235
16.624816 16.761077
16.857797 16.920650
16.668665 17.259476
17.224260 18.257240
16.017134 19.218933
14.662465 20.070658
13.847477 21.234284
13.158210 22.112468
12.436017 22.944011
11.378982 23.480477
10.419081 24.154652
9.707344 24.947820
9.581493 25.149890
9.445366 25.345550
9.309187 25.541165
9.173007 25.736781
9.036819 25.932395
8.900653 26.128005
8.764477 26.323623
8.726347 26.293714
8.202819 28.012399
8.023251 27.871599
7.843824 27.730866
7.664408 27.590157
7.484966 27.449429
7.305576 27.308598
7.175222 27.103440
6.285058 27.571560
-0.204707 37.075296
-2.254415 41.114163
-11.517368 51.827126
-13.182737 52.531262
-14.334319 53.613028
-15.130367 54.069974
-15.453076 54.246791
-16.087835 54.174851
-16.220535 53.815962
-15.261298 52.489492
-14.974750 52.076605
-14.799