2.546855 -14.003040 -134.687110
2.546855 -14.003040 -134.687110
2.546855 -14.003040 -134.687110
2.546855 -14.003040 -134.687110
2.356453 -14.350371 -129.170379
2.356453 -14.350371 -129.170379
2.356453 -14.350371 -129.170379
2.356453 -14.350371 -129.170379
2.356453 -14.350371 -129.170379
2.356453 -14.350371 -129.170379
2.356453 -14.350371 -129.170379
2.356453 -14.350371 -129.170379
2.356453 -14.350371 -129.170379
2.356453 -14.350371 -129.170379
1.952128 -14.633482 -124.967422
1.952128 -14.633482 -124.967422
1.952128 -14.633482 -124.967422
1.952128 -14.633482 -124.967422
1.952128 -14.633482 -124.967422
1.952128 -14.633482 -124.967422
1.952128 -14.633482 -124.967422
1.952128 -14.633482 -124.967422
1.952128 -14.633482 -124.967422
1.620416 -14.848777 -121.172433
1.620416 -14.848777 -121.172433
1.620416 -14.848777 -121.172433
1.620416 -14.848777 -121.172433
1.620416 -14.848777 -121.172433
1.620416 -14.848777 -121.172433
1.620416 -14.848777 -121.172433
1.620416 -14.848777 -121.172433
1.620416 -14.848777 -121.172433
1.620416 -14.848777 -121.172433
1.620416 -14.848777 -121.172433
1.169121 -15.037257 -118.357630
1.169121 -15.037257 -118.357630
1.169121 -15.037257 -118.357630
1.169121 -15.037257 -118.357630
1.169121 -15.037257 -118.357630
1.169121 -15.037257 -118.357630
1.169121 -15.037257 -118.357630
1.169121 -15.037257 -118.357630
1.169121 -15.037257 -118.357630
1.169121 -15.037257 -118.357630
0.635335 -15.193162 -116.606219
0.635335 -15.193162 -116.606219
0.635335 -15.193162 -116.606219
0.635335 -15.193162 -116.606219
0.635335 -15.193162 -116.606219
0.635335 -15.193162 -116.606219
0.635335 -15.193162 -116.606219
0.635335 -15.193162 -116.606219
0.635335 -15.193162 -116.606219
0.635335 -15.193162 -116.606219
0.098568 -15.323594 -115.725548
0.098568 -15.323594 -115.725548
0.098568 -15.323594 -115.725548
0.098568 -15.323594 -115.725548
0.098568 -15.323594 -115.725548
0.098568 -15.323594 -115.725548
0.098568 -15.323594 -115.725548
0.098568 -15.323594 -115.725548
0.098568 -15.323594 -115.725548
0.098568 -15.323594 -115.725548
-0.532058 -15.402229 -116.027320
-0.532058 -15.402229 -116.027320
-0.532058 -15.402229 -116.027320
-0.532058 -15.402229 -116.027320
-0.532058 -15.402229 -116.027320
-0.532058 -15.402229 -116.027320
-0.532058 -15.402229 -116.027320
-0.532058 -15.402229 -116.027320
-0.532058 -15.402229 -116.027320
-0.532058 -15.402229 -116.027320
-1.141512 -15.433034 -117.203123
-1.141512 -15.433034 -117.203123
-1.141512 -15.433034 -117.203123
-1.141512 -15.433034 -117.203123
-1.141512 -15.433034 -117.203123
-1.141512 -15.433034 -117.203123
-1.141512 -15.433034 -117.203123
-1.141512 -15.433034 -117.203123
-1.141512 -15.433034 -117.203123
-1.141512 -15.433034 -117.203123
-1.533726 -15.429483 -118.410304
-1.533726 -15.429483 -118.410304
-1.533726 -15.429483 -118.410304
-1.533726 -15.429483 -118.410304
-1.533726 -15.429483 -118.410304
-1.533726 -15.429483 -118.410304
-1.533726 -15.429483 -118.410304
-1.533726 -15.429483 -118.410304
-1.533726 -15.429483 -118.410304
-1.533726 -15.429483 -118.410304
-5.141655 -18.809677 -120.945957
-5.141655 -18.809677 -120.945957
-5.141655 -18.809677 -120.945957
-5.141655 -18.809677 -120.945957
-5.141655 -18.809677 -120.945957
-5.141655 -18.809677 -120.945957
-5.141655 -18.809677 -120.945957
-5.141655 -18.809677 -120.945957
-5.141655 -18.809677 -120.945957
-6.610506 -29.175180 -147.633173
-6.610506 -29.175180 -147.633173
-6.610506 -29.175180 -147.633173
-6.610506 -29.175180 -147.633173
-6.610506 -29.175180 -147.633173
-6.610506 -29.175180 -147.633173
-6.610506 -29.175180 -147.633173
-6.610506 -29.175180 -147.633173
-6.610506 -29.175180 -147.633173
-6.610506 -29.175180 -147.633173
-6.610506 -29.175180 -147.633173
-9.531684 -37.941318 -156.568440
-9.531684 -37.941318 -156.568440
-9.531684 -37.941318 -156.568440
-9.531684 -37.941318 -156.568440
-9.531684 -37.941318 -156.568440
-9.531684 -37.941318 -156.568440
-9.531684 -37.941318 -156.568440
-9.531684 -37.941318 -156.568440
-9.531684 -37.941318 -156.568440
-9.531684 -37.941318 -156.568440
-15.456406 -34.919752 -160.451102
-15.456406 -34.919752 -160.451102
-15.456406 -34.919752 -160.451102
-15.456406 -34.919752 -160.451102
-15.456406 -34.919752 -160.451102
-15.456406 -34.919752 -160.451102
-15.456406 -34.919752 -160.451102
-15.456406 -34.919752 -160.451102
-15.456406 -34.919752 -160.451102
-15.456406 -34.919752 -160.451102
-13.337610 -29.074606 -172.139660
-13.337610 -29.074606 -172.139660
-13.337610 -29.074606 -172.139660
-13.337610 -29.074606 -172.139660
-13.337610 -29.074606 -172.139660
-13.337610 -29.074606 -172.139660
-13.337610 -29.074606 -172.139660
-13.337610 -29.074606 -172.139660
-13.337610 -29.074606 -172.139660
-13.337610 -29.074606 -172.139660
-10.261857 -18.583831 -174.202664
-10.261857 -18.583831 -174.202664
-10.261857 -18.583831 -174.202664
-10.261857 -18.583831 -174.202664
-10.261857 -18.583831 -174.202664
-10.261857 -18.583831 -174.202664
-10.261857 -18.583831 -174.202664
-10.261857 -18.583831 -174.202664
-10.261857 -18.583831 -174.202664
-10.261857 -18.583831 -174.202664
-10.261857 -18.583831 -174.202664
-3.329321 0.554797 176.900588
-3.329321 0.554797 176.900588
-3.329321 0.554797 176.900588
-3.329321 0.554797 176.900588
-3.329321 0.554797 176.900588
-3.329321 0.554797 176.900588
-3.329321 0.554797 176.900588
-3.329321 0.554797 176.900588
-3.329321 0.554797 176.900588
-3.329321 0.554797 176.900588
-2.991295 -55.382777 157.439836
-2.991295 -55.382777 157.439836
-2.991295 -55.382777 157.439836
-2.991295 -55.382777 157.439836
-2.991295 -55.382777 157.439836
-2.991295 -55.382777 157.439836
-2.991295 -55.382777 157.439836
-2.991295 -55.382777 157.439836
-2.991295 -55.382777 157.439836
-2.991295 -55.382777 157.439836
1.639823 -51.108690 159.427462
1.639823 -51.108690 159.427462
1.639823 -51.108690 159.427462
1.639823 -51.108690 159.427462
1.639823 -51.108690 159.427462
1.639823 -51.108690 159.427462
1.639823 -51.108690 159.427462
1.639823 -51.108690 159.427462
1.639823 -51.108690 159.427462
1.639823 -51.108690 159.427462
0.167708 -102.165382 117.789181
0.167708 -102.165382 117.789181
0.167708 -102.165382 117.789181
0.167708 -102.165382 117.789181
0.167708 -102.165382 117.789181
0.167708 -102.165382 117.789181
0.167708 -102.165382 117.789181
0.167708 -102.165382 117.789181
0.167708 -102.165382 117.789181
-9.630244 -109.745014 100.496070
-9.630244 -109.745014 100.496070
-9.630244 -109.745014 100.496070
-9.630244 -109.745014 100.496070
-9.630244 -109.745014 100.496070
-9.630244 -109.745014 100.496070
-9.630244 -109.745014 100.496070
-9.630244 -109.745014 100.496070
-9.630244 -109.745014 100.496070
-9.630244 -109.745014 100.496070
5.316564 -35.645589 149.494427
5.316564 -35.645589 149.494427
5.316564 -35.645589 149.494427
5.316564 -35.645589 149.494427
5.316564 -35.645589 149.494427
5.316564 -35.645589 149.494427
5.316564 -35.645589 149.494427
5.316564 -35.645589 149.494427
5.316564 -35.645589 149.494427
5.316564 -35.645589 149.494427
-14.763754 21.006120 151.672028
-14.763754 21.006120 151.672028
-14.763754 21.006120 151.672028
-14.763754 21.006120 151.672028
-14.763754 21.006120 151.672028
-14.763754 21.006120 151.672028
-14.763754 21.006120 151.672028
-14.763754 21.006120 151.672028
-14.763754 21.006120 151.672028
-8.323672 -0.509430 155.659137
-8.323672 -0.509430 155.659137
-8.323672 -0.509430 155.659137
-8.323672 -0.509430 155.659137
-8.323672 -0.509430 155.659137
-8.323672 -0.509430 155.659137
-8.323672 -0.509430 155.659137
-8.323672 -0.509430 155.659137
-8.323672 -0.509430 155.659137
-8.323672 -0.509430 155.659137
-8.323672 -0.509430 155.659137
0.425836 -14.906376 176.207939
0.425836 -14.906376 176.207939
0.425836 -14.906376 176.207939
0.425836 -14.906376 176.207939
0.425836 -14.906376 176.207939
0.425836 -14.906376 176.207939
0.425836 -14.906376 176.207939
0.425836 -14.906376 176.207939
0.425836 -14.906376 176.207939
0.425836 -14.906376 176.207939
2.828119 -14.743317 -171.698375
2.828119 -14.743317 -171.698375
2.828119 -14.743317 -171.698375
2.828119 -14.743317 -171.698375
2.828119 -14.743317 -171.698375
2.828119 -14.743317 -171.698375
2.828119 -14.743317 -171.698375
2.828119 -14.743317 -171.698375
2.828119 -14.743317 -171.698375
2.828119 -14.743317 -171.