0.000193 -0.000128
0.000360 -0.000323
0.000765 -0.000200
0.001222 -0.000028
0.001605 0.000177
0.002085 0.000288
0.002533 0.000526
0.002977 0.000752
0.003364 0.000934
0.003468 0.000800
0.003492 0.000716
0.003524 0.000485
0.003570 0.000387
0.003682 0.000311
0.003695 0.000190
0.003732 0.000122
0.003806 -0.000027
0.003889 -0.000174
0.003549 -0.000315
0.003192 -0.000401
0.002860 -0.000533
0.002606 -0.000723
0.002342 -0.000877
0.002063 -0.000982
0.001793 -0.001131
0.001477 -0.001280
0.059935 -0.066418
0.982416 0.175603
1.040859 0.110428
1.099301 0.045252
1.157743 -0.019923
1.216186 -0.085098
1.209937 -0.165677
1.203202 -0.252527
1.196467 -0.339377
1.209492 -0.415023
1.287101 -0.456007
1.280366 -0.542857
1.273631 -0.629707
1.266896 -0.716558
1.250497 -0.739400
1.456998 -0.750741
2.010416 -0.819060
3.882867 -0.946419
6.072821 -1.398719
7.924680 -2.401953
9.438872 -2.990491
9.547049 -3.105575
8.965810 -2.981230
7.988587 -3.241345
6.989396 -3.445485
6.139019 -3.051067
5.669746 -2.510712
4.919586 -2.417239
4.070176 -1.844439
3.399987 -0.749986
3.379358 -0.609828
2.845907 0.251313
2.152088 1.333579
1.673326 2.402100
1.649951 3.450447
1.083651 4.508227
1.198984 5.573997
0.688987 5.762783
1.426500 6.119174
2.012548 6.162399
2.688237 5.897081
3.307757 5.311813
3.468512 4.679563
4.125776 4.603740
4.602459 4.976684
4.561813 5.049730
4.301085 5.041195
3.942868 5.781302
3.903192 6.115370
3.900397 5.973265
4.014643 5.550896
4.410800 6.306997
4.594325 7.165353
4.772261 7.543329
4.702280 7.394081
4.586668 7.620182
4.632474 8.206406
4.636889 8.029785
4.603114 7.818701
4.591590 8.034294
4.603867 8.525850
4.558403 9.253631
4.577675 9.696639
4.610562 9.870871
4.647584 10.107836
4.621858 9.977702
4.564935 9.281124
4.574977 8.991882
4.595832 8.834966
4.615003 9.225378
4.610887 9.183310
4.601942 9.006580
4.584279 8.677722
4.577680 8.513395
4.591502 8.273900
4.605513 8.270506
4.613537 8.199358
4.614481 8.163600
4.608996 8.124592
4.621871 8.318934
4.623107 8.471213
4.621476 8.574231
4.648680 8.722123
4.652445 8.813442
4.637989 8.663439
4.635222 8.594412
4.636059 8.598912
4.639609 8.694385
4.636432 8.822110
4.635956 8.799817
4.635384 8.820346
4.643378 9.014157
4.646670 9.081232
4.646947 9.056401
4.634346 8.882981
4.635285 9.065835
4.639941 9.155546
4.647300 9.147218
4.650371 9.154748
4.645187 9.044208
4.644461 9.064383
4.645276 9.064338
4.666779 8.798730
4.681749 8.604159
4.695078 8.317604
4.695033 8.236386
4.689964 8.201326
4.684761 8.110906
4.685310 8.012324
4.675060 7.826960
4.659833 7.468630
4.606439 6.726805
4.539593 5.831661
4.496751 5.259293
4.408797 4.348462
4.342037 3.293191
4.315969 2.626654
4.239050 1.643294
4.177801 0.882617
4.136668 0.233335
4.067346 -0.954342
4.026054 -1.717029
3.962704 -3.047664
3.951280 -3.716127
3.988606 -5.231486
3.996493 -6.535541
3.963834 -7.426671
3.906970 -8.383690
3.812870 -9.298105
3.677137 -10.274199
3.587185 -11.005259
3.543744 -11.606351
3.462590 -12.593868
3.371016 -13.490856
3.288807 -14.200510
3.216300 -14.848689
3.192005 -15.235643
3.142385 -15.842717
3.095246 -16.414652
3.062796 -16.805952
3.022384 -17.006052
2.958527 -17.276304
2.887591 -17.610655
2.854613 -17.966183
2.819121 -18.665738
2.802109 -19.296479
2.776071 -19.550804
2.749330 -20.074885
2.729649 -20.500975
2.704747 -20.923575
2.687045 -21.113631
2.673167 -21.590001
2.643637 -21.867202
2.623545 -22.338627
2.606488 -22.864928
2.598035 -23.040999
2.584377 -23.372691
2.588163 -23.518649
2.577825 -23.886402
2.569590 -24.194380
2.552783 -24.477084
2.537573 -24.759286
2.522096 -24.997858
2.502995 -25.142915
2.473733 -25.438622
2.441141 -25.963938
2.434658 -26.239587
2.422664 -26.660524
2.409866 -27.059994
2.392814 -27.528926
2.354107 -27.915218
2.330295 -28.285158
2.338267 -28.731100
2.337918 -29.066894
2.325046 -29.680280
2.323655 -30.641814
2.322517 -31.168843
2.314452 -31.130332
2.289846 -30.962172
2.230642 -30.708354
2.188500 -30.573527
2.181374 -30.507433
2.168519 -30.309935
2.160587 -30.218369
2.161798 -30.206766
2.162046 -30.303744
2.173360 -30.345169
2.158898 -30.215965
2.153490 -30.089410
2.149485 -30.046158
2.139050 -30.214555
2.135239 -30.371539
2.119535 -30.650993
2.117988 -30.761108
2.120558 -30.834484
2.119267 -30.988451
2.115247 -31.207901
2.109662 -31.420247
2.098018 -31.645457
2.093123 -32.041839
2.090102 -32.373283
2.072934 -32.742375
2.049920 -33.374786
1.995959 -33.599606
1.892955 -33.939087
1.904558 -34.407045
1.919748 -34.519618
1.962857 -34.582675
1.986004 -34.508138
1.996313 -34.352856
2.008232 -34.007925
2.019051 -33.666236
2.046606 -33.805402
2.104328 -34.329594
2.270980 -34.638897
2.391402 -34.766038
2.450170 -34.753692
2.491114 -34.760614
2.503570 -34.733947
2.520297 -34.658059
2.520068 -34.449607
2.516171 -34.301173
2.515350 -34.253870
2.519281 -34.207632
2.544162 -33.976481
2.594916 -33.373802
2.729351 -31.783643
2.807667 -30.304985
2.856688 -28.926821
2.905509 -27.514728
2.927920 -26.464504
3.009381 -25.092027
3.235294 -23.849331
3.571544 -22.370082
3.851111 -20.916209
4.010685 -19.391906
4.126852 -17.949091
4.225145 -16.588983
4.339799 -15.006831
4.439628 -13.637478
4.547418 -12.263401
4.653585 -10.855710
4.767059 -9.565026
4.936001 -8.229109
5.057801 -7.372751
5.264534 -6.034617
5.466917 -4.601870
5.674476 -3.080872
5.826374 -1.799524
5.947316 -0.627256
6.040796 0.486596
6.141715 1.546062
6.220780 2.385158
6.309034 3.283202
6.395568 4.236526
6.511310 5.342895
6.613323 6.357492
6.667590 7.195347
6.714475 7.995832
6.767540 8.848386
6.809474 10.014372
6.796295 10.949474
6.782630 11.878757
6.777222 13.265902
6.833863 14.719704
6.851463 15.636018
6.843254 16.417388
6.840030 17.266901
6.839538 18.136263
6.857823 19.027711
6.875010 19.848903
6.899757 20.489606
6.921365 21.013391
6.937791 21.319569
6.944556 21.537486
6.957391 21.682224
6.959262 21.753702
6.954859 21.737367
6.951213 21.643697
6.943937 21.478648
6.940761 21.276477
6.934776 21.143613
6.938399 21.233323
6.944880 21.420340
6.939297 21.442082
6.931123 21.252967
6.919887 21.107490
6.921958 21.137996
6.925440 21.166881
6.928775 21.150896
6.922468 21.098469
6.917788 21.119567
6.923156 21.215474
6.932482 21.307640
6.939769 21.355000
6.938759 21.356888
6.928967 21.277553
6.924449 21.154615
6.919682 21.123535
6.923888 21.138258
6.929184 21.214728
6.933366 21.262121
6.936758 21.331683
6.935578 21.321934
6.930425 21.252520
6.914763 20.783740
6.885251 20.049665
6.836299 19.056472
6.785527 18.018361
6.752748 16.997989
6.715198 16.024715
6.672261 15.141426
6.614451 14.218611
8.050428 14.390787
7.988105 13.528931
7.937776 12.746991
7.886957 12.023841
7.840025 11.351802
7.802233 10.691888
7.771780 10.034117
7.750246 9.486916
7.709672 8.926199
7.656260 8.269112
7.553018 7.243458
7.467373 6.583216
7.318059 5.584171
7.276741 5.285116
7.337859 5.762839
7.403548 6.196132
7.389707 5.914604
7.367772 5.486526
7.376220 4.955991
7.524500 4.520228
7.912011 4.226737
8.351494 4.677546
8.525291 4.557874
8.805629 4.345072
9.066069 4.043050
10.241262 3.799021
11.319771 3.484398
12.255568 2.986953
13.339446 2.648875
14.221994 2.448973
14.586813 2.622680
15.169996 2.738770
14.803751 2.784048
14.299248 2.942731
13.847268 3.059768
15.121510 3.174010
16.426186 3.075738
16.244300 2.644192
16.790855 2.650483
17.289926 2.588440
17.811686 2.502210
18.872722 2.209610
19.632740 1.902783
20.324437 1.811299
20.752767 1.595284
21.040037 1.635188
21.573259 1.768483
21.999737 1.859672
22.629959 1.947219
24.018397 2.087853
24.761161 2.007611
24.960575 2.027206
25.150849 1.734073
25.420487 1.431638
25.712561 1.117738
26.133380 0.239796
26.700986 -0.696683
26.922052 -1.196904
27.146883 -1.668477
27.313676 -2.550593
27.559967 -3.926686
28.018717 -4.857926
28.196806 -5.065839
28.522729 -5.095341
28.874050 -5.185130
29.702147 -5.257849
30.371950 -5.304849
30.803093 -5.281145
31.479547 -5.143304
31.924834 -5.125637
32.282866 -5.232021
32.464874 -5.106268
32.510440 -5.075599
32.673040 -5.004813
32.742232 -5.178354
32.919959 -5.225457
33.198570 -5.124194
33.309637 -5.128612
34.139845 -5.419259
34.379729 -5.691031
34.600622 -6.017179
34.999785 -6.031543
35.279881 -6.024175
35.676052 -6.054856
35.958686 -6.008501
36.109616 -6.046838
36.506907 -6.053559
36.900601 -6.166437
37.059157 -6.237289
37.193546 -6.259899
37.211303 -6.271792
37.274726 -6.243060
37.303277 -6.259816
37.321617 -6.298418
37.327801 -6.372651
37.324354 -6.377054
37.387695 -6.475428
37.420064 -6.564263
37.468379 -6.669846
37.516946 -6.721797
37.495966 -6.714790
37.594488 -6.692990
37.571521 -6.729024
37.659014 -6.705058
37.752372 -6.662067
37.800675 -6.647207
37.826023 -6.662842
37.871587 -6.717297
37.911146 -6.725813
37.960586 -6.724668
37.958899 -6.737008
37.908100 -6.787216
37.948319 -6.776484
38.240276 -6.771554
38.559778 -6.744365
39.047346 -6.727605
39.600364 -6.690902
39.913923 -6.709907
40.183643 -6.716524
40.648401 -6.674428
41.057991 -6.695520
41.220784 -6.730899
41.433360 -6.686486
41.736838 -6.635647
41.779743 -6.651071
41.694378 -6.620296
41.731398 -6.560060
41.753903 -6.570095
41.789461 -6.653242
41.775530 -6.647204
41.769135 -6.658115
41.735032 -6.734628
41.706897 -6.731340
41.746349 -6.754017
41.740469 -6.804025
41.666993 -6.772367
41.621891 -6.721577
41.552912 -6.690223
41.174697 -6.700204
40.728599 -6.776868
40.409948 -6.792803
39.824410 -6.770844
39.386622 -6.765848
38.648268 -6.654146
38.145450 -6.549840
37.492079 -6.247516
37.086022 -6.074113
36.272487 -5.804715
36.094380 -5.970485
35.649132 -6.177348
34.631470 -6.375820
33.120708 -6.618110
32.065303 -6.779054
30.478241 -6.747565
29.690013 -6.474680
28.201572 -6.085746
26.546609 -5.843100
24.753275 -5.528258
23.744106 -5.294432
22.501985 -4.757174
21.110883 -4.285105
20.428783 -3.969772
19.576917 -4.030782
18.949042 -4.029419
18.264994 -4.133809
17.893259 -4.121007
17.487563 -4.076355
16.781354 -4.019369
16.306533 -3.973851
15.243211 -3.885337
14.838243 -3.755894
14.440380 -3.716766
13.818407 -3.554116
13.379597 -3.447459
13.043133 -3.514435
12.251819 -3.596385
11.532069 -3.353677
11.157291 -3.143280
10.427440 -3.225836
9.760785 -3.113358
8.918095 -3.039767
8.296903 -2.678426
8.182406 -2.421772
8.138819 -2.322983
8.010392 -2.183176
7.456591 -1.392206
6.906539 -1.009091
6.453519 -0.327612
6.380811 -0.472370
6.199999 -0.468443
6.181231 -0.494906
6.168780 -0.980991
6.172373 -1.485438
6.248926 -0.998470
6.244301 -0.839859
6.174734 -0.933728
6.206949 -0.593481
6.262172 -0.188324
6.285203 -0.117623
6.287824 -0.121029
6.283593 -0.091393
6.297456 -0.409493
6.318537 -0.538552
6.374618 -0.273200
6.397662 -0.181057
6.378909 -0.519486
6.361539 -0.479756
6.350603 -0.478311
6.356756 -0.410949
6.362102 -0.385155
6.344630 -0.507817
6.327815 -0.589304
6.319955 -0.621223
6.302824 -0.781734
6.308901 -0.793098
6.348764 -0.716710
6.365642 -0.642699
6.365209 -0.719314
6.416456 -0.825423
6.613501 -0.910948
6.676314 -1.119833
6.559804 -0.878234
6.618627 -0.820630
6.683238 -0.979349
6.502786 -0.841367
6.478925 -0.684952
6.463227 -0.669523
6.480318 -0.499896
6.485524 -0.379983
6.473951 -0.418913
6.401483 -0.557167
6.251615 -0.445959
6.251185 -0.172851
6.255003 -0.019553
6.198144 0.112328
6.170317 0.268773
6.154813 0.370352
6.153649 0.380801
6.171190 0.619041
6.147001 0.728232
6.117951 0.523341
6.092010 0.316789
6.055303 0.121483
6.049560 0.035769
6.057119 0.008470
6.081086 0.034483
6.084941 -0.019780
6.089909 0.001086
6.088142 -0.024673
6.069314 -0.109278
6.076056 -0.034565
6.103852 0.055036
6.090340 -0.093228
6.091867 -0.209702
6.147440 -0.073043
6.224495 0.142674
6.255631 0.323781
6.316629 0.429621
6.156812 0.505594
5.981260 0.562748
5.807915 0.617624
5.705409 0.616963
5.691236 0.493374
5.681213 0.451279
5.687149 0.694203
5.685060 0.763313
5.652820 0.632860
5.645978 0.541172
5.659886 0.728105
5.664333 0.902680
5.635353 0.699027
5.611753 0.586079
5.605067 0.544211
5.644986 0.714500
5.655824 0.782832
5.958903 0.966458
6.280402 1.469370
6.495252 2.136550
6.784709 2.815622
7.021566 2.939635
7.372630 3.110607
7.984593 3.516474
8.742562 3.907929
9.193755 3.939036
9.401783 4.299825
9.364273 4.398791
9.210725 4.685559
8.947573 4.320702
8.396483 3.399879
7.600105 2.413442
6.842781 1.755228
6.310608 1.349727
6.243677 1.120276
6.166310 0.877659
6.063032 0.719224
5.964375 0.564858
5.796402 0.444216
5.539610 0.380000
5.291772 0.248632
5.110710 0.208549
4.889898 0.288124
4.836800 0.359685
4.660118 0.604930
4.471429 0.888616
4.313613 1.127693
4.165659 1.157001
4.067082 1.198435
4.019226 1.232959
3.955314 1.357449
3.900016 1.379179
3.855766 1.430682
3.811218 1.513013
3.792868 1.576333
3.773431 1.642658
3.716286 1.732255
3.701552 1.796433
3.688934 1.972556
3.684945 2.146241
3.661793 2.212181
3.616678 2.102049
3.585913 1.962693
3.608134 2.047400
3.617617 2.119855
3.628644 2.152156
3.662803 2.265349
3.702504 2.378359
3.743939 2.571990
3.781395 2.741046
3.840596 2.851008
3.893758 2.706492
3.911178 2.600336
3.934469 2.486057
3.946319 2.422224
3.945299 2.461063
3.938710 2.547450
3.917189 2.667364
3.874897 2.522695
3.801705 2.215923
3.738252 1.835445
3.799167 2.093057
3.782719 2.179271
3.669026 1.727563
3.541427 0.607071
3.501516 0.345432
3.466975 0.360451
3.465012 0.660524
3.446065 0.801035
3.465543 0.907764
3.495082 1.024963
3.557414 1.233690
3.616842 1.582189
3.618110 1.657464
3.588897 1.538080
3.575168 1.452276
3.583055 1.559303
3.621133 1.789525
3.626799 1.931870
3.655724 2.080245
3.676857 2.307671
3.695371 2.465109
3.688952 2.526523
3.665691 2.530382
3.659330 2.462110
3.640753 2.502313
3.623230 2.557036
3.616993 2.588982
3.628667 2.670927
3.663435 2.785203
3.687199 2.820503
3.696685 2.805245
3.703775 2.842511
3.715690 2.945608
3.710935 3.088734
3.707791 3.199386
3.695908 3.290798
3.718679 3.102213
4.401279 2.814745
5.170901 2.360516
6.706038 2.782763
8.069272 3.195554
9.274284 3.419658
10.666130 3.232294
12.341242 3.168998
13.841752 3.052507
14.458025 2.739545
15.294940 2.462323
16.124678 2.012116
16.942731 1.537310
17.688879 1.020119
18.446403 0.667573
19.112556 0.366736
19.918214 0.326712
20.135674 0.307028
20.933632 0.123806
21.640822 0.016137
21.868820 0.088595
22.401152 0.230612
22.933968 0.289149
23.364878 0.149849
23.621883 -0.053933
24.052326 -0.089846
24.504288 -0.061338
25.116793 -0.001299
25.519414 -0.126866
25.965765 -0.323810
26.339990 -0.412418
26.724282 -0.387581
27.340872 -0.276784
27.556670 -0.297371
27.571560 -0.452576
27.708037 -0.499615
28.045514 -0.376663
28.727833 -0.195015
29.529649 -0.047700
29.995353 0.098840
30.278336 0.267969
30.601641 0.592897
31.073565 0.912608
31.766183 0.767812
32.292870 0.657876
32.431763 0.833357
32.590601 1.079803
32.571728 1.022946
32.638891 0.978422
32.895430 0.874662
33.110552 0.807631
33.216721 0.735504
33.427179 0.680139
33.599882 0.618844
33.998822 0.574859
34.211063 0.565617
34.331721 0.576573
34.734354 0.625540
35.043681 0.582804
35.499192 0.566335
35.774820 0.566936
36.004193 0.550782
36.247305 0.499968
36.650064 0.512386
36.901427 0.397198
37.267514 0.358209
37.599054 0.302649
37.922126 0.246608
38.173579 0.252979
38.494911 0.216423
38.838529 0.221981
39.304507 0.367103
39.810310 0.420686
40.410556 0.375000
41.055378 0.331938
41.363137 0.244529
41.900733 0.196934
42.396673 0.133504
42.731285 0.132906
43.085133 0.083714
43.162997 0.000123
43.413936 -0.097898
43.641374 -0.157489
44.038549 -0.345509
44.521102 -0.580841
45.066739 -0.892714
44.723357 -0.830876
44.370663 -0.706506
43.022472 -0.525124
42.137166 -0.300044
41.405892 0.075837
40.720661 0.400619
40.389089 0.716897
40.184445 0.814440
39.805703 0.890847
39.366653 1.114073
38.430691 1.213189
37.391771 1.257986
36.395065 1.629469
35.928766 1.872605
35.188050 1.980638
34.656038 2.211352
34.106323 2.279006
33.289374 2.311728
32.248307 2.152279
31.335310 2.265954
30.104308 2.345858
29.742714 2.539551
29.407056 2.829441
29.068914 3.023170
28.657267 2.899973
28.057200 2.762743
27.589728 2.758715
27.617206 2.948792
27.689133 3.116369
27.207992 3.274366
27.033944 3.317952
26.785799 3.286731
26.239529 3.244095
25.768360 3.277163
25.023166 3.181545
24.394353 3.163602
24.015914 3.198198
23.217816 3.275723
22.317065 3.321996
21.770899 3.305511
21.066432 3.080556
20.298650 2.838484
19.077381 2.965859
18.370588 3.223815
17.960262 3.458904
17.615301 3.574770
17.374482 3.473438
16.972950 3.408670
16.719956 3.345304
16.486201 3.452615
15.990253 3.558092
15.705892 3.541097
15.406982 3.603550
14.860045 3.449993
14.649342 3.411470
14.160959 3.156711
13.381459 2.918272
13.121101 2.928833
12.659062 3.059691
12.189001 3.170393
11.390232 3.522201
10.915530 3.848012
10.704649 3.902741
10.273288 3.864764
9.707763 3.795331
9.215720 3.778623
8.087095 3.798310
7.244596 3.769738
6.416703 3.879183
6.293526 3.804810
6.249733 3.596838
6.040736 3.489588
6.152678 3.622319
6.317231 3.909632
6.318293 4.204863
6.243107 4.377693
6.180825 4.507780
6.100434 4.634136
5.993316 4.785792
5.666122 5.319185
5.186862 5.655375
4.755255 5.752920
4.540197 5.817666
4.151769 5.947654
3.952988 6.076569
4.423439 6.292976
4.884370 6.233234
5.507735 6.070924
6.246033 5.118075
7.196002 4.878636
7.958527 4.753739
9.140656 4.350760
10.838578 4.219431
12.304743 3.898043
13.569732 3.413386
15.232840 2.882445
16.444133 2.462255
16.982132 2.238524
18.099078 2.028426
19.339021 1.790765
20.381443 1.356237
21.035190 1.025819
21.756103 0.851946
22.952232 0.671986
23.795033 0.487341
24.003335 0.498710
24.484857 0.465875
24.856733 0.502339
25.404716 0.538593
25.583400 0.564623
25.725059 0.565820
26.064251 0.704880
26.372380 0.766186
26.913987 0.982155
27.578754 1.030740
27.962047 1.023495
28.070064 0.982013
28.273554 1.038531
28.463342 1.014223
28.695966 0.997053
28.840857 0.853401
28.935065 0.861451
28.951316 0.864209
29.055762 0.906582
29.196404 0.944910
29.416316 0.943946
29.444959 0.960229
29.502077 0.919968
29.561943 0.926496
29.528153 0.935984
29.497120 0.957630
29.430594 0.967487
29.317336 0.903245
29.152956 0.960704
29.016973 1.055142
28.896529 1.099759
28.869990 1.095494
29.080144 0.989080
29.181815 0.955452
29.112948 0.970767
29.047630 0.934983
28.976835 0.977188
28.888908 0.954239
28.966427 0.967747
28.980119 0.951047
29.000825 0.978088
28.970140 1.008349
28.932766 0.985519
28.931906 0.948987
28.896190 0.919102
28.952612 0.928447
29.089543 0.958236
29.082128 0.989643
28.984897 1.089090
29.061212 1.081053
29.046836 0.990742
28.957297 1.004594
28.662862 1.051935
28.185930 1.106319
27.342104 1.174039
26.219231 1.232344
25.462720 1.304864
24.521414 1.358149
23.449159 1.502475
22.380004 1.543235
21.295867 1.541170
20.185920 1.566755
18.983979 1.686054
18.162919 1.941761
17.511911 2.143380
16.527488 2.109123
15.801132 2.060750
14.837259 1.905261
13.988848 1.502267
13.312224 1.057972
12.127875 0.592632
10.103188 0.284385
8.821418 0.648143
6.926164 0.857515
5.332064 0.762810
3.323609 0.593118
1.820979 0.336060
1.258882 0.939639
0.480035 1.406864
0.377768 2.050771
0.298504 2.284096
0.114157 2.844024
0.035089 3.032426
-0.123482 3.268179
-0.167741 3.350524
-0.180405 3.322317
-0.238464 3.270462
-0.292857 3.251501
-0.457769 3.222542
-0.518026 3.307847
-0.560050 3.480586
-0.606294 3.843555
-0.603772 4.249224
-0.664749 4.331294
-0.704201 4.395856
-0.742395 4.306999
-0.746999 4.286881
-0.748754 4.185518
-0.712171 4.206497
-0.696218 3.973132
-0.686224 3.562444
-0.691156 3.484410
-0.675430 3.705108
-0.668717 3.787276
-0.805058 3.706091
-1.007877 3.479862
-1.057478 3.156706
-1.074790 3.067316
-1.051352 3.097225
-1.045623 3.050748
-1.042061 2.956606
-1.038836 2.959478
-1.024520 2.959703
-1.024776 2.948340
-1.008808 2.993207
-0.982932 3.086519
-0.952638 3.196333
-0.950360 3.023848
-0.664573 2.849024
-0.464619 2.812930
-0.321946 2.754407
-0.061716 2.623370
0.463084 2.652153
1.704849 2.641701
2.829355 2.602298
3.878160 2.999634
3.624009 3.061078
2.927564 2.687776
2.963610 2.652492
4.328290 2.694913
5.088665 2.479869
6.328108 2.265178
6.580176 2.295216
6.594265 2.145622
6.607657 1.887644
6.537594 1.641812
6.939900 1.325511
7.444970 1.216318
7.444833 0.652809
7.467993 0.219082
6.790484 0.794865
5.844020 1.147714
4.192913 1.739980
4.130463 3.873245
3.451469 4.862598
2.897985 6.029136
1.931216 6.608579
0.627849 7.184627
0.812313 7.716617
0.878931 8.160867
1.041569 8.453655
0.997794 8.628220
0.906032 8.801198
0.798012 8.894599
0.720330 8.948428
0.640060 9.001264
0.879702 8.599169
1.119360 8.197077
1.359005 7.794971
1.598657 7.392894
1.838301 6.990789
2.077952 6.588695
2.317601 6.186603
2.317451 6.186710
2.316489 6.187432
2.315568 6.188111
2.314624 6.188760
2.313630 6.189609
2.312683 6.190372
2.311726 6.191165
2.310751 6.191969
2.310290 6.192014
2.309824 6.192037
2.309360 6.192082
2.308901 6.192125
2.308419 6.192164
2.307954 6.192215
2.307488 6.192285
2.307718 6.190993
2.307952 6.189679
2.308194 6.188353
2.308436 6.187020
2.308680 6.185704
2.308919 6.184407
2.309170 6.183124
2.309075 6.181865
2.308972 6.180610
2.308868 6.179379
2.308780 6.178110
2.308680 6.176839
2.308580 6.175574
2.308485 6.174284
2.308385 6.173022
2.310178 6.173030
2.311961 6.173028
2.313764 6.173017
2.315563 6.172990
2.317375 6.172975
2.319171 6.172957
2.320980 6.172943
2.322784 6.172926
2.319940 6.168544
2.317071 6.164215
2.314216 6.159895
2.311380 6.155538
2.308558 6.151162
2.305643 6.146849
2.302722 6.142562
2.304567 6.143312
2.306440 6.144000
2.308288 6.144710
2.310161 6.145446
2.312009 6.146149
2.313884 6.146862
2.315729 6.147626
2.317567 6.148385
1.714239 7.408763
1.110922 8.669117
0.507588 9.929488
-0.095722 11.189852
-0.699019 12.450220
-1.302364 13.710580
-1.905680 14.970955
-2.508998 16.231319
-1.918299 15.754812
1.801116 15.072132
4.104721 14.409346
2.543173 14.694624
1.925938 14.262962
2.200372 14.056300
2.528706 13.825906
1.857890 12.778934
1.215492 10.845235
0.311878 8.996377
-0.304857 7.847254
-1.124785 6.121312
-1.762328 4.643680
-2.402415 3.248473
-1.209023 3.383342
-0.005049 3.426461
1.341945 3.552531
2.546729 3.638510
3.737755 3.676627
5.065074 3.847162
6.332735 3.952018
7.546681 3.981505
8.208136 4.087687
8.532313 4.553368
9.161768 4.755907
9.813331 5.019301
10.578878 5.389699
11.272489 5.584686
11.902114 5.293607
12.700891 4.947336
12.076060 5.095553
11.480452 5.880649
10.678243 6.601654
9.824233 7.237580
9.002474 7.551133
8.407221 7.771231
7.972124 8.177108
7.554479 8.693622
7.488600 9.676103
7.441089 10.517982
7.522222 11.410743
7.583498 12.100262
7.643657 13.232089
7.688009 13.769319
7.771049 13.601874
7.877658 13.396592
7.890673 13.480865
7.899047 13.541122
7.869129 13.070337
7.862246 12.601894
7.849627 12.875341
7.865886 13.290054
8.009853 13.667057
8.063530 14.052304
8.085432 14.295719
8.006944 14.422533
8.060570 14.215158
8.087569 14.382205
8.086285 14.347699
8.087339 14.164291
8.119163 13.963569
8.123428 13.656200
8.125351 13.781910
8.092281 13.839248
8.026646 14.379411
7.958713 14.679195
7.958386 14.361781
8.006170 14.116518
8.064182 13.752930
8.040587 13.610693
8.020855 13.559543
7.985443 13.224134
7.997300 13.397196
7.937417 13.481822
7.958016 13.634298
7.873029 13.220493
7.742194 13.036469
7.622217 12.059366
7.513559 10.851911
7.417163 9.509837
7.334296 8.562369
7.213677 7.612308
7.087017 6.740740
6.931483 5.895711
6.863793 5.125190
7.001072 4.529030
7.879104 3.108741
7.935662 2.238758
7.993361 1.092135
8.182266 -0.303908
8.765252 -1.797705
9.165865 -3.290028
9.429947 -4.198427
9.789656 -5.313292
9.701134 -5.547126
9.306026 -6.048415
9.281678 -6.144356
9.125327 -6.159517
9.076868 -5.972284
9.013421 -5.846979
8.684519 -5.388896
8.406973 -5.136500
7.658892 -4.798789
7.694621 -4.828424
7.795530 -5.048573
7.841992 -5.242628
7.727031 -5.482248
7.872670 -5.624744
7.799637 -5.632375
7.798821 -5.374458
7.485920 -4.188428
7.390674 -3.451830
6.896456 -1.898567
6.422906 0.114834
6.071554 1.471887
5.354968 3.817430
4.489928 6.158933
4.317800 7.839087
4.058152 9.908803
4.930062 11.632181
4.828311 12.956880
4.683334 15.130305
4.517805 16.486519
4.491522 18.213435
4.564527 19.975912
4.698661 20.888574
4.861600 22.184714
5.231083 23.429112
5.563213 24.261574
5.941723 25.193418
6.302364 26.220622
6.566865 27.009546
6.710857 27.405993
6.936816 28.033541
7.162776 28.687351
7.347231 29.260964
7.470552 29.589275
7.573118 29.824256
7.603347 29.824754
7.680184 29.912001
7.832365 30.358860
7.949129 30.751198
7.880702 30.446008
7.805670 30.142649
7.790033 30.074393
7.773185 30.017136
7.749036 29.916031
7.727584 29.834300
7.773831 29.962260
7.870946 30.291220
7.965591 30.645918
8.043882 30.871178
8.064181 30.896187
8.058960 30.847318
8.071193 30.864579
8.144823 31.041151
8.239210 31.177005
8.268248 31.194970
8.302612 31.262740
8.307688 31.244478
8.213203 30.807306
7.970540 29.806154
7.819797 29.224897
7.545401 28.262729
7.479044 27.560124
7.568055 26.608099
7.658027 25.334815
7.894845 24.517686
8.115447 23.201587
8.430305 21.916507
8.416014 21.005009
8.248819 19.680436
8.316180 18.563762
8.494206 17.501856
8.766959 16.620499
8.807635 15.748964
8.858914 14.833448
8.919902 13.752820
9.202192 12.628123
9.425875 11.555681
9.634008 10.839226
9.746404 10.412621
9.991112 9.508807
10.179870 8.808076
10.392550 8.460537
10.713165 7.817703
10.973551 7.344329
11.545556 6.467161
12.090783 5.245596
12.165846 4.353042
12.230573 3.763614
12.292420 3.550211
12.234364 3.546167
11.798835 3.922473
11.324931 4.561077
11.185916 4.900984
10.972511 5.316126
10.579104 6.010999
10.078937 7.005239
9.673493 7.768779
8.777286 9.256706
7.950474 10.993455
7.755552 12.037055
7.966329 13.527581
7.716436 15.387987
7.563736 16.559393
7.531240 18.441866
7.557079 19.603370
7.634857 21.371212
7.666112 23.158206
7.759670 24.080854
7.866462 25.629964
7.953945 26.462379
8.201794 27.829411
8.466372 28.781535
8.544971 29.035308
8.775066 29.538782
9.166041 30.617107
9.401553 31.304619
9.831823 32.580173
10.046250 33.175910
10.356909 34.051543
10.521030 34.588064
10.734713 35.351105
10.814359 35.595936
10.944704 35.879900
11.052970 36.129369
11.300129 36.850408
11.414531 37.199839
11.514888 37.493570
11.597281 37.680784
11.607173 37.638526
11.612374 37.534414
11.605350 37.480604
11.704039 37.798175
11.734555 37.999769
11.732764 37.979939
11.728617 37.982349
11.743345 38.085629
11.759048 38.234744
11.760903 38.283884
11.775787 38.410597
11.782436 38.471178
11.699931 38.170752
11.622086 37.883444
11.538992 37.581227
11.369561 36.749533
11.003556 35.523069
10.787896 34.812717
10.592085 34.251774
10.400630 33.517970
10.458034 32.354133
10.490520 31.201690
10.514754 30.078343
10.536888 28.690061
10.654347 28.103768
11.093903 26.353218
11.279325 24.376249
11.461121 22.938082
11.454953 22.036462
11.404569 21.658681
11.211431 21.150268
11.134767 20.852578
10.775430 20.231748
10.739327 19.558867
10.745837 19.215277
10.795221 18.636568
10.765969 18.455644
10.688111 18.272016
10.535592 18.121054
10.440593 17.870089
10.381648 17.478885
10.378973 17.617538
10.223393 18.087025
10.102008 18.533221
9.887187 19.192322
9.653395 19.837676
9.457965 20.547149
9.281344 20.975771
9.001168 21.652879
8.910578 22.191405
8.804870 22.912034
8.677312 24.003356
8.642368 24.830024
8.642053 26.399205
8.720489 27.500472
8.895005 29.616396
8.936931 30.967632
9.023677 32.354411
9.099838 33.054674
9.341243 34.269896
9.529232 34.960875
9.749109 35.686570
10.040534 36.534907
10.391365 37.601609
10.742527 38.853955
10.950465 39.886599
11.059615 41.130233
11.101830 41.521100
11.152637 41.976761
11.176839 42.047252
11.272594 42.194406
11.375724 42.752004
11.461702 43.383332
11.512070 43.900594
11.540162 44.146303
11.598677 45.160719
11.591363 45.522945
11.629931 45.547010
11.691497 45.370200
11.685383 45.258972
11.682999 45.176156
11.678884 45.162175
11.676019 45.206824
11.672209 45.210093
11.686354 44.882222
11.684305 44.770998
11.676215 44.323561
11.697418 44.166543
11.661072 44.619350
11.453101 45.164837
11.320104 45.737046
11.212549 46.308206
11.189349 46.517403
11.166568 46.964112
11.078299 47.876579
11.012994 48.743638
10.739077 48.729416
10.577862 47.939277
10.573767 46.849786
10.757385 46.101531
10.975972 45.433970
10.994012 44.308307
10.925296 43.248641
10.876327 42.556630
10.815044 41.731754
10.788834 41.443759
10.779737 41.447725
10.863909 41.627870
10.837788 41.718233
10.650223 40.829519
10.624306 40.507943
10.610378 40.790421
10.221174 41.466593
9.736596 41.049846
9.462930 40.110609
9.185927 38.924286
8.789965 37.686124
8.473653 37.075268
8.521994 37.469538
8.403315 37.829819
8.428184 39.088130
8.445230 39.375131
8.470737 39.427291
8.509248 39.896003
8.504288 40.964508
8.538616 42.675860
8.702768 44.042372
8.965173 44.861775
9.228107 44.644264
9.338300 43.782861
9.446923 42.778362
9.441235 41.647241
9.360854 40.772656
9.286155 39.563904
9.401873 38.968369
9.609156 39.165828
9.730029 38.927456
9.797658 38.302528
10.087564 38.427830
10.345005 38.376810
10.496973 37.379114
10.854037 36.572230
10.845464 37.471479
10.750116 37.560175
10.527566 37.637611
10.429478 37.723727
10.463710 37.688976
10.499227 37.110675
10.525394 36.637555
10.593465 35.917665
10.621252 35.140446
10.626324 34.766843
10.629610 34.325473
10.404767 32.797678
10.101444 31.520158
9.880019 30.509195
9.717319 29.497854
9.642129 28.455962
9.587049 27.508413
9.498915 26.317169
9.554894 25.245539
9.537838 23.899346
9.424366 22.291464
9.104132 20.718565
9.100434 19.474163
8.980358 18.562058
8.890916 17.829777
8.857666 17.348307
8.757388 16.247756
8.689755 14.975639
8.679070 14.433873
8.120947 13.322352
7.686481 12.545346
7.370208 11.468614
6.925457 10.567993
6.607562 10.076298
6.053184 9.330527
5.977632 9.066627
5.971547 8.683277
5.985780 8.484760
5.914243 8.174244
5.925850 7.988805
5.950679 7.761996
5.858776 7.540067
5.805349 7.308310
5.882427 6.809267
5.971552 6.628762
5.926385 6.342268
5.945777 6.322037
5.925417 6.354689
5.932818 6.389108
5.903764 6.406807
5.945174 6.445325
6.093986 6.578271
6.259420 6.770884
6.509738 7.225729
6.909716 7.876862
7.286712 8.442908
8.265472 9.894593
8.578341 10.673996
8.770700 12.244564
8.892502 13.115770
9.089205 14.462285
9.186648 15.378772
9.402302 17.197864
9.546490 19.262816
9.724587 21.235402
9.920622 22.209378
10.725582 25.998543
11.369897 29.336094
11.624153 30.946455
12.251216 33.265927
13.276807 35.700922
13.775431 36.624490
14.122504 37.583023
14.389759 38.275850
14.595742 38.764885
15.001434 39.998764
15.484482 41.338647
15.744426 42.176226
16.200340 43.504242
16.497575 44.352001
16.796109 45.195063
16.889182 45.401097
16.925182 45.455251
16.987683 45.566701
17.037894 45.726451
17.126121 45.981476
17.209496 46.138884
17.249690 46.310238
17.300453 46.427432
17.331264 46.604545
17.349818 46.907154
17.326287 46.831990
17.308335 46.761642
17.290353 46.670652
17.264091 46.529468
17.207942 46.188623
17.161966 45.909817
17.265053 46.015374
17.405526 46.168337
17.354460 46.392644
17.330664 46.658399
17.280461 47.256797
17.274094 47.633318
17.299771 48.161911
17.475169 48.541024
17.501472 48.601227
17.537151 48.350265
17.441096 47.612360
17.276920 47.084164
17.390986 46.911225
17.424761 46.604039
17.385189 46.353277
17.492031 46.720587
17.643116 47.843700
17.596940 48.646744
17.786870 48.586092
17.955548 48.714576
17.871661 48.499522
17.672388 48.472173
17.377187 48.843963
17.380771 49.449654
17.373043 50.294903
17.518574 50.310448
17.606948 49.812872
17.739671 48.852649
17.894231 47.933774
18.035065 48.215859
17.982834 48.814685
17.699892 48.581362
17.599452 48.412708
17.423691 47.960845
17.399354 47.817757
17.360189 47.584372
17.364094 47.494756
17.344992 47.314733
17.392540 47.370976
17.456076 46.747648
17.459576 46.023315
17.362517 45.519196
17.413368 45.764520
17.426560 45.984463
17.361941 46.433869
17.273695 46.157103
17.180837 45.780242
17.178801 45.807633
17.365048 46.411471
17.546072 47.126808
17.522468 47.249063
17.467328 47.027299
17.400527 46.872605
17.243020 47.004365
17.182691 46.968364
17.100710 46.681490
17.135329 46.893699
17.203904 47.409357
17.209660 47.491194
17.215699 47.334678
17.219632 47.261542
17.141004 47.067902
17.136021 47.064555
17.144854 47.340491
17.079156 47.222658
16.971987 46.685857
16.903461 46.275714
16.821091 46.385802
16.635216 46.912274
16.473008 47.123945
16.429213 46.974297
16.538756 46.969740
16.705356 47.090134
16.808189 46.712701
16.873838 46.276803
16.894484 46.285115
16.899695 46.361474
16.891758 46.367657
16.897537 46.423397
16.873379 46.431232
16.828189 46.381189
16.862282 46.432422
16.831928 46.410753
16.808090 46.431481
16.771006 46.383708
16.729829 46.318710
16.710676 46.408848
16.621017 46.574010
16.529944 46.462506
16.503372 46.410148
16.553006 46.496001
16.545093 46.931000
16.523364 47.011307
16.472999 46.891265
16.437473 46.712347
16.423098 46.271272
16.393218 45.540956
16.371335 45.053731
16.382043 44.940569
16.354507 44.862092
16.363146 44.830629
16.397922 44.869791
16.398093 44.874343
16.381795 44.850425
16.376289 44.846345
16.389394 44.873100
16.389312 44.867690
16.381270 44.852237
16.378074 44.840864
16.356963 44.818708
16.345855 44.773662
16.368104 44.802006
16.373999 44.805939
16.366286 44.791708
16.335783 44.753319
16.307005 44.693998
16.282431 44.678812
16.282783 44.692004
16.274336 44.680988
16.259141 44.656476
16.255409 44.651819
16.268333 44.712455
16.279198 44.773099
16.261905 44.771638
16.273902 44.754803
16.320376 44.869573
16.329719 44.929971
16.318160 44.953055
16.296828 44.905156
16.321322 44.937379
16.315716 44.925731
16.312133 44.923957
16.319414 44.940500
16.323873 44.948888
16.313682 44.929948
16.334959 44.956428
16.336954 45.041477
16.168353 45.260092
16.108058 45.496037
16.075585 45.796802
16.051312 46.163972
16.040258 46.150335
16.089682 46.361778
16.087169 46.380521
16.068342 46.390212
16.061998 46.427282
16.085552 46.755020
16.114768 47.061800
16.104230 47.158423
16.051785 47.309582
16.054083 47.357655
16.060050 47.421874
16.066686 47.433638
16.050187 47.236394
16.077301 47.278865
16.099009 47.323600
16.138344 47.476098
16.206964 47.927215
16.262043 48.328262
16.255586 48.442426
16.254475 48.468231
16.267387 48.537226
16.258691 48.714908
16.263748 48.927215
16.240489 48.894828
16.238257 48.902808
16.239904 48.915327
16.265023 49.105910
16.250497 49.201413
16.234445 49.174666
16.229246 49.126242
16.256934 49.184813
16.251892 49.181968
16.246410 49.170076
16.244207 49.151538
16.242392 49.039889
16.246160 48.810028
16.239882 48.595232
16.250650 48.484442
16.235675 48.448855
16.208924 48.300854
16.141895 48.045509
16.112503 47.798950
16.105405 47.519710
16.089233 47.294690
16.080184 47.217758
16.079348 47.112735
16.070278 46.966467
16.083851 46.944873
16.085249 46.944006
16.078457 46.932325
16.081592 46.943330
16.081395 46.947581
16.106483 46.994558
16.102819 47.047338
16.049959 46.877476
15.953393 46.532934
15.934199 46.517363
15.841751 46.616376
15.754686 46.767824
15.845351 47.477793
15.874295 47.601592
15.903991 47.716783
15.917751 48.424172
15.869192 48.404967
15.942786 47.843706
16.063822 48.426157
16.206422 49.173013
16.413422 49.388991
16.465387 49.619059
16.569326 50.030044
16.965393 50.915944
16.985125 51.149849
16.946833 51.087536
16.945697 51.075104
16.966360 51.114833
16.961681 51.108696
17.053998 50.337472
17.351590 49.579261
17.555339 49.455430
17.600077 49.662756
17.278499 49.266591
17.293888 49.837895
17.261704 49.816984
17.280424 49.633829
17.269631 49.394711
17.197801 49.215275
17.131172 49.524038
17.096987 50.072080
17.031104 49.865442
16.770399 48.985611
16.525407 48.759917
16.288058 48.936647
15.914492 48.924519
15.882857 48.735769
15.669879 48.323571
15.592711 48.021231
15.509565 47.632128
15.562101 47.536765
15.601443 47.541170
15.622761 47.502706
15.683069 47.147404
15.511039 46.644621
15.457244 45.548070
15.700222 44.563985
16.225780 43.666203
16.921428 42.586176
17.882524 43.739187
18.875786 45.206472
19.404363 46.388072
19.756294 47.401330
20.103435 48.388159
20.526062 49.338281
22.191443 49.282754
21.841465 48.595868
21.760888 48.652073
21.654475 48.484915
21.610222 48.387530
21.489373 48.014542
21.468482 47.746555
21.307692 47.628617
21.289254 47.548403
21.802944 46.866368
21.872235 46.910783
21.864920 46.722263
21.981938 46.723731
22.063117 46.685029
22.111853 46.624613
22.104478 46.580892
22.026329 46.508439
21.943526 46.425706
21.869542 46.338283
21.793980 46.246588
21.715307 46.156123
21.636436 46.066038
21.557157 45.976142
21.477918 45.886216
21.483864 45.883268
21.489417 45.880468
21.494763 45.877698
21.500352 45.874880
21.505872 45.872060
21.511408 45.869311
21.517011 45.866459
21.522629 45.863630
21.522835 45.860671
21.523000 45.857738
21.523161 45.854775
21.523331 45.851813
21.523515 45.848872
21.523696 45.845913
21.523874 45.842953
21.524027 45.839974
21.524292 45.840768
21.524581 45.841573
21.524839 45.842372
21.525103 45.843189
21.525362 45.843981
21.525654 45.844826
21.525931 45.845604
21.525982 45.845496
21.526068 45.845407
21.526137 45.845321
21.526188 45.845223
21.526251 45.845125
21.526313 45.845007
21.526369 45.844907
21.526416 45.844814
21.526822 45.844699
21.527233 45.844599
21.527631 45.844500
21.528018 45.844402
21.528408 45.844268
21.528800 45.844164
21.529173 45.844069
21.529568 45.843972
21.529554 45.843686
21.529520 45.843402
21.529492 45.843125
21.529464 45.842820
21.529433 45.842576
21.529411 45.842306
21.529400 45.842019
21.529369 45.841755
21.529350 45.841487
21.529322 45.841204
21.529296