0.000229 -0.000473
0.000463 -0.000963
0.000692 -0.001448
0.000810 -0.001283
0.000913 -0.001105
0.001019 -0.000948
0.001118 -0.000796
0.001223 -0.000647
0.001315 -0.000499
0.001414 -0.000342
0.001507 -0.000193
0.000994 0.000504
0.000480 0.001188
-0.000049 0.001888
-0.000563 0.002589
-0.001061 0.003296
-0.001571 0.003971
-0.002075 0.004661
-0.002164 0.004706
-0.002246 0.004790
-0.002315 0.004854
-0.002414 0.004910
-0.002518 0.004961
-0.002605 0.005034
-0.002707 0.005077
-0.002803 0.005165
-0.002916 0.005216
-0.002792 0.005076
-0.002649 0.004957
-0.002527 0.004813
-0.002393 0.004673
-0.002293 0.004501
-0.002179 0.004360
-0.002057 0.004246
-0.001881 0.003799
-0.001651 0.003372
-0.001489 0.002950
-0.001270 0.002499
-0.001061 0.002079
-0.000838 0.001657
-0.000628 0.001210
-0.000409 0.000761
-0.000193 0.000322
0.000033 -0.000106
0.000197 -0.000507
0.000390 -0.000940
0.000612 -0.001369
0.000941 -0.001846
0.044387 -0.017324
0.044606 -0.017759
-0.092282 -0.076221
-0.229163 -0.134679
-0.366043 -0.193133
-0.502926 -0.251595
-0.639806 -0.310050
-0.776681 -0.368511
-0.913560 -0.426975
-1.050436 -0.485437
-0.553827 -0.690777
-0.057217 -0.896116
0.439442 -1.101479
0.935132 -1.306934
1.309658 -1.650310
0.762388 -4.919014
0.392225 -6.507766
-3.026787 -9.985458
-2.915128 -10.315444
-2.796743 -10.620681
-2.297093 -11.367388
-2.254812 -11.786121
-2.055783 -12.473305
-1.983741 -12.836656
-1.769985 -13.240511
-1.234507 -14.247200
-0.875780 -14.037796
1.540568 -13.541757
4.354773 -13.689580
6.285373 -13.607611
5.349347 -13.394767
5.136094 -13.171538
4.906914 -13.085624
4.647794 -12.932476
4.439013 -13.234712
3.186478 -13.401464
2.148025 -13.158662
1.300060 -12.989765
0.644805 -12.764752
0.251211 -12.380275
0.047190 -12.174517
-0.682704 -12.234057
-0.567140 -12.187349
-0.118763 -12.438633
0.116147 -13.143805
0.236463 -14.096827
0.547253 -13.805842
0.617709 -13.548867
-2.224075 -9.994601
-5.084901 -7.556192
-7.779595 -4.450164
-10.658019 -2.040076
-13.743632 0.227130
-16.566575 2.718549
-19.670469 5.469502
-22.368474 8.049316
-21.827532 7.185720
-21.416939 6.311086
-21.192011 5.719140
-20.917134 5.282520
-20.891042 6.157799
-20.423163 5.790630
-19.677979 5.584907
-18.478531 4.904718
-18.200916 4.777851
-17.497758 4.727990
-16.858196 4.695585
-16.656643 4.474636
-15.477842 4.050466
-15.467091 4.383638
-15.447301 5.065471
-15.435672 5.805662
-15.436277 5.220300
-15.427876 3.702967
-15.399024 3.553616
-15.230606 4.700261
-15.210388 5.037945
-15.224958 4.810404
-15.208293 4.806973
-15.171249 4.839647
-15.090112 4.143766
-15.024883 3.768253
-14.947704 3.799550
-14.901852 3.841393
-14.877456 3.808356
-14.875822 3.790736
-14.880309 3.682427
-14.854171 2.693516
-14.840410 2.054994
-14.830939 1.996134
-14.819729 2.120373
-14.790861 2.235894
-14.759348 2.565853
-14.745491 3.118223
-14.758529 2.921633
-14.744644 2.535097
-14.743521 1.703681
-14.742148 1.638921
-14.758285 1.629571
-14.831802 2.234509
-15.040053 2.366852
-15.218988 2.928000
-15.439447 3.656330
-15.536477 4.563800
-15.449572 5.645120
-15.222221 6.651611
-15.070869 7.521802
-14.736275 6.718332
-14.475813 6.051456
-14.289355 5.518579
-14.367759 5.448085
-14.301009 5.213625
-14.128015 4.690818
-14.090155 4.378126
-14.087498 4.420827
-14.138615 4.654505
-14.116565 4.716610
-14.153456 4.708952
-14.038127 4.531301
-14.016416 4.523678
-13.943752 4.531462
-13.946953 4.600460
-13.942676 4.658008
-13.989518 4.669902
-14.067102 4.665272
-14.157652 4.755197
-14.200381 4.797851
-14.324239 4.855951
-14.363244 4.870507
-14.390621 4.849840
-14.331433 4.765741
-14.241115 4.515050
-14.170509 4.531174
-14.124684 4.577284
-14.024951 4.627141
-14.026129 4.663221
-14.011278 4.716289
-14.057946 5.035798
-14.253056 4.934868
-14.405229 4.585248
-14.792465 5.077649
-14.863905 5.510487
-15.321629 4.246578
-15.277770 4.779289
-15.613732 3.628383
-15.618490 3.928751
-15.619202 3.844680
-15.528273 4.069559
-15.461366 5.036702
-15.421992 4.996476
-15.357481 4.985938
-15.288668 5.279164
-15.292130 5.378983
-15.279474 5.322052
-15.264167 5.284243
-15.278036 5.528995
-15.271905 5.526382
-15.314750 5.575745
-15.331516 5.538592
-15.309496 5.562154
-15.268392 5.648504
-15.269793 5.882537
-15.271289 5.884466
-15.266765 5.914361
-15.277487 5.900779
-15.270743 5.918286
-15.262483 5.920694
-15.299519 5.864302
-15.325297 5.821299
-15.345440 5.657321
-15.483870 5.297562
-15.376177 5.954013
-15.059642 6.761551
-15.021110 7.480694
-14.661964 8.191315
-14.122063 8.084435
-13.940659 7.391844
-13.879810 7.261041
-13.939166 7.164082
-13.909509 6.454751
-13.958822 6.227640
-13.872279 5.759647
-13.923909 5.541847
-13.833759 5.505225
-13.728805 5.321281
-13.689121 5.253205
-13.740362 5.052514
-13.753199 5.012088
-13.764646 5.030097
-13.829319 5.088434
-13.887853 5.246556
-14.028453 5.448870
-14.068908 5.548423
-14.150920 5.047665
-14.164793 4.876630
-14.432890 4.878052
-14.720423 4.169237
-14.694264 4.485825
-14.839843 3.019797
-15.164016 1.689494
-14.941210 2.945869
-16.980158 1.534197
-16.905770 2.580156
-16.916793 2.624019
-16.842740 2.694903
-16.743739 2.963527
-16.542274 3.608639
-16.629855 3.809749
-16.531811 4.284457
-16.447888 4.744607
-16.411363 4.686752
-16.437419 4.827951
-16.276973 5.891655
-16.104630 6.433678
-15.831932 7.247256
-15.726458 8.122776
-15.685317 9.161085
-15.713855 9.300168
-15.717317 9.303966
-15.691728 9.366698
-15.703431 9.368041
-15.701393 9.499724
-15.686367 9.910557
-15.664132 9.962644
-15.726539 9.792210
-15.703823 9.813632
-15.669289 10.689279
-15.631866 11.356503
-15.654744 11.839845
-15.604769 12.223034
-15.608684 12.526234
-15.631992 12.949894
-15.705081 13.321105
-15.711377 13.330580
-15.649916 13.044108
-15.591003 12.571283
-15.489105 12.435408
-15.421269 12.386467
-15.360225 12.499152
-15.390314 12.356641
-15.397352 12.283223
-15.406758 12.190574
-15.412933 12.194442
-15.402378 12.271943
-15.400517 12.306296
-15.378540 12.501682
-15.314544 12.800898
-15.302765 12.840289
-15.277630 13.097962
-15.258516 13.282438
-15.235718 13.612660
-15.218679 13.871211
-15.204829 14.094322
-15.175403 14.343758
-15.134745 14.693759
-15.074035 15.292013
-15.049606 15.394168
-15.023047 15.574941
-15.007523 15.704448
-15.003552 15.684700
-15.008756 15.580655
-15.015053 15.548468
-15.019793 15.516632
-15.018356 15.552553
-15.017502 15.555185
-15.024640 15.491402
-15.041888 15.311392
-15.034277 15.370798
-15.031380 15.406859
-15.008638 15.570624
-15.013759 15.454483
-15.017270 15.369993
-15.003513 15.456450
-14.993257 15.508122
-14.988298 15.561037
-14.973489 15.615031
-14.959437 15.781007
-14.964695 15.736470
-14.968682 15.692674
-14.976548 15.610632
-14.995235 15.425152
-15.017874 15.239579
-15.023890 15.247507
-0.010088 -0.056852
-0.029248 -0.193863
-0.048548 -0.342383
-0.048992 -0.319692
-0.043415 -0.279733
-0.042220 -0.240881
-0.049400 -0.284442
-0.032881 -0.129612
-0.032552 -0.095457
-0.042330 -0.217777
0.001479 -0.310033
0.036748 -0.341848
0.039611 -0.345460
0.056910 -0.219433
0.065187 -0.152880
0.059393 -0.224797
0.059245 -0.239932
0.067701 -0.179231
0.075726 -0.112845
0.080490 -0.097523
0.081209 -0.119384
0.078228 -0.133505
0.099539 0.111464
0.109644 0.302878
0.123466 0.459317
0.125738 0.505096
0.114124 0.392401
0.091537 0.161029
0.069825 -0.076779
0.079000 -0.049949
0.113374 0.185689
0.129486 0.291228
0.111147 0.111088
0.103690 0.009894
0.106244 0.024707
0.112077 0.044964
0.112856 0.066678
0.114498 0.074001
0.109296 0.024672
0.126626 0.178386
0.116603 0.083827
0.087479 -0.197648
0.094115 -0.135338
0.090942 -0.169367
0.105833 0.025039
0.128937 0.308215
0.164177 0.908667
0.158814 0.907873
0.136595 0.634988
0.136946 0.383858
0.110848 0.423793
0.035418 0.424720
0.155613 1.457862
0.372860 2.260015
0.485495 2.473317
0.817539 3.861839
0.790721 4.852825
0.835634 5.894381
1.049625 5.791974
1.506630 5.794862
1.639787 4.975187
1.674613 4.768620
1.733808 4.092342
1.833636 3.857561
1.892659 3.545328
1.821849 3.819286
1.730029 4.081891
1.676515 4.513668
1.595258 4.660760
1.560248 4.715260
1.628430 4.769712
1.625539 4.731964
1.682410 4.669242
1.667279 4.661767
1.736845 4.649429
1.732606 4.678925
1.704369 4.304727
1.614417 3.825285
1.570752 3.654706
1.341234 4.062288
1.183874 4.194048
1.166671 4.108293
1.063803 3.551562
0.921560 3.898422
0.904140 3.744125
-0.396216 4.780558
-0.414314 5.678052
-0.121406 5.421048
0.361744 6.683278
0.585605 6.916301
0.949039 7.471671
1.139977 7.551376
1.365026 7.923016
1.491370 7.996806
1.670529 8.217528
1.800111 8.346658
2.041012 8.905736
2.198731 9.134005
2.229067 8.956778
2.287240 8.750400
2.326232 8.575849
2.359379 8.709535
2.402247 8.874991
2.428940 9.023600
2.420016 9.032681
2.476937 9.213562
2.567181 9.606577
2.646990 9.960628
2.708596 10.223340
2.666387 10.116270
2.624754 10.009866
2.589733 9.927903
2.656256 10.221588
2.641776 10.215802
2.607446 10.096326
2.524634 9.712454
2.478050 9.505058
2.366285 9.066350
2.284595 8.893070
2.146338 8.621952
1.894551 7.993053
1.986141 7.173751
1.689759 7.990448
1.629988 8.663431
1.561832 8.746413
2.029835 8.782746
2.058596 8.115605
2.195221 6.897652
2.181113 6.335226
2.337055 5.398749
2.361524 5.126740
2.484745 4.512450
2.514014 4.178345
2.474042 4.105422
2.439087 4.128735
2.404938 4.138556
2.376576 4.141959
2.360900 4.142974
2.345151 4.154007
2.336262 4.174925
2.348574 4.161952
2.295193 4.196826
2.289035 4.268818
2.276681 4.290768
2.277767 4.388968
2.192706 4.786047
2.100047 5.093487
1.872309 5.779193
1.746779 5.717099
1.644220 6.610318
1.554149 7.448541
1.563666 8.003838
1.382289 7.151679
1.180120 6.605495
0.937865 6.453461
1.043558 5.922169
1.615756 6.970259
2.017331 7.911595
2.425749 8.564951
2.598943 8.643273
2.801931 8.891660
3.072546 9.712093
3.183135 9.890479
3.276874 10.011825
3.382657 9.995353
3.601960 10.608153
3.653638 10.560658
3.701380 10.443342
3.743892 10.288246
3.784417 10.447844
3.831440 10.824547
3.866027 11.150487
3.907369 11.592133
3.907042 11.639963
3.959432 11.676244
4.030805 11.609941
4.118328 11.603522
4.135834 11.625868
4.157991 11.864597
4.150786 12.024058
4.139520 11.966200
4.111902 11.851289
4.106834 11.854000
4.098093 11.862466
4.077104 11.750387
4.054396 11.607032
4.070869 11.592659
4.060888 11.366073
4.070674 11.322415
4.067450 11.272557
4.038050 11.044803
4.024460 10.958701
4.053314 11.410893
4.092286 11.343425
4.138526 11.327278
4.163895 11.311691
4.182635 11.373573
4.203685 11.363967
4.242210 11.351751
4.250444 11.254762
4.287825 11.407607
4.307360 11.375892
4.362806 11.337421
4.457651 10.898128
5.388415 11.336680
5.846408 11.572576
6.618510 11.501635
7.507643 11.483672
8.263016 11.397763
9.103816 11.341656
9.952092 11.267970
11.377318 11.032885
12.848081 10.847916
14.510909 10.728118
15.507659 10.848388
15.374657 10.576971
15.786020 10.588321
15.711309 10.599626
15.645334 10.645545
15.775566 10.525355
16.198439 10.564350
16.349453 10.362017
16.413266 10.327103
16.501797 10.380354
16.441221 10.318654
16.769351 10.386664
16.916008 10.234392
17.111789 10.030271
17.117266 9.854844
16.970505 9.681744
16.934634 9.556604
16.652085 9.407311
16.471093 9.470107
15.908843 9.671266
15.898407 9.888741
15.901485 9.754013
15.830058 9.725202
15.399912 9.557169
14.984591 9.558141
14.715510 9.487198
14.438147 9.401936
14.327220 9.434370
13.961467 9.319805
13.874491 9.383322
13.663246 9.308590
13.810872 9.379068
13.517644 9.354357
13.373456 9.320713
13.194219 9.264351
13.123901 9.289156
13.002313 9.272918
12.646395 9.283156
12.156173 9.395835
11.139451 9.284929
10.931061 9.238219
10.973312 9.220223
10.962631 9.216177
10.720367 9.713300
9.883646 9.603148
9.170247 9.242788
8.343733 9.085890
7.427668 9.125816
6.717939 9.280154
6.346955 9.514350
6.327046 9.820779
6.309022 9.846181
6.293717 9.726913
6.286027 9.719892
6.301651 9.787324
6.325229 9.898656
6.336997 9.966714
6.350899 10.137898
6.364452 10.025005
6.365630 10.066931
6.365811 10.093060
6.394081 10.106491
6.426928 10.061994
6.438144 10.086897
6.448066 10.101819
6.416385 9.788359
6.468686 9.806136
6.509654 9.641705
6.495516 9.593592
6.534872 10.223110
6.548478 10.795337
6.514248 10.576597
6.508580 10.355018
6.496612 10.142394
6.538615 10.265976
6.451775 9.883196
7.275393 9.545103
8.112872 9.797217
8.747576 9.848898
9.289592 9.896693
10.232798 9.682991
10.521614 9.604496
10.956755 9.501768
11.485790 9.474646
12.155300 9.355099
12.859864 9.329677
13.971560 9.421625
15.190586 9.336067
16.043150 9.318196
16.469446 9.257358
17.126626 9.339772
17.403881 9.334351
17.370442 9.326404
17.313433 9.349020
17.304468 9.395502
16.948330 9.422761
16.965873 9.506219
16.847492 9.477088
17.082847 9.554431
17.100619 9.490593
17.036672 9.489302
17.072055 9.499944
17.019255 9.556831
16.934047 9.508922
16.956428 9.564682
16.762981 9.630599
16.278107 9.666065
15.828517 9.705051
14.959250 9.623825
14.083031 9.632773
12.967900 9.721460
11.761833 9.741842
10.512813 9.695346
9.458470 9.640227
8.759461 9.656371
8.811298 9.419009
8.818317 9.217119
9.024217 8.995640
9.093966 8.809655
9.811243 9.535693
9.059704 8.790551
8.688059 8.479083
8.558045 8.452250
8.013054 8.364372
7.859659 8.829124
7.814149 8.883239
7.798619 9.042348
7.793526 9.109313
7.782574 9.330635
7.770644 9.301553
7.748664 9.388103
7.747089 9.995180
7.725789 10.718723
7.720041 11.371859
7.642952 10.897411
7.662312 11.455728
7.652851 11.724656
7.645684 11.709346
7.640052 11.681987
7.640815 11.712375
7.639670 11.737831
7.633799 11.720300
7.631922 11.726982
7.628328 11.731744
7.619952 11.675395
7.616618 11.593883
7.613197 11.556341
7.611838 11.531974
7.608836 11.541413
7.608341 11.544813
7.606819 11.566505
7.608902 11.592252
7.607823 11.632161
7.607519 11.629995
7.610322 11.649825
7.610457 11.666855
7.615101 11.689874
7.617589 11.709248
7.617361 11.714330
7.619668 11.727749
7.617852 11.744045
7.619027 11.757497
7.621055 11.784868
7.618325 11.788214
7.617393 11.797839
7.614653 11.807881
7.616475 11.815288
7.615765 11.827453
7.616195 11.839481
7.617848 11.847490
7.618045 11.853754
7.616994 11.858144
0.002891 0.008980
0.001560 0.013734
0.001266 0.009657
-0.000055 0.002729
-0.005066 -0.038492
-0.014315 -0.058454
-0.019308 -0.073843
-0.023990 -0.056113
-0.024999 -0.033549
-0.032338 0.006986
-0.036315 0.015091
0.028901 0.237618
0.076711 0.308298
0.130504 0.317730
0.128522 0.323730
0.128916 0.352456
0.129207 0.376347
0.127381 0.387673
0.128673 0.386637
0.122512 0.367520
0.122724 0.352229
0.127394 0.359268
0.130037 0.375657
0.130964 0.347729
0.135560 0.331972
0.140744 0.343627
0.146137 0.358713
0.148086 0.353585
0.149234 0.361552
0.154162 0.378302
0.156618 0.386796
0.157381 0.393283
0.158545 0.395465
0.159914 0.398733
0.163503 0.419438
0.163847 0.425268
0.167331 0.434364
0.169931 0.435934
0.167326 0.430171
0.169578 0.437873
0.171529 0.438961
0.175617 0.446088
0.174449 0.442476
0.175169 0.437765
0.172403 0.439826
0.170575 0.449169
0.172090 0.462393
0.168417 0.458560
0.167157 0.476050
0.165630 0.466216
0.163806 0.468006
0.162676 0.475633
0.159220 0.493184
0.161021 0.508837
0.158831 0.519629
0.155173 0.510290
0.151825 0.514758
0.150281 0.527756
0.148305 0.529013
0.151346 0.491344
0.152531 0.468323
0.157622 0.463600
0.162232 0.453925
0.165708 0.446890
0.172749 0.435567
0.172701 0.435621
0.176713 0.448880
0.175570 0.452012
0.175449 0.437632
0.175086 0.467860
0.175662 0.478518
0.174914 0.487672
0.174955 0.494233
0.178181 0.500506
0.176434 0.512090
0.178236 0.527414
0.174906 0.540501
0.173928 0.549365
0.170985 0.557815
0.170595 0.574186
0.172514 0.585056
0.169529 0.596789
0.168715 0.599142
0.167473 0.604531
0.165439 0.616949
0.165878 0.615128
0.164942 0.630639
0.165874 0.627555
0.162024 0.617946
0.159659 0.581824
0.159847 0.555873
0.164804 0.555355
0.166075 0.533871
0.168172 0.517950
0.167970 0.500860
0.172300 0.491657
0.174974 0.475788
0.174540 0.505442
0.171237 0.495995
0.171675 0.495619
0.170882 0.496905
0.172132 0.491945
0.167006 0.442273
0.158190 0.326712
0.190320 0.523812
0.209409 0.502300
0.223431 0.467358
0.242307 0.438131
0.370914 0.847588
0.483729 1.130672
0.738054 0.338704
0.873995 -0.327293
2.164582 -0.494673
3.260957 -0.496909
4.255097 -0.526540
5.635824 -0.594772
6.990702 -0.709426
7.870884 -0.783932
8.758090 -0.860901
9.731424 -0.954042
10.863952 -1.361327
11.118682 -1.356263
12.222093 -1.551085
12.331267 -1.976349
13.029379 -1.918263
13.290094 -1.993124
13.658403 -1.964280
13.786612 -1.852008
13.645570 -1.752501
13.467175 -1.588848
13.386974 -1.620997
13.382417 -1.582211
13.061666 -1.581205
13.000256 -1.458904
12.749226 -1.382932
12.585094 -1.269759
12.312493 -1.195699
12.064022 -1.144822
11.647925 -1.094737
10.963078 -1.005715
9.849486 -0.835750
9.040590 -0.821240
7.786110 -0.694028
6.208821 -0.648303
5.151870 0.126033
4.032585 0.106421
3.093754 0.069980
2.168912 0.043352
0.739398 0.089206
-0.504556 0.206563
-1.407723 0.151259
-1.829591 0.431558
-1.890291 0.915003
-2.258017 1.098692
-2.936901 1.716185
-3.301596 1.959744
-4.030987 2.376034
-4.418562 2.763365
-5.152227 2.925140
-5.556210 2.763161
-5.954765 2.807088
-6.315496 2.591407
-6.670441 2.603323
-6.774213 2.646158
-6.797780 2.849488
-6.834613 3.009638
-6.908505 3.067767
-6.615494 3.119803
-6.045995 3.172336
-4.925283 3.208758
-3.944997 2.983592
-3.098949 2.431967
-2.082752 1.564477
-1.553776 1.645089
-1.192531 1.649757
-0.568585 1.420914
0.007690 1.413834
0.814249 1.291276
1.971654 1.323093
3.177670 1.391960
4.312129 1.363817
4.649433 1.347882
4.315973 1.198617
4.698282 1.276882
5.118816 1.148359
5.284198 1.083109
5.394607 1.059736
5.404991 1.002433
5.333706 0.981133
4.954689 1.026443
4.834801 1.018682
4.533014 1.065728
4.189286 1.077236
4.013099 1.143856
3.740219 1.220663
3.479835 1.266941
3.391693 1.244017
3.160989 1.159769
2.842587 1.156677
2.451199 1.255983
1.863003 1.351709
1.236899 1.425492
0.609176 1.446016
-0.290021 1.418335
-1.171573 1.319974
-1.960834 1.252029
-2.936367 1.172133
-4.174074 1.179980
-5.132961 1.084193
-5.968383 1.017973
-6.647147 1.420654
-7.722654 1.825642
-8.980031 2.321980
-9.956699 3.009347
-11.146059 3.422316
-12.347159 3.651927
-13.645628 3.840856
-14.990951 3.937334
-15.590543 3.893981
-15.762670 4.186752
-15.796852 4.288010
-16.031646 4.382502
-16.490847 4.329128
-16.774280 4.787403
-16.882221 4.720489
-17.015189 4.580010
-17.137343 4.579536
-17.203524 4.706467
-17.353952 4.704848
-17.385626 4.909052
-17.477840 4.803668
-17.623261 4.598233
-17.730278 4.359628
-17.918417 4.090863
-18.144752 3.543986
-18.312610 3.182545
-18.355998 2.877458
-18.331780 2.992713
-18.355146 2.796536
-18.367550 2.718757
-18.377632 2.671381
-18.378805 2.654322
-18.383670 2.659257
-18.389549 2.627373
-18.381849 2.642777
-18.365513 2.794010
-18.578788 2.526180
-18.924353 2.304138
-18.960681 2.278217
-18.976540 2.251308
-18.994204 2.247734
-19.018261 2.192295
-19.061041 2.091064
-19.086073 1.993088
-19.107118 1.939627
-19.121059 1.834749
-19.088076 1.794259
-19.063108 1.800289
-19.046119 1.808579
-18.989150 1.768582
-18.973825 1.797228
-18.967620 1.832626
-18.969868 1.802431
-18.973872 1.756519
-18.990335 1.720101
-18.998746 1.665659
-18.990213 1.662809
-18.973320 1.670378
-18.928103 1.717331
-18.890066 1.715848
-18.829225 1.724862
-18.783110 1.716817
-18.410530 1.691778
-18.359280 1.590978
-18.380983 1.454807
-18.387587 1.487295
-18.396256 1.533315
-18.403415 1.544802
-18.422243 1.474632
-18.375361 1.377174
-18.332364 1.473237
-18.324754 1.673147
-18.313056 1.619937
-18.308767 1.520429
-18.293473 1.487591
-18.276791 1.455569
-18.228027 1.710725
-18.267643 1.222321
-18.271868 1.153013
-18.381983 -0.212130
-18.508896 0.616348
-18.829914 1.214094
-19.123857 2.134511
-19.455885 2.636804
-19.788222 3.449972
-19.880685 4.550702
-19.999059 5.755200
-20.046870 6.330831
-19.335091 6.855766
-19.055243 6.081633
-18.827913 5.267091
-18.331416 4.568882
-18.100498 4.281469
-18.033773 4.391974
-18.023462 4.348586
-18.319288 4.544233
-18.696030 4.648978
-19.105753 4.682003
-19.418758 4.895453
-19.444834 4.983915
-19.568407 4.912948
-19.505931 4.830527
-19.606837 3.586979
-19.652891 2.987118
-19.645652 2.502259
-19.683752 1.100395
-20.155476 0.997990
-20.702801 -0.625919
-21.112522 -0.803478
-21.808537 -2.103269
-21.924768 -3.477988
-21.750327 -3.047569
-22.646192 -3.150425
-22.546120 -3.089864
-22.490573 -2.579699
-22.417433 -1.738943
-22.386327 -1.597995
-22.363112 -1.397529
-22.352236 -1.063873
-22.330251 -0.786317
-22.314385 -0.593419
-22.306545 -0.463387
-22.312546 -0.453663
-22.374475 -0.798245
-22.372906 -0.758625
-22.433642 -1.350416
-22.676818 -0.927167
-22.926871 -0.974064
-23.179917 -0.200499
-23.508069 0.545078
-23.817007 1.493170
-23.866804 2.538734
-23.916105 2.485399
-24.083111 3.464662
-23.773674 3.351158
-23.518464 2.435326
-23.494898 1.489256
-23.458498 0.923