0.000109 0.000404
-0.000058 0.000087
-0.000384 0.000159
-0.000589 0.001417
-0.000501 -0.000132
-0.000583 0.001730
-0.000379 0.001193
-0.000473 0.002111
-0.001379 0.004249
-0.002029 0.005289
-0.001891 0.004825
-0.002087 0.004947
-0.002774 0.005014
-0.002843 0.004383
-0.004539 0.009605
-0.004475 0.009186
-0.004485 0.010196
-0.004354 0.009802
-0.004393 0.009507
-0.004332 0.009219
-0.004873 0.007729
-0.005305 0.008157
-0.007312 0.008598
-0.007601 0.007467
-0.009441 0.006668
-0.009507 0.007405
-0.009822 0.008213
-0.009674 0.008144
-0.042774 0.007782
-0.131299 -0.004848
-0.017291 -0.215097
-0.212151 -0.050101
-0.571467 0.327872
-0.561992 0.481403
-0.559198 0.269412
-0.374097 -1.182829
0.261675 -1.289585
0.845169 -1.120359
1.242976 -0.914328
1.559384 -1.696285
2.357534 -1.696674
3.209486 -2.020591
4.353016 -2.438857
3.402855 -1.803018
3.600286 -1.788638
2.936311 -1.374718
1.633748 -1.134253
1.684182 -1.126769
1.229766 -1.028613
1.240060 -0.989498
1.100667 -0.945511
0.926649 -0.933740
0.478252 -0.807041
0.157135 -0.800482
-0.288511 -0.805304
-0.937176 -0.588441
-1.255575 -0.528848
-1.722460 -0.459904
-2.274186 -0.372408
-2.996717 -0.275395
-4.143081 0.314676
-4.822746 0.353687
-5.545465 0.355674
-6.412840 0.348568
-7.060696 0.338085
-7.747531 0.094993
-8.382471 0.448122
-9.013322 0.456283
-9.205754 -1.632879
-9.866196 -1.875712
-9.369091 -1.757998
-9.742570 -1.397811
-9.978335 -1.412704
-10.070681 -1.400741
-10.064628 -1.411730
-10.056742 -1.446229
-10.057254 -1.445877
-10.056203 -1.449145
-10.053509 -1.452234
-10.053608 -1.452018
-10.051469 -1.461630
-10.051708 -1.461750
-10.050847 -1.462007
-10.051180 -1.462354
-10.050957 -1.461910
-10.051228 -1.461399
-10.048994 -1.468068
-10.049199 -1.467636
-10.048668 -1.468620
-10.048197 -1.469476
-10.047788 -1.469301
-10.046986 -1.468110
-10.046160 -1.468475
-10.045740 -1.468799
