-1.042510 -7.159513 17.061638
-1.039304 -7.323940 16.322409
-1.039304 -7.323940 16.322409
-1.039304 -7.323940 16.322409
-1.039304 -7.323940 16.322409
-1.039304 -7.323940 16.322409
-1.024577 -7.430048 15.739944
-1.024577 -7.430048 15.739944
-1.024577 -7.430048 15.739944
-1.024577 -7.430048 15.739944
-1.024577 -7.430048 15.739944
-1.024577 -7.430048 15.739944
-0.996281 -7.490055 15.274075
-0.996281 -7.490055 15.274075
-0.996281 -7.490055 15.274075
-0.996281 -7.490055 15.274075
-0.996281 -7.490055 15.274075
-0.996281 -7.490055 15.274075
-0.968629 -7.527192 14.923272
-0.968629 -7.527192 14.923272
-0.968629 -7.527192 14.923272
-0.968629 -7.527192 14.923272
-0.968629 -7.527192 14.923272
-0.939427 -7.567432 14.657864
-0.939427 -7.567432 14.657864
-0.939427 -7.567432 14.657864
-0.939427 -7.567432 14.657864
-0.939427 -7.567432 14.657864
-0.939427 -7.567432 14.657864
-0.915305 -7.603542 14.421193
-0.915305 -7.603542 14.421193
-0.915305 -7.603542 14.421193
-0.915305 -7.603542 14.421193
-0.901297 -7.627821 14.226803
-0.901297 -7.627821 14.226803
-0.901297 -7.627821 14.226803
-0.901297 -7.627821 14.226803
-0.901297 -7.627821 14.226803
-0.901297 -7.627821 14.226803
-0.884660 -7.640924 14.058392
-0.884660 -7.640924 14.058392
-0.884660 -7.640924 14.058392
-0.884660 -7.640924 14.058392
-0.884660 -7.640924 14.058392
-0.878215 -7.646707 13.935548
-0.878215 -7.646707 13.935548
-0.878215 -7.646707 13.935548
-0.878215 -7.646707 13.935548
-0.878215 -7.646707 13.935548
-0.862579 -7.653221 13.854631
-0.862579 -7.653221 13.854631
-0.862579 -7.653221 13.854631
-0.862579 -7.653221 13.854631
-0.862579 -7.653221 13.854631
-0.856789 -7.661170 13.762680
-0.856789 -7.661170 13.762680
-0.856789 -7.661170 13.762680
-0.856789 -7.661170 13.762680
-0.856789 -7.661170 13.762680
-0.855098 -7.657782 13.698711
-0.855098 -7.657782 13.698711
-0.855098 -7.657782 13.698711
-0.855098 -7.657782 13.698711
-0.855098 -7.657782 13.698711
-0.855098 -7.657782 13.698711
-0.840021 -7.651871 13.652423
-0.840021 -7.651871 13.652423
-0.840021 -7.651871 13.652423
-0.840021 -7.651871 13.652423
-0.840021 -7.651871 13.652423
-0.837671 -7.650145 13.640753
-0.837671 -7.650145 13.640753
-0.837671 -7.650145 13.640753
-0.837671 -7.650145 13.640753
-0.837671 -7.650145 13.640753
-0.834561 -7.660283 13.651331
-0.834561 -7.660283 13.651331
-0.834561 -7.660283 13.651331
-0.834561 -7.660283 13.651331
-0.834561 -7.660283 13.651331
-0.823999 -7.660356 13.631065
-0.823999 -7.660356 13.631065
-0.823999 -7.660356 13.631065
-0.823999 -7.660356 13.631065
-0.823999 -7.660356 13.631065
-0.823999 -7.660356 13.631065
-0.816802 -7.656598 13.611775
-0.816802 -7.656598 13.611775
-0.816802 -7.656598 13.611775
-0.816802 -7.656598 13.611775
-0.816802 -7.656598 13.611775
-0.817314 -7.652436 13.614923
-0.817314 -7.652436 13.614923
-0.817314 -7.652436 13.614923
-0.817314 -7.652436 13.614923
-0.817314 -7.652436 13.614923
-0.819798 -7.651157 13.606712
-0.819798 -7.651157 13.606712
-0.819798 -7.651157 13.606712
-0.819798 -7.651157 13.606712
-0.819798 -7.651157 13.606712
-0.815089 -7.656177 13.626190
-0.815089 -7.656177 13.626190
-0.815089 -7.656177 13.626190
-0.815089 -7.656177 13.626190
-0.811530 -7.651225 13.644085
-0.811530 -7.651225 13.644085
-0.811530 -7.651225 13.644085
-0.811530 -7.651225 13.644085
-0.811530 -7.651225 13.644085
-0.811530 -7.651225 13.644085
-0.802026 -7.657838 13.652659
-0.802026 -7.657838 13.652659
-0.802026 -7.657838 13.652659
-0.802026 -7.657838 13.652659
-0.802026 -7.657838 13.652659
-0.802026 -7.657838 13.652659
-0.808827 -7.658553 13.667943
-0.808827 -7.658553 13.667943
-0.808827 -7.658553 13.667943
-0.808827 -7.658553 13.667943
-0.808827 -7.658553 13.667943
-0.808477 -7.653839 13.661337
-0.808477 -7.653839 13.661337
-0.808477 -7.653839 13.661337
-0.808477 -7.653839 13.661337
-0.809058 -7.653539 13.648166
-0.809058 -7.653539 13.648166
-0.809058 -7.653539 13.648166
-0.809058 -7.653539 13.648166
-0.809058 -7.653539 13.648166
-0.806674 -7.650970 13.619549
-0.806674 -7.650970 13.619549
-0.806674 -7.650970 13.619549
-0.806674 -7.650970 13.619549
-0.814274 -7.649300 13.585155
-0.814274 -7.649300 13.585155
-0.814274 -7.649300 13.585155
-0.814274 -7.649300 13.585155
-0.814274 -7.649300 13.585155
-0.818350 -7.644452 13.564202
-0.818350 -7.644452 13.564202
-0.818350 -7.644452 13.564202
-0.818350 -7.644452 13.564202
-0.818852 -7.644275 13.550073
-0.818852 -7.644275 13.550073
-0.818852 -7.644275 13.550073
-0.818852 -7.644275 13.550073
-0.818852 -7.644275 13.550073
-0.818852 -7.644275 13.550073
-0.813891 -7.645722 13.564740
-0.813891 -7.645722 13.564740
-0.813891 -7.645722 13.564740
-0.813891 -7.645722 13.564740
-0.813891 -7.645722 13.564740
-0.809316 -7.648240 13.554230
-0.809316 -7.648240 13.554230
-0.809316 -7.648240 13.554230
-0.809316 -7.648240 13.554230
-0.809316 -7.648240 13.554230
-0.798539 -7.652284 13.571144
-0.798539 -7.652284 13.571144
-0.798539 -7.652284 13.571144
-0.807207 -7.653219 13.578223
-0.807207 -7.653219 13.578223
-0.807207 -7.653219 13.578223
-0.807207 -7.653219 13.578223
-0.807207 -7.653219 13.578223
-0.807207 -7.653219 13.578223
-0.809163 -7.647642 13.585493
-0.809163 -7.647642 13.585493
-0.809163 -7.647642 13.585493
-0.809163 -7.647642 13.585493
-0.809163 -7.647642 13.585493
-0.808513 -7.645631 13.605388
-0.808513 -7.645631 13.605388
-0.808513 -7.645631 13.605388
-0.808513 -7.645631 13.605388
-0.808513 -7.645631 13.605388
-0.798443 -7.651687 13.630960
-0.798443 -7.651687 13.630960
-0.798443 -7.651687 13.630960
-0.798443 -7.651687 13.630960
-0.798443 -7.651687 13.630960
-0.803715 -7.646649 13.616791
-0.803715 -7.646649 13.616791
-0.803715 -7.646649 13.616791
-0.803715 -7.646649 13.616791
-0.805721 -7.653200 13.599381
-0.805721 -7.653200 13.599381
-0.805721 -7.653200 13.599381
-0.805721 -7.653200 13.599381
-0.805721 -7.653200 13.599381
-0.802691 -7.651428 13.587339
-0.802691 -7.651428 13.587339
-0.802691 -7.651428 13.587339
-0.802691 -7.651428 13.587339
-0.802691 -7.651428 13.587339
-0.805017 -7.649414 13.584517
-0.805017 -7.649414 13.584517
-0.805017 -7.649414 13.584517
-0.805017 -7.649414 13.584517
-0.805017 -7.649414 13.584517
-0.805017 -7.649414 13.584517
-0.807738 -7.660468 13.569011
-0.807738 -7.660468 13.569011
-0.807738 -7.660468 13.569011
-0.807738 -7.660468 13.569011
-0.807738 -7.660468 13.569011
-0.800544 -7.654699 13.572616
-0.800544 -7.654699 13.572616
-0.800544 -7.654699 13.572616
-0.800544 -7.654699 13.572616
-0.800544 -7.654699 13.572616
-0.795063 -7.653017 13.591727
-0.795063 -7.653017 13.591727
-0.795063 -7.653017 13.591727
-0.795063 -7.653017 13.591727
-0.795063 -7.653017 13.591727
-0.795063 -7.653017 13.591727
-0.764457 -7.642337 13.593297
-0.764457 -7.642337 13.593297
-0.764457 -7.642337 13.593297
-0.764457 -7.642337 13.593297
-0.764457 -7.642337 13.593297
-0.764457 -7.642337 13.593297
-0.608939 -8.913337 13.249928
-0.608939 -8.913337 13.249928
-0.608939 -8.913337 13.249928
-0.608939 -8.913337 13.249928
-0.608939 -8.913337 13.249928
-2.768110 -26.915254 14.098161
-2.768110 -26.915254 14.098161
-2.768110 -26.915254 14.098161
-2.768110 -26.915254 14.098161
-2.768110 -26.915254 14.098161
-2.768110 -26.915254 14.098161
-15.527076 -57.653975 18.732473
-15.527076 -57.653975 18.732473
-15.527076 -57.653975 18.732473
-15.527076 -57.653975 18.732473
-15.527076 -57.653975 18.732473
-31.085830 -96.064357 32.638254
-31.085830 -96.064357 32.638254
-31.085830 -96.064357 32.638254
-31.085830 -96.064357 32.638254
-31.085830 -96.064357 32.638254
-31.085830 -96.064357 32.638254
-30.799031 -121.309624 21.464284
-30.799031 -121.309624 21.464284
-30.799031 -121.309624 21.464284
-30.799031 -121.309624 21.464284
-30.799031 -121.309624 21.464284
-32.813120 -103.223297 25.809120
-32.813120 -103.223297 25.809120
-32.813120 -103.223297 25.809120
-32.813120 -103.223297 25.809120
-32.813120 -103.223297 25.809120
-32.813120 -103.223297 25.809120
-49.503613 -103.675011 51.922579
-49.503613 -103.675011 51.922579
-49.503613 -103.675011 51.922579
-49.503613 -103.675011 51.922579
-49.503613 -103.675011 51.922579
-49.503613 -103.675011 51.922579
-62.665408 -153.047368 108.412533
-62.665408 -153.047368 108.412533
-62.665408 -153.047368 108.412533
-62.665408 -153.047368 108.412533
-62.665408 -153.047368 108.412533
-59.916708 164.129514 161.008418
-59.916708 164.129514 161.008418
-59.916708 164.129514 161.008418
-59.916708 164.129514 161.008418
-59.916708 164.129514 161.008418
-59.916708 164.129514 161.008418
-47.323666 168.794260 174.246063
-47.323666 168.794260 174.246063
-47.323666 168.794260 174.246063
-47.323666 168.794260 174.246063
-47.323666 168.794260 174.246063
-28.647186 -147.261515 124.562857
-28.647186 -147.261515 124.562857
-28.647186 -147.261515 124.562857
-28.647186 -147.261515 124.562857
-28.647186 -147.261515 124.562857
-28.647186 -147.261515 124.562857
-15.397943 -122.522488 66.777844
-15.397943 -122.522488 66.777844
-15.397943 -122.522488 66.777844
-15.397943 -122.522488 66.777844
-15.397943 -122.522488 66.777844
-6.947628 -84.103582 22.915175
-6.947628 -84.103582 22.915175
-6.947628 -84.103582 22.915175
-6.947628 -84.103582 22.915175
-6.947628 -84.103582 22.915175
11.500984 -27.877499 18.112273
11.500984 -27.877499 18.112273
11.500984 -27.877499 18.112273
11.500984 -27.877499 18.112273
11.500984 -27.877499 18.112273
-25.782376 -9.867727 33.104209
-25.782376 -9.867727 33.104209
-25.782376 -9.867727 33.104209
-25.782376 -9.867727 33.104209
-25.782376 -9.867727 33.104209
-25.782376 -9.867727 33.104209
-49.231952 -38.319909 45.574540
-49.231952 -38.319909 45.574540
-49.231952 -38.319909 45.574540
-49.231952 -38.319909 45.574540
-49.231952 -38.319909 45.574540
-16.415849 -37.475165 24.384119
-16.415849 -37.475165 24.384119
-16.415849 -37.475165 24.384119
-16.415849 -37.475165 24.384119
-16.415849 -37.475165 24.384119
9.779176 -30.591082 19.069460
9.779176 -30.591082 19.069460
9.779176 -30.591082 19.069460
9.779176 -30.591082 19.069460
9.779176 -30.591082 19.069460
39.299898 -17.547659 11.422467
39.299898 -17.547659 11.422467
39.299898 -17.547659 11.422467
39.299898 -17.547659 11.422467
39.299898 -17.547659 11.422467
39.299898 -17.547659 11.422467
24.661086 -16.288092 22.430992
24.661086 -16.288092 22.430992
24.661086 -16.288092 22.430992
24.661086 -16.288092 22.430992
24.661086 -16.288092 22.430992
-38.523947 -35.463090 48.553305
-38.523947 -35.463090 48.553305
-38.523947 -35.463090 48.553305
-38.523947 -35.463090 48.553305
-38.523947 -35.463090 48.553305
-55.054815 -41.230970 63.318435
-55.054815 -41.230970 63.318435
-55.054815 -41.230970 63.318435
-55.054815 -41.230970 63.318435
-55.054815 -41.230970 63.318435
-55.054815 -41.230970 63.318435
-11.572752 -8.333731 33.053194
-11.572752 -8.333731 33.053194
-11.572752 -8.333731 33.053194
-11.572752 -8.333731 33.053194
-11.572752 -8.333731 33.053194
0.325014 0.446063 27.787759
0.325014 0.446063 27.787759
0.325014 0.446063 27.787759
0.325014 0.446063 27.787759
0.325014 0.446063 27.787759
20.516444 -19.001511 12.242785
20.516444 -19.001511 12.242785
20.516444 -19.001511 12.242785
20.516444 -19.001511 12.242785
20.516444 -19.001511 12.242785
24.967845 -21.006255 9.389880
24.967845 -21.006255 9.389880
24.967845 -21.006255 9.389880
24.967845 -21.006255 9.389880
24.967845 -21.006255 9.389880
-13.028388 15.634723 21.206522
-13.028388 15.634723 21.206522
-13.028388 15.634723 21.206522
-13.028388 15.634723 21.206522
-13.028388 15.634723 21.206522
-13.028388 15.634723 21.206522
3.181850 12.942738 10.424465
3.181850 12.942738 10.424465
3.181850 12.942738 10.424465
3.181850 12.942738 10.424465
3.181850 12.942738 10.424465
15.780162 -15.868625 5.519511
15.780162 -15.868625 5.519511
15.780162 -15.868625 5.519511
15.780162 -15.868625 5.519511
15.780162 -15.868625 5.519511
-8.283583 -9.596254 15.214412
-8.283583 -9.596254 15.214412
-8.283583 -9.596254 15.214412
-8.283583 -9.596254 15.214412
-8.283583 -9.596254 15.214412
-15.817253 -23.386226 12.769192
-15.817253 -23.386226 12.769192
-15.817253 -23.386226 12.769192
-15.817253 -23.386226 12.769192
-15.817253 -23.386226 12.769192
-15.817253 -23.386226 12.769192
-5.642608 -18.855506 6.135964
-5.642608 -18.855506 6.135964
-5.642608 -18.855506 6.135964
-5.642608 -18.855506 6.135964
-5.642608 -18.855506 6.135964
-12.176610 -16.753727 10.262073
-12.176610 -16.753727 10.262073
-12.176610 -16.753727 10.262073
-12.176610 -16.753727 10.262073
-12.176610 -16.753727 10.262073
-9.830692 -13.452998 7.795145
-9.830692 -13.452998 7.795145
-9.830692 -13.452998 7.795145
-9.830692 -13.452998 7.795145
-9.830692 -13.452998 7.795145
-5.163339 -9.742342 -1.186771
-5.163339 -9.742342 -1.186771
-5.163339 -9.742342 -1.186771
-5.163339 -9.742342 -1.186771
-5.163339 -9.742342 -1.186771
-5.163339 -9.742342 -1.186771
-23.000191 -61.158252 34.001805
-23.000191 -61.158252 34.001805
-23.000191 -61.158252 34.001805
-23.000191 -61.158252 34.001805
-23.000191 -61.158252 34.001805
-11.875524 -73.225133 66.065387
-11.875524 -73.225133 66.065387
-11.875524 -73.225133 66.065387
-11.875524 -73.225133 66.065387
-11.875524 -73.225133 66.065387
-11.875524 -73.225133 66.065387
-1.654943 -15.357163 17.889326
-1.654943 -15.357163 17.889326
-1.654943 -15.357163 17.889326
-1.654943 -15.357163 17.889326
-1.654943 -15.357163 17.889326
-2.204388 -9.511314 14.057147
-2.204388 -9.511314 14.057147
-2.204388 -9.511314 14.057147
-2.204388 -9.511314 14.057147
-2.204388 -9.511314 14.057147
-4.658632 -10.633904 13.098603
-4.658632 -10.633904 13.098603
-4.658632 -10.633904 13.098603
-4.658632 -10.633904 13.098603
-4.658632 -10.633904 13.098603
-4.658632 -10.633904 13.098603
-4.214878 -10.307741 11.411712
-4.214878 -10.307741 11.411712
-4.214878 -10.307741 11.411712
-4.214878 -10.307741 11.411712
-4.214878 -10.307741 11.411712
-4.214878 -10.307741 11.411712
-3.955949 -10.801757 11.931574
-3.955949 -10.801757 11.931574
-3.955949 -10.801757 11.931574
-3.955949 -10.801757 11.931574
-3.955949 -10.801757 11.931574
-3.955949 -10.801757 11.931574
-3.955949 -10.801757 11.931574
-3.955949 -10.801757 11.931574
-3.955949 -10.801757 11.931574
-3.955949 -10.801757 11.931574
-3.955949 -10.801757 11.931574
3.273894 -12.437795 9.877247
3.273894 -12.437795 9.877247
3.273894 -12.437795 9.877247
3.273894 -12.437795 9.877247
3.273894 -12.437795 9.877247
3.020576 -10.660144 7.323538
3.020576 -10.660144 7.323538
3.020576 -10.660144 7.323538
3.020576 -10.660144 7.323538
3.020576 -10.660144 7.323538
2.868499 -10.641680 6.789320
2.868499 -10.641680 6.789320
2.868499 -10.641680 6.789320
2.868499 -10.641680 6.789320
2.813104 -10.662453 6.420942
2.813104 -10.662453 6.420942
2.813104 -10.662453 6.420942
2.813104 -10.662453 6.420942
2.813104 -10.662453 6.420942
2.796257 -10.667437 6.127189
2.796257 -10.667437 6.127189
2.796257 -10.667437 6.127189
2.796257 -10.667437 6.127189
2.796257 -10.667437 6.127189
2.809228 -10.687524 5.937404
2.809228 -10.687524 5.937404
2.809228 -10.687524 5.937404
2.809228 -10.687524 5.937404
2.809228 -10.687524 5.937404
2.809228 -10.687524 5.937404
2.827923 -10.700652 5.805404
2.827923 -10.700652 5.805404
2.827923 -10.700652 5.805404
2.827923 -10.700652 5.805404
2.827923 -10.700652 5.805404
4.812342 -9.738280 6.768020
4.812342 -9.738280 6.768020
4.812342 -9.738280 6.768020
4.812342 -9.738280 6.768020
4.812342 -9.738280 6.768020
4.812342 -9.738280 6.768020
-4.033240 -3.480800 9.698695
-4.033240 -3.480800 9.698695
-4.033240 -3.480800 9.698695
-4.033240 -3.480800 9.698695
-4.033240 -3.480800 9.698695
-13.747601 -12.340034 18.502241
-13.747601 -12.340034 18.502241
-13.747601 -12.340034 18.502241
-13.747601 -12.340034 18.502241
-6.168478 -9.836313 31.467009
-6.168478 -9.836313 31.467009
-6.168478 -9.836313 31.467009
-6.168478 -9.836313 31.467009
-6.168478 -9.836313 31.467009
-3.262072 -23.820389 42.313015
-3.262072 -23.820389 42.313015
-3.262072 -23.820389 42.313015
-3.262072 -23.820389 42.313015
-1.052064 -31.382838 39.717714
-1.052064 -31.382838 39.717714
-1.052064 -31.382838 39.717714
-1.052064 -31.382838 39.717714
-0.223085 -32.186696 39.966579
-0.223085 -32.186696 39.966579
-0.223085 -32.186696 39.966579
-0.223085 -32.186696 39.966579
-0.223085 -32.186696 39.966579
-0.223085 -32.186696 39.966579
-2.366274 -5.165927 34.047069
-2.366274 -5.165927 34.047069
-2.366274 -5.165927 34.047069
-2.366274 -5.165927 34.047069
-2.366274 -5.165927 34.047069
-29.130890 -6.373408 39.327905
-29.130890 -6.373408 39.327905
-29.130890 -6.373408 39.327905
-29.130890 -6.373408 39.327905
-29.130890 -6.373408 39.327905
-29.130890 -6.373408 39.327905
-25.422393 -4.541197 37.429409
-25.422393 -4.541197 37.429409
-25.422393 -4.541197 37.429409
-25.422393 -4.541197 37.429409
-25.422393 -4.541197 37.429409
-25.422393 -4.541197 37.429409
-3.596704 1.145696 31.983044
-3.596704 1.145696 31.983044
-3.596704 1.145696 31.983044
-3.596704 1.145696 31.983044
-3.596704 1.145696 31.983044
-0.777824 -1.781638 32.741451
-0.777824 -1.781638 32.741451
-0.777824 -1.781638 32.741451
-0.777824 -1.781638 32.741451
-0.777824 -1.781638 32.741451
-0.777824 -1.781638 32.741451
-1.927028 -2.991065 34.444835
-1.927028 -2.991065 34.444835
-1.927028 -2.991065 34.444835
-1.927028 -2.991065 34.444835
-1.927028 -2.991065 34.444835
-2.221797 -3.996454 37.267356
-2.221797 -3.996454 37.267356
-2.221797 -3.996454 37.267356
-2.221797 -3.996454 37.267356
-2.221797 -3.996454 37.267356
-2.221797 -3.996454 37.267356
-1.251070 -4.423105 39.316495
-1.251070 -4.423105 39.316495
-1.251070 -4.423105 39.316495
-1.251070 -4.423105 39.316495
-1.251070 -4.423105 39.316495
-0.425632 -6.316983 42.580035
-0.425632 -6.316983 42.580035
-0.425632 -6.316983 42.580035
-0.425632 -6.316983 42.580035
-0.425632 -6.316983 42.580035
-0.425632 -6.316983 42.580035
1.912218 -8.065486 48.993398
1.912218 -8.065486 48.993398
1.912218 -8.065486 48.993398
1.912218 -8.065486 48.993398
1.912218 -8.065486 48.993398
-1.075556 -4.464807 53.538626
-1.075556 -4.464807 53.538626
-1.075556 -4.464807 53.538626
-1.075556 -4.464807 53.538626
-1.075556 -4.464807 53.538626
-1.075556 -4.464807 53.538626
5.155872 -3.777560 53.095323
5.155872 -3.777560 53.095323
5.155872 -3.777560 53.095323
5.155872 -3.777560 53.095323
5.155872 -3.777560 53.095323
5.155872 -3.777560 53.095323
6.300482 -5.602233 59.162006
6.300482 -5.602233 59.162006
6.300482 -5.602233 59.162006
6.300482 -5.602233 59.162006
6.300482 -5.602233 59.162006
5.525684 -10.993662 63.074406
5.525684 -10.993662 63.074406
5.525684 -10.993662 63.074406
5.525684 -10.993662 63.074406
5.525684 -10.993662 63.074406
5.525684 -10.993662 63.074406
5.511754 -11.117842 64.146131
5.511754 -11.117842 64.146131
5.511754 -11.117842 64.146131
5.511754 -11.117842 64.146131
5.511754 -11.117842 64.146131
5.456909 -11.201174 64.845748
5.456909 -11.201174 64.845748
5.456909 -11.201174 64.845748
5.456909 -11.201174 64.845748
5.456909 -11.201174 64.845748
5.456909 -11.201174 64.845748
5.378193 -11.280490 65.344003
5.378193 -11.280490 65.344003
5.378193 -11.280490 65.344003
5.378193 -11.280490 65.344003
5.378193 -11.280490 65.344003
5.378193 -11.280490 65.344003
5.299221 -11.345246 65.664742
5.299221 -11.345246 65.664742
5.299221 -11.345246 65.664742
5.299221 -11.345246 65.664742
5.299221 -11.345246 65.664742
5.299221 -11.345246 65.664742
5.219244 -11.416837 65.864177
5.219244 -11.416837 65.864177
5.219244 -11.416837 65.864177
5.219244 -11.416837 65.864177
5.219244 -11.416837 65.864177
5.168503 -11.459638 66.104825
5.168503 -11.459638 66.104825
5.168503 -11.459638 66.104825
5.168503 -11.459638 66.104825
5.168503 -11.459638 66.104825
5.113280 -11.492917 66.259460
5.113280 -11.492917 66.259460
5.113280 -11.492917 66.259460
5.113280 -11.492917 66.259460
5.113280 -11.492917 66.259460
5.113280 -11.492917 66.259460
5.065758 -11.517673 66.352385
5.065758 -11.517673 66.352385
5.065758 -11.517673 66.352385
5.065758 -11.517673 66.352385
5.065758 -11.517673 66.352385
5.042914 -11.545236 66.504227
5.042914 -11.545236 66.504227
5.042914 -11.545236 66.504227
5.042914 -11.545236 66.504227
5.042914 -11.545236 66.504227
5.014645 -11.571005 66.579004
5.014645 -11.571005 66.579004
5.014645 -11.571005 66.579004
5.014645 -11.571005 66.579004
5.014645 -11.571005 66.579004
4.992313 -11.591368 66.611461
4.992313 -11.591368 66.611461
4.992313 -11.591368 66.611461
4.992313 -11.591368 66.611461
4.992313 -11.591368 66.611461
4.992313 -11.591368 66.611461
4.977500 -11.601017 66.661198
4.977500 -11.601017 66.661198
4.977500 -11.601017 66.661198
4.977500 -11.601017 66.661198
4.977500 -11.601017 66.661198
4.964715 -11.601904 66.703539
4.964715 -11.601904 66.703539
4.964715 -11.601904 66.703539
4.964715 -11.601904 66.703539
4.964715 -11.601904 66.703539
4.947593 -11.613094 66.733291
4.947593 -11.613094 66.733291
4.947593 -11.613094 66.733291
4.947593 -11.613094 66.733291
4.947593 -11.613094 66.733291
4.947593 -11.613094 66.733291
4.950476 -11.621501 66.806108
4.950476 -11.621501 66.806108
4.950476 -11.621501 66.806108
4.950476 -11.621501 66.806108
4.950476 -11.621501 66.806108
4.931572 -11.684475 66.802522
4.931572 -11.684475 66.802522
4.931572 -11.684475 66.802522
4.931572 -11.684475 66.802522
4.931572 -11.684475 66.802522
4.931572 -11.684475 66.802522
4.927891 -11.683125 66.779825
4.927891 -11.683125 66.779825
4.927891 -11.683125 66.779825
4.927891 -11.683125 66.779825
4.927891 -11.683125 66.779825
4.914821 -11.704265 66.746910
4.914821 -11.704265 66.746910
4.914821 -11.704265 66.746910
4.914821 -11.704265 66.746910
4.914821 -11.704265 66.746910
4.914821 -11.704265 66.746910
