0.000234 -0.001477
0.000381 -0.002988
0.000816 -0.004268
0.001233 -0.005636
0.001646 -0.007114
0.002066 -0.005961
0.002724 -0.004860
0.003161 -0.003708
0.003554 -0.002650
0.003935 -0.001384
0.006919 -0.001080
0.010077 -0.000909
0.013131 -0.000562
0.016077 -0.000197
0.015639 0.000941
0.015289 0.001997
0.014830 0.003144
0.014388 0.004256
0.013929 0.005372
0.014317 0.004858
0.014952 0.003770
0.015354 0.003240
0.015782 0.002669
0.016173 0.002138
0.016939 0.001874
0.017348 0.002148
0.017752 0.002498
0.018170 0.002770
0.018577 0.003109
0.021701 0.002292
0.024697 0.001799
0.027665 0.001335
0.030650 0.000770
0.031920 0.001100
0.033189 0.001262
0.034420 0.001557
0.035678 0.001861
0.036937 0.002154
0.014169 -0.018398
-0.008213 -0.038805
-0.030992 -0.059402
-0.053792 -0.079990
-0.076572 -0.100555
-0.099359 -0.121140
0.840401 -0.116327
1.780997 -0.113090
3.330521 -0.199300
4.162202 -0.228738
5.634494 -3.082262
9.041282 10.015413
9.080505 11.281689
2.163319 2.492688
3.077430 3.464440
4.476640 4.981460
3.737730 5.752016
4.322517 5.160563
4.830906 4.504732
4.299250 4.037513
4.274724 2.389075
4.036455 1.873997
3.837235 1.412739
4.644194 1.511917
4.147933 2.127996
3.476491 1.217204
1.640036 1.565489
0.289044 1.998124
-0.571115 1.783030
-1.605906 2.192142
-2.618012 1.856769
-3.158075 1.472582
-3.961585 2.037899
-4.973962 2.928685
-5.127462 2.625903
-5.242533 3.317667
-6.413955 3.837560
-6.903711 4.089080
-6.912452 4.253580
-7.254393 4.932329
-7.373493 4.888771
-7.492345 4.960906
-7.553908 5.216810
-7.946467 5.954015
-8.111480 6.923537
-8.548015 7.687580
-9.389246 8.599218
-10.124261 9.294805
-10.228341 10.079000
-10.610791 10.605715
-10.467616 10.970411
-10.803708 11.351789
-11.476007 12.693912
-11.823977 13.055443
-12.823692 14.542694
-13.028503 15.701479
-13.212184 16.221263
-13.671682 17.195925
-13.698865 17.621488
-13.939395 19.002957
-14.273027 20.469883
-13.959929 20.922733
-14.267271 21.855505
-14.108796 22.472078
-13.958787 22.621472
-13.686420 22.934935
-13.556931 23.008267
-13.384060 24.195980
-13.021634 24.631589
-12.480344 24.870480
-12.138419 25.340833
-11.084626 24.978046
-10.750398 25.665205
-10.425010 26.455513
-9.738948 27.023491
-9.837054 28.030529
-9.528389 28.820569
-9.455288 29.114541
-9.705013 30.227270
-9.309531 30.782766
-9.538946 30.902060
-9.822565 31.059951
-10.353422 30.590277
-10.936485 30.520797
-11.485688 30.447454
-11.657969 29.732627
-12.340919 29.431345
-12.493587 28.639918
-12.942950 28.509381
-14.109944 27.796348
-14.203356 27.066672
-13.656673 26.294504
-13.697936 25.557039
-13.763562 24.272453
-13.619648 23.834269
-13.927724 23.177267
-14.648060 22.148206
-14.964829 21.411852
-14.879741 20.395435
-14.969133 19.857125
-15.534946 19.243097
-15.779136 18.539371
-16.080454 17.979418
-17.049400 17.495447
-17.603085 16.846441
-17.823633 16.458158
-18.088194 15.471337
-18.244782 14.147229
-18.102679 13.297513
-17.961754 12.472142
-17.835981 12.120753
-17.698126 11.628681
-17.445103 11.521816
-17.404830 11.658193
-17.339299 11.489974
-17.474802 11.162593
-17.428989 10.734443
-17.074871 10.520347
-16.921566 10.469810
-16.055119 9.843464
-15.996305 9.596951
-15.199286 10.536862
-13.863060 12.353271
-12.061092 13.713043
-9.552250 15.146800
-7.481089 16.906403
-7.019650 18.252337
-11.161163 17.263455
-12.443693 16.893840
-13.143642 14.283592
-16.982764 11.588954
-18.101339 10.668961
-18.662125 11.192635
-18.416397 11.684203
-18.580893 12.326553
-18.657377 12.790092
-18.526054 13.069986
-18.714336 13.437644
-18.803544 14.108349
-18.761915 14.290968
-19.090971 14.469772
-19.588273 14.466441
-19.863022 14.476204
-20.327509 14.504351
-20.650784 14.593041
-20.994858 14.777134
-21.517415 14.782675
-21.877870 14.930980
-22.098072 15.035126
-22.126805 15.454586
-22.076651 15.466434
-21.939478 15.286754
-22.803817 17.674049
-22.751601 20.326847
-22.649466 22.800670
-22.342021 25.313236
-22.410314 27.874551
-23.386666 25.398189
-22.609543 22.825484
-22.087747 19.993048
-22.648991 19.924877
-21.994276 20.127651
-22.855556 19.444265
-22.921640 18.809536
-22.597513 18.960127
-22.533270 18.943529
-22.229877 19.881606
-22.064099 20.048398
-22.596276 20.733149
-22.947859 21.161460
-22.685859 21.693157
-23.230628 21.681782
-23.494204 21.621885
-23.942833 21.902922
-24.163752 21.922335
-24.438115 21.857898
-24.544912 21.753565
-24.548609 21.691307
-24.693995 21.558521
-24.744573 21.300460
-24.600325 21.267628
-24.616990 21.239803
-24.755514 21.290753
-24.873386 21.385948
-24.618380 21.173461
-24.477236 20.918194
-24.500429 20.844019
-24.242238 21.077650
-24.344717 21.288438
-24.166609 21.273993
-23.784943 21.066445
-24.662722 22.293195
-25.689105 22.406146
-26.133013 23.504682
-26.049827 24.671273
-26.305534 25.852888
-32.210980 26.070795
-37.826531 24.137031
-35.734608 22.940662
-37.348782 21.869526
-36.902088 21.970756
-39.362674 22.051508
-38.176970 20.601751
-38.040745 19.395144
-37.304850 19.016883
-37.708722 19.530123
-37.499883 20.591355
-37.353829 20.694656
-37.430707 20.931788
-37.072565 21.102342
-37.238403 21.478381
-36.912171 21.713710
-36.481011 22.295961
-35.990428 22.706331
-36.220586 23.662397
-36.152676 24.317354
-37.961613 24.460724
-39.413315 24.153208
-40.921379 23.990053
-42.847426 23.633657
-44.836513 23.260530
-44.568287 23.005277
-44.436876 22.817608
-44.010963 22.639877
-42.875612 21.667510
-41.178628 20.385074
-40.744591 20.559585
-40.668152 20.278725
-40.417046 20.376160
-40.325328 20.205456
-40.486391 20.340891
-40.338035 20.714570
-39.942906 20.814743
-39.808021 20.752391
-39.583372 20.891994
-39.452193 20.784797
-39.404283 20.642581
-39.944430 20.794839
-39.971632 20.717604
-40.018085 20.655196
-40.042354 20.578765
-40.137079 20.664654
-40.204596 20.657544
-40.194434 20.643202
-40.224738 20.661362
-40.220584 20.645350
-40.312045 20.882897
-40.417605 21.077853
-40.497349 21.305891
-40.500809 21.448144
-40.495140 21.598310
-40.383977 21.649470
-37.548416 18.067439
-33.139131 13.353015
-32.803649 11.928870
-32.838840 12.448073
-33.205991 13.259100
-33.150401 14.155319
-33.208778 15.188443
-33.040830 16.011413
-32.946927 17.024373
-32.735186 16.644946
-32.377434 16.248428
-32.036514 15.436373
-31.796009 15.038214
-31.452913 14.580083
-31.186071 13.855582
-31.158983 13.553214
-31.143826 13.927836
-31.136753 13.930326
-31.116206 14.011714
-31.069193 14.095924
-31.048584 14.176019
-31.017302 14.248024
-30.994770 14.191822
-30.962358 14.154148
-30.929847 14.133958
-30.851226 14.140093
-30.806056 14.174853
-30.720805 14.133890
-30.706656 14.132126
-30.702041 14.195845
-30.726928 14.209855
-30.738785 14.202942
-30.716993 14.244583
-30.719801 14.250052
-30.711081 14.194388
-30.704825 14.144270
-30.745480 14.205334
-30.555826 14.014529
-30.474833 13.892225
-30.364054 14.001502
-30.351721 14.513430
-30.238830 15.039038
-30.167261 15.121651
-30.441243 15.474954
-30.304956 15.718783
-30.712034 15.847134
-30.776195 15.926394
-30.963766 16.039125
-31.057152 16.107440
-31.092879 16.243376
-31.103264 16.313868
-31.124166 16.385242
-31.162555 16.394118
-31.148305 16.354643
-31.108440 16.301071
-31.084305 16.166062
-31.052287 16.046593
-31.046412 16.022938
-31.076203 15.962627
-31.072829 15.875967
-31.069882 15.813681
-31.045345 15.767793
-31.034076 15.735571
-31.035788 15.721665
-31.040172 15.674866
-31.039903 15.621811
-31.016351 15.606985
-31.022933 15.562769
-31.031609 15.587126
-31.049850 15.583887
-31.076722 15.585718
-31.081913 15.555191
-31.076587 15.561234
-31.032998 15.340863
-30.982298 15.148075
-30.942624 14.977312
-30.866699 14.901322
-30.793126 14.923996
-30.853676 14.917337
-30.866344 14.942142
-30.874500 14.960567
-30.882784 15.009862
-30.829009 14.764820
-30.767664 14.512556
-30.681167 14.327588
-30.591415 14.150338
-30.482852 14.161694
-30.008658 13.535050
-29.684465 12.997539
-29.671502 13.011911
-29.179114 13.297035
-26.588822 10.851855
-26.579087 10.855772
-26.553493 10.823503
-26.516280 10.758524
-26.487088 10.771174
-26.470446 10.758715
-26.403689 10.598566
-26.354516 10.514639
-26.288253 10.395932
-26.225706 10.269750
-26.275503 10.360045
-26.355270 10.445135
-26.433531 10.559512
-26.481630 10.679844
-26.541236 10.791099
-26.501683 10.716813
-26.466750 10.612963
-26.424382 10.551585
-26.379683 10.484518
-26.406277 10.529121
-26.431170 10.609136
-26.452427 10.668541
-26.472865 10.717554
-26.498161 10.781583
-26.492061 10.764046
-26.492712 10.771842
-26.486348 10.759753
-26.479242 10.772532
-26.473578 10.767222
-26.512203 10.809251
-26.551001 10.845940
-26.590708 10.880201
-26.620853 10.925110
-26.649312 10.990485
-26.680626 10.983301
-26.708490 10.983163
-26.734394 10.998990
-26.768264 10.998900
-26.797049 11.006815
-26.846563 11.037195
-26.904616 11.075711
-26.960979 11.115585
-27.019481 11.155431
-27.069339 11.172324
-27.127583 11.183649
-27.123413 11.150341
-27.102459 11.136944
-27.085578 11.130352
-27.062052 11.111107
-27.051115 11.097591
-27.064805 11.128802
-27.072594 11.172293
-27.088775 11.201918
-27.098691 11.245364
-27.115481 11.257464
-27.113787 11.238729
-27.114065 11.234894
-27.123359 11.219846
-27.126746 11.211542
-27.132512 11.203491
-27.141066 11.182530
-27.147542 11.167257
-27.159313 11.157697
-27.176715 11.135673
-27.194593 11.122736
-27.177460 11.064136
-27.158239 11.007774
-27.143181 10.965020
-27.125609 10.915620
-27.108498 10.878258
-27.125245 10.885511
-27.144350 10.874998
-27.167803 10.867354
-27.194219 10.871012
-27.205964 10.883597
-27.209718 10.906637
-27.221374 10.930132
-27.230188 10.945941
-27.238698 10.961225
-27.244916 10.966509
-27.243951 10.980321
-27.252707 10.986966
-27.258690 10.999673
-27.256702 11.014390
-27.334138 11.134992
-27.417942 11.206771
-27.503265 11.282843
-27.584258 11.378577
-27.656427 11.483234
-27.626041 12.084564
-27.209858 12.658587
-27.042688 13.336699
-26.914301 14.047987
-26.731519 14.750850
-26.841949 14.442607
-26.828123 14.321947
-26.406478 13.590318
-26.320984 13.335510
-26.431794 13.167835
-26.556007 13.140554
-26.632492 13.056412
-26.717391 13.033903
-26.775663 13.154632
-27.018799 13.561528
-27.057935 13.745257
-27.030713 13.766936
-27.069705 13.793923
-27.073164 13.771446
-27.068351 13.798186
-27.085799 13.795116
-27.098252 13.846942
-27.080684 13.774849
-27.069724 13.746377
-27.062569 13.779861
-27.109169 13.652349
-27.124246 13.634044
-27.164664 13.519703
-27.251550 13.510015
-27.383086 13.508756
-27.595209 13.786685
-27.099299 13.554480
-27.914819 16.831128
-28.080611 18.811639
-28.035286 18.334843
-28.052374 17.521280
-28.035972 17.430215
-28.038327 17.450167
-28.045596 17.472920
-28.052041 17.501794
-28.044696 17.512885
-28.068284 17.607181
-28.097412 17.682435
-28.073390 17.774358
-28.094783 17.871252
-28.091074 17.952167
-28.109034 17.988336
-28.127758 18.047135
-28.145507 18.071506
-28.160743 18.124222
-28.185697 18.152128
-28.221564 18.217471
-28.271603 18.257373
-28.306871 18.316766
-28.388293 18.392836
-28.422622 18.478854
-28.413971 18.452569
-28.409121 18.428230
-28.393826 18.406895
-28.388010 18.371105
-28.382154 18.346705
-28.341381 18.303043
-28.315821 18.257189
-28.276934 18.193822
-28.238836 18.157674
-28.239053 18.135221
-28.249106 18.105371
-28.249197 18.121743
-28.252303 18.107962
-28.254497 18.137623
-28.278405 18.140400
-28.283363 18.145850
-28.286749 18.136854
-28.290493 18.131401
-28.301881 18.108234
-28.298816 18.121692
-28.340736 18.191767
-28.392503 18.269384
-28.423423 18.392066
-28.458003 18.485620
-28.421072 18.283299
-28.372336 18.097998
-28.314511 17.920274
-28.278253 17.729832
-28.281453 17.658233
-28.261092 17.582140
-28.256810 17.484795
-28.253248 17.365306
-28.254761 17.247074
-28.309566 17.142584
-28.357425 17.098223
-28.403165 17.053909
-28.296999 16.651167
-28.194902 16.352397
-28.153343 16.057030
-28.134001 15.775623
-28.110148 15.469973
-28.183006 15.440515
-28.264900 15.444187
-28.293650 15.446229
-28.294570 15.458876
-28.291696 15.437660
-28.320154 15.490063
-28.285042 15.483025
-28.264689 15.469217
-28.236174 15.452908
-28.124132 15.311699
-28.041222 15.198810
-27.914308 14.970477
-27.818587 14.856105
-27.694909 14.687390
-27.594090 14.528607
-27.559973 14.454470
-27.491917 14.326928
-27.467815 14.312862
-27.407065 14.209996
-27.377194 14.167406
-27.481641 16.164937
-27.553222 18.196079
-27.555675 20.094742
-4.043925 21.695181
-4.032953 23.562740
-4.150771 23.707704
-4.250407 22.787742
-4.316241 22.223646
-4.415903 22.698834
-4.645574 22.673744
-4.689082 22.629186
-4.638589 22.677241
-4.662649 22.790164
-4.810881 22.899385
-4.932697 23.156522
-4.937942 23.263639
-5.042193 23.341850
-5.145217 23.408183
-5.197889 23.558507
-5.255522 23.590652
-5.303722 23.665253
-5.331749 23.763056
-5.352250 23.798648
-5.362765 23.838971
-5.375541 23.835542
-5.392839 23.891693
-5.426214 24.001052
-5.446477 24.145685
-5.454367 24.147722
-5.461730 24.121104
-5.459455 24.144174
-5.426680 24.155277
-5.393162 24.190893
-5.396904 24.239899
-5.390103 24.365800
-5.406190 24.327630
-5.400948 24.328844
-5.381579 24.369520
-5.374833 24.398066
-5.389352 24.397014
-5.422760 24.412676
-5.426841 24.394232
-5.437921 24.371320
-5.432942 24.443554
-5.468133 24.486785
-5.495362 24.534466
-5.502711 24.584569
-5.523886 24.689649
-5.559234 24.701831
-3.718828 21.514171
-2.276018 19.035168
-0.473650 15.786144
1.396978 12.707344
1.910448 14.847189
1.794022 14.965609
1.515107 15.036133
1.777414 14.871976
1.804142 14.829413
1.882750 14.739179
1.890058 14.724111
1.846871 14.700235
1.851964 14.690003
1.855608 14.689263
1.855513 14.675550
1.861644 14.698294
1.833087 14.693879
1.825986 14.702747
1.824602 14.715674
1.820108 14.731757
1.799615 14.748672
1.759223 14.766961
1.745897 14.795208
1.724657 14.812615
1.706859 14.838275
1.694080 14.861525
1.661377 14.888699
1.634570 14.911402
1.612479 14.936520
1.582898 14.965437
1.559462 14.994940
1.520365 15.035330
1.472083 15.081641
1.423468 15.133309
1.397629 15.171519
1.375101 15.196604
1.374044 15.188201
1.372543 15.193251
1.382168 15.175571
1.373745 15.171770
1.375136 15.180826
1.351349 15.216235
1.342390 15.245119
1.344698 15.258673
1.350986 15.283811
1.349622 15.313013
1.357221 15.319828
1.338339 15.332501
1.324445 15.353832
1.326166 15.356359
1.344164 15.347774
1.348813 15.343562
1.315921 15.350786
1.295803 15.363986
1.265319 15.382625
1.237170 15.409118
0.776624 16.498577
0.293902 17.586999
-0.162999 18.662803
-0.598204 19.734104
-0.821969 20.648056
13.118826 21.352294
11.113206 26.330349
10.835354 26.479720
10.433996 26.416244
10.784513 25.868093
11.295318 25.029728
11.135350 25.192544
10.831649 25.728395
10.717577 25.820517
10.633156 26.065320
10.528310 26.157098
10.492940 26.192156
10.456753 26.152616
10.528018 26.187752
10.562722 26.159340
10.509570 26.389318
10.430654 26.159214
10.265651 26.198725
10.198064 26.044115
9.988054 26.442503
9.810788 26.738818
10.017602 25.692720
12.207885 24.299067
12.654246 22.543225
13.032299 20.726253
13.668492 19.179931
11.999923 22.295057
11.922629 22.614619
11.971148 22.530052
11.952175 22.581915
12.036658 22.554366
12.004712 22.584107
11.937025 22.635932
11.906038 22.673337
11.842348 22.765448
11.774894 22.838095
11.723507 22.913194
11.683467 22.910924
11.604639 22.950906
11.550433 22.987533
11.514382 22.985070
11.468402 22.994389
11.102230 23.971685
10.758076 24.910374
10.438609 25.786047
10.311344 26.478964
10.268012 27.164138
12.201441 25.819871
12.062854 25.522716
10.165578 30.820491
9.293098 31.282491
8.145060 32.171452
6.431365 32.774693
5.275317 34.026721
4.169599 35.274397
3.076179 36.465389
1.982959 37.656056
0.886984 38.860285
0.898336 38.868778
0.903927 38.876364
0.912011 38.884208
0.919934 38.892041
0.928354 38.899894
0.950350 38.935285
0.972280 38.970594
0.994242 39.006004
1.015953 39.041410
1.025747 39.050070
1.035760 39.058720
1.045582 39.067391
1.055405 39.076055
1.065224 39.084714
1.066402 39.085032
1.067556 39.085244
1.068710 39.085548
1.069995 39.085864
1.071095 39.086173
1.071341 39.087274
1.071758 39.088421
1.072207 39.089566
1.072566 39.090710
1.074725 39.091861
1.076562 39.093076
1.078642 39.094219
1.080817 39.095366
1.082915 39.096510
1.084238 39.096821
1.085302 39.097129
1.086490 39.097436
1.087584 39.097742
1.088935 39.098053
1.090364 39.097531
1.091636 39.097004
1.092817 39.096476
1.094044 39.095950
1.094548 39.095423
1.094578 39.094951
1.095064 39.094424
1.095502 39.093895
1.095961 39.093348
1.095514 39.093681
1.094843 39.094026
1.094403 39.094336
1.094008 39.094646
1.094390 39.097463
1.094585 39.100385
1.095005 39.103208
1.095351 39.106021
1.095778 39.108835
1.097025 39.110817
1.098194 39.112806
1.099478 39.114788
1.100762 39.116770
1.102007 39.118751
1.103316 39.119894
1.104388 39.121082
1.105688 39.122228
1.106984 39.123357
1.108203 39.124517
1.107755 39.124821
1.107314 39.125179
1.106886 39.125488
1.106424 39.125799
1.105993 39.126107
1.104622 39.128920
1.103356 39.131732
1.102021 39.134551
1.100739 39.137370
1.099486 39.140188
1.099863 39.141331
1.100240 39.142474
1.100664 39.143618
1.101010 39.144763
1.101471 39.144239
1.101829 39.143785
1.102232 39.143260
1.102654 39.142733
1.103918 39.143860
1.105190 39.145056
1.106446 39.146202
1.107680 39.147345
1.108843 39.148486
1.109549 39.148729
1.109893 39.149036
1.110334 39.149345
1.110757 39.149656
1.110302 39.151636
1.109959 39.153489
1.109529 39.155471
1.109069 39.157451
1.108606 39.159431
1.091849 39.138850
1.075102 39.118272
1.058298 39.097694
1.041542 39.077112
1.024831 39.056531
1.026090 39.056841
1.027127 39.057230
1.028382 39.057538
1.029674 39.057848
1.030904 39.058156
1.033884 39.058465
1.036701 39.058859
1.039692 39.059168
1.042670 39.059477
1.043072 39.058950
1.043317 39.058484
1.043712 39.057958
1.044116 39.057432
1.044445 39.056904
1.044858 39.056373
1.043550 39.056686
1.042152 39.056983
1.040845 39.057292
1.039526 39.057602
1.038219 39.057910
1.039470 39.059053
1.040570 39.060230
1.041834 39.061375
1.043085 39.062519
1.044338 39.063663
1.041306 39.062301
1.038098 39.061037
1.035069 39.059675
1.032039 39.058313
1.029009 39.056951
1.025975 39.055589
1.026375 39.057569
1.026494 39.059603
