0.000432 -0.000660
0.000899 -0.000825
0.003067 -0.002802
0.003006 -0.002395
0.001679 -0.002525
0.000331 -0.002696
0.000248 -0.002535
-0.000441 -0.002082
0.000435 -0.002667
0.000294 -0.002277
0.000471 -0.002988
0.000897 -0.003340
0.000949 -0.002494
0.000622 -0.002434
0.001665 -0.003572
0.002003 -0.003471
0.001736 -0.003308
0.001426 -0.003287
0.002271 -0.003051
0.003577 -0.002586
0.004624 -0.003336
0.004858 -0.003020
0.005018 -0.003093
0.005299 -0.002999
0.004926 -0.002881
0.005319 -0.003640
0.005415 -0.003228
0.005176 -0.003153
0.006585 -0.003545
0.008119 -0.004069
0.008462 -0.004282
0.009450 -0.004805
0.009195 -0.004830
0.009279 -0.005014
0.010150 -0.005540
0.011248 -0.005938
0.011904 -0.005903
0.012902 -0.006694
0.012837 -0.006449
0.012280 -0.006404
0.011960 -0.006499
0.012769 -0.006896
