1.764557 -11.159374 -175.728296
1.764557 -11.159374 -175.728296
1.764557 -11.159374 -175.728296
1.764557 -11.159374 -175.728296
1.764557 -11.159374 -175.728296
1.756900 -11.329376 -175.119302
1.756900 -11.329376 -175.119302
1.756900 -11.329376 -175.119302
1.756900 -11.329376 -175.119302
1.756900 -11.329376 -175.119302
1.725271 -11.429336 -174.627556
1.725271 -11.429336 -174.627556
1.725271 -11.429336 -174.627556
1.725271 -11.429336 -174.627556
1.684457 -11.504749 -174.253740
1.684457 -11.504749 -174.253740
1.684457 -11.504749 -174.253740
1.684457 -11.504749 -174.253740
1.684457 -11.504749 -174.253740
1.646744 -11.564689 -173.969303
1.646744 -11.564689 -173.969303
1.646744 -11.564689 -173.969303
1.646744 -11.564689 -173.969303
1.646744 -11.564689 -173.969303
1.616924 -11.608873 -173.739426
1.616924 -11.608873 -173.739426
1.616924 -11.608873 -173.739426
1.616924 -11.608873 -173.739426
1.616924 -11.608873 -173.739426
1.586210 -11.631220 -173.579013
1.586210 -11.631220 -173.579013
1.586210 -11.631220 -173.579013
1.586210 -11.631220 -173.579013
1.551668 -11.650306 -173.447996
1.551668 -11.650306 -173.447996
1.551668 -11.650306 -173.447996
1.551668 -11.650306 -173.447996
1.551668 -11.650306 -173.447996
1.467453 -11.716898 -173.804054
1.467453 -11.716898 -173.804054
1.467453 -11.716898 -173.804054
1.467453 -11.716898 -173.804054
1.467453 -11.716898 -173.804054
1.467453 -11.716898 -173.804054
-4.216244 -14.090638 -171.488319
-4.216244 -14.090638 -171.488319
-4.216244 -14.090638 -171.488319
-4.216244 -14.090638 -171.488319
-3.438176 -41.670093 -163.807375
-3.438176 -41.670093 -163.807375
-3.438176 -41.670093 -163.807375
-3.438176 -41.670093 -163.807375
-3.438176 -41.670093 -163.807375
6.665702 -55.612770 -163.192508
6.665702 -55.612770 -163.192508
6.665702 -55.612770 -163.192508
6.665702 -55.612770 -163.192508
6.665702 -55.612770 -163.192508
7.535577 -57.277553 -163.266452
7.535577 -57.277553 -163.266452
7.535577 -57.277553 -163.266452
7.535577 -57.277553 -163.266452
7.535577 -57.277553 -163.266452
9.969224 -50.410577 -164.658130
9.969224 -50.410577 -164.658130
9.969224 -50.410577 -164.658130
9.969224 -50.410577 -164.658130
9.969224 -50.410577 -164.658130
8.810139 -35.968002 -167.601791
8.810139 -35.968002 -167.601791
8.810139 -35.968002 -167.601791
8.810139 -35.968002 -167.601791
8.810139 -35.968002 -167.601791
6.658579 -27.580456 -169.771934
6.658579 -27.580456 -169.771934
6.658579 -27.580456 -169.771934
6.658579 -27.580456 -169.771934
6.658579 -27.580456 -169.771934
6.186577 -25.957197 -171.052758
6.186577 -25.957197 -171.052758
6.186577 -25.957197 -171.052758
6.186577 -25.957197 -171.052758
6.186577 -25.957197 -171.052758
6.460801 -19.529770 -173.284686
6.460801 -19.529770 -173.284686
6.460801 -19.529770 -173.284686
6.460801 -19.529770 -173.284686
6.460801 -19.529770 -173.284686
5.993775 -15.796727 -174.772178
5.993775 -15.796727 -174.772178
5.993775 -15.796727 -174.772178
5.993775 -15.796727 -174.772178
5.565535 -12.360832 -176.363490
5.565535 -12.360832 -176.363490
5.565535 -12.360832 -176.363490
5.565535 -12.360832 -176.363490
5.565535 -12.360832 -176.363490
5.178599 -9.726368 -177.648480
5.178599 -9.726368 -177.648480
5.178599 -9.726368 -177.648480
5.178599 -9.726368 -177.648480
5.178599 -9.726368 -177.648480
4.651177 -7.250908 -177.953831
4.651177 -7.250908 -177.953831
4.651177 -7.250908 -177.953831
4.651177 -7.250908 -177.953831
4.651177 -7.250908 -177.953831
3.595990 -4.886406 -177.967532
3.595990 -4.886406 -177.967532
3.595990 -4.886406 -177.967532
3.595990 -4.886406 -177.967532
1.886311 -1.064546 -178.319041
1.886311 -1.064546 -178.319041
1.886311 -1.064546 -178.319041
1.886311 -1.064546 -178.319041
1.886311 -1.064546 -178.319041
1.630620 -0.919592 -178.259277
1.630620 -0.919592 -178.259277
1.630620 -0.919592 -178.259277
1.630620 -0.919592 -178.259277
1.630620 -0.919592 -178.259277
3.911196 -6.762891 -178.726175
3.911196 -6.762891 -178.726175
3.911196 -6.762891 -178.726175
3.911196 -6.762891 -178.726175
3.911196 -6.762891 -178.726175
3.902556 -13.736252 -179.397979
3.902556 -13.736252 -179.397979
3.902556 -13.736252 -179.397979
3.902556 -13.736252 -179.397979
3.902556 -13.736252 -179.397979
4.046085 -19.443124 179.498943
4.046085 -19.443124 179.498943
4.046085 -19.443124 179.498943
4.046085 -19.443124 179.498943
4.046085 -19.443124 179.498943
3.991871 -24.071644 178.730341
3.991871 -24.071644 178.730341
3.991871 -24.071644 178.730341
3.991871 -24.071644 178.730341
4.354326 -28.180136 177.777270
4.354326 -28.180136 177.777270
4.354326 -28.180136 177.777270
4.354326 -28.180136 177.777270
4.354326 -28.180136 177.777270
4.037175 -31.691087 177.564824
4.037175 -31.691087 177.564824
4.037175 -31.691087 177.564824
4.037175 -31.691087 177.564824
4.037175 -31.691087 177.564824
3.330387 -34.357149 177.715444
3.330387 -34.357149 177.715444
3.330387 -34.357149 177.715444
3.330387 -34.357149 177.715444
3.330387 -34.357149 177.715444
2.257862 -38.907537 178.827439
2.257862 -38.907537 178.827439
2.257862 -38.907537 178.827439
2.257862 -38.907537 178.827439
0.297837 -59.796339 -176.066417
0.297837 -59.796339 -176.066417
0.297837 -59.796339 -176.066417
0.297837 -59.796339 -176.066417
0.297837 -59.796339 -176.066417
0.297837 -59.796339 -176.066417
-5.663901 -35.760074 -178.818123
-5.663901 -35.760074 -178.818123
-5.663901 -35.760074 -178.818123
-5.663901 -35.760074 -178.818123
-5.663901 -35.760074 -178.818123
-5.749025 -19.386345 178.453200
-5.749025 -19.386345 178.453200
-5.749025 -19.386345 178.453200
-5.749025 -19.386345 178.453200
-5.749025 -19.386345 178.453200
-5.924853 -18.321726 178.811894
-5.924853 -18.321726 178.811894
-5.924853 -18.321726 178.811894
-5.924853 -18.321726 178.811894
-5.924853 -18.321726 178.811894
-5.786613 -18.796737 178.711818
-5.786613 -18.796737 178.711818
-5.786613 -18.796737 178.711818
-5.786613 -18.796737 178.711818
-5.786613 -18.796737 178.711818
-5.292785 -22.255903 178.877764
-5.292785 -22.255903 178.877764
-5.292785 -22.255903 178.877764
-5.292785 -22.255903 178.877764
-5.292785 -22.255903 178.877764
-0.664928 -51.514892 179.524870
-0.664928 -51.514892 179.524870
-0.664928 -51.514892 179.524870
-0.664928 -51.514892 179.524870
-0.664928 -51.514892 179.524870
0.900062 -61.358164 177.376051
0.900062 -61.358164 177.376051
0.900062 -61.358164 177.376051
0.900062 -61.358164 177.376051
0.900062 -61.358164 177.376051
-5.278590 -31.708842 177.044897
-5.278590 -31.708842 177.044897
-5.278590 -31.708842 177.044897
-5.278590 -31.708842 177.044897
-5.278590 -31.708842 177.044897
-6.394202 -28.945662 176.685069
-6.394202 -28.945662 176.685069
-6.394202 -28.945662 176.685069
-6.394202 -28.945662 176.685069
-6.321647 -28.908530 176.122357
-6.321647 -28.908530 176.122357
-6.321647 -28.908530 176.122357
-6.321647 -28.908530 176.122357
-6.321647 -28.908530 176.122357
-6.454641 -29.639346 175.675416
-6.454641 -29.639346 175.675416
-6.454641 -29.639346 175.675416
-6.454641 -29.639346 175.675416
-6.454641 -29.639346 175.675416
-6.468578 -30.233686 175.632946
-6.468578 -30.233686 175.632946
-6.468578 -30.233686 175.632946
-6.468578 -30.233686 175.632946
-6.468578 -30.233686 175.632946
-6.643255 -30.425498 175.754728
-6.643255 -30.425498 175.754728
-6.643255 -30.425498 175.754728
-6.643255 -30.425498 175.754728
-6.643255 -30.425498 175.754728
-1.783317 -51.286644 175.707873
-1.783317 -51.286644 175.707873
-1.783317 -51.286644 175.707873
-1.783317 -51.286644 175.707873
-1.783317 -51.286644 175.707873
-1.089616 -71.443560 170.920457
-1.089616 -71.443560 170.920457
-1.089616 -71.443560 170.920457
-1.089616 -71.443560 170.920457
-5.548273 -38.153970 174.998941
-5.548273 -38.153970 174.998941
-5.548273 -38.153970 174.998941
-5.548273 -38.153970 174.998941
-5.548273 -38.153970 174.998941
-6.772376 -34.216540 174.866763
-6.772376 -34.216540 174.866763
-6.772376 -34.216540 174.866763
-6.772376 -34.216540 174.866763
-6.772376 -34.216540 174.866763
-7.886884 -32.470805 174.565975
-7.886884 -32.470805 174.565975
-7.886884 -32.470805 174.565975
-7.886884 -32.470805 174.565975
-7.886884 -32.470805 174.565975
-7.886884 -32.470805 174.565975
0.862298 -27.353653 170.524825
0.862298 -27.353653 170.524825
0.862298 -27.353653 170.524825
0.862298 -27.353653 170.524825
0.862298 -27.353653 170.524825
2.793117 -26.347409 172.776520
2.793117 -26.347409 172.776520
2.793117 -26.347409 172.776520
2.793117 -26.347409 172.776520
2.793117 -26.347409 172.776520
-1.897685 -18.283972 177.927070
-1.897685 -18.283972 177.927070
-1.897685 -18.283972 177.927070
-1.897685 -18.283972 177.927070
-1.897685 -18.283972 177.927070
-5.329594 -9.946623 -178.372453
-5.329594 -9.946623 -178.372453
-5.329594 -9.946623 -178.372453
-5.329594 -9.946623 -178.372453
-5.329594 -9.946623 -178.372453
-6.661809 -6.591800 -174.838650
-6.661809 -6.591800 -174.838650
-6.661809 -6.591800 -174.838650
-6.661809 -6.591800 -174.838650
-6.661809 -6.591800 -174.838650
-7.110009 -5.759415 -171.467255
-7.110009 -5.759415 -171.467255
-7.110009 -5.759415 -171.467255
-7.110009 -5.759415 -171.467255
-7.110009 -5.759415 -171.467255
-6.561831 -7.656705 -168.989754
-6.561831 -7.656705 -168.989754
-6.561831 -7.656705 -168.989754
-6.561831 -7.656705 -168.989754
-6.561831 -7.656705 -168.989754
-0.724195 -25.762514 -169.518643
-0.724195 -25.762514 -169.518643
-0.724195 -25.762514 -169.518643
-0.724195 -25.762514 -169.518643
-0.724195 -25.762514 -169.518643
-1.597948 -39.900848 -170.712191
-1.597948 -39.900848 -170.712191
-1.597948 -39.900848 -170.712191
-1.597948 -39.900848 -170.712191
-1.597948 -39.900848 -170.712191
-2.808767 -47.639610 -172.236621
-2.808767 -47.639610 -172.236621
-2.808767 -47.639610 -172.236621
-2.808767 -47.639610 -172.236621
-2.808767 -47.639610 -172.236621
-3.623684 -48.703173 -173.514741
-3.623684 -48.703173 -173.514741
-3.623684 -48.703173 -173.514741
-3.623684 -48.703173 -173.514741
-3.623684 -48.703173 -173.514741
-3.988324 -48.674063 -174.629305
-3.988324 -48.674063 -174.629305
-3.988324 -48.674063 -174.629305
-3.988324 -48.674063 -174.629305
-4.049512 -48.803693 -175.506233
-4.049512 -48.803693 -175.506233
-4.049512 -48.803693 -175.506233
-4.049512 -48.803693 -175.506233
-4.049512 -48.803693 -175.506233
-3.922652 -48.806643 -176.368161
-3.922652 -48.806643 -176.368161
-3.922652 -48.806643 -176.368161
-3.922652 -48.806643 -176.368161
-3.922652 -48.806643 -176.368161
-3.831585 -48.514178 -177.169807
-3.831585 -48.514178 -177.169807
-3.831585 -48.514178 -177.169807
-3.831585 -48.514178 -177.169807
-4.209923 -44.471874 -177.608032
-4.209923 -44.471874 -177.608032
-4.209923 -44.471874 -177.608032
-4.209923 -44.471874 -177.608032
-4.209923 -44.471874 -177.608032
-4.209923 -44.471874 -177.608032
-5.153151 -34.378179 -177.769648
-5.153151 -34.378179 -177.769648
-5.153151 -34.378179 -177.769648
-5.153151 -34.378179 -177.769648
-5.153151 -34.378179 -177.769648
-4.599069 -33.573781 -177.582323
-4.599069 -33.573781 -177.582323
-4.599069 -33.573781 -177.582323
-4.599069 -33.573781 -177.582323
-4.599069 -33.573781 -177.582323
-4.071422 -33.883073 -177.513816
-4.071422 -33.883073 -177.513816
-4.071422 -33.883073 -177.513816
-4.071422 -33.883073 -177.513816
-3.760783 -34.156820 -177.472029
-3.760783 -34.156820 -177.472029
-3.760783 -34.156820 -177.472029
-3.760783 -34.156820 -177.472029
-3.760783 -34.156820 -177.472029
-3.760783 -34.156820 -177.472029
-3.525536 -34.306534 -177.482179
-3.525536 -34.306534 -177.482179
-3.525536 -34.306534 -177.482179
-3.525536 -34.306534 -177.482179
-3.525536 -34.306534 -177.482179
-3.411151 -34.226361 -177.494719
-3.411151 -34.226361 -177.494719
-3.411151 -34.226361 -177.494719
-3.411151 -34.226361 -177.494719
-3.411151 -34.226361 -177.494719
-3.438916 -34.228718 -177.468163
-3.438916 -34.228718 -177.468163
-3.438916 -34.228718 -177.468163
-3.438916 -34.228718 -177.468163
-3.438916 -34.228718 -177.468163
-3.414019 -34.181856 -177.413495
-3.414019 -34.181856 -177.413495
-3.414019 -34.181856 -177.413495
-3.414019 -34.181856 -177.413495
-3.499504 -34.008072 -177.308282
-3.499504 -34.008072 -177.308282
-3.499504 -34.008072 -177.308282
-3.499504 -34.008072 -177.308282
-3.499504 -34.008072 -177.308282
-6.023376 -18.902998 -175.827811
-6.023376 -18.902998 -175.827811
-6.023376 -18.902998 -175.827811
-6.023376 -18.902998 -175.827811
-6.023376 -18.902998 -175.827811
-5.863905 -18.720577 -173.342333
-5.863905 -18.720577 -173.342333
-5.863905 -18.720577 -173.342333
-5.863905 -18.720577 -173.342333
-5.863905 -18.720577 -173.342333
-5.308283 -19.582374 -171.875809
-5.308283 -19.582374 -171.875809
-5.308283 -19.582374 -171.875809
-5.308283 -19.582374 -171.875809
-5.232213 -19.787056 -170.833372
-5.232213 -19.787056 -170.833372
-5.232213 -19.787056 -170.833372
-5.232213 -19.787056 -170.833372
-5.232213 -19.787056 -170.833372
-5.195165 -20.162384 -170.109946
-5.195165 -20.162384 -170.109946
-5.195165 -20.162384 -170.109946
-5.195165 -20.162384 -170.109946
-5.353499 -20.278207 -169.568776
-5.353499 -20.278207 -169.568776
-5.353499 -20.278207 -169.568776
-5.353499 -20.278207 -169.568776
-5.353499 -20.278207 -169.568776
-5.610176 -20.222541 -169.131972
-5.610176 -20.222541 -169.131972
-5.610176 -20.222541 -169.131972
-5.610176 -20.222541 -169.131972
-5.610176 -20.222541 -169.131972
-5.710057 -20.438574 -168.883613
-5.710057 -20.438574 -168.883613
-5.710057 -20.438574 -168.883613
-5.710057 -20.438574 -168.883613
-5.710057 -20.438574 -168.883613
-5.423796 -21.220769 -168.901685
-5.423796 -21.220769 -168.901685
-5.423796 -21.220769 -168.901685
-5.423796 -21.220769 -168.901685
-5.423796 -21.220769 -168.901685
-5.399360 -21.338860 -168.936055
-5.399360 -21.338860 -168.936055
-5.399360 -21.338860 -168.936055
-5.399360 -21.338860 -168.936055
-5.399360 -21.338860 -168.936055
-5.399360 -21.338860 -168.936055
-5.419839 -21.478674 -169.015394
-5.419839 -21.478674 -169.015394
-5.419839 -21.478674 -169.015394
-5.419839 -21.478674 -169.015394
-5.419839 -21.478674 -169.015394
-5.430380 -21.720034 -169.102452
-5.430380 -21.720034 -169.102452
-5.430380 -21.720034 -169.102452
-5.430380 -21.720034 -169.102452
-5.430380 -21.720034 -169.102452
-5.372687 -22.033403 -169.173472
-5.372687 -22.033403 -169.173472
-5.372687 -22.033403 -169.173472
-5.372687 -22.033403 -169.173472
-5.372687 -22.033403 -169.173472
-5.444195 -22.045429 -169.259806
-5.444195 -22.045429 -169.259806
-5.444195 -22.045429 -169.259806
-5.444195 -22.045429 -169.259806
-5.444195 -22.045429 -169.259806
-5.373568 -22.272173 -169.345579
-5.373568 -22.272173 -169.345579
-5.373568 -22.272173 -169.345579
-5.373568 -22.272173 -169.345579
-5.373568 -22.272173 -169.345579
-5.273731 -22.356469 -169.462307
-5.273731 -22.356469 -169.462307
-5.273731 -22.356469 -169.462307
-5.273731 -22.356469 -169.462307
-5.301767 -22.327168 -169.527112
-5.301767 -22.327168 -169.527112
-5.301767 -22.327168 -169.527112
-5.301767 -22.327168 -169.527112
-5.301767 -22.327168 -169.527112
-5.311060 -22.457129 -169.564651
-5.311060 -22.457129 -169.564651
-5.311060 -22.457129 -169.564651
-5.311060 -22.457129 -169.564651
-5.311060 -22.457129 -169.564651
-4.910911 -23.372361 -169.762890
-4.910911 -23.372361 -169.762890
-4.910911 -23.372361 -169.762890
-4.910911 -23.372361 -169.762890
-4.910911 -23.372361 -169.762890
-2.599085 -31.201940 -171.325392
-2.599085 -31.201940 -171.325392
-2.599085 -31.201940 -171.325392
-2.599085 -31.201940 -171.325392
-2.599085 -31.201940 -171.325392
-3.434131 -47.683412 -172.423905
-3.434131 -47.683412 -172.423905
-3.434131 -47.683412 -172.423905
-3.434131 -47.683412 -172.423905
-3.434131 -47.683412 -172.423905
-4.521031 -47.574327 -174.039040
-4.521031 -47.574327 -174.039040
-4.521031 -47.574327 -174.039040
-4.521031 -47.574327 -174.039040
-4.521031 -47.574327 -174.039040
-4.995820 -46.920592 -175.346297
-4.995820 -46.920592 -175.346297
-4.995820 -46.920592 -175.346297
-4.995820 -46.920592 -175.346297
-4.995820 -46.920592 -175.346297
-5.103088 -46.975866 -176.442447
-5.103088 -46.975866 -176.442447
-5.103088 -46.975866 -176.442447
-5.103088 -46.975866 -176.442447
-5.103088 -46.975866 -176.442447
-4.986654 -46.532733 -177.498954
-4.986654 -46.532733 -177.498954
-4.986654 -46.532733 -177.498954
-4.986654 -46.532733 -177.498954
-4.986654 -46.532733 -177.498954
-4.986654 -46.532733 -177.498954
-9.376067 -16.934160 -175.243680
-9.376067 -16.934160 -175.243680
-9.376067 -16.934160 -175.243680
-9.376067 -16.934160 -175.243680
-9.376067 -16.934160 -175.243680
-8.036453 -16.834502 -172.556001
-8.036453 -16.834502 -172.556001
-8.036453 -16.834502 -172.556001
-8.036453 -16.834502 -172.556001
-8.036453 -16.834502 -172.556001
-7.241704 -17.552000 -170.557556
-7.241704 -17.552000 -170.557556
-7.241704 -17.552000 -170.557556
-7.241704 -17.552000 -170.557556
-7.241704 -17.552000 -170.557556
-6.702211 -18.209107 -169.230873
-6.702211 -18.209107 -169.230873
-6.702211 -18.209107 -169.230873
-6.702211 -18.209107 -169.230873
-6.702211 -18.209107 -169.230873
-6.564240 -18.724725 -168.364273
-6.564240 -18.724725 -168.364273
-6.564240 -18.724725 -168.364273
-6.564240 -18.724725 -168.364273
-6.564240 -18.724725 -168.364273
-6.449706 -19.095839 -167.814333
-6.449706 -19.095839 -167.814333
-6.449706 -19.095839 -167.814333
-6.449706 -19.095839 -167.814333
-6.449706 -19.095839 -167.814333
-6.381325 -19.489479 -167.522083
-6.381325 -19.489479 -167.522083
-6.381325 -19.489479 -167.522083
-6.381325 -19.489479 -167.522083
-6.381325 -19.489479 -167.522083
-6.504752 -19.503914 -167.332736
-6.504752 -19.503914 -167.332736
-6.504752 -19.503914 -167.332736
-6.504752 -19.503914 -167.332736
-6.504752 -19.503914 -167.332736
-6.723890 -19.279899 -167.242714
-6.723890 -19.279899 -167.242714
-6.723890 -19.279899 -167.242714
-6.723890 -19.279899 -167.242714
-6.723890 -19.279899 -167.242714
-6.950380 -18.840747 -166.759998
-6.950380 -18.840747 -166.759998
-6.950380 -18.840747 -166.759998
-6.950380 -18.840747 -166.759998
-6.085969 -19.010616 -166.766814
-6.085969 -19.010616 -166.766814
-6.085969 -19.010616 -166.766814
-6.085969 -19.010616 -166.766814
-6.085969 -19.010616 -166.766814
-6.085969 -19.010616 -166.766814
-5.790289 -19.196508 -167.065239
-5.790289 -19.196508 -167.065239
-5.790289 -19.196508 -167.065239
-5.790289 -19.196508 -167.065239
-5.790289 -19.196508 -167.065239
-5.790289 -19.196508 -167.065239
-5.982450 -17.267048 -167.294938
-5.982450 -17.267048 -167.294938
-5.982450 -17.267048 -167.294938
-5.982450 -17.267048 -167.294938
-5.982450 -17.267048 -167.294938
-5.394653 -17.134660 -167.025214
-5.394653 -17.134660 -167.025214
-5.394653 -17.134660 -167.025214
-5.394653 -17.134660 -167.025214
-5.408007 -16.976271 -166.712145
-5.408007 -16.976271 -166.712145
-5.408007 -16.976271 -166.712145
-5.408007 -16.976271 -166.712145
-5.408007 -16.976271 -166.712145
-5.037933 -17.482270 -166.632820
-5.037933 -17.482270 -166.632820
-5.037933 -17.482270 -166.632820
-5.037933 -17.482270 -166.632820
-5.037933 -17.482270 -166.632820
-5.037933 -17.482270 -166.632820
-4.789989 -17.851697 -166.730710
-4.789989 -17.851697 -166.730710
-4.789989 -17.851697 -166.730710
-4.789989 -17.851697 -166.730710
-4.789989 -17.851697 -166.730710
-2.171953 -33.201089 -167.774404
-2.171953 -33.201089 -167.774404
-2.171953 -33.201089 -167.774404
-2.171953 -33.201089 -167.774404
-2.171953 -33.201089 -167.774404
-3.394531 -46.199024 -170.015963
-3.394531 -46.199024 -170.015963
-3.394531 -46.199024 -170.015963
-3.394531 -46.199024 -170.015963
-3.394531 -46.199024 -170.015963
-4.791119 -45.994405 -171.990898
-4.791119 -45.994405 -171.990898
-4.791119 -45.994405 -171.990898
-4.791119 -45.994405 -171.990898
-5.216272 -45.759443 -173.680646
-5.216272 -45.759443 -173.680646
-5.216272 -45.759443 -173.680646
-5.216272 -45.759443 -173.680646
-5.216272 -45.759443 -173.680646
-5.271862 -45.334397 -175.114630
-5.271862 -45.334397 -175.114630
-5.271862 -45.334397 -175.114630
-5.271862 -45.334397 -175.114630
-5.271862 -45.334397 -175.114630
-5.125707 -45.058792 -176.363285
-5.125707 -45.058792 -176.363285
-5.125707 -45.058792 -176.363285
-5.125707 -45.058792 -176.363285
-5.125707 -45.058792 -176.363285
-4.872502 -45.056808 -177.400654
-4.872502 -45.056808 -177.400654
-4.872502 -45.056808 -177.400654
-4.872502 -45.056808 -177.400654
-4.581724 -45.008563 -178.331076
-4.581724 -45.008563 -178.331076
-4.581724 -45.008563 -178.331076
-4.581724 -45.008563 -178.331076
-4.581724 -45.008563 -178.331076
-4.259437 -44.916956 -179.182336
-4.259437 -44.916956 -179.182336
-4.259437 -44.916956 -179.182336
-4.259437 -44.916956 -179.182336
-4.259437 -44.916956 -179.182336
-4.259437 -44.916956 -179.182336
-3.961185 -44.596733 -179.900380
-3.961185 -44.596733 -179.900380
-3.961185 -44.596733 -179.900380
-3.961185 -44.596733 -179.900380
-3.961185 -44.596733 -179.900380
-9.278836 -21.127522 -177.560972
-9.278836 -21.127522 -177.560972
-9.278836 -21.127522 -177.560972
-9.278836 -21.127522 -177.560972
-9.278836 -21.127522 -177.560972
-7.745476 -15.170487 -175.770192
-7.745476 -15.170487 -175.770192
-7.745476 -15.170487 -175.770192
-7.745476 -15.170487 -175.770192
-7.745476 -15.170487 -175.770192
-6.916455 -15.027536 -172.509706
-6.916455 -15.027536 -172.509706
-6.916455 -15.027536 -172.509706
-6.916455 -15.027536 -172.509706
-6.916455 -15.027536 -172.509706
-6.554058 -15.065215 -170.135668
-6.554058 -15.065215 -170.135668
-6.554058 -15.065215 -170.135668
-6.554058 -15.065215 -170.135668
-6.554058 -15.065215 -170.135668
-6.546445 -14.911131 -168.404543
-6.546445 -14.911131 -168.404543
-6.546445 -14.911131 -168.404543
-6.546445 -14.911131 -168.404543
-6.546445 -14.911131 -168.404543
-6.587366 -14.829457 -167.065348
-6.587366 -14.829457 -167.065348
-6.587366 -14.829457 -167.065348
-6.587366 -14.829457 -167.065348
-6.587366 -14.829457 -167.065348
-6.587366 -14.829457 -167.065348
-6.694589 -14.656623 -166.143614
-6.694589 -14.656623 -166.143614
-6.694589 -14.656623 -166.143614
-6.694589 -14.656623 -166.143614
-6.694589 -14.656623 -166.143614
-6.883509 -14.473268 -165.443479
-6.883509 -14.473268 -165.443479
-6.883509 -14.473268 -165.443479
-6.883509 -14.473268 -165.443479
-6.883509 -14.473268 -165.443479
-7.035970 -14.430554 -164.891818
-7.035970 -14.430554 -164.891818
-7.035970 -14.430554 -164.891818
-7.035970 -14.430554 -164.891818
-7.035970 -14.430554 -164.891818
-7.100904 -14.541172 -164.488086
-7.100904 -14.541172 -164.488086
-7.100904 -14.541172 -164.488086
-7.100904 -14.541172 -164.488086
-7.100904 -14.541172 -164.488086
-7.100904 -14.541172 -164.488086
-6.987544 -14.905129 -164.311402
-6.987544 -14.905129 -164.311402
-6.987544 -14.905129 -164.311402
-6.987544 -14.905129 -164.311402
-6.014989 -18.306099 -164.336237
-6.014989 -18.306099 -164.336237
-6.014989 -18.306099 -164.336237
-6.014989 -18.306099 -164.336237
-6.014989 -18.306099 -164.336237
-2.953892 -50.996716 -167.734666
-2.953892 -50.996716 -167.734666
-2.953892 -50.996716 -167.734666
-2.953892 -50.996716 -167.734666
-2.953892 -50.996716 -167.734666
-5.034167 -51.207182 -169.725174
-5.034167 -51.207182 -169.725174
-5.034167 -51.207182 -169.725174
-5.034167 -51.207182 -169.725174
-5.034167 -51.207182 -169.725174
-5.034167 -51.207182 -169.725174
-5.937516 -50.766464 -171.416848
-5.937516 -50.766464 -171.416848
-5.937516 -50.766464 -171.416848
-5.937516 -50.766464 -171.416848
-5.937516 -50.766464 -171.416848
-6.219064 -48.850415 -172.861734
-6.219064 -48.850415 -172.861734
-6.219064 -48.850415 -172.861734
-6.219064 -48.850415 -172.861734
-6.219064 -48.850415 -172.861734
-8.184737 -25.345101 -173.451602
-8.184737 -25.345101 -173.451602
-8.184737 -25.345101 -173.451602
-8.184737 -25.345101 -173.451602
-8.184737 -25.345101 -173.451602
-8.866521 -16.814109 -171.651178
-8.866521 -16.814109 -171.651178
-8.866521 -16.814109 -171.651178
-8.866521 -16.814109 -171.651178
-8.866521 -16.814109 -171.651178
-7.858670 -16.427199 -169.845071
-7.858670 -16.427199 -169.845071
-7.858670 -16.427199 -169.845071
-7.858670 -16.427199 -169.845071
-7.858670 -16.427199 -169.845071
-7.858670 -16.427199 -169.845071
-7.283371 -15.916033 -168.513526
-7.283371 -15.916033 -168.513526
-7.283371 -15.916033 -168.513526
-7.283371 -15.916033 -168.513526
-7.283371 -15.916033 -168.513526
-7.154300 -18.710566 -170.682179
-7.154300 -18.710566 -170.682179
-7.154300 -18.710566 -170.682179
-7.154300 -18.710566 -170.682179
-7.154300 -18.710566 -170.682179
-7.154300 -18.710566 -170.682179
-8.699369 -3.265635 -169.372326
-8.699369 -3.265635 -169.372326
-8.699369 -3.265635 -169.372326
-8.699369 -3.265635 -169.372326
-8.699369 -3.265635 -169.372326
-5.475699 -7.435701 -177.699543
-5.475699 -7.435701 -177.699543
-5.475699 -7.435701 -177.699543
-5.475699 -7.435701 -177.699543
-5.475699 -7.435701 -177.699543
0.818128 -12.208759 -178.452120
0.818128 -12.208759 -178.452120
0.818128 -12.208759 -178.452120
0.818128 -12.208759 -178.452120
0.818128 -12.208759 -178.452120
0.877987 -12.305000 -178.309219
0.877987 -12.305000 -178.309219
0.877987 -12.305000 -178.309219
0.877987 -12.305000 -178.309219
0.904299 -12.375008 -178.182328
0.904299 -12.375008 -178.182328
0.904299 -12.375008 -178.182328
0.904299 -12.375008 -178.182328
0.904299 -12.375008 -178.182328
0.949975 -12.419045 -178.065354
0.949975 -12.419045 -178.065354
0.949975 -12.419045 -178.065354
0.949975 -12.419045 -178.065354
0.949975 -12.419045 -178.065354
0.967843 -12.435082 -177.979949
0.967843 -12.435082 -177.979949
0.967843 -12.435082 -177.979949
0.967843 -12.435082 -177.979949
0.974913 -12.448150 -177.913779
0.974913 -12.448150 -177.913779
0.974913 -12.448150 -177.913779
0.974913 -12.448150 -177.913779
0.974913 -12.448150 -177.913779
0.974324 -12.459210 -177.860244
0.974324 -12.459210 -177.860244
0.974324 -12.459210 -177.860244
0.974324 -12.459210 -177.860244
0.974324 -12.459210 -177.860244
0.965259 -12.471395 -177.856856
0.965259 -12.471395 -177.856856
0.965259 -12.471395 -177.856856
0.965259 -12.471395 -177.856856
0.961961 -12.476643 -177.839289
0.961961 -12.476643 -177.839289
0.961961 -12.476643 -177.839289
0.961961 -12.476643 -177.839289
0.961961 -12.476643 -177.839289
0.967658 -12.484530 -177.771998
0.967658 -12.484530 -177.771998
0.967658 -12.484530 -177.771998
0.967658 -12.484530 -177.771998
0.968607 -12.484944 -177.735934
0.968607 -12.484944 -177.735934
0.968607 -12.484944 -177.735934
0.968607 -12.484944 -177.735934
0.968607 -12.484944 -177.735934
0.962340 -12.490265 -177.727110
0.962340 -12.490265 -177.727110
0.962340 -12.490265 -177.727110
0.962340 -12.490265 -177.727110
0.962340 -12.490265 -177.727110
0.954370 -12.504774 -177.694407
0.954370 -12.504774 -177.694407
0.954370 -12.504774 -177.694407
0.954370 -12.504774 -177.694407
0.954370 -12.504774 -177.694407
0.940178 -12.507612 -177.688765
0.940178 -12.507612 -177.688765
0.940178 -12.507612 -177.688765
0.940178 -12.507612 -177.688765
0.940178 -12.507612 -177.688765
0.933571 -12.507594 -177.688615
0.933571 -12.507594 -177.688615
0.933571 -12.507594 -177.688615
0.933571 -12.507594 -177.688615
0.933571 -12.507594 -177.688615
0.930195 -12.507776 -177.689147
0.930195 -12.507776 -177.689147
0.930195 -12.507776 -177.689147
0.930195 -12.507776 -177.689147
0.931058 -12.512788 -177.681265
0.931058 -12.512788 -177.681265
0.931058 -12.512788 -177.681265
0.931058 -12.512788 -177.681265
0.929211 -12.510712 -177.676047
0.929211 -12.510712 -177.676047
0.929211 -12.510712 -177.676047
0.929211 -12.510712 -177.676047
0.929211 -12.510712 -177.676047
0.917954 -12.508888 -177.697835
0.917954 -12.508888 -177.697835
0.917954 -12.508888 -177.697835
0.917954 -12.508888 -177.697835
0.922931 -12.510161 -177.719118
0.922931 -12.510161 -177.719118
0.922931 -12.510161 -177.719118
0.922931 -12.510161 -177.719118
0.922931 -12.510161 -177.719118
0.920215 -12.509269 -177.715922
0.920215 -12.509269 -177.715922
0.920215 -12.509269 -177.715922
0.920215 -12.509269 -177.715922
0.920215 -12.509269 -177.715922
0.946733 -12.490046 -177.610914
0.946733 -12.490046 -177.610914
0.946733 -12.490046 -177.610914
0.946733 -12.490046 -177.610914
0.946733 -12.490046 -177.610914
0.987411 -12.472827 -177.463437
0.987411 -12.472827 -177.463437
0.987411 -12.472827 -177.463437
0.987411 -12.472827 -177.463437
0.975842 -12.473387 -177.401610
0.975842 -12.473387 -177.401610
0.975842 -12.473387 -177.401610
0.975842 -12.473387 -177.401610
0.975842 -12.473387 -177.401610
0.975842 -12.473387 -177.401610
0.961092 -12.476411 -177.364508
0.961092 -12.476411 -177.364508
0.961092 -12.476411 -177.364508
0.961092 -12.476411 -177.364508
0.961092 -12.476411 -177.364508
0.956163 -12.479616 -177.321109
0.956163 -12.479616 -177.321109
0.956163 -12.479616 -177.321109
0.956163 -12.479616 -177.321109
0.956163 -12.479616 -177.321109
0.927690 -12.471162 -177.301507
0.927690 -12.471162 -177.301507
0.927690 -12.471162 -177.301507
0.927690 -12.471162 -177.301507
0.927690 -12.471162 -177.301507
0.927690 -12.471162 -177.301507
0.928326 -12.465486 -177.274978
0.928326 -12.465486 -177.274978
