3.806812 -11.818121 70.952593
3.909366 -12.093505 70.352506
3.909366 -12.093505 70.352506
3.909366 -12.093505 70.352506
3.909366 -12.093505 70.352506
3.909366 -12.093505 70.352506
3.909366 -12.093505 70.352506
3.990083 -12.256687 69.870281
3.990083 -12.256687 69.870281
3.990083 -12.256687 69.870281
3.990083 -12.256687 69.870281
3.990083 -12.256687 69.870281
3.990083 -12.256687 69.870281
4.050666 -12.330120 69.475031
4.050666 -12.330120 69.475031
4.050666 -12.330120 69.475031
4.050666 -12.330120 69.475031
4.050666 -12.330120 69.475031
4.050666 -12.330120 69.475031
4.121624 -12.396499 69.165965
4.121624 -12.396499 69.165965
4.121624 -12.396499 69.165965
4.121624 -12.396499 69.165965
4.121624 -12.396499 69.165965
4.180901 -12.446318 68.916370
4.180901 -12.446318 68.916370
4.180901 -12.446318 68.916370
4.180901 -12.446318 68.916370
4.180901 -12.446318 68.916370
4.180901 -12.446318 68.916370
4.232693 -12.471458 68.701717
4.232693 -12.471458 68.701717
4.232693 -12.471458 68.701717
4.232693 -12.471458 68.701717
4.232693 -12.471458 68.701717
4.232693 -12.471458 68.701717
4.282473 -12.481827 68.562081
4.282473 -12.481827 68.562081
4.282473 -12.481827 68.562081
4.282473 -12.481827 68.562081
4.282473 -12.481827 68.562081
4.282473 -12.481827 68.562081
