-0.000047 -0.000017
-0.000058 -0.000017
-0.000858 -0.001756
-0.000862 -0.001772
-0.000893 -0.001763
-0.000875 -0.001704
-0.000817 -0.001782
-0.000629 -0.003524
-0.000697 -0.003529
-0.000714 -0.003534
-0.000687 -0.003567
-0.000666 -0.003527
-0.000753 -0.003562
-0.000090 -0.004363
-0.000015 -0.004325
0.000026 -0.004323
-0.000046 -0.004359
0.000013 -0.004330
0.000560 -0.004800
0.000555 -0.004790
0.000516 -0.004792
0.000537 -0.004781
0.000521 -0.004801
0.000552 -0.004784
0.000466 -0.004729
0.000484 -0.004704
0.000443 -0.004706
0.000414 -0.004698
0.000380 -0.004731
0.000422 -0.004715
0.000290 -0.004741
0.000324 -0.004697
0.000353 -0.004701
0.000321 -0.004706
0.000112 -0.004708
0.000139 -0.004706
0.000050 -0.004730
-0.000014 -0.004775
0.000041 -0.004740
0.000002 -0.004764
0.000016 -0.004982
0.000012 -0.004989
0.000099 -0.004968
0.000047 -0.004962
0.000091 -0.004964
0.000222 -0.005146
0.000342 -0.005132
0.000234 -0.005165
0.000249 -0.005137
0.000175 -0.005182
0.000252 -0.005145
0.000241 -0.005144
0.000242 -0.005148
0.000254 -0.005148
0.000243 -0.005158
0.000268 -0.005346
0.000213 -0.005370
0.000224 -0.005360
0.000197 -0.005373
0.000242 -0.005356
0.000257 -0.005313
0.000201 -0.005329
0.000258 -0.005318
0.000272 -0.005316
0.000214 -0.005336
0.000243 -0.005326
0.000239 -0.005319
0.000283 -0.005337
0.000323 -0.005340
0.000334 -0.005336
0.000293 -0.005312
0.000203 -0.005354
0.000237 -0.005355
0.000204 -0.005355
0.000183 -0.005362
0.000146 -0.005373
0.000104 -0.005381
0.000133 -0.005364
0.000110 -0.005357
0.000095 -0.005384
0.000128 -0.005369
0.000047 -0.005483
-0.000024 -0.005501
0.000022 -0.005493
0.000011 -0.005491
-0.000003 -0.005488
-0.000048 -0.005503
-0.000048 -0.005527
0.000020 -0.005503
0.000040 -0.005501
-0.000002 -0.005518
-0.000052 -0.005510
-0.000027 -0.005508
-0.000006 -0.005477
-0.000040 -0.005479
-0.000067 -0.005490
-0.000084 -0.005493
-0.000077 -0.005523
-0.000103 -0.005535
-0.000106 -0.005532
-0.000045 -0.005509
-0.000061 -0.005539
0.000001 -0.005468
0.000055 -0.005452
0.000116 -0.005440
0.000074 -0.005443
0.000018 -0.005351
0.000083 -0.005328
0.000131 -0.005324
0.000059 -0.005330
-0.000019 -0.005358
0.000053 -0.005344
-0.000043 -0.005394
-0.000006 -0.005373
0.000006 -0.005378
-0.000013 -0.005394
-0.000065 -0.005402
-0.000142 -0.005427
-0.000150 -0.005411
-0.000108 -0.005372
-0.000075 -0.005385
-0.000041 -0.005381
-0.000025 -0.005362
-0.000013 -0.005368
-0.000060 -0.005381
-0.000106 -0.005394
-0.000058 -0.005384
-0.000049 -0.005437
-0.000101 -0.005442
-0.000075 -0.005435
-0.000075 -0.005432
-0.000090 -0.005432
-0.000116 -0.005444
-0.000153 -0.005448
-0.000191 -0.005455
-0.000109 -0.005443
-0.000186 -0.005438
-0.000248 -0.005460
-0.000360 -0.005486
-0.000358 -0.005485
-0.000299 -0.005451
-0.000280 -0.005563
-0.000282 -0.005557
-0.000310 -0.005565
-0.000309 -0.005581
-0.000201 -0.005651
-0.000137 -0.005626
-0.000292 -0.005659
-0.000154 -0.005633
-0.000239 -0.005649
-0.000225 -0.005646
-0.000291 -0.005529
-0.000312 -0.005539
-0.000370 -0.005556
-0.000389 -0.005568
-0.000393 -0.005560
-0.000262 -0.005554
-0.000055 -0.005498
-0.000089 -0.005490
-0.000133 -0.005512
-0.000126 -0.005514
-0.000139 -0.005433
-0.000186 -0.005440
-0.000183 -0.005445
-0.000251 -0.005441
-0.000189 -0.005441
-0.000230 -0.005442
-0.000153 -0.005418
-0.000149 -0.005422
-0.000171 -0.005440
-0.000157 -0.005420
-0.000196 -0.005442
-0.000347 -0.005469
-0.000364 -0.005481
-0.000377 -0.005482
-0.000296 -0.005365
-0.000212 -0.005342
-0.000165 -0.005341
-0.000149 -0.005331
-0.000180 -0.005341
-0.000273 -0.005360
-0.000284 -0.005364
-0.000320 -0.005373
-0.000278 -0.005366
-0.000278 -0.005367
-0.000229 -0.005404
-0.000258 -0.005410
-0.000252 -0.005409
-0.000269 -0.005414
-0.000141 -0.005436
-0.000136 -0.005435
-0.000167 -0.005440
-0.000176 -0.005443
-0.000161 -0.005436
-0.000109 -0.005472
-0.000165 -0.005480
-0.000135 -0.005472
-0.000151 -0.005469
-0.000148 -0.005486
-0.000189 -0.005466
-0.000226 -0.005471
-0.000109 -0.005454
0.000010 -0.005414
-0.000034 -0.005432
0.000019 -0.005491
-0.000017 -0.005485
0.000043 -0.005486
-0.000015 -0.005495
0.000005 -0.005495
-0.000003 -0.005498
-0.000039 -0.005495
-0.000008 -0.005487
-0.000011 -0.005482
-0.000012 -0.005488
-0.000028 -0.005491
-0.000027 -0.005488
0.000015 -0.005475
0.000032 -0.005471
0.000017 -0.005478
0.000053 -0.005470
0.000044 -0.005490
0.000118 -0.005457
0.000142 -0.005451
0.000154 -0.005455
0.000045 -0.005479
0.000090 -0.005469
0.000162 -0.005444
-0.000010 -0.005470
0.000228 -0.005405
0.000154 -0.005431
0.000276 -0.005422
0.000501 -0.005305
-0.440713 3.643035
-1.430577 8.553036
-1.215854 11.236157
-1.509022 12.528932
-2.339663 15.602912
-2.276275 15.417986
-2.661901 17.302494
-2.681069 17.361110
-4.021843 20.410493
-6.367961 23.158839
-8.857840 26.419327
-8.344852 27.734091
-9.733090 30.215465
-10.749107 32.353077
-11.899401 33.991419
-14.585409 37.893369
-15.484869 38.627826
-16.204830 41.019327
-17.751108 40.803884
-17.914332 40.712136
-17.820721 40.447392
-17.701504 40.319865
-21.687774 51.766476
-21.393778 51.714542
-21.125009 51.662511
-20.744455 51.404793
-20.110315 51.220420
-19.482648 50.981686
-20.397435 52.373341
-22.877645 59.628157
-22.218598 61.071334
-21.246276 64.318147
-19.923373 64.399050
-16.154761 65.758193
-14.419719 68.537283
-15.376089 68.727852
-15.678711 69.100755
-15.524076 69.375592
-15.794273 69.575086
-13.886009 71.544188
-13.943520 71.694946
-14.480982 71.486055
-14.642448 71.367883
-15.160791 71.134719
-16.402224 70.509270
-15.771982 68.960461
-17.337549 72.787522
-11.034164 81.850813
-22.426121 78.533128
-25.962424 82.534687
-24.325934 83.352197
-29.056706 88.717172
-28.883988 89.323541
-28.631876 89.170273
-28.404722 89.014156
-27.189594 90.810447
-30.202251 84.472923
-38.256613 80.666346
-38.059752 82.178593
-32.610815 93.242588
-30.189459 98.068697
-32.921417 104.990583
-32.814429 105.256815
-32.422266 104.730836
-32.415222 105.247133
-30.900818 101.133848
-30.630837 100.715013
-30.493387 100.607529
-30.692345 99.892343
-30.304385 99.747235
-30.452406 99.749686
-30.478327 99.324615
-30.442984 99.351053
-30.823295 99.275257
-31.494154 98.323401
-32.411004 98.121875
-32.992289 98.215116
-34.079436 98.282166
-39.527704 100.910995
-43.612224 103.255330
-45.683424 104.666855
-46.073564 105.355943
-46.415810 105.110300
-45.254069 105.427853
-45.904415 105.494518
-43.666559 105.597987
-43.351199 105.400536
-41.872958 105.879531
-41.203206 106.118563
-40.620776 106.352324
-40.184381 106.470051
-39.669131 106.400410
-39.332446 107.337604
-39.810326 106.990733
-40.851231 106.829435
-38.062712 106.670515
-35.325909 106.934296
-33.880614 107.623932
-31.787614 108.161587
-33.368935 106.995728
-33.709311 106.584714
-34.528597 106.420940
-34.173356 106.544914
-36.319484 108.496850
-36.526012 108.660858
-37.804127 108.382843
-39.417832 108.583428
-40.999983 108.623846
-37.854713 107.103402
-39.122560 107.594471
-39.071489 107.598688
-36.865478 106.802762
-31.296418 104.928697
-30.171829 105.818856
-29.057993 106.497139
-28.865393 106.508406
-28.198580 106.571770
-28.521540 106.411024
-28.056793 106.841282
-27.583605 106.727794
-27.407039 106.658090
-26.949744 106.360800
-26.595852 106.060675
-25.882886 106.027972
-25.927189 105.752809
-25.666167 105.524614
-25.303745 105.563085
-25.166944 105.502806
-24.739036 105.506650
-25.694741 105.243479
-24.644521 105.800845
-26.241272 105.642393
-27.664763 106.247887
-33.350808 106.634417
-33.303935 105.602393
-33.429777 104.890505
-33.524089 104.684017
-34.130490 103.324060
-33.994845 103.216556
-34.123015 103.222910
-34.133484 103.410926
-33.906596 103.227113
-33.632669 102.958417
-33.769248 103.235830
-33.731133 103.559765
-33.119401 105.033745
-32.915182 104.240396
-32.765588 104.686743
-32.797751 104.846712
-34.899615 106.204838
-35.425759 105.912010
-35.561634 105.886866
-35.685410 105.826167
-36.076080 105.863065
-35.851603 105.758349
-36.186926 105.726646
-36.456966 105.851665
-36.031917 104.943471
-36.194539 104.709227
-35.803450 104.178622
-35.665845 103.615465
-35.259577 102.489601
-35.281194 102.906708
-35.080042 104.103201
-35.034956 105.064765
-36.212774 104.350217
-36.521629 103.315573
-36.549163 101.349716
-36.196429 100.546088
-35.706409 100.128272
-35.699151 100.084982
-35.747894 100.529666
-35.172015 100.373400
-34.237281 99.603491
-33.860262 99.538026
-33.450906 99.458447
-33.810591 100.396963
-33.958385 100.777138
-33.810269 100.456239
-33.833610 100.870314
-34.921978 103.205470
-35.331213 103.469846
-35.981650 105.879111
-37.320163 107.260979
-37.570270 107.365475
-36.591799 105.877105
-35.343795 106.430230
-36.827230 107.916698
-35.653971 107.121397
-33.938664 106.359495
-28.303573 103.937018
-21.048011 100.828872
-22.672677 101.688325
-21.911707 101.447896
-22.812911 101.315297
-22.210955 101.102816
-22.074919 101.131473
-22.082589 101.027488
-21.897311 101.183709
-22.165035 101.308834
-22.479776 101.509744
-22.779978 101.589719
-23.071153 101.732732
-23.370775 101.979215
-23.469034 101.770016
-23.646940 101.805360
-23.503820 101.940757
-23.518477 102.091471
-23.562208 102.152954
-23.421442 102.254055
-23.481202 102.485359
-23.643517 102.773064
-23.563903 102.884224
-23.386323 102.884345
-23.165414 102.725358
-22.625777 102.427743
-22.545316 102.411353
-22.692029 102.516108
-22.762695 102.666976
-22.701948 102.716592
-22.632069 102.658864
-22.584254 102.655365
-22.486194 102.557649
-22.416852 102.491091
-22.427822 102.520679
-22.493977 102.606529
-22.523202 102.619131
-22.673475 102.718151
-22.725461 102.705099
-22.780202 102.698516
-23.021386 102.647488
-23.016068 102.716140
-23.001547 102.756950
-23.000881 102.757273
-23.000833 102.757174
-23.001440 102.757288
-23.000942 102.755821
-23.001166 102.756256
-23.000798 102.755714
-23.000832 102.756115
-23.001099 102.755920
-23.001692 102.756008
-23.001470 102.756218
-23.001676 102.756279
-23.001332 102.756341
-23.001569 102.755891
-23.001741 102.756186
-23.001412 102.756052
-23.001708 102.756099
-23.001630 102.755908
-23.001818 102.755345
-23.001819 102.755641
-23.001841 102.755510
-23.001959 102.755658
-23.002000 102.755822
-23.002168 102.755535
-23.002517 102.755598
-23.002534 102.755632
-23.002246 102.755342
-23.002406 102.755538
-23.002387 102.755495
-23.001852 102.756185
-23.001703 102.756506
-23.001749 102.756327
-23.001882 102.756430
-23.001883 102.756174
-23.001312 102.756402
-23.006503 102.756310
-27.486461 103.048688
-27.501451 103.394358
-27.549339 104.033486
-27.570115 104.302627
-27.468516 103.713732
-27.691082 104.708252
-28.445436 105.027202
-28.951520 105.712432
-29.153050 105.279964
-28.933792 104.700394
-28.167475 104.457674
-27.946626 104.684145
-27.365676 105.404216
-27.877146 105.502522
-28.559116 106.011848
-29.275905 106.219747
-29.978628 106.389169
-30.613434 106.636586
-31.299850 106.815309
-31.782230 107.706789
-31.692108 109.260629
-31.914890 109.186169
-32.215198 110.182409
-33.002247 110.006522
-32.354385 110.094210
-31.428943 109.518026
-30.858779 108.908886
-30.847392 109.881641
-30.893762 109.337561
-31.458730 108.504438
-31.586001 108.620728
-32.735138 108.276317
-33.734260 107.193547
-34.500863 105.297164
-35.438622 103.188763
-35.896098 101.710091
-35.540442 100.469818
-35.004443 100.107929
-34.066301 100.267840
-32.241458 100.921574
-31.714241 101.574658
-30.883070 102.007541
-29.877949 102.373733
-29.058387 102.568042
-27.999567 103.739715
-27.913091 102.914710
-27.340397 103.158505
-26.687341 103.470067
-26.077342 103.359896
-25.593908 103.547373
-26.523671 104.128568
-27.042005 104.674515
-27.546269 105.244032
-28.299896 105.387217
-29.725197 105.575196
-29.933103 105.506400
-29.830801 105.383274
-30.371093 104.996448
-30.516984 105.418150
-31.596065 105.404577
-31.047099 105.069921
-31.632410 104.669082
-31.569878 104.844677
-30.600251 104.505746
-30.950406 104.186339
-31.154371 104.255116
-31.539879 104.597678
-31.005903 105.027595
-30.775478 105.596683
-31.905598 105.950230
-31.614991 105.984983
-32.176730 106.495399
-32.572501 107.091129
-32.520282 108.087271
-32.297845 108.653718
-32.462050 108.964391
-33.068681 108.659994
-33.647930 108.950438
-34.596812 109.008176
-35.262988 108.923044
-34.526331 109.350817
-33.967710 108.595510
-33.782307 107.824758
-34.053879 107.203729
-34.391756 106.238746
-33.923289 106.454606
-33.851452 106.329370
-33.636653 106.213592
-33.991665 106.142047
-34.341352 105.999414
-34.297165 106.177873
-33.195460 106.423437
-33.046344 106.526112
-33.125159 106.212140
-33.132397 106.198468
-33.141252 106.171544
-33.141112 106.171432
-33.141120 106.171487
-33.141170 106.171411
-33.141047 106.166342
-33.141016 106.166001
-33.141354 106.166156
-33.140791 106.165965
-33.141400 106.165641
-33.138764 106.164959
-33.139294 106.165172
-33.139377 106.165119
-33.139754 106.165238
-33.139780 106.165462
-33.139425 106.165536
-33.139167 106.164404
-33.139005 106.164539
-33.139120 106.164584
-33.139470 106.165000
-33.139335 106.164736
-33.139766 106.164833
-33.139761 106.164298
-33.139381 106.164094
-33.139529 106.164129
-33.140134 106.164352
-33.141069 106.164445
-33.140779 106.163995
-33.140888 106.164027
-33.140560 106.163894
-33.140741 106.164342
-33.140987 106.163606
-33.140994 106.164086
-33.140449 106.163842
-33.140537 106.163611
-33.140268 106.163749
-33.139871 106.163572
-33.140060 106.163496
-33.140121 106.163612
-33.141042 106.164686
-33.140153 106.164686
-33.140687 106.164489
-33.140699 106.164175
-33.140994 106.164587
-33.140878 106.164787
-33.140700 106.165629
-33.141037 106.165671
-33.140880 106.165520
-33.140488 106.165607
-33.140674 106.165653
-33.141031 106.165673
-33.140839 106.165369
-33.140558 106.165176
-33.141121 106.164991
-33.141176 106.165528
-33.141552 106.166103
-33.141863 106.166457
-33.141914 106.166473
-33.141957 106.166669
-33.141459 106.166372
-33.142063 106.167153
-33.141672 106.166703
-33.142085 106.166711
-33.142278 106.167175
-33.142503 106.167559
-33.142962 106.167728
-33.142763 106.167853
-33.143257 106.168218
-33.142749 106.168530
-33.142616 106.168458
-33.142867 106.168352
-33.142678 106.168272
-33.143154 106.168145
-33.143460 106.167713
-33.143128 106.168285
-33.142652 106.168172
-33.142843 106.167959
-33.142323 106.168331
-33.142847 106.168397
-33.142536 106.168649
-33.142330 106.168775
-33.142411 106.169134
-33.142527 106.168797
-33.142371 106.168854
-33.141927 106.168885
-33.141845 106.168744
-33.141555 106.168514
-33.141624 106.168798
-33.141585 106.168614
-33.141347 106.168811
-33.140851 106.168502
-33.141220 106.168614
-33.141177 106.168339
-33.141099 106.168295
-33.141384 106.168340
-33.141152 106.168347
-33.141310 106.168402
-33.141531 106.168340
-33.141165 106.168227
-33.141272 106.168039
-33.141605 106.168413
-33.141115 106.168508
-33.141112 106.168558
-33.141442 106.168128
-33.141472 106.168372
-33.141431 106.168342
-33.141678 106.168286
-33.141248 106.168201
