0.692199 -0.042789
0.536515 0.076673
-0.008192 0.450881
-0.488953 0.572801
-1.153932 0.958363
-1.774594 0.990973
-1.894615 0.920977
-1.380920 0.401246
-1.274350 -0.023736
-0.623015 -0.363134
-0.400755 -0.430194
-0.502371 -0.031268
-0.498947 0.162023
-1.098847 0.079692
-1.307488 0.251490
-1.081289 0.113949
-1.288341 -0.357271
-1.101706 -0.877202
-1.129003 -1.101857
-1.611107 -1.398816
-2.127000 -1.498797
-2.417682 -1.606628
-2.448241 -1.819653
-2.579602 -2.013658
-2.678952 -2.150695
-2.727693 -1.917669
-2.843735 -1.786395
-2.819091 -1.750336
-2.753934 -1.668874
-2.502916 -1.519145
-1.180410 -1.625657
-0.028759 -1.793395
0.630472 -1.590962
1.443855 -1.728912
2.073962 -1.632822
1.866211 -0.449333
1.442863 0.372828
1.142330 1.238921
0.701712 1.838737
0.301473 2.562020
1.701916 2.010438
2.293663 2.176323
3.441864 2.537883
4.369041 2.533717
5.392120 2.249289
6.874999 2.769742
7.307835 2.787486
8.596899 2.904214
9.328717 2.985186
10.211258 3.022857
10.303930 3.706826
9.464551 4.079502
9.321978 4.694523
9.179594 5.152384
9.023980 5.655409
8.685969 5.169018
8.166248 4.970951
7.267126 4.527870
6.287212 4.346298
5.880564 4.835436
5.404685 5.486248
4.754995 6.044610
4.305108 6.674362
4.398104 7.116442
4.279469 7.190739
3.826331 7.073683
3.637553 7.040316
3.419391 7.422889
3.511205 7.495842
3.703269 7.454758
3.345934 7.427767
2.958196 7.550094
2.727302 7.521187
2.756234 7.474939
2.740675 7.606350
2.789510 7.563357
2.675435 7.594798
2.424975 7.695159
2.278264 7.696976
1.888074 8.269908
1.375570 8.772350
0.964403 9.249623
0.706601 9.726294
0.906673 9.922003
0.691257 10.048326
0.705888 10.075219
0.847885 10.114244
0.922728 10.170754
0.906121 10.155404
0.972904 10.139567
1.163698 10.080548
1.326661 9.987340
1.350469 10.005507
1.273819 10.075311
1.328825 10.170007
1.391150 10.298733
1.317086 10.494006
1.328015 10.612134
1.448516 10.775390
1.484075 10.786684
1.405710 10.837755
1.282770 10.945236
1.193169 11.005057
1.100724 11.067166
1.066547 11.095808
1.015239 11.101832
0.949051 11.182591
0.854805 11.280403
0.900144 11.274961
0.961431 11.335566
0.927452 11.660007
1.120963 11.878754
1.030103 12.149744
0.791153 12.589852
0.997641 12.743450
0.860889 12.830876
0.498868 12.922113
0.166832 13.055973
0.073695 12.951076
-0.210084 12.746514
-1.323624 12.437014
-2.448642 12.179903
-3.546762 11.858947
-4.541170 11.565452
-5.623905 11.131629
-6.533668 10.596467
-7.564353 9.894262
-8.421758 9.236969
-9.256680 8.359402
-10.196279 7.900677
-10.781767 7.163134
-11.230364 6.372537
-11.750002 5.437199
-12.431393 4.025056
-13.070739 2.871953
-13.448772 1.479262
-13.730722 0.219064
-13.916763 -0.636534
-13.664121 -1.832057
-14.021626 -2.462943
-14.442100 -3.196540
-15.158049 -3.586074
-15.293762 -3.868052
-15.000721 -3.863521
-14.801914 -2.748712
-14.458894 -1.860971
-13.537236 -0.001924
-12.266888 1.369563
-11.220661 3.394488
-10.301696 5.923630
-9.235988 6.763096
-8.147463 7.859413
-7.219713 8.422276
-6.419317 9.320915
-5.563215 9.946079
-4.510745 10.985736
-3.703888 11.657939
-2.859460 12.232068
-2.989764 12.529601
-2.878864 13.252056
-2.652463 13.768608
-2.723735 14.288812
-2.826491 14.773003
-2.606759 14.899821
-2.672376 15.120313
-2.909455 14.975546
-2.969856 15.016136
-2.859038 14.914530
-2.795459 14.903723
-2.889729 14.935460
-2.914042 14.845469
-3.112976 14.861560
-3.278796 14.872413
-3.208485 14.833886
-3.126227 14.908804
-3.079752 14.923984
-3.124541 14.922873
-3.134847 14.933677
-2.941382 14.875410
-2.876483 14.935431
-3.079772 15.104039
-3.165437 15.167313
-2.931929 15.190252
-2.838792 15.238421
-3.043914 15.304121
-3.122644 15.292172
-2.949441 15.254645
-2.776976 15.226829
-2.747966 15.218919
-3.026691 15.284856
-3.125212 15.246946
-3.058800 15.184840
-3.145961 15.228327
-3.142867 15.161170
-3.061016 15.065781
-3.070579 15.011629
-3.139683 14.928390
-3.303619 14.940107
-3.319401 14.936834
-3.456179 15.030870
-3.666908 15.065395
-3.599342 14.964770
-3.557332 14.976713
-3.673799 14.916563
-3.755287 14.935938
-3.985693 15.163289
-3.931630 15.060016
-3.931395 15.196331
-3.995289 15.151475
-3.853531 14.964947
-3.698813 14.897361
-3.576328 15.077273
-3.449135 15.150395
-3.422707 15.128273
-3.252807 14.948355
-3.177255 14.891421
-3.314015 14.910879
-3.526502 14.770575
-3.645050 14.729835
-3.580089 14.726384
-3.498500 14.675301
-3.660228 14.765293
-3.799258 14.646012
-3.864737 14.787906
-3.842124 14.841536
-3.748767 14.937479
-3.701337 15.040535
-3.695163 15.178365
-3.664778 15.217285
-3.650961 15.207575
-3.533398 15.131093
-3.707628 15.206906
-3.790299 15.210217
-3.874923 15.328183
-4.053794 15.478059
-4.091388 15.561315
-4.028646 15.660180
-3.941509 15.729845
-3.939818 15.700700
-4.085617 15.567715
-4.127185 15.497152
-4.060261 15.508912
-4.091497 15.505406
-4.186445 15.539195
-4.256980 15.543286
-4.095816 15.492952
-3.991424 15.440211
-4.049387 15.429606
-3.913670 15.470498
-3.715533 15.594664
-3.574606 15.773139
-3.390374 15.993950
-3.142566 16.289944
-3.981548 16.238509
-5.033897 15.768723
-6.216342 15.400163
-7.238030 14.984893
-8.135492 14.636314
-9.195725 14.172123
-9.873692 12.964153
-10.653866 12.018587
-11.950444 10.748749
-12.985758 9.695531
-14.205988 7.825784
-15.361489 5.856636
-16.463952 4.545844
-17.241021 2.732352
-16.550502 0.671134
-15.620112 -0.297433
-15.015055 -1.588839
-14.466821 -2.068834
-14.039078 -2.386367
-12.747344 -1.671314
-11.457792 -1.259480
-10.399475 -0.002419
-9.597302 3.158903
-8.508495 4.801677
-7.247662 6.203455
-5.761117 6.484476
-4.290427 7.376305
-3.198606 7.908152
-1.691471 8.465822
-2.330409 8.258207
-2.233173 8.961033
-1.782881 9.219020
-1.345927 9.350418
-0.936858 9.828273
-0.556059 10.065370
-0.639705 10.413613
-0.782962 10.830907
-0.921134 11.263381
-0.982251 11.587052
-1.082883 11.530733
-0.959008 11.673538
-0.847631 11.754739
-0.722075 11.872486
-0.688815 11.927530
-0.599736 11.951960
-0.709683 12.105894
-0.765788 12.247351
-0.863760 12.391697
-1.014453 12.571240
-0.960320 12.637523
-0.791462 12.478954
-0.706418 12.446069
-0.673531 12.433465
-0.534109 12.383110
-0.452524 12.324228
-0.413388 12.205117
-0.406750 12.108208
-0.294487 11.913639
-0.267159 11.766789
-0.385516 11.679098
-0.462293 11.680442
-0.392654 11.576861
-0.294898 11.529641
-0.262939 11.470682
-0.325775 11.426082
-0.278224 11.333387
-0.265073 11.416730
-0.408600 11.494034
-0.589957 11.604306
-0.622335 11.724207
-0.559626 11.770379
-0.508954 11.842742
-0.646876 11.982594
-0.789763 12.176145
-0.642389 12.251254
-0.461699 12.190374
-0.628238 12.295170
-0.731293 12.336699
-0.664969 12.284665
-0.649041 12.261360
-0.816392 12.341651
-0.840815 12.462078
-0.792611 12.531737
-0.986977 12.636031
-1.133013 12.738330
-1.091231 12.769509
-0.912753 12.680581
-0.679461 12.594619
-0.637329 12.523237
-0.840423 12.600305
-0.853091 12.631539
-0.483855 11.968995
0.009736 11.211431
0.376042 10.483616
0.129907 10.011196
-0.147998 9.590088
-0.177582 9.358307
0.101226 9.068047
0.264045 8.788779
0.103739 8.484168
-0.055629 8.404604
0.024421 8.039211
0.103354 7.828240
0.247331 7.460603
0.284780 7.392666
0.179213 7.106185
0.263447 7.022135
0.309502 6.677059
0.169694 6.696854
0.113500 6.389657
0.003644 6.220133
-0.126386 6.287522
0.089525 6.010961
0.066743 6.003005
0.079430 5.899268
0.194867 5.780028
0.187437 5.769322
0.287420 5.929629
0.406556 5.966826
0.420579 6.124802
0.427419 6.380566
0.620681 6.523514
0.904777 6.484785
0.983089 6.638798
1.073863 6.691337
1.140341 6.845570
1.368447 6.627924
1.483010 6.327882
1.426963 6.304671
1.336440 6.110013
1.172926 6.031451
1.170876 5.893109
1.023868 5.909838
0.926968 5.836880
0.785218 5.764776
0.627148 5.741943
0.586856 5.895615
0.440512 6.177894
0.146649 6.502745
-0.051972 6.855643
0.090176 7.014778
0.202473 6.907682
0.039091 6.931711
0.146087 6.923526
0.276334 6.783997
0.255001 6.824217
0.095856 6.891686
-0.344478 7.339553
-0.369989 7.379039
-0.404850 7.444168
-0.520463 7.660764
-0.400707 7.358850
-0.426806 7.268016
-0.492241 6.972701
-0.403813 6.876020
-0.305565 6.528010
-1.726498 6.359746
-3.220446 5.863912
-4.676801 5.404649
-6.034580 4.932280
-7.291138 4.274028
-8.474217 3.305634
-9.165111 2.257605
-9.711778 1.306099
-10.456774 0.703838
-11.288037 0.036022
-12.143192 -0.893521
-12.165873 -1.955257
-12.109805 -2.711647
-11.913289 -4.509334
-11.720116 -4.972348
-11.823577 -5.038594
-11.579522 -5.558456
-11.410762 -5.782297
-11.428034 -6.026214
-11.319500 -6.262312
-11.557577 -6.345626
-10.305134 -5.713632
-7.840926 -4.358564
-6.694301 -2.486308
-5.550948 -0.709878
-4.537179 0.358994
-3.591633 1.547571
-3.049832 2.781920
-2.260773 3.144412
-1.093422 3.517230
0.337046 4.220610
0.339483 4.716324
0.272510 5.311684
0.410481 5.791957
0.486627 6.042105
0.689846 6.103133
0.710969 6.172105
0.659530 6.315741
0.700478 6.355547
0.741008 6.403189
0.850862 6.404074
0.919656 6.332802
1.174696 6.196697
1.502352 6.033005
1.279885 6.068395
0.961711 6.041486
1.045404 6.111485
0.937038 5.942441
0.918295 6.120398
0.686634 6.237344
0.622645 6.324234
0.731624 6.586326
0.714380 6.850708
0.323315 7.250087
0.044517 7.857351
0.178008 8.349252
-0.073929 8.476296
-0.483965 8.999675
-0.652387 8.957454
-1.102047 9.282098
-1.608823 9.441581
-2.240186 9.495117
-3.023341 9.813952
-3.793173 9.946099
-4.718776 10.282033
-6.030794 10.648335
-5.409077 9.680339
-5.128636 8.796539
-4.846468 8.040891
-4.647002 7.236260
-4.084810 6.348615
-4.533680 6.976058
-4.504082 7.209462
-4.117838 7.203331
-3.751110 7.215196
-3.911817 7.461864
-3.861045 7.616385
-3.824917 7.796172
-3.568049 7.930339
-3.490995 8.309000
-3.255445 8.447111
-3.137979 8.101528
-2.885479 7.947410
-3.189806 7.881284
-3.190637 7.615942
-3.549731 7.604737
-3.709926 7.593444
-3.924945 7.426769
-4.408115 7.633204
-4.644035 7.582305
-4.724479 7.460875
-4.901489 7.515474
-5.584281 7.720682
-6.056855 7.490943
-6.475711 7.754576
-6.278756 7.826418
-6.169578 7.937154
-6.340663 8.048984
-6.431115 8.236513
-6.260265 8.220075
-6.204759 8.143890
-6.161923 8.253579
-6.259127 8.393102
-6.217027 8.680915
-5.834432 8.820386
-5.475406 8.998830
-5.406341 9.039063
-5.365762 9.109814
-5.551814 9.326188
-5.401259 9.292630
-5.265286 9.260270
-5.516667 9.403191
-5.424523 9.367608
-5.376279 9.340464
-5.669068 9.572803
-5.624317 9.482314
-5.364026 9.178140
-5.120117 8.699517
-5.106499 8.509146
-4.700719 7.912338
-4.854990 7.697046
-4.469244 7.225271
-4.169037 6.604194
-4.095135 6.350328
-3.418024 5.684177
-3.202306 5.064896
-3.215392 4.689955
-2.567447 4.166429
-2.529088 3.960299
-2.501368 3.775100
-1.928521 3.214512
-1.847428 2.899914
-1.808817 2.729304
-1.610954 2.209918
-1.968759 2.156711
-1.500694 1.775345
-1.781113 1.580521
-2.060917 1.398047
-1.797439 1.028737
-1.767607 0.710629
-1.888358 0.580656
-1.550798 0.123721
-1.856876 0.048199
-1.407719 -0.259502
-1.324835 -0.317770
-0.991829 -0.574642
-0.699867 -0.912415
-0.886183 -0.850016
-0.556524 -1.099895
-0.778897 -1.125469
-0.563190 -1.328104
-0.801590 -1.489762
-0.839137 -1.421387
-0.685554 -1.548057
-0.905113 -1.357282
-0.923524 -1.412355
-0.792745 -1.333617
-0.465754 -1.125328
0.002312 -0.960369
0.697513 -0.793106
0.986451 -0.686818
1.161770 -0.545937
1.600196 -1.053806
1.934203 -1.513294
2.149166 -1.753073
2.632002 -2.317091
2.695215 -2.823036
2.495564 -2.876019
2.475467 -3.321982
2.185933 -3.332853
1.982951 -3.406631
1.936791 -3.706863
1.451748 -3.397117
0.836664 -3.266460
0.213803 -3.075195
-0.322136 -2.902072
-0.590722 -2.625782
-0.499818 -2.810757
-0.766882 -2.131801
-0.686396 -2.097876
-0.580567 -2.180956
-0.500534 -1.857410
-0.096157 -2.294016
-0.427347 -2.387873
-0.818097 -2.213155
-0.549997 -3.069470
-1.244407 -3.020136
-0.865196 -3.759630
-0.998626 -3.946090
-1.301158 -3.720991
-0.949736 -4.713756
-1.224661 -4.300052
-1.163924 -4.268328
-0.799549 -5.092100
-1.181206 -4.434558
-1.021893 -4.704783
-0.995436 -5.124833
-0.955008 -5.282282
-1.065674 -5.070378
-0.892257 -5.351876
-1.043138 -5.391511
-1.347477 -4.822005
-1.440208 -5.083332
-1.810214 -4.496276
-1.623110 -5.058834
-2.065192 -4.592446
-1.836438 -5.009801
-1.938391 -5.118545
-2.019066 -5.052306
-1.708719 -5.702980
-1.856700 -5.570357
-1.719148 -5.639280
-1.697964 -5.613359
-1.558540 -5.672034
-1.480616 -5.693113
-1.699259 -5.353124
-1.721113 -5.311224
-1.957440 -4.864179
-1.870945 -4.939518
-2.111333 -4.584924
-1.951756 -4.699990
-2.094699 -4.484606
-1.998311 -4.401043
-1.908082 -4.373563
-1.894047 -4.230449
-1.847992 -4.240692
-1.855988 -4.195150
-1.815236 -4.293080
-1.915686 -4.188039
-1.907993 -4.286391
-2.034897 -4.117919
-1.983575 -4.183797
-2.015508 -4.151317
-2.010240 -4.140744
-1.845208 -4.294884
-1.874142 -4.303139
-1.675791 -4.573281
-1.476071 -4.818357
-1.495106 -4.837535
-1.553058 -4.917023
-1.792467 -4.715480
-1.770533 -4.862239
-1.844089 -4.925193
-1.851930 -5.027366
-1.893187 -5.108801
-2.000140 -5.032282
-1.918650 -5.174230
-2.008485 -5.125430
-1.918143 -5.188816
-2.026615 -5.098712
-2.098573 -5.051020
-2.063198 -5.080789
-2.142140 -4.984160
-2.069264 -5.007361
-2.109065 -4.932434
-2.085831 -4.933163
-2.135462 -4.887534
-2.079215 -4.952121
-2.097894 -4.957750
-2.062664 -5.007107
-2.155804 -4.955838
-2.180012 -4.986053
-2.482381 -5.723291
-3.008594 -6.234254
-3.370539 -6.942868
-3.719627 -8.117380
-4.872547 -8.700441
-4.533490 -7.750664
-3.574973 -7.607371
-3.321687 -6.838906
-4.135468 -5.856687
-4.052870 -5.476504
-3.660887 -5.588361
-3.407835 -5.665639
-2.480590 -5.890649
-2.275941 -5.954944
-1.857022 -6.140587
-1.867460 -5.739141
-2.162517 -5.044235
-2.092482 -4.748211
-2.479140 -4.046604
-1.930481 -4.171170
-2.161289 -3.902777
-2.229037 -3.893792
-1.899424 -4.146247
-1.630515 -4.079107
-0.978847 -3.763165
-0.401720 -1.964582
-0.257823 -0.374979
1.073973 1.500955
1.712794 3.223819
1.967233 5.246832
1.488698 6.656394
14.593077 5.282267
14.323066 6.099362
14.526259 7.634148
15.628755 9.813930
16.495292 10.013726
19.576917 10.029437
21.569178 10.508925
23.426262 10.802925
23.685291 10.895076
22.511735 9.306759
19.272429 6.646004
17.439720 4.877948
15.923719 2.869446
14.608754 1.070375
13.180919 -0.439168
27.120654 -10.994110
26.341502 -12.063316
24.463486 -13.980674
23.625651 -14.154962
23.081999 -14.159486
22.728379 -14.034996
22.455786 -14.300424
22.172590 -14.398797
22.202928 -14.494975
22.113025 -14.535661
22.084117 -14.621297
22.063825 -14.713263
21.977615 -14.805566
21.870602 -14.979421
21.698358 -14.987982
21.501526 -15.017521
21.346429 -15.012755
21.307801 -15.173549
21.240252 -15.221830
21.165038 -15.233022
21.122422 -15.239991
21.272139 -15.284706
21.218038 -15.273455
21.272546 -13.933890
21.469860 -12.609145
21.816058 -11.240652
22.250382 -9.796064
22.632669 -8.309457
22.506977 -6.789686
23.135446 -5.057027
23.437382 -3.404373
23.775686 -2.065861
23.935420 -0.616692
24.669084 0.309353
25.168439 0.721925
25.670599 1.729877
26.509646 2.763344
27.016404 3.479757
28.429778 3.342721
29.446030 3.138457
30.002628 2.741944
29.416026 2.012379
28.670782 1.282412
27.199955 -0.590424
28.904968 -0.744625
28.361908 -2.335214
27.992420 -4.076978
26.969240 -6.290106
24.721464 -7.370650
24.568205 -7.276983
24.156212 -7.577828
23.939784 -7.824012
23.532124 -8.148170
23.356160 -8.157075
23.281720 -8.216783
23.039929 -8.277653
22.930906 -8.299713
22.964752 -8.290685
22.930860 -8.481613
22.677555 -8.609283
22.527302 -8.685246
22.549289 -8.785253
22.566280 -8.975485
22.622831 -9.095379
22.753673 -9.241735
22.757135 -9.402010
22.649057 -9.584199
22.546312 -9.596773
22.596689 -9.676163
22.517624 -9.740895
22.360329 -9.813300
22.247169 -9.815060
22.167923 -9.831085
22.031031 -9.839068
21.835461 -9.831947
21.843783 -9.874873
21.776883 -9.916281
21.638264 -9.719907
21.540659 -9.507062
21.530728 -9.353072
21.594080 -9.126258
21.734547 -8.885022
22.143543 -7.746010
22.615222 -6.870488
23.002530 -5.730516
23.353631 -4.406084
23.630639 -3.127664
23.591057 -2.307233
23.870450 -1.491944
24.222678 -0.584317
24.380224 0.200112
24.745951 1.377896
25.034069 2.242786
24.364959 3.055355
24.679731 3.869904
25.104158 4.761452
25.630422 5.679391
25.997377 6.540161
26.153756 7.521915
26.894043 8.714283
27.579130 9.819463
28.588455 10.928276
29.670693 11.711506
30.187062 12.248523
32.049004 13.145501
34.013979 14.117735
34.930072 14.575773
36.358209 14.852495
36.915620 15.253935
38.118852 15.491957
38.553348 15.628126
38.868572 15.721547
38.880603 15.681328
38.627338 15.513039
38.435818 15.416648
38.320574 15.358000
38.060735 15.368906
37.776676 15.320686
37.549400 15.243205
37.399828 15.232314
37.063238 15.232642
37.082362 15.190134
37.062702 15.191888
36.893225 15.169357
36.884384 15.138416
36.750362 15.128501
36.591696 15.115425
36.411664 15.081730
36.213123 14.992104
36.288279 14.955076
36.171113 14.924086
36.098952 14.876147
36.015535 14.813936
35.784404 14.652470
35.581461 14.602452
35.303744 14.486530
35.021319 14.450098
34.799056 14.362475
34.416872 14.251038
34.252528 14.016076
34.044837 13.940379
33.435293 13.763187
33.141428 13.629832
32.920500 13.573628
32.371310 13.370691
31.967340 13.307288
31.457245 13.256930
31.285926 13.299714
30.956331 13.275541
30.675879 13.298954
30.282684 13.305417
30.120967 13.356840
30.486158 13.379840
30.612937 13.424776
30.507541 13.408393
30.243444 13.377887
30.219010 13.357827
30.240236 13.350193
30.056317 13.298335
29.882079 13.252462
29.856075 13.225518
29.841644 13.248386
29.827939 13.273412
29.834472 13.292709
29.897620 13.303573
29.888192 13.290257
29.635398 13.284904
29.560573 13.260182
29.288241 13.272139
28.892221 13.297001
28.531785 13.304380
28.701188 13.393528
28.949102 13.373348
28.908719 13.270717
28.658401 13.244447
28.508196 13.184079
28.101298 13.141039
27.916164 12.954121
27.631274 12.641998
27.506780 12.496337
26.911554 12.301021
26.394393 11.983521
26.724401 11.918779
26.556380 11.493230
24.538634 11.472623
23.467629 11.125351
23.190096 10.949505
23.389608 10.829355
23.381050 10.760498
23.229574 10.599336
22.787394 10.462343
22.572111 10.289843
21.737997 9.744759
21.317927 9.066754
20.511611 8.374245
19.141025 7.584149
18.430473 6.340982
17.035446 5.255252
16.277985 3.768858
15.768223 2.393172
15.324482 1.402357
14.375191 0.610361
13.749681 0.665382
13.228115 -0.104733
12.647668 -0.852693
12.171367 -1.377056
11.623529 -1.420344
11.282629 -1.944911
10.984387 -2.506942
10.747037 -2.933287
10.412308 -3.123859
10.185036 -3.061992
9.856173 -3.197707
9.647310 -3.280034
9.528582 -3.287759
9.366053 -3.227919
9.212688 -3.072233
8.950474 -2.996922
8.688723 -2.869950
8.456453 -2.747095
8.498981 -2.712629
8.373449 -2.750313
8.154063 -2.808316
8.119632 -2.920004
8.025610 -3.030349
7.865166 -3.098845
7.881125 -3.222090
7.919166 -3.380973
7.936686 -3.637338
7.906110 -3.775605
7.730598 -3.924366
7.634819 -3.980491
7.498663 -4.005313
7.298830 -4.044721
7.052568 -4.050277
7.103450 -4.188571
7.245605 -4.314780
7.404294 -4.380256
7.343322 -4.404993
7.387895 -4.514162
7.280661 -4.563456
7.351576 -4.662418
7.405916 -4.793873
7.485149 -4.888898
7.595415 -5.024791
7.524785 -5.082428
7.183793 -4.882091
6.908345 -4.703151
6.559752 -4.509737
6.493350 -4.323131
6.684107 -4.357733
6.876299 -4.327406
6.943338 -4.304806
7.043524 -4.312663
7.113665 -4.273053
7.106841 -4.282606
7.155485 -4.250530
7.319188 -4.302512
7.453770 -4.316597
7.435262 -4.341705
7.274863 -4.360089
7.176453 -4.301119
7.219657 -4.281213
7.301554 -4.120851
7.373090 -3.975648
7.437658 -3.872009
7.431019 -3.788021
7.223413 -3.699020
7.391667 -3.554564
7.536549 -3.273072
6.681681 -3.326464
5.713255 -3.181317
4.648526 -3.008501
3.600439 -2.779045
2.707617 -3.021643
2.442584 -3.176750
2.350594 -3.747366
2.121956 -4.173381
2.058454 -4.604660
1.670224 -5.021146
1.093965 -5.122895
1.320319 -5.253747
1.132428 -5.244993
0.612413 -5.253173
0.603514 -5.367173
0.518885 -5.478072
0.493007 -5.450309
0.437048 -5.448402
0.389374 -5.536798
0.392057 -5.598068
0.276995 -5.714856
0.243689 -5.733986
0.000806 -5.761701
0.057523 -5.883967
-0.161810 -5.924563
-0.221192 -5.837380
-0.285909 -5.756247
-0.305923 -5.621298
-0.266095 -5.568233
-0.363431 -5.512961
-0.402101 -5.508672
-0.680201 -5.429558
-0.758276 -5.500687
-0.864544 -5.420203
-1.030848 -5.347238
-1.005582 -5.437865
-0.988909 -5.478799
-0.848971 -5.402897
-0.748368 -5.535821
-0.838817 -5.501766
-0.876354 -5.519266
-1.041128 -5.406019
-1.019317 -5.290524
-1.070161 -5.099910
-1.265049 -4.870142
-1.261481 -4.762005
-1.292572 -4.674004
-1.299600 -4.654236
-1.246523 -4.722167
-1.260478 -4.707696
-1.346680 -4.771753
-1.685896 -4.698454
-2.023789 -4.518103
-2.415304 -4.646066
-2.978099 -4.351121
-3.356660 -4.413886
-4.212958 -4.824030
-4.873804 -5.500088
-5.893134 -6.169374
-7.217137 -6.557406
-8.484370 -7.170233
-10.568688 -6.891077
-13.400217 -6.631404
-15.731934 -6.269434
-19.348597 -6.205971
-22.557354 -6.375431
-24.002755 -4.053702
-24.217241 -2.212286
-24.558369 -0.216657
-25.296869 1.589573
-25.178337 2.792888
-24.896177 3.614702
-24.574207 6.051166
-24.668804 6.053816
-24.707413 5.169912
-24.886958 4.237055
-24.910625 4.244714
-24.939091 4.261602
-24.958216 4.274683
-24.977675 4.287709
-24.996913 4.300777
-25.000699 4.311361
-24.999603 4.322446
-25.003429 4.333075
-25.007132 4.343865
-25.010952 4.354506
-25.024094 4.362847
-25.036127 4.370957
-25.049567 4.379038
-25.062659 4.387333
-25.075943 4.395486
-25.078938 4.392742
-25.078306 4.390425
-25.081298 4.387621
-25.084125 4.385007
-25.087108 4.382189
-25.079491 4.379883
-25.072380 4.376919
-25.064845 4.374445
-25.057640 4.371539
-25.050313 4.368766
-25.042943 4.365999
-25.057886 4.363119
-25.072646 4.359557
-25.087687 4.356047
-25.102557 4.352615
-25.117442 4.348978
-25.117888 4.347998
-25.117289 4.344520
-25.117642 4.343461
-25.117836 4.342572
-25.118381 4.341359
-25.119083 4.339922
-25.118675 4.340844
-25.119341 4.339572
-25.119699 4.338503
-25.120001 4.337455
-25.120421 4.336381
-25.119092 4.335238
-25.117327 4.337048
-25.115866 4.336059
-25.114630 4.334936
-25.113277 4.333899
-25.112008 4.332685
-25.110692 4.333492
-25.109367 4.332522
-25.108134 4.331387
-25.106703 4.330369
-25.107007 4.330996
-25.107194 4.332088
-25.107628 4.332635
-25.107750 4.333394
-25.108362 4.333762
-25.107532 4.335535
-25.107148 4.337490
-25.106648 4.338910
-25.106044 4.340317
-25.105372 4.341894
-25.105107 4.339781
-25.104003 4.338930
-25.103565 4.336961
-25.102775 4.335298
-25.102473 4.336713
-25.101724 4.338528
-25.101249 4.339951
-25.100627 4.341492
-25.100105 4.343095
-25.099744 4.344388
-25.100863 4.343359
-25.102143 4.342573
-25.103448 4.341506
-25.104721 4.340419
-25.106027 4.339184
-25.106193 4.338348
-25.106033 4.337780
-25.106372 4.336713
-25.107075 4.335383
-25.107428 4.334319
-25.105930 4.334167
-25.104992 4.333887
-25.103609 4.333681
-25.102452 4.333219
-25.101279 4.332892
-25.101508 4.332348
-25.101776 4.331342
-25.102044 4.330434
-25.102221 4.329466
-25.102572 4.328382
-25.102829 4.327562
-25.103685 4.326177
-25.104264 4.324903
-25.104503 4.323959
-25.104856 4.322864
-25.104281 4.323740
-25.103352 4.324639
-25.103079 4.325021
-25.102285 4.325894
-25.102452 4.325020
-25.102829 4.324206
-25.103026 4.323340
-25.103164 4.322417
-25.103719 4.321193
-25.104968 4.320097
-25.106301 4.318995
-25.107372 4.318044
-25.108758 4.316859
-25.109860 4.315899
-25.111333 4.314582
-25.111794 4.313230
-25.112213 4.312208
-25.112628 4.311071
-25.113072 4.309934
-25.113584 4.309528
-25.113748 4.309558
-25.114036 4.309444
-25.114402 4.309207
-25.114553 4.309111
-25.114958 4.308848
-25.116869 4.307153
-25.118893 4.305367
-25.121157 4.303199
-25.123022 4.301424
-25.125244 4.299423
-25.125654 4.300057
-25.125849 4.300865
-25.126391 4.301289
-25.126941 4.301799
-25.128275 4.301431
-25.129514 4.301280
-25.130908 4.300879
-25.132235 4.300664
-25.133037 4.300639
-25.134150 4.300540
-25.135506 4.300148
-25.136856 4.299897
-25.137725 4.299890
-25.139089 4.299556
-25.140023 4.299529
-25.140511 4.298636
-25.140867 4.297538
-25.141439 4.296335
-25.141843 4.295230
-25.142010 4.294360
-25.140065 4.294709
-25.137681 4.295505
-25.135632 4.296036
-25.133204 4.296866
-25.131235 4.297152
-25.133485 4.296011
-25.135308 4.295326
-25.137566 4.294128
-25.139802 4.292873
-25.141598 4.292111
-25.143530 4.291059
-25.143270 4.288079
-25.142959 4.285427
-25.142572 4.282567
-25.141934 4.279936
-25.141431 4.277177
-25.144561 4.278405
-25.147656 4.279814
-25.150515 4.281248
-25.153249 4.282945
-25.156381 4.284232
-25.158988 4.285843
-25.160574 4.285456
-25.161527 4.285147
-25.162946 4.284771
-25.164204 4.284560
-25.164499 4.283522
-25.164947 4.282193
-25.165111 4.281193
-25.165638 4.280027
-25.165720 4.279172
-25.166248 4.277928
-25.164754 4.277301
-25.163524 4.276079
-25.162202 4.274995
-25.160682 4.274099
-25.161107 4.272164
-25.161459 4.270417
-25.161783 4.268528
-25.162027 4.266692
-25.162371 4.264866
-25.164471 4.264606
-25.166590 4.264373
