0.000430 0.000106
-0.000511 0.000831
-0.001499 0.000877
-0.002750 0.001604
-0.003938 0.002581
-0.005154 0.003312
-0.004462 0.004085
-0.004071 0.005306
-0.003670 0.006003
-0.002861 0.006886
-0.002566 0.007786
-0.003357 0.007771
-0.004472 0.007959
-0.005578 0.007901
-0.006889 0.007819
-0.006293 0.009508
-0.005258 0.011030
-0.004772 0.012769
-0.004095 0.014600
-0.003484 0.016388
-0.004669 0.017885
-0.005665 0.019121
-0.006708 0.020834
-0.008072 0.022022
-0.009041 0.024028
-0.006758 0.024028
-0.004024 0.023425
-0.001478 0.023421
0.001017 0.023825
-0.000352 0.022915
-0.001383 0.021860
-0.002412 0.020708
-0.003791 0.019590
-0.004804 0.018997
-0.004410 0.019525
-0.003305 0.020102
-0.002652 0.020795
-0.002543 0.021162
-0.001731 0.022329
-0.002111 0.021073
-0.002176 0.019970
-0.002439 0.019173
-0.002566 0.018322
-0.002790 0.017293
-0.002998 0.016512
-0.003197 0.016226
-0.002505 0.016109
-0.003052 0.015421
-0.003465 0.015695
-0.003983 0.015373
-0.003568 0.014777
-0.003226 0.013391
-0.002613 0.012617
-0.002018 0.011894
-0.001292 0.010932
-0.002245 0.010190
-0.003662 0.009787
-0.004746 0.008315
-0.005970 0.007336
-0.005184 0.007488
-0.004410 0.007775
-0.003866 0.007301
-0.003323 0.007326
-0.002574 0.007492
-0.003053 0.006639
-0.003078 0.005394
-0.002912 0.004644
-0.003190 0.003876
-0.003042 0.003128
-0.002279 0.003185
-0.001929 0.003110
-0.001190 0.003050
-0.000362 0.002824
-0.000255 0.002797
-0.024505 -0.207224
-0.051389 -0.414542
-0.075767 -0.624363
-0.100047 -0.834109
-0.124392 -1.043884
1.015751 -1.118381
5.434370 -2.275472
10.361536 1.582092
15.838156 2.992014
18.531664 3.790880
18.589641 3.172510
19.633951 3.443160
18.601356 3.655070
18.565871 4.321849
18.387116 4.999668
19.239579 5.204564
19.717052 5.866685
19.673194 5.803581
19.199683 5.771817
19.446799 5.827083
18.922569 5.181891
19.068404 5.126031
19.213987 5.069123
19.204038 5.637965
16.407417 5.900333
14.605880 3.753420
12.465981 2.800557
9.067954 -0.608329
7.702553 -1.181884
10.091888 -1.507374
13.560504 -2.216060
15.705368 -1.853633
17.923826 -2.656567
17.941132 -0.691765
17.408806 0.605214
18.148976 1.501816
16.928649 2.978456
16.203293 2.940312
16.135082 2.710762
10.570743 2.423056
6.208096 2.102075
2.951263 0.936592
3.901079 0.313603
7.993602 -0.957797
11.293050 -0.858125
13.940395 0.094896
15.677683 -0.164732
16.732030 0.322227
17.296286 -0.215524
17.864597 0.401388
17.450302 -0.391636
16.526746 -0.580018
15.546457 -0.528298
10.221744 -0.670671
8.970777 -0.772634
6.217331 -1.849624
4.361356 -4.264178
3.626813 -6.167363
3.360416 -6.276564
5.566977 -6.350073
5.645717 -5.799434
4.550104 -5.089930
4.140476 -4.658085
5.262453 -3.783262
5.317072 -3.002898
5.165882 -2.334627
4.266721 1.533910
-0.586177 1.265892
-4.907846 -0.005653
-8.152900 -1.673283
-13.382025 -3.931318
-17.542748 -5.698367
-14.828035 -7.000320
-16.359720 -6.750195
-14.729705 -8.274999
-13.690021 -9.000535
-11.140744 -9.093120
-9.119982 -8.089828
-7.756557 -7.335757
-4.522917 -7.351338
-2.358949 -6.542462
-2.535541 -5.918140
-2.168621 -4.472049
-1.911524 -3.914399
-1.909629 -3.209194
-2.051322 -2.672410
-3.382371 -1.480650
-4.878223 -2.367215
-0.678993 -1.773776
2.919555 -0.928340
2.871598 -0.579723
-1.048273 -0.307631
-7.374349 0.579447
-12.048058 -0.655083
-15.699384 -2.044919
-7.957410 -3.167579
0.090069 -3.841338
8.695958 -4.898024
15.352688 -3.676457
21.500701 -0.238905
20.444025 -0.776523
17.894191 -1.372538
15.496580 -1.463141
14.412658 -1.564087
13.980443 -1.686516
14.696964 -1.540115
11.789841 -2.588588
13.103202 -4.334286
13.456120 -4.899849
13.501835 -5.430594
11.380785 -0.444684
9.307628 3.032012
7.167470 7.434916
5.509988 10.650199
5.503696 8.215568
5.798045 5.339813
5.698649 3.939263
3.856256 1.721957
1.244314 -0.686220
2.668615 -2.517684
0.689226 -3.042460
0.566005 -5.258734
0.138847 -8.117577
-0.694044 -10.398204
-1.876835 -5.402985
-0.890607 -1.875240
1.190358 0.837308
-0.040646 4.154828
-0.480128 7.721676
-0.433470 5.073825
0.646719 2.638063
0.141755 0.395050
-1.546390 -1.693423
-1.071043 -3.861874
-1.884603 -5.720331
-1.191654 -7.257139
-2.821828 -8.178014
-3.258752 -9.374265
-4.676898 -10.793521
-6.362105 -11.189458
-5.970201 -13.801116
-15.031948 -8.871014
-15.985408 -9.755817
-16.632124 -10.722827
-17.095846 -6.901751
-15.857151 -1.467883
-17.169907 9.530633
-19.938920 16.050825
-18.139182 10.460840
-17.881523 4.680124
-17.079967 -0.102321
-17.402829 -5.172127
-18.709113 -10.187234
-17.922024 -7.980289
-19.760527 -6.978499
-19.640606 -6.247574
-18.724492 -7.093485
-18.873830 -6.357837
-19.731349 -0.602317
-22.774030 0.213569
-23.494775 1.534080
-22.319445 3.115423
-22.482920 3.746238
-23.048675 2.969965
-23.308104 3.477110
-22.970005 3.585399
-22.151067 3.457123
-22.459975 2.852494
-24.027914 3.153658
-23.845981 4.124844
-25.399301 2.842878
-25.435911 4.440787
-25.724395 4.612248
-25.736243 4.608783
-25.744474 4.607708
-25.752801 4.605780
-25.760670 4.605281
-25.761764 4.605989
-25.768754 4.611589
-25.770128 4.612124
-25.771480 4.612936
-25.772795 4.613760
-25.774144 4.613049
-25.782714 4.613803
-25.784085 4.611813
-25.786870 4.610540
