0.000984 0.001936
0.001939 0.003882
0.002977 0.005844
0.004782 0.007515
0.005732 0.009467
0.006673 0.011411
0.007643 0.013334
0.008652 0.015291
0.008801 0.016366
0.008983 0.017091
0.009068 0.018183
0.009207 0.019274
0.009369 0.020404
0.011175 0.021512
0.012859 0.022447
0.014642 0.023565
0.016492 0.024655
0.018268 0.025784
0.020087 0.026930
0.021849 0.027990
0.023772 0.029064
0.025572 0.030196
0.024851 0.042193
0.024068 0.053982
0.023294 0.065968
0.022548 0.077903
0.021796 0.089856
-2.241039 -0.795609
-4.502049 -1.677200
-6.764907 -2.562733
-9.026028 -3.447519
-11.303357 -4.311585
-10.772651 -4.026145
-9.776116 -3.347207
-8.203917 -2.180047
-7.718848 -2.025517
-6.804244 -1.712248
-6.910242 -1.112704
-7.378483 -1.129039
-7.594572 -1.152722
-7.578599 -0.851722
-7.720780 -0.955955
-7.565313 -0.858138
-7.586940 -0.996031
-7.744206 -1.249839
-7.573335 -1.138915
-7.576892 -1.070268
-7.408445 -0.870416
-9.692789 -2.213951
-11.884421 -3.500899
-14.156481 -4.566777
-15.973926 -6.992562
-16.119785 -7.826849
-15.117872 -9.284682
-13.874350 -9.920246
-13.657880 -9.817052
-13.569831 -8.980717
-16.588728 -7.312744
-20.060052 -3.587874
-23.240805 -0.865194
-23.292278 -0.206597
-23.624360 -0.320499
-24.222491 0.285769
-24.254168 1.108541
-24.109153 1.269791
-24.010559 1.528808
-23.899020 1.710021
-23.759366 2.137657
-23.588108 2.361072
-23.484849 2.358900
-23.405453 2.464232
-23.366655 2.626739
-23.336444 2.612578
-23.275078 2.674142
-23.255837 2.662172
-23.279927 2.752975
-23.224779 2.767262
-23.232329 2.804962
-22.912259 2.968357
-22.540840 2.877107
-22.116831 3.104333
-21.930178 3.417875
-21.634796 4.004206
-21.121341 4.775525
-20.776608 4.892520
-20.719606 5.185021
-20.365192 5.813310
-19.918699 6.333925
-19.856343 6.681189
-20.024676 6.603989
-20.150374 6.513034
-20.319115 6.461497
-20.319151 6.286239
-20.273850 6.169540
-20.203007 6.156718
-20.150015 5.779658
-20.065096 5.720539
-20.142262 5.645678
-20.299352 5.534000
-20.224850 5.464612
-19.879547 5.198636
-19.791313 5.182142
-19.725159 5.152432
-19.696569 5.152603
-22.847311 4.398484
-25.397324 3.510395
-28.396383 2.766876
-30.154300 0.258410
-32.702430 -1.732189
-31.732966 -1.835775
-30.276755 0.058370
-29.194089 -0.012140
-29.793059 0.806868
-29.962710 0.796485
-31.491007 1.887244
-34.160545 -2.447169
-33.558241 -0.301340
-32.441981 0.811302
-32.460567 0.901432
-32.831208 0.465647
-33.811767 -0.217682
-34.223612 -0.328189
-34.301802 -0.290473
-34.662462 -0.174546
-34.601468 -0.640153
-31.937279 -3.550504
-30.636299 -3.157644
-29.887736 -3.428536
-29.408121 -3.580108
-29.361040 -3.276057
-29.393799 -3.367772
-30.014534 -3.386939
-30.637871 -3.370420
-31.915001 -3.268196
-32.687272 -3.096193
-33.004775 -3.355261
-32.976240 -3.657502
-33.041091 -3.722090
-33.106484 -3.501185
-33.401231 -3.548418
-33.464102 -3.642719
-34.415362 -3.600561
-34.881158 -3.525452
-34.426463 -3.122169
-35.092531 -2.613240
-35.170154 -2.257237
-37.429891 -0.417976
-38.228150 -0.259252
-38.755436 -0.470830
-40.028072 -0.761582
-40.427567 -0.865926
-41.441250 -0.958549
-41.691303 -1.301415
-42.607852 -1.250653
-43.020648 -1.391174
-43.757281 -1.264991
-43.819435 -0.874594
-43.883242 -0.501365
-44.391421 -0.205580
-44.777624 -0.313727
-45.369483 -0.433994
-45.522741 -0.374434
-45.688574 -0.202283
-45.946745 -0.267404
-46.202496 -0.204855
-46.705263 -0.232818
-46.683110 -0.190938
-47.080330 -0.321687
-47.072020 -0.183383
-47.742705 -0.366471
-48.822251 -0.444358
-49.580958 -0.034355
-49.946146 -0.653252
-49.304694 -0.836475
-48.314377 -0.955482
-48.059763 -1.073959
-46.833615 -0.663919
-46.236641 -0.554172
-45.307743 -0.427726
-44.594727 -1.040562
-44.414140 -1.066349
-43.588906 -1.081652
-43.248862 -1.260087
-43.271312 -1.449951
-43.589606 -2.008887
-43.923042 -2.326099
-44.855907 -2.790125
-45.680023 -3.254544
-44.184623 -2.126725
-44.684055 -2.539119
-43.754197 -2.690046
-44.702313 -2.266111
-43.977930 -2.624958
-46.154467 -1.424016
-47.426681 -1.624014
-50.990968 -0.690788
-51.306944 -0.832227
-51.422502 -0.957430
-51.872974 -1.234373
-51.981405 -1.233443
-52.244887 -1.539166
-52.479311 -1.795392
-53.097589 -2.089046
-53.377452 -2.042589
-54.023800 -2.320528
-54.251285 -2.474868
-54.697280 -2.658494
-55.009584 -2.752262
-55.442149 -2.921220
-55.672797 -3.053980
-55.917614 -3.334371
-56.075149 -3.410169
-56.048091 -3.484091
-55.986848 -3.534660
-55.783452 -3.498154
-55.740483 -3.500859
-55.784102 -3.456600
-55.807108 -3.255566
-55.762500 -3.112007
-55.888732 -1.769618
-56.103716 -0.581609
-56.254250 1.056182
-56.567975 2.705752
-56.522409 3.763878
-57.420451 5.271241
-57.493028 7.806363
-57.237364 9.700123
-57.337868 12.209576
-58.033491 16.069477
-57.900208 17.456080
-57.942035 18.820947
-58.062048 20.667787
-58.106468 21.913040
-57.873957 22.550187
-57.682149 23.810287
-57.532519 24.365566
-57.418209 24.717605
-57.439350 24.901093
-57.451997 24.967624
-57.690422 23.769464
-58.261173 22.521595
-58.603357 20.932977
-58.897978 19.427743
-59.235543 15.479571
-58.332188 13.471907
-58.745322 10.940413
-59.207863 7.282724
-59.611105 4.369463
-60.124690 2.511655
-61.211743 0.858267
-61.523544 -0.796951
-61.684824 -1.977699
-62.154346 -3.503055
-61.966582 -4.012004
-62.147411 -4.553710
-62.238304 -5.359942
-62.279975 -6.302417
-62.274822 -6.519410
-61.990664 -6.278535
-62.101538 -5.896566
-62.019824 -5.802075
-61.990276 -5.721326
-61.979805 -5.689978
-62.184771 -5.638476
-62.014304 -5.666118
-62.023896 -5.422823
-62.072564 -5.339277
-62.187913 -5.298444
-62.160355 -4.869647
-61.906458 -4.522094
-61.752202 -3.806253
-61.681429 -3.171345
-61.738188 -2.309265
-61.540236 -1.309741
-60.995416 -0.481749
-61.199645 0.584222
-61.441258 0.553444
-61.373267 1.128828
-61.354026 3.205458
-60.916304 3.718258
-60.714463 5.017538
-60.399379 6.545925
-60.203982 7.883318
-60.211730 9.235527
-60.081033 10.280193
-59.736759 11.557133
-59.419278 11.953902
-59.198996 12.333982
-59.065496 12.572461
-58.797538 12.595115
-58.666874 12.620739
-58.594701 12.612627
-58.526763 12.584733
-58.112991 11.751399
-57.735138 11.098276
-57.587552 9.772939
-57.819118 8.344609
-58.396602 7.054688
-58.853816 5.353382
-57.399839 3.240666
-57.995270 1.133803
-58.468029 -0.993813
-58.957660 -3.092527
-59.567564 -5.179960
-59.905338 -6.224559
-60.736091 -6.943589
-62.154666 -8.129660
-62.772512 -9.305184
-63.453922 -10.470378
-63.628081 -10.733184
-63.694563 -10.734832
-63.907919 -10.877027
-63.990315 -10.805837
-64.086785 -10.718060
-64.108020 -10.756159
-64.023105 -10.712446
-63.854286 -10.689789
-63.867782 -10.662403
-63.893625 -10.548857
-63.870817 -10.596830
-63.846334 -10.537227
-63.802515 -10.444465
-63.761568 -10.413199
-63.693188 -10.298997
-63.747571 -10.103704
-63.803808 -9.850841
-63.879415 -9.651250
-63.878552 -9.471569
-63.667608 -9.186845
-63.658950 -9.053474
-63.422327 -9.128668
-63.248756 -8.771171
-63.172513 -8.694675
-63.313279 -8.655297
-63.318178 -9.103719
-63.356488 -9.156818
-63.255376 -9.204642
-63.322396 -9.217240
-63.463336 -9.298279
-63.283711 -9.546593
-63.209169 -9.472292
-63.025138 -9.587252
-62.887968 -9.620090
-62.743077 -9.256438
-62.773442 -9.099850
-62.611115 -9.389017
-62.833733 -9.539978
-63.105692 -9.679987
-63.034121 -9.775316
-62.768763 -9.802478
-62.573653 -9.967352
-62.625360 -10.168329
-62.632082 -10.202046
-62.582294 -10.240119
-62.458315 -10.297714
-62.396276 -10.367162
-62.336509 -10.466049
-62.269995 -10.520428
-62.874730 -10.727962
-63.391779 -10.885425
-63.890942 -11.112440
-64.475557 -11.397559
-64.748602 -11.707441
-64.756442 -11.848618
-64.525283 -12.714147
-64.243143 -14.069630
-64.886209 -14.119188
-64.866222 -13.434889
-64.764821 -13.802281
-64.436111 -13.629861
-63.850796 -14.411759
-63.585891 -14.317952
-63.393971 -14.011815
-62.374857 -14.240408
-62.153798 -14.338899
-61.414008 -14.415039
-61.069546 -14.427089
-61.139672 -14.408339
-61.027036 -14.325845
-60.886104 -14.453983
-60.883514 -14.593632
-60.980576 -14.626817
-60.521260 -14.718478
-60.229110 -14.846055
-59.987186 -15.006132
-59.853427 -15.028053
-60.045310 -15.112117
-56.552269 -12.153849
-56.380055 -10.798135
-53.968467 -9.446712
-48.436831 -8.202224
-46.485343 -8.494835
-48.031587 -8.242459
-48.350865 -8.533633
-48.849234 -9.123449
-48.708008 -9.869671
-48.733115 -10.780904
-48.844974 -11.219319
-48.915042 -11.375588
-48.940780 -11.510013
-48.978715 -11.636770
-49.039671 -11.698601
-49.095281 -11.740614
-49.100088 -11.769638
-49.163470 -11.821537
-49.200829 -11.810462
-49.182692 -11.789976
-49.152870 -11.801515
-49.107134 -11.795092
-49.099396 -11.752547
-49.135378 -11.770388
-50.297685 -11.920888
-51.385096 -11.993903
-52.498372 -12.151050
-53.478555 -12.241923
-54.407014 -12.554519
-51.344378 -14.241971
-50.878027 -14.735147
-51.259711 -14.395195
-49.970778 -13.886450
-50.155919 -14.317415
-48.894107 -14.304645
-48.491333 -14.138841
-47.466368 -14.565665
-47.382927 -14.489080
-47.016851 -14.536575
-46.766071 -14.573347
-46.599465 -14.508999
-46.892271 -14.464868
-46.851302 -14.549595
-47.021280 -14.778725
-45.476681 -14.637919
-44.559162 -14.436706
-43.582503 -14.281609
-42.989540 -13.963976
-43.099344 -14.201915
-43.694659 -14.078213
-44.359222 -13.832185
-45.132026 -12.702517
-44.877437 -12.991989
-45.122398 -12.116742
-45.524931 -12.471599
-46.004625 -12.575894
-47.047667 -13.475193
-47.083880 -13.929861
-47.367457 -14.257203
-47.590093 -14.574947
-47.717721 -14.771404
-47.722912 -14.869996
-47.716388 -14.931960
-47.711858 -15.034518
-47.602788 -12.875992
-47.577611 -10.761976
-47.509578 -8.493305
-47.809493 -5.592484
-47.785425 -3.315611
-47.646651 -3.182621
-48.446481 -3.118165
-48.617837 -1.773404
-49.147581 -0.105795
-49.762090 -0.724193
-50.238867 -1.534070
-50.624531 -2.242041
-51.041633 -3.418553
-51.252520 -4.826411
-50.932570 -5.753869
-50.649850 -6.510487
-50.401180 -7.587461
-50.807272 -9.210518
-51.134670 -11.177031
-51.378842 -11.933963
-51.881011 -12.157401
-52.262328 -13.015760
-52.563647 -13.537275
-52.513454 -13.860877
-52.628536 -14.156076
-52.774459 -14.286313
-52.875328 -14.502018
-52.963684 -14.653981
-53.209284 -14.892098
-53.328638 -15.043014
-53.328614 -14.998470
-53.295962 -14.937296
-53.431919 -14.918684
-53.694693 -14.807962
-53.652299 -14.685938
-53.629798 -14.311020
-53.752554 -14.157930
-54.006344 -13.911811
-54.142259 -13.719221
-54.125192 -13.535320
-55.938546 -13.565364
-56.451807 -14.600698
-57.212918 -19.598173
-58.024265 -19.723269
-59.510827 -19.988297
-59.485910 -20.705971
-59.552985 -20.849295
-58.838338 -21.712132
-58.825015 -22.172536
-58.598173 -23.026684
-58.766755 -23.481622
-59.026885 -23.506061
-58.813150 -23.851125
-58.785145 -24.061527
-58.796784 -24.486841
-58.778912 -24.330595
-59.923459 -23.655728
-60.551916 -23.325388
-60.683650 -23.227956
-61.313958 -22.998646
-61.572064 -22.565706
-61.576773 -22.572036
-62.248065 -22.494984
-63.066853 -22.226256
-64.214215 -21.693095
-66.145080 -20.635296
-68.194224 -16.377752
-68.260316 -15.986709
-68.827339 -12.337110
-68.275167 -12.719799
-68.278674 -13.911686
-67.665788 -14.161515
-67.489352 -14.881468
-67.494589 -15.448463
-66.983687 -15.968128
-66.613108 -16.460872
-66.506693 -16.364729
-66.398343 -16.261640
-66.661922 -16.447750
-66.925917 -16.644935
-67.189407 -16.831022
-67.452970 -17.017141
-67.716501 -17.203229
-67.716381 -17.200449
-67.715271 -17.192706
-67.715146 -17.189920
-67.715060 -17.187179
-67.714928 -17.184403
-67.713969 -17.209195
-67.714875 -17.237701
-67.713922 -17.262508
-67.712960 -17.287293
-67.711981 -17.312074
-67.712732 -17.313515
-67.711906 -17.314736
-67.712648 -17.316138
-67.713419 -17.317491
-67.714155 -17.318939
-67.712331 -17.327062
-67.715422 -17.330119
-67.713586 -17.338207
-67.711705 -17.346298
-67.709935 -17.354385
-67.703803 -17.352446
-67.704645 -17.351589
-67.698517 -17.349662
-67.692383 -17.347710
-67.686285 -17.345783
-67.683585 -17.338818
-67.688199 -17.330416
-67.685530 -17.323471
-67.682830 -17.316500
-67.680137 -17.309569
-67.677447 -17.302564
-67.676467 -17.303949
-67.673753 -17.304896
-67.672775 -17.306303
-67.671825 -17.307710
-67.675995 -17.309103
-67.677663 -17.308868
-67.681832 -17.310237
-67.686047 -17.311735
-67.690216 -17.313100
-67.694409 -17.314529
-67.693628 -17.313861
-67.692663 -17.311931
-67.691686 -17.309962
-67.690712 -17.308033
-67.689780 -17.306157
-67.690522 -17.306706
-67.695727 -17.308491
-67.696468 -17.309061
-67.697196 -17.309601
-67.697916 -17.310105
-67.697005 -17.308286
-67.694532 -17.306223
-67.693561 -17.304272
-67.692582 -17.302336
-67.691630 -17.300404
-67.690645 -17.298477
-67.686707 -17.299609
-67.684002 -17.300963
-67.681325 -17.302418
-67.678604 -17.303791
-67.675885 -17.305110
-67.664642 -17.315786
-67.653591 -17.326467
-67.642313 -17.337010
-67.631059 -17.347664
-67.619753 -17.358219
-67.608481 -17.368808
-67.607535 -17.367985
-67.606606 -17.367702
-67.605598 -17.367442
-67.604651 -17.367176
-67.603652 -17.366911
-67.601851 -17.366633
-67.600139 -17.366348
-67.598329 -17.366070
-67.596467 -17.365775
-67.594674 -17.365543
-67.592813 -17.365204
-67.590961 -17.364137
-67.589126 -17.362698
-67.587309 -17.361584
-67.585488 -17.360490
-67.583647 -17.359402
-67.581841 -17.358294
-67.581689 -17.357994
-67.581621 -17.357487
-67.581501 -17.357232
-67.581348 -17.356956
-67.581270 -17.356665
-67.581132 -17.356411
-67.580160 -17.353651
-67.579440 -17.350540
-67.578454 -17.347807
-67.577449 -17.345025
-67.576513 -17.342223
-67.572956 -17.341146
-67.569259 -17.340228
-67.565710 -17.339131
-67.562147 -17.338043
-67.558598 -17.336901
-67.555087 -17.335822
-67.552358 -17.333873
-67.549892 -17.331786
-67.547202 -17.329852
-67.544516 -17.327905
-67.541788 -17.325960
-67.539134 -17.324051
-67.536443 -17.322126
-67.535492 -17.321075
-67.534752 -17.319807
-67.533779 -17.318687
-67.532818 -17.317560
-67.531868 -17.316543
-67.530854 -17.315349
-67.529022 -17.315097
-67.526997 -17.315003
-67.525130 -17.314653
-67.523352 -17.314375
-67.521487 -17.314112
-67.519702 -17.313831
-67.517821 -17.313555
-67.516017 -17.311628
-67.514331 -17.309586
-67.512528 -17.307646
-67.510704 -17.305698
-67.508857 -17.303783
-67.507026 -17.301843
-67.506068 -17.302399
-67.505287 -17.302853
-67.504292 -17.303416
-67.503398 -17.304077
-67.502417 -17.304612
-67.501456 -17.305199
-67.500452 -17.305791
-67.499492 -17.306344
-67.498500 -17.306911
-67.497539 -17.307462
-67.496564 -17.308029
-67.495618 -17.308582
-67.494603 -17.309179
-67.492760 -17.308868
-67.490707 -17.308859
-67.488829 -17.308514
-67.487018 -17.308277
-67.485138 -17.307935
-67.483309 -17.307625
-67.482332 -17.307321
-67.481119 -17.307097
-67.480170 -17.306809
-67.479178 -17.306496
-67.478225 -17.306320
-67.477229 -17.306002
-67.476313 -17.305774
-67.475333 -17.302186
-67.474541 -17.298505
-67.473596 -17.294955
-67.472510 -17.291236
-67.471553 -17.287631
-67.470624 -17.284009
-67.468775 -17.283788
-67.467043 -17.283345
-67.465236 -17.283090
-67.463402 -17.282801
-67.461527 -17.282516
-67.459733 -17.282267
-67.458758 -17.281153
-67.457724 -17.280004
-67.456782 -17.278935
-67.455818 -17.277784
-67.454860 -17.276709
-67.453842 -17.275607
-67.452050 -17.273708
-67.450376 -17.271657
-67.448557 -17.269733
-67.446668 -17.267723
-67.444899 -17.265837
-67.443048 -17.263925
-67.440408 -17.262813
-67.437794 -17.261551
-67.435092 -17.260485
-67.432442 -17.259383
-67.429736 -17.258277
-67.427061 -17.257181
-67.424335 -17.256073
-67.423404 -17.254980
-67.422547 -17.253873
-67.421522 -17.252792
-67.420596 -17.251674
-67.419598 -17.250611
-67.418657 -17.249485
-67.415938 -17.247530
-67.413327 -17.245508
-67.410631 -17.243566
-67.407949 -17.241626
-67.405285 -17.239682
-67.404279 -17.239394
-67.403223 -17.239130
-67.402218 -17.238874
-67.401253 -17.238568
-67.400291 -17.238342
-67.399341 -17.238090
-67.397496 -17.237824
-67.395498 -17.237706
-67.393690 -17.237440
-67.391853 -17.237154
-67.390016 -17.236893
-67.388193 -17.236616
-67.386355 -17.236348
-67.386277 -17.236107
-67.386168 -17.235817
-67.386091 -17.235557
-67.385954 -17.235297
-67.385878 -17.235062
-67.385727 -17.234782
-67.384947 -17.234521
-67.383947 -17.234277
-67.382951 -17.234015
-67.382001 -17.233718
-67.381013 -17.233511
-67.377474 -17.230709
-67.373938 -17.227906
-67.370396 -17.225148
-67.366851 -17.222366
-67.363307 -17.219586
-67.362325 -17.219309
-67.361312 -17.219070
-67.360313 -17.218829
-67.359344 -17.218557
-67.358401 -17.218302
-67.356567 -17.215520
-67.354793 -17.212721
-67.352998 -17.209933
-67.351087 -17.207188
-67.349323 -17.204393
-67.347475 -17.201624
-67.345635 -17.198883
-67.343806 -17.197760
-67.342061 -17.196595
-67.340221 -17.195510
-67.338389 -17.194399
-67.336566 -17.193310
-67.334732 -17.192181
-67.334592 -17.192755
-67.334643 -17.193376
-67.334500 -17.193925
-67.334405 -17.194521
-67.334327 -17.195079
-67.334187 -17.195671
-67.334079 -17.196208
-67.327978 -17.190126
-67.321834 -17.184050
-67.315710 -17.177948
-67.309613 -17.171818
-67.303462 -17.165722
-67.297362 -17.159561
-67.291213 -17.153493
-67.289397 -17.153247
-67.287623 -17.152864
-67.285813 -17.152610
