-0.000127 -0.001111
-0.000014 -0.001462
0.001978 -0.004783
0.000748 -0.005034
0.000070 -0.005500
-0.000268 -0.004747
-0.001674 -0.004558
0.000426 -0.004179
0.003873 -0.004899
0.005188 -0.004104
0.007614 -0.002777
0.009333 -0.002223
0.011008 -0.002500
0.013022 -0.003153
0.014825 -0.003414
0.016232 -0.004092
0.017899 -0.004954
-0.070252 -0.357421
-0.159681 -0.709406
-0.247968 -1.061755
-0.336410 -1.414116
-0.424942 -1.767035
-0.518581 -2.606498
-0.611481 -3.443428
-0.703541 -4.280981
-0.725356 -4.800805
0.327768 2.715735
0.149776 2.060682
0.246220 2.172172
0.479234 2.595557
1.379525 3.320033
1.586531 3.829831
2.342624 4.106614
2.553354 2.959250
3.024622 2.725272
4.364525 3.539464
5.016914 4.924196
5.802403 4.976008
5.466168 5.576428
5.686383 5.489227
5.224232 6.448943
5.346059 6.760525
6.362260 6.396894
6.798250 6.432713
6.571564 6.437352
6.419600 6.382304
5.965147 6.808659
4.942211 7.024730
4.490010 6.915774
4.759364 6.188122
5.247203 5.635484
4.960548 5.102319
6.406701 4.728172
6.227126 4.507525
5.929501 4.177480
5.783904 3.835550
6.564193 3.003988
6.092247 3.134426
6.874151 2.791437
7.517591 2.346689
7.767869 1.836489
8.874085 1.036530
9.719273 1.134741
10.113518 0.944741
11.203723 1.026092
11.434546 0.930092
11.980786 0.603928
12.136861 0.308369
13.134298 0.097203
13.674645 -0.278117
13.842135 -0.467740
14.871556 -0.728308
15.082086 -0.956726
15.539566 -1.200877
15.704049 -1.412756
15.932347 -1.591819
16.587196 -1.994576
16.745623 -2.241273
17.070231 -2.393233
17.526777 -2.622047
17.426756 -2.535872
17.456125 -2.503622
17.418064 -2.460123
17.494244 -2.576719
17.480602 -2.623023
17.308261 -2.727399
17.145663 -2.946209
16.881458 -2.941797
16.672272 -3.203350
16.519825 -2.991438
16.486692 -3.115506
16.538748 -3.029991
16.465804 -2.954660
15.800342 -2.620955
15.416016 -2.600589
15.087797 -2.769303
15.213377 -2.767823
15.076483 -2.604953
14.841138 -2.265321
14.727955 -2.183262
14.589379 -2.072438
14.585207 -1.942597
14.552598 -1.217688
14.311382 -0.586782
14.090339 0.159511
13.974724 0.698072
13.837928 1.626196
13.693020 1.968227
13.817328 2.190302
13.921360 2.529935
14.118113 2.416119
14.145664 2.722436
14.082600 3.001800
13.846709 3.234234
13.997021 2.186110
13.984124 1.828427
14.191080 1.359309
14.358015 1.410490
14.428128 1.699060
14.400985 1.582925
14.385242 1.623883
14.117807 2.146020
13.858468 2.590096
13.772210 2.963670
13.757787 3.035481
13.820755 3.099985
13.779141 3.264207
13.549804 3.610112
13.402029 4.067792
13.202918 4.486213
13.169566 4.854831
13.112539 5.235236
