2.520281 -8.722255 -136.814399
2.520281 -8.722255 -136.814399
2.521031 -8.743504 -136.676949
2.521031 -8.743504 -136.676949
2.521031 -8.743504 -136.676949
2.521031 -8.743504 -136.676949
2.521031 -8.743504 -136.676949
2.495783 -8.748619 -136.607158
2.495783 -8.748619 -136.607158
2.495783 -8.748619 -136.607158
2.495783 -8.748619 -136.607158
2.495783 -8.748619 -136.607158
2.491949 -8.777538 -136.591749
2.491949 -8.777538 -136.591749
2.491949 -8.777538 -136.591749
2.491949 -8.777538 -136.591749
2.491949 -8.777538 -136.591749
2.491949 -8.777538 -136.591749
-2.976598 -6.141355 -128.098067
-2.976598 -6.141355 -128.098067
-2.976598 -6.141355 -128.098067
-2.976598 -6.141355 -128.098067
-2.976598 -6.141355 -128.098067
0.285944 -1.415469 -117.593304
0.285944 -1.415469 -117.593304
0.285944 -1.415469 -117.593304
0.285944 -1.415469 -117.593304
0.285944 -1.415469 -117.593304
-1.193521 -3.666628 -108.574060
-1.193521 -3.666628 -108.574060
-1.193521 -3.666628 -108.574060
-1.193521 -3.666628 -108.574060
-1.193521 -3.666628 -108.574060
1.983368 -1.635835 -103.516366
1.983368 -1.635835 -103.516366
1.983368 -1.635835 -103.516366
1.983368 -1.635835 -103.516366
1.983368 -1.635835 -103.516366
1.930094 -1.251864 -98.580318
1.930094 -1.251864 -98.580318
1.930094 -1.251864 -98.580318
1.930094 -1.251864 -98.580318
1.930094 -1.251864 -98.580318
2.238657 -0.414705 -94.790718
2.238657 -0.414705 -94.790718
2.238657 -0.414705 -94.790718
2.238657 -0.414705 -94.790718
2.238657 -0.414705 -94.790718
17.816941 3.736667 -86.587285
17.816941 3.736667 -86.587285
17.816941 3.736667 -86.587285
17.816941 3.736667 -86.587285
17.816941 3.736667 -86.587285
35.963654 11.243512 -73.586054
35.963654 11.243512 -73.586054
35.963654 11.243512 -73.586054
35.963654 11.243512 -73.586054
35.963654 11.243512 -73.586054
40.838288 16.783146 -62.169775
40.838288 16.783146 -62.169775
40.838288 16.783146 -62.169775
40.838288 16.783146 -62.169775
40.838288 16.783146 -62.169775
24.865061 13.513417 -58.718098
24.865061 13.513417 -58.718098
24.865061 13.513417 -58.718098
24.865061 13.513417 -58.718098
24.865061 13.513417 -58.718098
3.027912 7.637002 -57.168325
3.027912 7.637002 -57.168325
3.027912 7.637002 -57.168325
3.027912 7.637002 -57.168325
4.131228 4.898221 -59.120000
4.131228 4.898221 -59.120000
4.131228 4.898221 -59.120000
4.131228 4.898221 -59.120000
4.131228 4.898221 -59.120000
4.414326 2.797896 -60.843626
4.414326 2.797896 -60.843626
4.414326 2.797896 -60.843626
4.414326 2.797896 -60.843626
4.414326 2.797896 -60.843626
9.277887 1.709653 -62.717276
9.277887 1.709653 -62.717276
9.277887 1.709653 -62.717276
9.277887 1.709653 -62.717276
9.277887 1.709653 -62.717276
37.462751 9.779082 -56.508570
37.462751 9.779082 -56.508570
37.462751 9.779082 -56.508570
37.462751 9.779082 -56.508570
37.462751 9.779082 -56.508570
45.194242 16.274177 -45.269223
45.194242 16.274177 -45.269223
45.194242 16.274177 -45.269223
45.194242 16.274177 -45.269223
46.980182 20.130220 -37.954883
46.980182 20.130220 -37.954883
46.980182 20.130220 -37.954883
46.980182 20.130220 -37.954883
46.980182 20.130220 -37.954883
35.707990 17.439298 -34.966337
35.707990 17.439298 -34.966337
35.707990 17.439298 -34.966337
35.707990 17.439298 -34.966337
35.707990 17.439298 -34.966337
3.627208 3.845092 -42.268090
3.627208 3.845092 -42.268090
3.627208 3.845092 -42.268090
3.627208 3.845092 -42.268090
3.627208 3.845092 -42.268090
4.247438 0.946890 -51.548517
4.247438 0.946890 -51.548517
4.247438 0.946890 -51.548517
4.247438 0.946890 -51.548517
4.247438 0.946890 -51.548517
5.179647 -0.473584 -59.435767
5.179647 -0.473584 -59.435767
5.179647 -0.473584 -59.435767
5.179647 -0.473584 -59.435767
6.047148 -1.446272 -65.808087
6.047148 -1.446272 -65.808087
6.047148 -1.446272 -65.808087
6.047148 -1.446272 -65.808087
6.047148 -1.446272 -65.808087
6.047148 -1.446272 -65.808087
26.335195 2.199116 -68.691069
26.335195 2.199116 -68.691069
26.335195 2.199116 -68.691069
26.335195 2.199116 -68.691069
41.163918 10.755116 -58.358721
41.163918 10.755116 -58.358721
41.163918 10.755116 -58.358721
41.163918 10.755116 -58.358721
41.163918 10.755116 -58.358721
42.663916 16.658200 -47.292366
42.663916 16.658200 -47.292366
42.663916 16.658200 -47.292366
42.663916 16.658200 -47.292366
42.663916 16.658200 -47.292366
42.663916 16.658200 -47.292366
31.696005 15.874039 -41.393924
31.696005 15.874039 -41.393924
31.696005 15.874039 -41.393924
31.696005 15.874039 -41.393924
31.696005 15.874039 -41.393924
2.390672 4.291790 -44.355242
2.390672 4.291790 -44.355242
2.390672 4.291790 -44.355242
2.390672 4.291790 -44.355242
2.390672 4.291790 -44.355242
1.940703 0.718144 -51.180844
1.940703 0.718144 -51.180844
1.940703 0.718144 -51.180844
1.940703 0.718144 -51.180844
3.116353 -1.779420 -58.616875
3.116353 -1.779420 -58.616875
3.116353 -1.779420 -58.616875
3.116353 -1.779420 -58.616875
3.116353 -1.779420 -58.616875
3.871377 -3.397453 -65.699562
3.871377 -3.397453 -65.699562
3.871377 -3.397453 -65.699562
3.871377 -3.397453 -65.699562
3.871377 -3.397453 -65.699562
11.350043 -3.501152 -71.985597
11.350043 -3.501152 -71.985597
11.350043 -3.501152 -71.985597
11.350043 -3.501152 -71.985597
11.350043 -3.501152 -71.985597
40.648881 3.989478 -67.503122
40.648881 3.989478 -67.503122
40.648881 3.989478 -67.503122
40.648881 3.989478 -67.503122
40.648881 3.989478 -67.503122
43.712743 10.550568 -54.818545
43.712743 10.550568 -54.818545
43.712743 10.550568 -54.818545
43.712743 10.550568 -54.818545
43.712743 10.550568 -54.818545
35.947542 11.864550 -47.013073
35.947542 11.864550 -47.013073
35.947542 11.864550 -47.013073
35.947542 11.864550 -47.013073
35.947542 11.864550 -47.013073
9.938716 6.679061 -43.948279
9.938716 6.679061 -43.948279
9.938716 6.679061 -43.948279
9.938716 6.679061 -43.948279
8.824144 2.290836 -49.304093
8.824144 2.290836 -49.304093
8.824144 2.290836 -49.304093
8.824144 2.290836 -49.304093
8.824144 2.290836 -49.304093
0.227663 -31.676638 -60.284418
0.227663 -31.676638 -60.284418
0.227663 -31.676638 -60.284418
0.227663 -31.676638 -60.284418
0.227663 -31.676638 -60.284418
-4.887922 -54.200905 -63.273110
-4.887922 -54.200905 -63.273110
-4.887922 -54.200905 -63.273110
-4.887922 -54.200905 -63.273110
-4.887922 -54.200905 -63.273110
-6.313259 -57.808187 -65.054178
-6.313259 -57.808187 -65.054178
-6.313259 -57.808187 -65.054178
-6.313259 -57.808187 -65.054178
-6.313259 -57.808187 -65.054178
-6.685788 -27.917546 -73.868687
-6.685788 -27.917546 -73.868687
-6.685788 -27.917546 -73.868687
-6.685788 -27.917546 -73.868687
-6.685788 -27.917546 -73.868687
-2.854789 -8.896971 -82.670998
-2.854789 -8.896971 -82.670998
-2.854789 -8.896971 -82.670998
-2.854789 -8.896971 -82.670998
-2.854789 -8.896971 -82.670998
-0.170146 -7.251199 -88.354296
-0.170146 -7.251199 -88.354296
-0.170146 -7.251199 -88.354296
-0.170146 -7.251199 -88.354296
-0.170146 -7.251199 -88.354296
1.718953 -6.034508 -90.602316
1.718953 -6.034508 -90.602316
1.718953 -6.034508 -90.602316
1.718953 -6.034508 -90.602316
1.718953 -6.034508 -90.602316
1.718953 -6.034508 -90.602316
3.114091 -4.912462 -89.121210
3.114091 -4.912462 -89.121210
3.114091 -4.912462 -89.121210
3.114091 -4.912462 -89.121210
3.114091 -4.912462 -89.121210
3.561402 -11.311134 -86.548189
3.561402 -11.311134 -86.548189
3.561402 -11.311134 -86.548189
3.561402 -11.311134 -86.548189
3.561402 -11.311134 -86.548189
0.836560 -46.356736 -85.493703
0.836560 -46.356736 -85.493703
0.836560 -46.356736 -85.493703
0.836560 -46.356736 -85.493703
0.836560 -46.356736 -85.493703
-0.615391 -57.812265 -85.127428
-0.615391 -57.812265 -85.127428
-0.615391 -57.812265 -85.127428
-0.615391 -57.812265 -85.127428
-0.615391 -57.812265 -85.127428
-0.615391 -57.812265 -85.127428
-0.615391 -57.812265 -85.127428
-0.615391 -57.812265 -85.127428
-0.615391 -57.812265 -85.127428
-0.615391 -57.812265 -85.127428
-0.615391 -57.812265 -85.127428
0.607180 -8.963252 -94.360423
0.607180 -8.963252 -94.360423
0.607180 -8.963252 -94.360423
0.607180 -8.963252 -94.360423
0.607180 -8.963252 -94.360423
1.910924 -6.099798 -94.383174
1.910924 -6.099798 -94.383174
1.910924 -6.099798 -94.383174
1.910924 -6.099798 -94.383174
1.910924 -6.099798 -94.383174
4.003700 -36.900070 -93.606759
4.003700 -36.900070 -93.606759
4.003700 -36.900070 -93.606759
4.003700 -36.900070 -93.606759
4.003700 -36.900070 -93.606759
4.549733 -52.571823 -94.168399
4.549733 -52.571823 -94.168399
4.549733 -52.571823 -94.168399
4.549733 -52.571823 -94.168399
4.549733 -52.571823 -94.168399
4.957686 -54.286859 -94.414518
4.957686 -54.286859 -94.414518
4.957686 -54.286859 -94.414518
4.957686 -54.286859 -94.414518
4.957686 -54.286859 -94.414518
4.685243 -26.855969 -95.938770
4.685243 -26.855969 -95.938770
4.685243 -26.855969 -95.938770
4.685243 -26.855969 -95.938770
4.685243 -26.855969 -95.938770
4.685243 -26.855969 -95.938770
4.118929 -10.416726 -94.281814
4.118929 -10.416726 -94.281814
4.118929 -10.416726 -94.281814
4.118929 -10.416726 -94.281814
5.108267 -27.293632 -90.618538
5.108267 -27.293632 -90.618538
5.108267 -27.293632 -90.618538
5.108267 -27.293632 -90.618538
5.108267 -27.293632 -90.618538
8.531238 -53.536887 -89.681743
8.531238 -53.536887 -89.681743
8.531238 -53.536887 -89.681743
8.531238 -53.536887 -89.681743
8.531238 -53.536887 -89.681743
7.404910 -51.865608 -89.420898
7.404910 -51.865608 -89.420898
7.404910 -51.865608 -89.420898
7.404910 -51.865608 -89.420898
7.404910 -51.865608 -89.420898
6.033557 -21.091079 -90.143286
6.033557 -21.091079 -90.143286
6.033557 -21.091079 -90.143286
6.033557 -21.091079 -90.143286
6.033557 -21.091079 -90.143286
6.255600 -11.724503 -89.472664
6.255600 -11.724503 -89.472664
6.255600 -11.724503 -89.472664
6.255600 -11.724503 -89.472664
6.255600 -11.724503 -89.472664
6.854615 -7.622058 -87.201435
6.854615 -7.622058 -87.201435
6.854615 -7.622058 -87.201435
6.854615 -7.622058 -87.201435
6.854615 -7.622058 -87.201435
9.763946 -4.355279 -83.490395
9.763946 -4.355279 -83.490395
9.763946 -4.355279 -83.490395
9.763946 -4.355279 -83.490395
9.763946 -4.355279 -83.490395
9.763946 -4.355279 -83.490395
33.381026 6.890067 -70.587799
33.381026 6.890067 -70.587799
33.381026 6.890067 -70.587799
33.381026 6.890067 -70.587799
33.381026 6.890067 -70.587799
49.071511 17.123651 -57.821260
49.071511 17.123651 -57.821260
49.071511 17.123651 -57.821260
49.071511 17.123651 -57.821260
49.071511 17.123651 -57.821260
39.695478 15.780290 -53.814979
39.695478 15.780290 -53.814979
39.695478 15.780290 -53.814979
39.695478 15.780290 -53.814979
39.695478 15.780290 -53.814979
22.919677 10.149376 -49.109631
22.919677 10.149376 -49.109631
22.919677 10.149376 -49.109631
22.919677 10.149376 -49.109631
22.919677 10.149376 -49.109631
9.950989 6.542234 -40.067372
9.950989 6.542234 -40.067372
9.950989 6.542234 -40.067372
9.950989 6.542234 -40.067372
9.950989 6.542234 -40.067372
5.741739 6.620559 -29.048050
5.741739 6.620559 -29.048050
5.741739 6.620559 -29.048050
5.741739 6.620559 -29.048050
5.741739 6.620559 -29.048050
6.800022 6.094145 -18.089042
6.800022 6.094145 -18.089042
6.800022 6.094145 -18.089042
6.800022 6.094145 -18.089042
6.800022 6.094145 -18.089042
7.837900 4.483064 -10.289881
7.837900 4.483064 -10.289881
7.837900 4.483064 -10.289881
7.837900 4.483064 -10.289881
20.865335 7.925495 -4.059157
20.865335 7.925495 -4.059157
20.865335 7.925495 -4.059157
20.865335 7.925495 -4.059157
20.865335 7.925495 -4.059157
20.865335 7.925495 -4.059157
39.079207 10.702242 1.636831
39.079207 10.702242 1.636831
39.079207 10.702242 1.636831
39.079207 10.702242 1.636831
51.590697 13.777771 6.652724
51.590697 13.777771 6.652724
51.590697 13.777771 6.652724
51.590697 13.777771 6.652724
51.590697 13.777771 6.652724
56.925061 15.147420 10.205645
56.925061 15.147420 10.205645
56.925061 15.147420 10.205645
56.925061 15.147420 10.205645
56.925061 15.147420 10.205645
54.485751 15.310450 12.753620
54.485751 15.310450 12.753620
54.485751 15.310450 12.753620
54.485751 15.310450 12.753620
54.485751 15.310450 12.753620
38.367652 13.475038 14.485785
38.367652 13.475038 14.485785
38.367652 13.475038 14.485785
38.367652 13.475038 14.485785
38.367652 13.475038 14.485785
15.632988 7.082530 18.360146
15.632988 7.082530 18.360146
15.632988 7.082530 18.360146
15.632988 7.082530 18.360146
15.632988 7.082530 18.360146
3.089145 0.932577 14.765482
3.089145 0.932577 14.765482
3.089145 0.932577 14.765482
3.089145 0.932577 14.765482
1.751647 -2.566937 6.138795
1.751647 -2.566937 6.138795
1.751647 -2.566937 6.138795
1.751647 -2.566937 6.138795
1.751647 -2.566937 6.138795
0.586189 -8.306630 -6.686783
0.586189 -8.306630 -6.686783
0.586189 -8.306630 -6.686783
0.586189 -8.306630 -6.686783
0.586189 -8.306630 -6.686783
-3.212546 -20.227054 -21.004674
-3.212546 -20.227054 -21.004674
-3.212546 -20.227054 -21.004674
-3.212546 -20.227054 -21.004674
-3.212546 -20.227054 -21.004674
-8.049918 -34.655270 -32.207928
-8.049918 -34.655270 -32.207928
-8.049918 -34.655270 -32.207928
-8.049918 -34.655270 -32.207928
-8.049918 -34.655270 -32.207928
-10.509295 -47.645231 -38.099157
-10.509295 -47.645231 -38.099157
-10.509295 -47.645231 -38.099157
-10.509295 -47.645231 -38.099157
-10.509295 -47.645231 -38.099157
-10.949434 -60.073672 -41.546968
-10.949434 -60.073672 -41.546968
-10.949434 -60.073672 -41.546968
-10.949434 -60.073672 -41.546968
-10.949434 -60.073672 -41.546968
-11.786803 -55.611745 -43.793250
-11.786803 -55.611745 -43.793250
-11.786803 -55.611745 -43.793250
-11.786803 -55.611745 -43.793250
-11.786803 -55.611745 -43.793250
-13.219350 -40.201756 -49.080052
-13.219350 -40.201756 -49.080052
-13.219350 -40.201756 -49.080052
-13.219350 -40.201756 -49.080052
-13.219350 -40.201756 -49.080052
-11.284476 -17.220056 -58.680983
-11.284476 -17.220056 -58.680983
-11.284476 -17.220056 -58.680983
-11.284476 -17.220056 -58.680983
-11.284476 -17.220056 -58.680983
-11.284476 -17.220056 -58.680983
-7.435639 -6.841002 -68.652212
-7.435639 -6.841002 -68.652212
-7.435639 -6.841002 -68.652212
-7.435639 -6.841002 -68.652212
-4.242184 -0.100521 -77.376290
-4.242184 -0.100521 -77.376290
-4.242184 -0.100521 -77.376290
-4.242184 -0.100521 -77.376290
-4.242184 -0.100521 -77.376290
-1.868467 1.223087 -82.443573
-1.868467 1.223087 -82.443573
-1.868467 1.223087 -82.443573
-1.868467 1.223087 -82.443573
-1.868467 1.223087 -82.443573
-0.198176 0.461302 -84.055416
-0.198176 0.461302 -84.055416
-0.198176 0.461302 -84.055416
-0.198176 0.461302 -84.055416
-0.198176 0.461302 -84.055416
4.150698 -1.380797 -84.053360
4.150698 -1.380797 -84.053360
4.150698 -1.380797 -84.053360
4.150698 -1.380797 -84.053360
16.407991 -0.432049 -82.274895
16.407991 -0.432049 -82.274895
16.407991 -0.432049 -82.274895
16.407991 -0.432049 -82.274895
16.407991 -0.432049 -82.274895
26.711193 3.295861 -75.591336
26.711193 3.295861 -75.591336
26.711193 3.295861 -75.591336
26.711193 3.295861 -75.591336
26.711193 3.295861 -75.591336
32.987491 7.885056 -64.286144
32.987491 7.885056 -64.286144
32.987491 7.885056 -64.286144
32.987491 7.885056 -64.286144
32.987491 7.885056 -64.286144
32.987491 7.885056 -64.286144
40.282157 11.316526 -54.487715
40.282157 11.316526 -54.487715
40.282157 11.316526 -54.487715
40.282157 11.316526 -54.487715
40.282157 11.316526 -54.487715
40.022631 13.107692 -47.287336
40.022631 13.107692 -47.287336
40.022631 13.107692 -47.287336
40.022631 13.107692 -47.287336
40.022631 13.107692 -47.287336
27.754224 11.328119 -41.564153
27.754224 11.328119 -41.564153
27.754224 11.328119 -41.564153
27.754224 11.328119 -41.564153
7.588924 7.627014 -34.051884
7.588924 7.627014 -34.051884
7.588924 7.627014 -34.051884
7.588924 7.627014 -34.051884
7.588924 7.627014 -34.051884
7.588924 7.627014 -34.051884
-0.588091 2.454432 -42.199876
-0.588091 2.454432 -42.199876
-0.588091 2.454432 -42.199876
-0.588091 2.454432 -42.199876
-0.588091 2.454432 -42.199876
-1.030028 -0.459267 -49.391038
-1.030028 -0.459267 -49.391038
-1.030028 -0.459267 -49.391038
-1.030028 -0.459267 -49.391038
-1.030028 -0.459267 -49.391038
-1.254101 -2.388329 -54.287867
-1.254101 -2.388329 -54.287867
-1.254101 -2.388329 -54.287867
-1.254101 -2.388329 -54.287867
-1.254101 -2.388329 -54.287867
8.656232 -1.724021 -57.474471
8.656232 -1.724021 -57.474471
8.656232 -1.724021 -57.474471
8.656232 -1.724021 -57.474471
8.656232 -1.724021 -57.474471
8.656232 -1.724021 -57.474471
25.588448 1.269922 -54.853502
25.588448 1.269922 -54.853502
25.588448 1.269922 -54.853502
25.588448 1.269922 -54.853502
25.588448 1.269922 -54.853502
41.495667 4.948696 -48.388984
41.495667 4.948696 -48.388984
41.495667 4.948696 -48.388984
41.495667 4.948696 -48.388984
41.495667 4.948696 -48.388984
54.271874 9.229939 -40.978932
54.271874 9.229939 -40.978932
54.271874 9.229939 -40.978932
54.271874 9.229939 -40.978932
54.271874 9.229939 -40.978932
54.271874 9.229939 -40.978932
55.504211 12.059415 -34.282335
55.504211 12.059415 -34.282335
55.504211 12.059415 -34.282335
55.504211 12.059415 -34.282335
55.504211 12.059415 -34.282335
37.764738 12.297013 -28.467819
37.764738 12.297013 -28.467819
37.764738 12.297013 -28.467819
37.764738 12.297013 -28.467819
37.764738 12.297013 -28.467819
10.384930 8.127396 -20.877477
10.384930 8.127396 -20.877477
10.384930 8.127396 -20.877477
10.384930 8.127396 -20.877477
10.384930 8.127396 -20.877477
4.739579 5.157411 -22.693713
4.739579 5.157411 -22.693713
4.739579 5.157411 -22.693713
4.739579 5.157411 -22.693713
4.739579 5.157411 -22.693713
1.532433 0.438748 -34.661660
1.532433 0.438748 -34.661660
1.532433 0.438748 -34.661660
1.532433 0.438748 -34.661660
1.532433 0.438748 -34.661660
0.692650 -1.591445 -53.652099
0.692650 -1.591445 -53.652099
0.692650 -1.591445 -53.652099
0.692650 -1.591445 -53.652099
0.692650 -1.591445 -53.652099
-0.407492 -9.996901 -65.984736
-0.407492 -9.996901 -65.984736
-0.407492 -9.996901 -65.984736
-0.407492 -9.996901 -65.984736
-0.407492 -9.996901 -65.984736
-1.854861 -10.280500 -78.246456
-1.854861 -10.280500 -78.246456
-1.854861 -10.280500 -78.246456
-1.854861 -10.280500 -78.246456
-1.854861 -10.280500 -78.246456
-2.199914 -10.128641 -87.457294
-2.199914 -10.128641 -87.457294
-2.199914 -10.128641 -87.457294
-2.199914 -10.128641 -87.457294
-2.199914 -10.128641 -87.457294
-2.100449 -10.150995 -94.493605
-2.100449 -10.150995 -94.493605
-2.100449 -10.150995 -94.493605
-2.100449 -10.150995 -94.493605
-2.100449 -10.150995 -94.493605
-1.774608 -10.213530 -100.036604
-1.774608 -10.213530 -100.036604
-1.774608 -10.213530 -100.036604
-1.774608 -10.213530 -100.036604
-1.774608 -10.213530 -100.036604
-1.358751 -10.322312 -104.028856
-1.358751 -10.322312 -104.028856
