0.424552 -10.599563 -123.906148
0.424552 -10.599563 -123.906148
0.398815 -10.617043 -123.972414
0.398815 -10.617043 -123.972414
0.398815 -10.617043 -123.972414
0.398815 -10.617043 -123.972414
0.398815 -10.617043 -123.972414
0.396410 -10.621974 -124.020226
0.396410 -10.621974 -124.020226
0.396410 -10.621974 -124.020226
0.396410 -10.621974 -124.020226
0.396410 -10.621974 -124.020226
0.396609 -10.631715 -124.036973
0.396609 -10.631715 -124.036973
0.396609 -10.631715 -124.036973
0.396609 -10.631715 -124.036973
0.396609 -10.631715 -124.036973
0.405759 -10.626910 -124.024706
0.405759 -10.626910 -124.024706
0.405759 -10.626910 -124.024706
0.405759 -10.626910 -124.024706
0.405759 -10.626910 -124.024706
0.132822 -10.858991 -122.588864
0.132822 -10.858991 -122.588864
0.132822 -10.858991 -122.588864
0.132822 -10.858991 -122.588864
0.132822 -10.858991 -122.588864
0.552196 -8.502664 -116.818542
0.552196 -8.502664 -116.818542
0.552196 -8.502664 -116.818542
0.552196 -8.502664 -116.818542
0.552196 -8.502664 -116.818542
5.552125 -1.864195 -107.293393
5.552125 -1.864195 -107.293393
5.552125 -1.864195 -107.293393
5.552125 -1.864195 -107.293393
5.552125 -1.864195 -107.293393
-1.914230 7.403514 -99.202474
-1.914230 7.403514 -99.202474
-1.914230 7.403514 -99.202474
-1.914230 7.403514 -99.202474
-1.868792 7.002246 -89.893718
-1.868792 7.002246 -89.893718
-1.868792 7.002246 -89.893718
-1.868792 7.002246 -89.893718
-1.868792 7.002246 -89.893718
-3.242309 4.412362 -88.036125
-3.242309 4.412362 -88.036125
-3.242309 4.412362 -88.036125
-3.242309 4.412362 -88.036125
-3.242309 4.412362 -88.036125
-3.242309 4.412362 -88.036125
-2.407479 4.919161 -84.265021
-2.407479 4.919161 -84.265021
-2.407479 4.919161 -84.265021
-2.407479 4.919161 -84.265021
-2.372934 5.617427 -81.825366
-2.372934 5.617427 -81.825366
-2.372934 5.617427 -81.825366
-2.372934 5.617427 -81.825366
-2.372934 5.617427 -81.825366
-1.899424 6.479835 -80.159401
-1.899424 6.479835 -80.159401
-1.899424 6.479835 -80.159401
-1.899424 6.479835 -80.159401
-1.899424 6.479835 -80.159401
-1.776026 6.930256 -79.318420
-1.776026 6.930256 -79.318420
-1.776026 6.930256 -79.318420
-1.776026 6.930256 -79.318420
-1.776026 6.930256 -79.318420
-1.828336 7.836705 -78.648911
-1.828336 7.836705 -78.648911
-1.828336 7.836705 -78.648911
-1.828336 7.836705 -78.648911
-1.828336 7.836705 -78.648911
-1.249941 8.086645 -77.836610
-1.249941 8.086645 -77.836610
-1.249941 8.086645 -77.836610
-1.249941 8.086645 -77.836610
-1.249941 8.086645 -77.836610
-1.249941 8.086645 -77.836610
-1.021209 6.558974 -77.515202
-1.021209 6.558974 -77.515202
-1.021209 6.558974 -77.515202
-1.021209 6.558974 -77.515202
-1.021209 6.558974 -77.515202
0.153666 7.216279 -76.108696
0.153666 7.216279 -76.108696
0.153666 7.216279 -76.108696
0.153666 7.216279 -76.108696
0.153666 7.216279 -76.108696
0.249194 7.993443 -75.676044
0.249194 7.993443 -75.676044
0.249194 7.993443 -75.676044
0.249194 7.993443 -75.676044
0.249194 7.993443 -75.676044
1.708825 8.089903 -74.580318
1.708825 8.089903 -74.580318
1.708825 8.089903 -74.580318
1.708825 8.089903 -74.580318
1.708825 8.089903 -74.580318
3.448255 7.897722 -74.143035
3.448255 7.897722 -74.143035
3.448255 7.897722 -74.143035
3.448255 7.897722 -74.143035
3.448255 7.897722 -74.143035
19.719757 7.675202 -70.417761
19.719757 7.675202 -70.417761
19.719757 7.675202 -70.417761
19.719757 7.675202 -70.417761
19.719757 7.675202 -70.417761
34.259918 12.865836 -59.373967
34.259918 12.865836 -59.373967
34.259918 12.865836 -59.373967
34.259918 12.865836 -59.373967
34.259918 12.865836 -59.373967
42.490440 19.253753 -46.767135
42.490440 19.253753 -46.767135
42.490440 19.253753 -46.767135
42.490440 19.253753 -46.767135
42.490440 19.253753 -46.767135
42.490440 19.253753 -46.767135
45.489070 22.790714 -38.757786
45.489070 22.790714 -38.757786
45.489070 22.790714 -38.757786
45.489070 22.790714 -38.757786
45.489070 22.790714 -38.757786
33.089275 22.112497 -36.934221
33.089275 22.112497 -36.934221
33.089275 22.112497 -36.934221
33.089275 22.112497 -36.934221
33.089275 22.112497 -36.934221
8.959494 19.487211 -35.834499
8.959494 19.487211 -35.834499
8.959494 19.487211 -35.834499
8.959494 19.487211 -35.834499
8.959494 19.487211 -35.834499
0.314752 13.372399 -43.332766
0.314752 13.372399 -43.332766
0.314752 13.372399 -43.332766
0.314752 13.372399 -43.332766
0.314752 13.372399 -43.332766
0.674303 11.968844 -48.958154
0.674303 11.968844 -48.958154
0.674303 11.968844 -48.958154
0.674303 11.968844 -48.958154
0.674303 11.968844 -48.958154
0.674303 11.968844 -48.958154
0.719101 10.198797 -53.779632
0.719101 10.198797 -53.779632
0.719101 10.198797 -53.779632
0.719101 10.198797 -53.779632
0.324646 8.577166 -57.382366
0.324646 8.577166 -57.382366
0.324646 8.577166 -57.382366
0.324646 8.577166 -57.382366
0.324646 8.577166 -57.382366
-0.010367 7.198780 -60.858092
-0.010367 7.198780 -60.858092
-0.010367 7.198780 -60.858092
-0.010367 7.198780 -60.858092
-0.010367 7.198780 -60.858092
21.946059 10.891378 -58.987809
21.946059 10.891378 -58.987809
21.946059 10.891378 -58.987809
21.946059 10.891378 -58.987809
21.946059 10.891378 -58.987809
45.387956 20.876330 -46.122212
45.387956 20.876330 -46.122212
45.387956 20.876330 -46.122212
45.387956 20.876330 -46.122212
50.415457 28.895426 -34.284162
50.415457 28.895426 -34.284162
50.415457 28.895426 -34.284162
50.415457 28.895426 -34.284162
50.415457 28.895426 -34.284162
49.513752 30.224202 -29.722716
49.513752 30.224202 -29.722716
49.513752 30.224202 -29.722716
49.513752 30.224202 -29.722716
49.513752 30.224202 -29.722716
22.436774 23.225990 -33.108697
22.436774 23.225990 -33.108697
22.436774 23.225990 -33.108697
22.436774 23.225990 -33.108697
22.436774 23.225990 -33.108697
4.947210 16.118849 -36.672672
4.947210 16.118849 -36.672672
4.947210 16.118849 -36.672672
4.947210 16.118849 -36.672672
4.947210 16.118849 -36.672672
4.947210 16.118849 -36.672672
4.864954 13.764034 -43.091411
4.864954 13.764034 -43.091411
4.864954 13.764034 -43.091411
4.864954 13.764034 -43.091411
4.864954 13.764034 -43.091411
2.996404 10.321264 -49.524510
2.996404 10.321264 -49.524510
2.996404 10.321264 -49.524510
2.996404 10.321264 -49.524510
1.324856 9.940867 -54.733253
1.324856 9.940867 -54.733253
1.324856 9.940867 -54.733253
1.324856 9.940867 -54.733253
1.324856 9.940867 -54.733253
0.410082 -8.506221 -59.019528
0.410082 -8.506221 -59.019528
0.410082 -8.506221 -59.019528
0.410082 -8.506221 -59.019528
0.410082 -8.506221 -59.019528
0.441284 -28.523985 -59.898082
0.441284 -28.523985 -59.898082
0.441284 -28.523985 -59.898082
0.441284 -28.523985 -59.898082
0.441284 -28.523985 -59.898082
-2.588906 -39.673547 -62.792374
-2.588906 -39.673547 -62.792374
-2.588906 -39.673547 -62.792374
-2.588906 -39.673547 -62.792374
-2.588906 -39.673547 -62.792374
-5.136330 -22.208997 -68.939674
-5.136330 -22.208997 -68.939674
-5.136330 -22.208997 -68.939674
-5.136330 -22.208997 -68.939674
-5.136330 -22.208997 -68.939674
-2.434556 -1.949583 -75.845617
-2.434556 -1.949583 -75.845617
-2.434556 -1.949583 -75.845617
-2.434556 -1.949583 -75.845617
-2.434556 -1.949583 -75.845617
-0.226647 1.070038 -79.075504
-0.226647 1.070038 -79.075504
-0.226647 1.070038 -79.075504
-0.226647 1.070038 -79.075504
-0.226647 1.070038 -79.075504
0.620495 1.351111 -80.305819
0.620495 1.351111 -80.305819
0.620495 1.351111 -80.305819
0.620495 1.351111 -80.305819
0.620495 1.351111 -80.305819
0.439964 2.844317 -81.277878
0.439964 2.844317 -81.277878
0.439964 2.844317 -81.277878
0.439964 2.844317 -81.277878
0.439964 2.844317 -81.277878
-0.490094 -10.289513 -79.226472
-0.490094 -10.289513 -79.226472
-0.490094 -10.289513 -79.226472
-0.490094 -10.289513 -79.226472
-0.490094 -10.289513 -79.226472
5.125909 -37.613978 -76.581338
5.125909 -37.613978 -76.581338
5.125909 -37.613978 -76.581338
5.125909 -37.613978 -76.581338
5.125909 -37.613978 -76.581338
6.784690 -48.514257 -74.468105
6.784690 -48.514257 -74.468105
6.784690 -48.514257 -74.468105
6.784690 -48.514257 -74.468105
6.784690 -48.514257 -74.468105
5.943330 -47.336503 -73.512185
5.943330 -47.336503 -73.512185
5.943330 -47.336503 -73.512185
5.943330 -47.336503 -73.512185
5.943330 -47.336503 -73.512185
4.772054 -22.747962 -74.770791
4.772054 -22.747962 -74.770791
4.772054 -22.747962 -74.770791
4.772054 -22.747962 -74.770791
4.772054 -22.747962 -74.770791
4.462452 -3.164534 -72.377896
4.462452 -3.164534 -72.377896
4.462452 -3.164534 -72.377896
4.462452 -3.164534 -72.377896
4.462452 -3.164534 -72.377896
4.462452 -3.164534 -72.377896
3.746093 -3.795764 -71.443881
3.746093 -3.795764 -71.443881
3.746093 -3.795764 -71.443881
3.746093 -3.795764 -71.443881
3.746093 -3.795764 -71.443881
3.427425 -3.988522 -70.022314
3.427425 -3.988522 -70.022314
3.427425 -3.988522 -70.022314
3.427425 -3.988522 -70.022314
3.427425 -3.988522 -70.022314
2.706912 -4.408790 -69.313648
2.706912 -4.408790 -69.313648
2.706912 -4.408790 -69.313648
2.706912 -4.408790 -69.313648
2.706912 -4.408790 -69.313648
2.706912 -4.408790 -69.313648
1.995506 -3.487627 -68.344772
1.995506 -3.487627 -68.344772
1.995506 -3.487627 -68.344772
1.995506 -3.487627 -68.344772
1.995506 -3.487627 -68.344772
2.427963 -0.400090 -67.126498
2.427963 -0.400090 -67.126498
2.427963 -0.400090 -67.126498
2.427963 -0.400090 -67.126498
2.427963 -0.400090 -67.126498
2.430085 7.965301 -64.803401
2.430085 7.965301 -64.803401
2.430085 7.965301 -64.803401
2.430085 7.965301 -64.803401
2.430085 7.965301 -64.803401
1.911992 13.247777 -69.514920
1.911992 13.247777 -69.514920
1.911992 13.247777 -69.514920
1.911992 13.247777 -69.514920
1.911992 13.247777 -69.514920
2.404287 14.501817 -72.544997
2.404287 14.501817 -72.544997
2.404287 14.501817 -72.544997
2.404287 14.501817 -72.544997
2.404287 14.501817 -72.544997
33.945320 17.960391 -65.971575
33.945320 17.960391 -65.971575
33.945320 17.960391 -65.971575
33.945320 17.960391 -65.971575
33.945320 17.960391 -65.971575
69.136111 44.355969 -32.284904
69.136111 44.355969 -32.284904
69.136111 44.355969 -32.284904
69.136111 44.355969 -32.284904
54.855698 28.070090 -50.175826
54.855698 28.070090 -50.175826
54.855698 28.070090 -50.175826
54.855698 28.070090 -50.175826
54.855698 28.070090 -50.175826
54.855698 28.070090 -50.175826
22.403509 21.791203 -53.454795
22.403509 21.791203 -53.454795
22.403509 21.791203 -53.454795
22.403509 21.791203 -53.454795
22.403509 21.791203 -53.454795
12.085890 17.699414 -46.949952
12.085890 17.699414 -46.949952
12.085890 17.699414 -46.949952
12.085890 17.699414 -46.949952
12.085890 17.699414 -46.949952
1.648263 12.722571 -46.880991
1.648263 12.722571 -46.880991
1.648263 12.722571 -46.880991
1.648263 12.722571 -46.880991
-0.562117 9.398062 -50.910406
-0.562117 9.398062 -50.910406
-0.562117 9.398062 -50.910406
-0.562117 9.398062 -50.910406
-0.562117 9.398062 -50.910406
-0.562117 9.398062 -50.910406
-0.735331 8.317525 -53.470003
-0.735331 8.317525 -53.470003
-0.735331 8.317525 -53.470003
-0.735331 8.317525 -53.470003
29.704797 21.393431 -36.249754
29.704797 21.393431 -36.249754
29.704797 21.393431 -36.249754
29.704797 21.393431 -36.249754
29.704797 21.393431 -36.249754
21.469247 20.097079 -30.814866
21.469247 20.097079 -30.814866
21.469247 20.097079 -30.814866
21.469247 20.097079 -30.814866
21.469247 20.097079 -30.814866
1.166340 8.262126 -41.151190
1.166340 8.262126 -41.151190
1.166340 8.262126 -41.151190
1.166340 8.262126 -41.151190
1.166340 8.262126 -41.151190
0.555360 6.296304 -46.306463
0.555360 6.296304 -46.306463
0.555360 6.296304 -46.306463
0.555360 6.296304 -46.306463
0.555360 6.296304 -46.306463
0.235738 4.312395 -50.715968
0.235738 4.312395 -50.715968
0.235738 4.312395 -50.715968
0.235738 4.312395 -50.715968
0.235738 4.312395 -50.715968
43.546353 24.135529 -30.809296
43.546353 24.135529 -30.809296
43.546353 24.135529 -30.809296
43.546353 24.135529 -30.809296
43.546353 24.135529 -30.809296
-2.267024 11.226079 -39.161552
-2.267024 11.226079 -39.161552
-2.267024 11.226079 -39.161552
-2.267024 11.226079 -39.161552
-2.267024 11.226079 -39.161552
-1.868269 7.627291 -43.126470
-1.868269 7.627291 -43.126470
-1.868269 7.627291 -43.126470
-1.868269 7.627291 -43.126470
-1.868269 7.627291 -43.126470
-1.868269 7.627291 -43.126470
-1.868269 7.627291 -43.126470
-1.868269 7.627291 -43.126470
-1.868269 7.627291 -43.126470
-1.868269 7.627291 -43.126470
1.791787 4.448956 -50.624925
1.791787 4.448956 -50.624925
1.791787 4.448956 -50.624925
1.791787 4.448956 -50.624925
1.791787 4.448956 -50.624925
1.791787 4.448956 -50.624925
52.888576 23.681687 -30.160879
52.888576 23.681687 -30.160879
52.888576 23.681687 -30.160879
52.888576 23.681687 -30.160879
52.888576 23.681687 -30.160879
-4.238015 8.325276 -37.454135
-4.238015 8.325276 -37.454135
-4.238015 8.325276 -37.454135
-4.238015 8.325276 -37.454135
-4.238015 8.325276 -37.454135
-4.773533 5.986478 -42.206174
-4.773533 5.986478 -42.206174
-4.773533 5.986478 -42.206174
-4.773533 5.986478 -42.206174
-4.773533 5.986478 -42.206174
5.382662 4.520240 -47.193793
5.382662 4.520240 -47.193793
5.382662 4.520240 -47.193793
5.382662 4.520240 -47.193793
5.382662 4.520240 -47.193793
47.585532 18.004331 -31.147934
47.585532 18.004331 -31.147934
47.585532 18.004331 -31.147934
47.585532 18.004331 -31.147934
47.585532 18.004331 -31.147934
-4.078327 6.453999 -37.238547
-4.078327 6.453999 -37.238547
-4.078327 6.453999 -37.238547
-4.078327 6.453999 -37.238547
-4.078327 6.453999 -37.238547
-3.779202 5.323912 -43.467809
-3.779202 5.323912 -43.467809
-3.779202 5.323912 -43.467809
-3.779202 5.323912 -43.467809
-3.779202 5.323912 -43.467809
-2.088664 4.233484 -48.573317
-2.088664 4.233484 -48.573317
-2.088664 4.233484 -48.573317
-2.088664 4.233484 -48.573317
-2.088664 4.233484 -48.573317
68.631797 23.234512 -27.445633
68.631797 23.234512 -27.445633
68.631797 23.234512 -27.445633
68.631797 23.234512 -27.445633
68.631797 23.234512 -27.445633
53.560557 17.674182 -32.784416
53.560557 17.674182 -32.784416
53.560557 17.674182 -32.784416
53.560557 17.674182 -32.784416
53.560557 17.674182 -32.784416
0.180797 5.305003 -38.115881
0.180797 5.305003 -38.115881
0.180797 5.305003 -38.115881
0.180797 5.305003 -38.115881
0.180797 5.305003 -38.115881
-2.059158 4.771104 -42.883927
-2.059158 4.771104 -42.883927
-2.059158 4.771104 -42.883927
-2.059158 4.771104 -42.883927
-2.059158 4.771104 -42.883927
-2.059158 4.771104 -42.883927
-1.531809 3.142349 -47.520085
-1.531809 3.142349 -47.520085
-1.531809 3.142349 -47.520085
-1.531809 3.142349 -47.520085
-1.531809 3.142349 -47.520085
-1.375919 -19.823857 -53.289020
-1.375919 -19.823857 -53.289020
-1.375919 -19.823857 -53.289020
-1.375919 -19.823857 -53.289020
-1.375919 -19.823857 -53.289020
-6.886959 -72.795022 -65.775241
-6.886959 -72.795022 -65.775241
-6.886959 -72.795022 -65.775241
-6.886959 -72.795022 -65.775241
-6.886959 -72.795022 -65.775241
-9.010060 -33.289983 -69.017559
-9.010060 -33.289983 -69.017559
-9.010060 -33.289983 -69.017559
-9.010060 -33.289983 -69.017559
-9.010060 -33.289983 -69.017559
-7.705993 -5.896466 -81.588727
-7.705993 -5.896466 -81.588727
-7.705993 -5.896466 -81.588727
-7.705993 -5.896466 -81.588727
-7.705993 -5.896466 -81.588727
-3.910392 -1.147654 -85.758394
-3.910392 -1.147654 -85.758394
-3.910392 -1.147654 -85.758394
-3.910392 -1.147654 -85.758394
-3.910392 -1.147654 -85.758394
-3.261814 2.098067 -89.179403
-3.261814 2.098067 -89.179403
-3.261814 2.098067 -89.179403
-3.261814 2.098067 -89.179403
-3.261814 2.098067 -89.179403
-6.520805 -5.032752 -92.066340
-6.520805 -5.032752 -92.066340
-6.520805 -5.032752 -92.066340
-6.520805 -5.032752 -92.066340
-6.520805 -5.032752 -92.066340
-4.157429 0.396901 -85.471444
-4.157429 0.396901 -85.471444
-4.157429 0.396901 -85.471444
-4.157429 0.396901 -85.471444
-4.157429 0.396901 -85.471444
-3.204350 -12.633737 -84.635545
-3.204350 -12.633737 -84.635545
-3.204350 -12.633737 -84.635545
-3.204350 -12.633737 -84.635545
-3.204350 -12.633737 -84.635545
-0.350197 -10.378420 -95.425317
-0.350197 -10.378420 -95.425317
-0.350197 -10.378420 -95.425317
-0.350197 -10.378420 -95.425317
-0.350197 -10.378420 -95.425317
-0.326547 -10.413468 -97.584716
-0.326547 -10.413468 -97.584716
-0.326547 -10.413468 -97.584716
-0.326547 -10.413468 -97.584716
-0.326547 -10.413468 -97.584716
-0.197231 -10.487293 -99.118763
-0.197231 -10.487293 -99.118763
-0.197231 -10.487293 -99.118763
-0.197231 -10.487293 -99.118763
-0.197231 -10.487293 -99.118763
-0.096481 -10.506649 -100.472377
