-0.000000 0.000000
-0.000000 -0.000002
-0.000000 0.000000
0.001004 0.002946
0.001004 0.002948
0.001006 0.002961
0.001004 0.002946
0.001004 0.002946
0.001004 0.002946
0.001978 0.006842
0.001966 0.006843
0.001966 0.006843
0.001966 0.006844
0.001987 0.006840
0.001522 0.006927
0.001522 0.006928
0.001521 0.006928
0.001527 0.006928
0.001522 0.006928
0.001522 0.006928
0.001449 0.006787
0.001480 0.006782
0.001467 0.006784
0.001459 0.006784
0.001466 0.006784
0.001472 0.006734
0.001473 0.006739
0.001472 0.006734
0.001481 0.006732
0.001481 0.006733
0.000694 0.006650
0.000690 0.006651
0.000684 0.006652
0.000680 0.006656
0.000689 0.006656
0.000681 0.006649
0.000399 0.006514
0.000400 0.006526
0.000394 0.006522
0.000403 0.006524
0.000402 0.006520
0.000401 0.006524
0.000112 0.006459
0.000120 0.006459
0.000114 0.006462
0.000108 0.006455
0.000119 0.006454
0.000110 0.006391
0.000100 0.006400
0.000126 0.006389
0.000128 0.006393
0.000129 0.006391
0.000130 0.006394
0.000211 0.006462
0.000204 0.006461
0.000212 0.006465
0.000212 0.006466
0.000207 0.006467
0.000210 0.006462
0.000213 0.006387
0.000221 0.006385
0.000200 0.006388
0.000218 0.006385
0.000218 0.006388
0.000233 0.006385
0.000404 0.006458
0.000409 0.006454
0.000398 0.006460
0.000401 0.006460
0.000405 0.006451
0.000525 0.006510
0.000525 0.006506
0.000525 0.006518
0.000528 0.006506
0.000514 0.006507
0.000540 0.006511
0.000924 0.006588
0.000907 0.006589
0.000909 0.006589
0.000917 0.006584
0.000902 0.006595
0.000644 0.006576
0.000642 0.006576
0.000638 0.006581
0.000634 0.006581
0.000642 0.006583
0.000635 0.006584
0.000348 0.006472
0.000343 0.006481
0.000347 0.006477
0.000340 0.006476
0.000343 0.006480
0.000333 0.006478
0.000301 0.006519
0.000302 0.006504
0.000312 0.006505
0.000304 0.006505
0.000300 0.006509
0.000308 0.006501
0.000307 0.006509
0.000293 0.006510
0.000293 0.006511
0.000290 0.006495
0.000293 0.006512
0.000295 0.006513
0.000018 0.006485
0.000050 0.006489
0.000017 0.006484
0.000026 0.006488
0.000020 0.006485
0.000155 0.006570
0.000162 0.006577
0.000163 0.006577
0.000155 0.006574
0.000135 0.006573
0.000169 0.006577
-0.000039 0.006353
-0.000027 0.006347
-0.000009 0.006348
-0.000027 0.006351
-0.000012 0.006339
0.000350 0.006467
0.000350 0.006468
0.000358 0.006456
0.000351 0.006464
0.000350 0.006460
0.000316 0.006580
0.000315 0.006590
0.000315 0.006589
0.000308 0.006586
0.000311 0.006574
0.000315 0.006585
0.000689 0.006723
0.000690 0.006719
0.000698 0.006715
0.000690 0.006721
0.000690 0.006720
0.000697 0.006739
0.000717 0.006735
0.000698 0.006733
0.000687 0.006742
0.000691 0.006743
0.000715 0.006739
0.000489 0.006749
0.000515 0.006738
0.000520 0.006743
0.000498 0.006745
0.000500 0.006744
0.000344 0.006717
0.000363 0.006710
0.000345 0.006712
0.000343 0.006717
0.000345 0.006720
0.000370 0.006716
0.000365 0.006712
0.000366 0.006715
0.000366 0.006715
0.000374 0.006719
0.000150 0.006636
0.000149 0.006637
0.000150 0.006636
0.000155 0.006631
0.000148 0.006636
0.000152 0.006637
-0.000080 0.006633
-0.000079 0.006640
-0.000073 0.006642
-0.000090 0.006640
-0.000079 0.006634
0.000115 0.006673
0.000115 0.006666
0.000122 0.006669
0.000130 0.006667
0.000119 0.006663
-0.000146 0.006662
-0.000131 0.006665
-0.000132 0.006662
-0.000129 0.006661
-0.000150 0.006662
-0.000059 0.006707
-0.000058 0.006712
-0.000061 0.006700
-0.000051 0.006712
-0.000058 0.006708
0.000091 0.006737
0.000102 0.006732
0.000083 0.006728
0.000094 0.006736
0.000094 0.006735
0.000090 0.006730
0.000434 0.006891
0.000435 0.006883
0.000448 0.006887
0.000458 0.006889
0.000446 0.006885
0.000575 0.006947
0.000591 0.006938
0.000589 0.006940
0.000586 0.006935
0.000588 0.006939
0.000436 0.006887
0.000441 0.006891
0.000440 0.006887
0.000452 0.006884
0.000130 0.006770
0.000120 0.006767
0.000107 0.006776
0.000125 0.006774
0.000101 0.006772
0.000116 0.006775
0.000118 0.006772
0.000113 0.006774
0.000108 0.006772
0.000113 0.006775
0.000114 0.006772
-0.000034 0.006726
-0.000030 0.006727
-0.000034 0.006726
-0.000032 0.006725
-0.000051 0.006713
-0.000141 0.006654
-0.000142 0.006653
-0.000154 0.006653
-0.000148 0.006660
-0.000143 0.006660
-0.000128 0.006694
-0.000141 0.006694
-0.000139 0.006701
-0.000155 0.006699
-0.000153 0.006698
-0.000121 0.006714
-0.000134 0.006717
-0.000139 0.006720
-0.000141 0.006704
-0.000142 0.006713
-0.000266 0.006727
-0.000261 0.006716
-0.000271 0.006733
-0.000261 0.006715
-0.000181 0.006753
-0.000182 0.006752
-0.000176 0.006770
-0.000180 0.006753
-0.000174 0.006749
-0.000014 0.006786
0.000002 0.006793
0.000002 0.006799
0.000002 0.006799
0.000369 0.006911
0.000374 0.006912
0.000373 0.006903
0.000361 0.006910
0.000344 0.006911
0.000347 0.006911
0.000133 0.006845
0.000143 0.006834
0.000142 0.006843
0.000163 0.006839
0.000141 0.006837
0.000013 0.006774
0.000020 0.006775
0.000022 0.006775
0.000029 0.006771
0.000026 0.006770
0.000035 0.006773
-0.000147 0.006727
-0.000141 0.006723
-0.000147 0.006725
-0.000137 0.006727
-0.000169 0.006726
-0.000401 0.006702
-0.000412 0.006701
-0.000407 0.006709
-0.000405 0.006709
-0.000420 0.006707
-0.000398 0.006707
-0.000292 0.006706
-0.000294 0.006700
-0.000283 0.006701
-0.000295 0.006694
-0.000284 0.006703
-0.000289 0.006706
-0.000369 0.006712
-0.000376 0.006711
-0.000368 0.006713
-0.000386 0.006721
-0.000367 0.006717
-0.000372 0.006712
-0.000239 0.006704
-0.000234 0.006713
-0.000231 0.006705
-0.000238 0.006707
-0.000243 0.006708
-0.000238 0.006707
-0.000238 0.006707
-0.000249 0.006707
-0.000234 0.006707
-0.000242 0.006707
-0.000241 0.006714
-0.000247 0.006712
-0.000238 0.006717
-0.000242 0.006714
-0.000239 0.006715
-0.000239 0.006714
-0.000183 0.006764
-0.000187 0.006768
-0.000175 0.006769
-0.000200 0.006770
-0.000180 0.006766
-0.000191 0.006770
-0.000189 0.006766
0.000251 0.006968
0.000236 0.006961
0.000243 0.006961
0.000242 0.006968
0.000238 0.006967
0.000148 0.006917
0.000149 0.006917
0.000154 0.006923
0.000146 0.006926
0.000152 0.006925
0.000147 0.006926
-0.000046 0.006930
-0.000044 0.006929
-0.000055 0.006932
-0.000043 0.006930
-0.000046 0.006926
-0.000144 0.006847
-0.000150 0.006845
-0.000142 0.006845
-0.000153 0.006850
-0.000177 0.006851
-0.000304 0.006774
-0.000320 0.006773
-0.000310 0.006771
-0.000308 0.006779
-0.000304 0.006779
-0.000453 0.006727
-0.000442 0.006726
-0.000442 0.006726
-0.000443 0.006725
-0.000444 0.006730
-0.000445 0.006722
-0.000410 0.006735
-0.000414 0.006735
-0.000391 0.006725
-0.000411 0.006735
-0.000411 0.006731
-0.000205 0.006814
-0.000221 0.006821
-0.000206 0.006823
-0.000230 0.006818
-0.000204 0.006815
-0.000514 0.006684
-0.000526 0.006690
-0.000526 0.006693
-0.000521 0.006690
-0.000531 0.006687
-0.000755 0.006625
-0.000773 0.006625
-0.000763 0.006621
-0.000769 0.006628
-0.000577 0.006695
-0.000561 0.006689
-0.000577 0.006691
-0.000587 0.006687
-0.000571 0.006703
-0.000109 0.006874
-0.000110 0.006878
-0.000109 0.006877
-0.000108 0.006877
-0.000109 0.006872
-0.000114 0.006881
-0.000330 0.006885
-0.000336 0.006881
-0.000334 0.006880
-0.000334 0.006889
-0.000334 0.006883
-0.000404 0.006866
-0.000404 0.006860
-0.000424 0.006866
-0.000404 0.006868
-0.000410 0.006860
-0.000414 0.006864
-0.000585 0.006798
-0.000580 0.006795
-0.000579 0.006799
-0.000584 0.006814
-0.000577 0.006799
-0.000592 0.006803
-0.000611 0.006769
-0.000608 0.006777
-0.000626 0.006774
-0.000606 0.006773
-0.000621 0.006771
-0.000849 0.006682
-0.000848 0.006686
-0.000839 0.006685
-0.000847 0.006688
-0.000835 0.006685
-0.000848 0.006686
-0.001061 0.006644
-0.001065 0.006642
-0.001059 0.006647
-0.001055 0.006643
-0.001076 0.006645
-0.000984 0.006685
-0.000974 0.006689
-0.000978 0.006688
-0.000988 0.006687
-0.000992 0.006693
-0.001181 0.006631
-0.001177 0.006624
-0.001182 0.006625
-0.001179 0.006630
-0.001180 0.006634
-0.001178 0.006630
-0.000951 0.006686
-0.000933 0.006687
-0.000952 0.006694
-0.000940 0.006685
-0.000928 0.006683
-0.000977 0.006692
-0.000769 0.006730
-0.000760 0.006729
-0.000762 0.006732
-0.000760 0.006728
-0.000763 0.006729
-0.000767 0.006726
-0.000411 0.006851
-0.000427 0.006865
-0.000421 0.006860
-0.000391 0.006856
-0.000418 0.006858
-0.000421 0.006851
-0.000527 0.006833
-0.000546 0.006833
-0.000546 0.006837
-0.000537 0.006833
-0.000549 0.006824
-0.000547 0.006808
-0.000542 0.006823
-0.000537 0.006813
-0.000544 0.006818
-0.000538 0.006817
-0.000536 0.006819
-0.000653 0.006722
-0.000658 0.006716
-0.000660 0.006720
-0.000663 0.006716
-0.000647 0.006714
-0.000647 0.006718
-0.000710 0.006725
-0.000710 0.006729
-0.000698 0.006719
-0.000718 0.006730
-0.000712 0.006724
-0.000711 0.006736
-0.000712 0.006725
-0.000880 0.006659
-0.000874 0.006663
-0.000880 0.006657
-0.000860 0.006667
-0.000874 0.006660
-0.000871 0.006671
-0.001055 0.006596
-0.001053 0.006600
-0.001063 0.006595
-0.001052 0.006599
-0.001047 0.006596
-0.001065 0.006598
-0.000926 0.006638
-0.000947 0.006648
-0.000933 0.006647
-0.000942 0.006648
-0.000934 0.006641
-0.000933 0.006645
-0.000935 0.006645
-0.000921 0.006671
-0.000931 0.006675
-0.000936 0.006685
-0.000928 0.006674
-0.000931 0.006665
-0.000911 0.006673
-0.001065 0.006593
-0.001074 0.006591
-0.001055 0.006612
-0.001054 0.006591
-0.001051 0.006588
-0.001068 0.006605
-0.000914 0.006672
-0.000901 0.006676
-0.000927 0.006675
-0.000902 0.006671
-0.000912 0.006678
-0.000943 0.006677
-0.000658 0.006792
-0.000655 0.006786
-0.000677 0.006790
-0.000657 0.006787
-0.000657 0.006787
-0.000582 0.006893
-0.000584 0.006894
-0.000580 0.006898
-0.000581 0.006893
-0.000582 0.006899
-0.000578 0.006898
-0.000865 0.006834
-0.000863 0.006829
-0.000872 0.006832
-0.000878 0.006833
-0.000874 0.006832
-0.000868 0.006833
-0.000954 0.006747
-0.000961 0.006750
-0.000970 0.006749
-0.000955 0.006747
-0.000957 0.006751
-0.000964 0.006750
-0.001131 0.006725
-0.001124 0.006723
-0.001127 0.006722
-0.001133 0.006721
-0.001132 0.006725
-0.001133 0.006725
-0.001152 0.006710
-0.001152 0.006709
-0.001148 0.006716
-0.001156 0.006710
-0.001373 0.006656
-0.001369 0.006663
-0.001373 0.006660
-0.001383 0.006660
-0.001406 0.006663
-0.001381 0.006664
-0.001198 0.006695
-0.001197 0.006694
-0.001198 0.006695
-0.001196 0.006696
-0.001224 0.006695
-0.001207 0.006695
-0.000992 0.006657
-0.000994 0.006655
-0.000993 0.006659
-0.000980 0.006658
-0.000993 0.006659
-0.000993 0.006659
-0.001185 0.006651
-0.001187 0.006648
-0.001205 0.006644
-0.001198 0.006646
-0.001192 0.006653
-0.001208 0.006659
-0.001205 0.006645
-0.001073 0.006685
-0.001087 0.006685
-0.001093 0.006691
-0.001074 0.006686
-0.001071 0.006685
-0.000859 0.006843
-0.000852 0.006843
-0.000854 0.006841
-0.000853 0.006842
-0.000852 0.006843
-0.000840 0.006841
-0.000858 0.006849
-0.000688 0.007024
-0.000687 0.007025
-0.000691 0.007026
-0.000688 0.007027
-0.000692 0.007019
-0.000687 0.007023
-0.001036 0.006938
-0.001029 0.006940
-0.001042 0.006937
-0.001033 0.006943
-0.001034 0.006940
-0.001034 0.006940
-0.001024 0.006938
-0.001068 0.006945
-0.001067 0.006945
-0.001078 0.006946
-0.001056 0.006944
-0.001053 0.006943
-0.001159 0.006792
-0.001136 0.006791
-0.001160 0.006779
-0.001169 0.006799
-0.001171 0.006796
-0.001156 0.006794
-0.001324 0.006778
-0.001342 0.006781
-0.001312 0.006776
-0.001337 0.006783
-0.001318 0.006778
-0.001270 0.006723
-0.001285 0.006730
-0.001282 0.006725
-0.001283 0.006734
-0.001282 0.006726
-0.001289 0.006731
-0.001353 0.006742
-0.001354 0.006738
-0.001357 0.006746
