0.000559 0.000336
0.000588 0.000430
-0.000473 -0.001508
-0.002885 -0.003760
-0.004714 -0.005838
-0.006644 -0.007960
-0.008464 -0.010117
-0.010511 -0.012307
-0.010033 -0.012829
-0.009840 -0.013705
-0.009060 -0.014182
-0.008039 -0.014604
-0.008502 -0.015555
-0.007115 -0.015845
-0.008740 -0.015786
-0.010253 -0.016518
-0.011781 -0.016191
-0.013304 -0.015946
-0.014548 -0.015499
-0.015448 -0.014940
-0.015157 -0.015646
-0.015110 -0.016534
-0.014333 -0.017143
-0.013534 -0.017666
-0.013003 -0.018173
-0.012103 -0.018593
-0.012439 -0.019238
-0.012424 -0.020785
-0.012540 -0.021235
-0.012734 -0.022307
-0.012862 -0.022961
-0.013006 -0.023616
-0.012215 -0.024304
-0.011529 -0.025574
-0.010261 -0.025834
-0.009674 -0.026448
-0.009286 -0.026941
-0.008665 -0.027459
-0.008299 -0.028092
-0.007979 -0.029609
-0.007212 -0.031917
-0.006748 -0.033454
-0.006004 -0.034575
-0.005744 -0.036121
-0.005458 -0.037605
-0.006382 -0.037878
-0.007017 -0.039167
-0.008542 -0.039780
-0.009860 -0.040406
-0.010694 -0.040891
-0.011650 -0.041385
-0.012571 -0.041786
-0.010087 -0.038522
-0.006535 -0.035481
-0.003183 -0.031671
-0.000312 -0.028071
0.002836 -0.024371
0.006246 -0.020468
0.010467 -0.017582
0.014481 -0.015310
0.018836 -0.012447
0.022750 -0.009677
0.027024 -0.006637
0.030974 -0.003849
0.031320 -0.003690
0.032164 -0.003785
0.032670 -0.003323
0.033790 -0.002677
0.034227 -0.002424
0.034672 -0.002163
0.035514 -0.001753
0.042072 0.115659
0.053207 0.225131
0.059792 0.342435
0.066445 0.459825
0.073610 0.575772
0.008592 0.121568
-1.356799 -3.283327
-1.164932 -3.213861
-2.061757 -6.158186
-3.390190 -6.289304
-5.325030 -6.218382
-5.964832 -6.533054
-10.717746 -10.636143
-11.352189 -12.343045
-12.195621 -14.569225
-12.432122 -15.963037
-14.937862 -17.055265
-15.911340 -18.082679
-18.632785 -18.610171
-17.261161 -18.274783
-14.935625 -19.448788
-12.065105 -18.640531
-8.773675 -17.844478
-5.686937 -16.920202
-3.128780 -16.224333
-2.470952 -16.474983
-0.898966 -16.290066
0.696669 -15.898342
1.936698 -15.266119
2.637088 -15.892290
3.164783 -16.380714
2.516392 -15.001062
3.141369 -11.954555
2.634323 -10.860910
2.200244 -9.837498
2.126198 -8.792054
2.083956 -8.031322
2.910909 -7.884672
1.402760 -7.840236
0.640792 -8.358901
-0.290950 -9.023817
-0.233194 -9.046325
-0.251650 -9.495507
0.742078 -9.537961
2.591000 -8.713004
5.779190 -5.519291
7.209740 -5.045743
8.175840 -4.757149
8.932602 -4.694185
7.067395 -4.097934
5.049080 -3.646662
3.087603 -3.426968
0.627037 -3.891110
-1.279433 -3.706859
-3.138706 -3.536103
-3.374363 -3.060979
-3.611479 -2.593382
-3.845355 -2.117501
-4.079214 -1.641729
-4.313069 -1.165901
-4.546899 -0.690104
-4.780782 -0.214283
-4.784274 -0.210289
-4.787122 -0.209070
-4.789981 -0.207945
-4.792823 -0.206789
-4.795705 -0.205552
-4.798478 -0.204435
-4.791887 -0.209111
-4.785217 -0.213561
-4.778626 -0.218282
-4.772032 -0.222959
-4.765415 -0.227605
-4.758827 -0.232313
-4.763371 -0.226972
-4.767938 -0.222208
-4.772500 -0.216850
-4.777045 -0.211510
-4.781628 -0.206154
-4.786182 -0.200826
-4.786483 -0.199675
-4.787945 -0.199318
-4.788227 -0.198132
-4.788468 -0.196975
-4.788782 -0.195771
-4.788981 -0.194627
