0.698802 -10.080998 -125.671410
0.697887 -10.310940 -124.894298
0.697887 -10.310940 -124.894298
0.697887 -10.310940 -124.894298
0.697887 -10.310940 -124.894298
0.697887 -10.310940 -124.894298
-3.022160 -16.248199 -125.747389
-3.022160 -16.248199 -125.747389
-3.022160 -16.248199 -125.747389
-3.022160 -16.248199 -125.747389
-3.022160 -16.248199 -125.747389
-3.044736 -5.323564 -112.854485
-3.044736 -5.323564 -112.854485
-3.044736 -5.323564 -112.854485
-3.044736 -5.323564 -112.854485
-3.044736 -5.323564 -112.854485
-2.401244 0.718617 -108.336499
-2.401244 0.718617 -108.336499
-2.401244 0.718617 -108.336499
-2.401244 0.718617 -108.336499
-2.401244 0.718617 -108.336499
-1.484015 2.916885 -98.804451
-1.484015 2.916885 -98.804451
-1.484015 2.916885 -98.804451
-1.484015 2.916885 -98.804451
-1.484015 2.916885 -98.804451
-3.145417 2.523536 -80.488896
-3.145417 2.523536 -80.488896
-3.145417 2.523536 -80.488896
-3.145417 2.523536 -80.488896
-3.145417 2.523536 -80.488896
-3.747411 2.445180 -64.970583
-3.747411 2.445180 -64.970583
-3.747411 2.445180 -64.970583
-3.747411 2.445180 -64.970583
-3.747411 2.445180 -64.970583
-3.607319 2.331119 -51.162485
-3.607319 2.331119 -51.162485
-3.607319 2.331119 -51.162485
-3.607319 2.331119 -51.162485
-3.607319 2.331119 -51.162485
-4.635631 2.088338 -37.747819
-4.635631 2.088338 -37.747819
-4.635631 2.088338 -37.747819
-4.635631 2.088338 -37.747819
-3.287241 2.120493 -26.690581
-3.287241 2.120493 -26.690581
-3.287241 2.120493 -26.690581
-3.287241 2.120493 -26.690581
-3.287241 2.120493 -26.690581
-3.287241 2.120493 -26.690581
5.674835 2.837555 -18.228614
5.674835 2.837555 -18.228614
5.674835 2.837555 -18.228614
5.674835 2.837555 -18.228614
5.674835 2.837555 -18.228614
5.674835 2.837555 -18.228614
5.674835 2.837555 -18.228614
5.674835 2.837555 -18.228614
5.674835 2.837555 -18.228614
5.674835 2.837555 -18.228614
38.875630 7.388296 -0.478692
38.875630 7.388296 -0.478692
38.875630 7.388296 -0.478692
38.875630 7.388296 -0.478692
38.875630 7.388296 -0.478692
52.608579 12.068042 8.338377
52.608579 12.068042 8.338377
52.608579 12.068042 8.338377
52.608579 12.068042 8.338377
52.608579 12.068042 8.338377
56.055783 14.241825 12.946911
56.055783 14.241825 12.946911
56.055783 14.241825 12.946911
56.055783 14.241825 12.946911
56.055783 14.241825 12.946911
46.527665 13.272245 12.957584
46.527665 13.272245 12.957584
46.527665 13.272245 12.957584
46.527665 13.272245 12.957584
46.527665 13.272245 12.957584
46.527665 13.272245 12.957584
30.678269 11.339308 12.250271
30.678269 11.339308 12.250271
30.678269 11.339308 12.250271
30.678269 11.339308 12.250271
30.678269 11.339308 12.250271
14.121999 10.354755 14.938288
14.121999 10.354755 14.938288
14.121999 10.354755 14.938288
14.121999 10.354755 14.938288
1.553592 5.460586 12.343048
1.553592 5.460586 12.343048
1.553592 5.460586 12.343048
1.553592 5.460586 12.343048
1.553592 5.460586 12.343048
5.186564 -5.181375 5.276238
5.186564 -5.181375 5.276238
5.186564 -5.181375 5.276238
5.186564 -5.181375 5.276238
5.186564 -5.181375 5.276238
-3.319702 -6.938743 -10.738819
-3.319702 -6.938743 -10.738819
-3.319702 -6.938743 -10.738819
-3.319702 -6.938743 -10.738819
-3.319702 -6.938743 -10.738819
-3.948851 -4.503771 -27.472609
-3.948851 -4.503771 -27.472609
-3.948851 -4.503771 -27.472609
-3.948851 -4.503771 -27.472609
-3.948851 -4.503771 -27.472609
-5.060929 -4.137183 -42.044937
-5.060929 -4.137183 -42.044937
-5.060929 -4.137183 -42.044937
-5.060929 -4.137183 -42.044937
