2.360505 -8.341309 -131.895106
2.360505 -8.341309 -131.895106
2.395935 -8.543450 -131.162199
2.395935 -8.543450 -131.162199
2.395935 -8.543450 -131.162199
2.395935 -8.543450 -131.162199
2.395935 -8.543450 -131.162199
2.395935 -8.543450 -131.162199
2.410962 -8.661328 -130.523904
2.410962 -8.661328 -130.523904
2.410962 -8.661328 -130.523904
2.410962 -8.661328 -130.523904
2.410962 -8.661328 -130.523904
2.395718 -8.744327 -130.052048
2.395718 -8.744327 -130.052048
2.395718 -8.744327 -130.052048
2.395718 -8.744327 -130.052048
2.395718 -8.744327 -130.052048
2.395718 -8.744327 -130.052048
2.395718 -8.744327 -130.052048
2.395718 -8.744327 -130.052048
2.395718 -8.744327 -130.052048
2.380542 -8.979429 -129.601665
2.380542 -8.979429 -129.601665
2.380542 -8.979429 -129.601665
2.380542 -8.979429 -129.601665
2.380542 -8.979429 -129.601665
-0.034145 -1.974779 -125.174172
-0.034145 -1.974779 -125.174172
-0.034145 -1.974779 -125.174172
-0.034145 -1.974779 -125.174172
-0.034145 -1.974779 -125.174172
-3.695826 -2.335018 -117.248885
-3.695826 -2.335018 -117.248885
-3.695826 -2.335018 -117.248885
-3.695826 -2.335018 -117.248885
-3.695826 -2.335018 -117.248885
-2.837936 0.243351 -112.637264
-2.837936 0.243351 -112.637264
-2.837936 0.243351 -112.637264
-2.837936 0.243351 -112.637264
-2.837936 0.243351 -112.637264
-2.713906 0.758145 -111.367956
-2.713906 0.758145 -111.367956
-2.713906 0.758145 -111.367956
-2.713906 0.758145 -111.367956
-2.713906 0.758145 -111.367956
-2.713906 0.758145 -111.367956
18.478267 5.947963 -106.518904
18.478267 5.947963 -106.518904
18.478267 5.947963 -106.518904
18.478267 5.947963 -106.518904
24.454084 9.596704 -97.907599
24.454084 9.596704 -97.907599
24.454084 9.596704 -97.907599
24.454084 9.596704 -97.907599
24.454084 9.596704 -97.907599
8.912465 4.302792 -99.221052
8.912465 4.302792 -99.221052
8.912465 4.302792 -99.221052
8.912465 4.302792 -99.221052
8.912465 4.302792 -99.221052
7.428070 3.834051 -98.322895
7.428070 3.834051 -98.322895
7.428070 3.834051 -98.322895
7.428070 3.834051 -98.322895
7.428070 3.834051 -98.322895
6.331679 3.447749 -97.370077
6.331679 3.447749 -97.370077
6.331679 3.447749 -97.370077
6.331679 3.447749 -97.370077
6.331679 3.447749 -97.370077
6.331679 3.447749 -97.370077
5.864517 3.358892 -96.964781
5.864517 3.358892 -96.964781
5.864517 3.358892 -96.964781
5.864517 3.358892 -96.964781
5.864517 3.358892 -96.964781
3.221920 2.879794 -94.697684
3.221920 2.879794 -94.697684
3.221920 2.879794 -94.697684
3.221920 2.879794 -94.697684
3.221920 2.879794 -94.697684
0.366290 1.472761 -84.235596
0.366290 1.472761 -84.235596
0.366290 1.472761 -84.235596
0.366290 1.472761 -84.235596
0.366290 1.472761 -84.235596
-0.512380 1.877671 -66.144829
-0.512380 1.877671 -66.144829
-0.512380 1.877671 -66.144829
-0.512380 1.877671 -66.144829
-0.512380 1.877671 -66.144829
-0.512380 1.877671 -66.144829
-1.006299 2.035541 -48.914676
-1.006299 2.035541 -48.914676
-1.006299 2.035541 -48.914676
-1.006299 2.035541 -48.914676
-1.006299 2.035541 -48.914676
-0.628776 1.559236 -35.839796
-0.628776 1.559236 -35.839796
-0.628776 1.559236 -35.839796
-0.628776 1.559236 -35.839796
-0.628776 1.559236 -35.839796
11.717507 5.389243 -24.480141
11.717507 5.389243 -24.480141
11.717507 5.389243 -24.480141
11.717507 5.389243 -24.480141
11.717507 5.389243 -24.480141
27.443849 11.696027 -12.078151
27.443849 11.696027 -12.078151
27.443849 11.696027 -12.078151
27.443849 11.696027 -12.078151
27.443849 11.696027 -12.078151
3.778454 8.195886 -1.894560
3.778454 8.195886 -1.894560
3.778454 8.195886 -1.894560
3.778454 8.195886 -1.894560
3.778454 8.195886 -1.894560
1.673832 6.633909 4.846018
1.673832 6.633909 4.846018
1.673832 6.633909 4.846018
1.673832 6.633909 4.846018
1.673832 6.633909 4.846018
31.342147 12.222149 9.147877
31.342147 12.222149 9.147877
31.342147 12.222149 9.147877
31.342147 12.222149 9.147877
30.018108 13.523193 14.125845
30.018108 13.523193 14.125845
30.018108 13.523193 14.125845
30.018108 13.523193 14.125845
30.018108 13.523193 14.125845
27.570228 13.943485 18.107277
27.570228 13.943485 18.107277
27.570228 13.943485 18.107277
27.570228 13.943485 18.107277
27.570228 13.943485 18.107277
26.494838 13.468833 20.954512
26.494838 13.468833 20.954512
26.494838 13.468833 20.954512
26.494838 13.468833 20.954512
26.494838 13.468833 20.954512
16.323833 9.752539 23.292750
16.323833 9.752539 23.292750
16.323833 9.752539 23.292750
16.323833 9.752539 23.292750
16.323833 9.752539 23.292750
2.689953 5.386403 25.197746
2.689953 5.386403 25.197746
2.689953 5.386403 25.197746
2.689953 5.386403 25.197746
2.689953 5.386403 25.197746
-2.246584 2.060687 26.218552
-2.246584 2.060687 26.218552
-2.246584 2.060687 26.218552
-2.246584 2.060687 26.218552
-2.246584 2.060687 26.218552
-3.462009 0.667731 27.260856
-3.462009 0.667731 27.260856
-3.462009 0.667731 27.260856
-3.462009 0.667731 27.260856
-3.462009 0.667731 27.260856
8.753123 2.824800 25.888217
8.753123 2.824800 25.888217
8.753123 2.824800 25.888217
8.753123 2.824800 25.888217
8.753123 2.824800 25.888217
26.981085 5.710435 23.464666
26.981085 5.710435 23.464666
26.981085 5.710435 23.464666
26.981085 5.710435 23.464666
26.981085 5.710435 23.464666
47.674403 6.551357 22.268339
47.674403 6.551357 22.268339
47.674403 6.551357 22.268339
47.674403 6.551357 22.268339
47.674403 6.551357 22.268339
54.704898 7.620494 23.822026
54.704898 7.620494 23.822026
54.704898 7.620494 23.822026
54.704898 7.620494 23.822026
54.704898 7.620494 23.822026
50.336971 8.950324 25.369008
50.336971 8.950324 25.369008
50.336971 8.950324 25.369008
50.336971 8.950324 25.369008
50.336971 8.950324 25.369008
27.559018 7.578297 25.929854
27.559018 7.578297 25.929854
27.559018 7.578297 25.929854
27.559018 7.578297 25.929854
27.559018 7.578297 25.929854
12.135652 4.430398 23.626787
12.135652 4.430398 23.626787
12.135652 4.430398 23.626787
12.135652 4.430398 23.626787
12.135652 4.430398 23.626787
12.135652 4.430398 23.626787
8.828290 2.367593 18.826626
8.828290 2.367593 18.826626
8.828290 2.367593 18.826626
8.828290 2.367593 18.826626
8.828290 2.367593 18.826626
3.790576 1.990949 14.551995
3.790576 1.990949 14.551995
3.790576 1.990949 14.551995
3.790576 1.990949 14.551995
3.790576 1.990949 14.551995
2.183152 2.594634 10.980873
2.183152 2.594634 10.980873
2.183152 2.594634 10.980873
2.183152 2.594634 10.980873
2.183152 2.594634 10.980873
2.489848 2.454980 8.336329
2.489848 2.454980 8.336329
2.489848 2.454980 8.336329
2.489848 2.454980 8.336329
2.489848 2.454980 8.336329
2.238363 -5.065428 5.938426
2.238363 -5.065428 5.938426
2.238363 -5.065428 5.938426
2.238363 -5.065428 5.938426
2.238363 -5.065428 5.938426
-5.685899 -35.273044 -5.061291
-5.685899 -35.273044 -5.061291
-5.685899 -35.273044 -5.061291
-5.685899 -35.273044 -5.061291
-5.685899 -35.273044 -5.061291
-9.789107 -54.506979 -10.372572
-9.789107 -54.506979 -10.372572
-9.789107 -54.506979 -10.372572
-9.789107 -54.506979 -10.372572
-9.707983 -59.922206 -13.074544
-9.707983 -59.922206 -13.074544
-9.707983 -59.922206 -13.074544
-9.707983 -59.922206 -13.074544
-9.707983 -59.922206 -13.074544
-9.707983 -59.922206 -13.074544
-9.974336 -54.937349 -17.048888
-9.974336 -54.937349 -17.048888
-9.974336 -54.937349 -17.048888
-9.974336 -54.937349 -17.048888
-7.242819 -15.079412 -29.832511
-7.242819 -15.079412 -29.832511
-7.242819 -15.079412 -29.832511
-7.242819 -15.079412 -29.832511
-7.242819 -15.079412 -29.832511
-1.269323 1.828103 -37.925848
-1.269323 1.828103 -37.925848
-1.269323 1.828103 -37.925848
-1.269323 1.828103 -37.925848
-1.269323 1.828103 -37.925848
-0.065125 8.820342 -28.012291
-0.065125 8.820342 -28.012291
-0.065125 8.820342 -28.012291
-0.065125 8.820342 -28.012291
0.095413 7.727994 -18.313173
0.095413 7.727994 -18.313173
0.095413 7.727994 -18.313173
0.095413 7.727994 -18.313173
0.095413 7.727994 -18.313173
0.095413 7.727994 -18.313173
0.739064 7.230654 -10.840308
0.739064 7.230654 -10.840308
0.739064 7.230654 -10.840308
0.739064 7.230654 -10.840308
0.739064 7.230654 -10.840308
1.384526 5.103826 -5.365114
1.384526 5.103826 -5.365114
1.384526 5.103826 -5.365114
1.384526 5.103826 -5.365114
1.384526 5.103826 -5.365114
1.384526 5.103826 -5.365114
1.384526 5.103826 -5.365114
1.384526 5.103826 -5.365114
1.384526 5.103826 -5.365114
1.384526 5.103826 -5.365114
-10.845703 -46.397813 -19.932283
-10.845703 -46.397813 -19.932283
-10.845703 -46.397813 -19.932283
-10.845703 -46.397813 -19.932283
-10.845703 -46.397813 -19.932283
-11.432584 -57.312042 -23.666845
-11.432584 -57.312042 -23.666845
-11.432584 -57.312042 -23.666845
-11.432584 -57.312042 -23.666845
-11.432584 -57.312042 -23.666845
-10.845596 -59.170038 -26.565304
-10.845596 -59.170038 -26.565304
-10.845596 -59.170038 -26.565304
-10.845596 -59.170038 -26.565304
-10.845596 -59.170038 -26.565304
-11.595919 -53.619044 -29.146985
-11.595919 -53.619044 -29.146985
-11.595919 -53.619044 -29.146985
-11.595919 -53.619044 -29.146985
-11.595919 -53.619044 -29.146985
-11.595919 -53.619044 -29.146985
-12.466171 -29.105714 -37.346293
-12.466171 -29.105714 -37.346293
-12.466171 -29.105714 -37.346293
-12.466171 -29.105714 -37.346293
-12.466171 -29.105714 -37.346293
-7.926555 -1.709538 -49.468502
-7.926555 -1.709538 -49.468502
-7.926555 -1.709538 -49.468502
-7.926555 -1.709538 -49.468502
-7.926555 -1.709538 -49.468502
-5.174036 1.580767 -55.326564
-5.174036 1.580767 -55.326564
-5.174036 1.580767 -55.326564
-5.174036 1.580767 -55.326564
-3.122446 0.000208 -50.374267
-3.122446 0.000208 -50.374267
-3.122446 0.000208 -50.374267
-3.122446 0.000208 -50.374267
-3.122446 0.000208 -50.374267
-1.739296 -1.028432 -45.564790
-1.739296 -1.028432 -45.564790
-1.739296 -1.028432 -45.564790
-1.739296 -1.028432 -45.564790
-1.739296 -1.028432 -45.564790
-1.739296 -1.028432 -45.564790
-0.992249 -2.417427 -40.677922
-0.992249 -2.417427 -40.677922
-0.992249 -2.417427 -40.677922
-0.992249 -2.417427 -40.677922
-0.992249 -2.417427 -40.677922
-0.504299 -3.692988 -32.180928
-0.504299 -3.692988 -32.180928
-0.504299 -3.692988 -32.180928
-0.504299 -3.692988 -32.180928
-0.304732 -3.427665 -22.322812
-0.304732 -3.427665 -22.322812
-0.304732 -3.427665 -22.322812
-0.304732 -3.427665 -22.322812
-0.304732 -3.427665 -22.322812
-0.304732 -3.427665 -22.322812
0.422298 -2.941659 -15.012455
0.422298 -2.941659 -15.012455
0.422298 -2.941659 -15.012455
0.422298 -2.941659 -15.012455
0.422298 -2.941659 -15.012455
0.448719 -2.459641 -9.052976
0.448719 -2.459641 -9.052976
0.448719 -2.459641 -9.052976
0.448719 -2.459641 -9.052976
0.448719 -2.459641 -9.052976
0.639121 -2.097538 -5.802469
0.639121 -2.097538 -5.802469
0.639121 -2.097538 -5.802469
0.639121 -2.097538 -5.802469
0.624525 -1.941619 -3.904204
0.624525 -1.941619 -3.904204
0.624525 -1.941619 -3.904204
0.624525 -1.941619 -3.904204
0.624525 -1.941619 -3.904204
1.055931 -0.961856 -2.444816
1.055931 -0.961856 -2.444816
1.055931 -0.961856 -2.444816
1.055931 -0.961856 -2.444816
1.055931 -0.961856 -2.444816
30.508348 1.274677 -2.055857
30.508348 1.274677 -2.055857
30.508348 1.274677 -2.055857
30.508348 1.274677 -2.055857
30.508348 1.274677 -2.055857
47.944178 3.236083 1.783379
47.944178 3.236083 1.783379
47.944178 3.236083 1.783379
47.944178 3.236083 1.783379
47.944178 3.236083 1.783379
51.354721 5.819484 6.153373
51.354721 5.819484 6.153373
51.354721 5.819484 6.153373
51.354721 5.819484 6.153373
51.887701 7.210948 9.423107
51.887701 7.210948 9.423107
51.887701 7.210948 9.423107
51.887701 7.210948 9.423107
51.887701 7.210948 9.423107
52.164525 7.943560 11.840066
52.164525 7.943560 11.840066
52.164525 7.943560 11.840066
52.164525 7.943560 11.840066
52.164525 7.943560 11.840066
17.073962 5.205370 17.089005
17.073962 5.205370 17.089005
17.073962 5.205370 17.089005
17.073962 5.205370 17.089005
17.073962 5.205370 17.089005
2.506763 1.461608 18.054396
2.506763 1.461608 18.054396
2.506763 1.461608 18.054396
2.506763 1.461608 18.054396
2.356039 1.096883 15.316742
2.356039 1.096883 15.316742
2.356039 1.096883 15.316742
2.356039 1.096883 15.316742
2.356039 1.096883 15.316742
2.137112 0.376389 12.105894
2.137112 0.376389 12.105894
2.137112 0.376389 12.105894
2.137112 0.376389 12.105894
2.137112 0.376389 12.105894
2.065960 -0.289319 8.893947
2.065960 -0.289319 8.893947
2.065960 -0.289319 8.893947
2.065960 -0.289319 8.893947
2.065960 -0.289319 8.893947
4.440927 -0.684691 5.473912
4.440927 -0.684691 5.473912
4.440927 -0.684691 5.473912
4.440927 -0.684691 5.473912
4.440927 -0.684691 5.473912
35.464992 3.283494 4.258791
35.464992 3.283494 4.258791
35.464992 3.283494 4.258791
35.464992 3.283494 4.258791
35.464992 3.283494 4.258791
42.752920 5.550244 7.855846
42.752920 5.550244 7.855846
42.752920 5.550244 7.855846
42.752920 5.550244 7.855846
42.752920 5.550244 7.855846
42.036915 7.880502 12.387791
42.036915 7.880502 12.387791
42.036915 7.880502 12.387791
42.036915 7.880502 12.387791
42.036915 7.880502 12.387791
29.710729 7.341904 15.689640
29.710729 7.341904 15.689640
29.710729 7.341904 15.689640
29.710729 7.341904 15.689640
29.710729 7.341904 15.689640
3.910907 3.687487 19.082568
3.910907 3.687487 19.082568
3.910907 3.687487 19.082568
3.910907 3.687487 19.082568
3.910907 3.687487 19.082568
0.034818 2.170448 18.481326
0.034818 2.170448 18.481326
0.034818 2.170448 18.481326
0.034818 2.170448 18.481326
0.034818 2.170448 18.481326
-0.185537 1.988127 16.726274
-0.185537 1.988127 16.726274
-0.185537 1.988127 16.726274
-0.185537 1.988127 16.726274
-0.185537 1.988127 16.726274
-2.065889 -8.118704 14.376452
-2.065889 -8.118704 14.376452
-2.065889 -8.118704 14.376452
-2.065889 -8.118704 14.376452
-2.065889 -8.118704 14.376452
-10.592915 -36.670381 -1.970711
-10.592915 -36.670381 -1.970711
-10.592915 -36.670381 -1.970711
-10.592915 -36.670381 -1.970711
-13.210613 -36.313578 -10.026972
-13.210613 -36.313578 -10.026972
-13.210613 -36.313578 -10.026972
-13.210613 -36.313578 -10.026972
-13.210613 -36.313578 -10.026972
-6.941774 -7.014058 -24.332820
-6.941774 -7.014058 -24.332820
-6.941774 -7.014058 -24.332820
-6.941774 -7.014058 -24.332820
-6.941774 -7.014058 -24.332820
-3.733711 0.757706 -35.235778
-3.733711 0.757706 -35.235778
-3.733711 0.757706 -35.235778
-3.733711 0.757706 -35.235778
-3.733711 0.757706 -35.235778
-3.733711 0.757706 -35.235778
-1.501500 1.366018 -37.094160
-1.501500 1.366018 -37.094160
-1.501500 1.366018 -37.094160
-1.501500 1.366018 -37.094160
-1.501500 1.366018 -37.094160
-0.619169 1.186918 -33.287641
-0.619169 1.186918 -33.287641
-0.619169 1.186918 -33.287641
-0.619169 1.186918 -33.287641
-0.619169 1.186918 -33.287641
-0.534047 -0.697885 -29.779498
-0.534047 -0.697885 -29.779498
-0.534047 -0.697885 -29.779498
-0.534047 -0.697885 -29.779498
-0.534047 -0.697885 -29.779498
25.032356 4.647848 -21.072819
25.032356 4.647848 -21.072819
25.032356 4.647848 -21.072819
25.032356 4.647848 -21.072819
25.032356 4.647848 -21.072819
41.494533 12.025610 -9.542136
41.494533 12.025610 -9.542136
41.494533 12.025610 -9.542136
41.494533 12.025610 -9.542136
41.494533 12.025610 -9.542136
41.678306 15.582375 -2.516182
41.678306 15.582375 -2.516182
41.678306 15.582375 -2.516182
41.678306 15.582375 -2.516182
41.678306 15.582375 -2.516182
34.631593 15.318094 1.932530
34.631593 15.318094 1.932530
34.631593 15.318094 1.932530
34.631593 15.318094 1.932530
27.929965 14.411165 5.564182
27.929965 14.411165 5.564182
27.929965 14.411165 5.564182
27.929965 14.411165 5.564182
27.929965 14.411165 5.564182
15.627543 8.037907 6.644627
15.627543 8.037907 6.644627
15.627543 8.037907 6.644627
15.627543 8.037907 6.644627
15.627543 8.037907 6.644627
1.407062 5.810740 -2.629240
1.407062 5.810740 -2.629240
1.407062 5.810740 -2.629240
1.407062 5.810740 -2.629240
1.407062 5.810740 -2.629240
0.177209 4.797546 -17.749213
0.177209 4.797546 -17.749213
0.177209 4.797546 -17.749213
0.177209 4.797546 -17.749213
1.354900 -1.355674 -31.867638
1.354900 -1.355674 -31.867638
1.354900 -1.355674 -31.867638
1.354900 -1.355674 -31.867638
1.354900 -1.355674 -31.867638
-0.536918 -9.656180 -55.621021
-0.536918 -9.656180 -55.621021
-0.536918 -9.656180 -55.621021
-0.536918 -9.656180 -55.621021
-0.536918 -9.656180 -55.621021
-1.783022 -9.491326 -69.772507
-1.783022 -9.491326 -69.772507
-1.783022 -9.491326 -69.772507
-1.783022 -9.491326 -69.772507
-1.783022 -9.491326 -69.772507
-2.055627 -9.241671 -81.272838
-2.055627 -9.241671 -81.272838
-2.055627 -9.241671 -81.272838
-2.055627 -9.241671 -81.272838
-2.055627 -9.241671 -81.272838
-1.876942 -9.116401 -90.604720
-1.876942 -9.116401 -90.604720
-1.876942 -9.116401 -90.604720
-1.876942 -9.116401 -90.604720
-1.876942 -9.116401 -90.604720
-1.498047 -9.236886 -98.074604
-1.498047 -9.236886 -98.074604
-1.498047 -9.236886 -98.074604
-1.498047 -9.236886 -98.074604
-1.498047 -9.236886 -98.074604
-1.149066 -9.416072 -103.831634
-1.149066 -9.416072 -103.831634
-1.149066 -9.416072 -103.831634
-1.149066 -9.416072 -103.831634
-1.149066 -9.416072 -103.831634
-1.149066 -9.416072 -103.831634
-0.641958 -9.525507 -108.085217
-0.641958 -9.525507 -108.085217
-0.641958 -9.525507 -108.085217
-0.641958 -9.525507 -108.085217
-0.149782 -9.591495 -111.220150
-0.149782 -9.591495 -111.220150
-0.149782 -9.591495 -111.220150
-0.149782 -9.591495 -111.220150
-0.149782 -9.591495 -111.220150
-0.149782 -9.591495 -111.220150
0.303940 -9.647268 -113.476449
0.303940 -9.647268 -113.476449
0.303940 -9.647268 -113.476449
0.303940 -9.647268 -113.476449
0.303940 -9.647268 -113.476449
0.671801 -9.666552 -115.072555
0.671801 -9.666552 -115.072555
0.671801 -9.666552 -115.072555
0.671801 -9.666552 -115.072555
0.671801 -9.666552 -115.072555
0.981801 -9.707063 -116.080021
0.981801 -9.707063 -116.080021
0.981801 -9.707063 -116.080021
0.981801 -9.707063 -116.080021
0.981801 -9.707063 -116.080021
0.981801 -9.707063 -116.080021
1.197190 -9.703609 -116.916856
1.197190 -9.703609 -116.916856
1.197190 -9.703609 -116.916856
1.197190 -9.703609 -116.916856
1.197190 -9.703609 -116.916856
1.422173 -9.676391 -116.925913
1.422173 -9.676391 -116.925913
1.422173 -9.676391 -116.925913
1.422173 -9.676391 -116.925913
1.422173 -9.676391 -116.925913
1.422173 -9.676391 -116.925913
1.562381 -9.693700 -117.145872
1.562381 -9.693700 -117.145872
1.562381 -9.693700 -117.145872
1.562381 -9.693700 -117.145872
1.562381 -9.693700 -117.145872
1.683916 -9.689107 -117.195118
1.683916 -9.689107 -117.195118
1.683916 -9.689107 -117.195118
1.683916 -9.689107 -117.195118
1.683916 -9.689107 -117.195118
1.683916 -9.689107 -117.195118
1.752506 -9.684592 -117.322583
1.752506 -9.684592 -117.322583
1.752506 -9.684592 -117.322583
1.752506 -9.684592 -117.322583
1.752506 -9.684592 -117.322583
1.752506 -9.684592 -117.322583
1.781188 -9.680472 -117.447043
1.781188 -9.680472 -117.447043
1.781188 -9.680472 -117.447043
1.781188 -9.680472 -117.447043
1.781188 -9.680472 -117.447043
1.781188 -9.680472 -117.447043
1.804809 -9.690963 -117.557282
1.804809 -9.690963 -117.557282
1.804809 -9.690963 -117.557282
1.804809 -9.690963 -117.557282
1.804809 -9.690963 -117.557282
1.832632 -9.683130 -117.523473
1.832632 -9.683130 -117.523473
1.832632 -9.683130 -117.523473
1.832632 -9.683130 -117.523473
1.832632 -9.683130 -117.523473
1.832632 -9.683130 -117.523473
1.839898 -9.684793 -117.582868
1.839898 -9.684793 -117.582868
1.839898 -9.684793 -117.582868
1.839898 -9.684793 -117.582868
1.839898 -9.684793 -117.582868
1.839898 -9.684793 -117.582868
1.839898 -9.684793 -117.582868
1.847039 -9.677942 -117.629600
1.847039 -9.677942 -117.629600
1.847039 -9.677942 -117.629600
1.847039 -9.677942 -117.629600
1.847039 -9.677942 -117.629600
1.847039 -9.677942 -117.629600
1.866126 -9.661588 -117.547843
1.866126 -9.661588 -117.547843
1.866126 -9.661588 -117.547843
1.866126 -9.661588 -117.547843
1.866126 -9.661588 -117.547843
1.866126 -9.661588 -117.547843
1.866126 -9.661588 -117.547843
1.863176 -9.658008 -117.597075
1.863176 -9.658008 -117.597075
1.863176 -9.658008 -117.597075
1.863176 -9.658008 -117.597075
1.863176 -9.658008 -117.597075
1.863176 -9.658008 -117.597075
1.866136 -9.664686 -117.625775
1.866136 -9.664686 -117.625775
1.866136 -9.664686 -117.625775
1.866136 -9.664686 -117.625775
1.866136 -9.664686 -117.625775
1.866136 -9.664686 -117.625775
1.866136 -9.664686 -117.625775
1.866136 -9.664686 -117.625775
1.866136 -9.664686 -117.625775
1.866136 -9.664686 -117.625775
1.866136 -9.664686 -117.625775
1.866136 -9.664686 -117.625775
1.866136 -9.664686 -117.625775
1.876160 -9.655882 -117.510919
1.876160 -9.655882 -117.510919
1.876160 -9.655882 -117.510919
1.876160 -9.655882 -117.510919
1.876160 -9.655882 -117.510919
1.876160 -9.655882 -117.510919
1.872598 -9.659304 -117.481658
1.872598 -9.659304 -117.481658
1.872598 -9.659304 -117.481658
1.872598 -9.659304 -117.481658
1.872598 -9.659304 -117.481658
1.872598 -9.659304 -117.481658
1.872598 -9.659304 -117.481658
1.862633 -9.658512 -117.524046
1.862633 -9.658512 -117.524046
1.862633 -9.658512 -117.524046
1.862633 -9.658512 -117.524046
1.862633 -9.658512 -117.524046
1.862633 -9.658512 -117.524046
1.850941 -9.664204 -117.593523
1.850941 -9.664204 -117.593523
1.850941 -9.664204 -117.593523
1.850941 -9.664204 -117.593523
1.850941 -9.664204 -117.593523
1.850941 -9.664204 -117.593523
1.860512 -9.664529 -117.577458
1.860512 -9.664529 -117.577458
1.860512 -9.664529 -117.577458
1.860512 -9.664529 -117.577458
1.860512 -9.664529 -117.577458
1.860512 -9.664529 -117.577458
1.855029 -9.666824 -117.611514
1.855029 -9.666824 -117.611514
1.855029 -9.666824 -117.611514
1.855029 -9.666824 -117.611514
1.855029 -9.666824 -117.611514
1.855029 -9.666824 -117.611514
1.841965 -9.658857 -117.665745
1.841965 -9.658857 -117.665745
1.841965 -9.658857 -117.665745
1.841965 -9.658857 -117.665745
1.841965 -9.658857 -117.665745
1.841965 -9.658857 -117.665745
1.841965 -9.658857 -117.665745
1.834577 -9.656054 -117.753117
1.834577 -9.656054 -117.753117
1.834577 -9.656054 -117.753117
1.834577 -9.656054 -117.753117
1.834577 -9.656054 -117.753117
1.834577 -9.656054 -117.753117
1.835036 -9.651899 -117.805723
1.835036 -9.651899 -117.805723
1.835036 -9.651899 -117.805723
1.835036 -9.651899 -117.805723
1.835036 -9.651899 -117.805723
1.850746 -9.638479 -117.775520
1.850746 -9.638479 -117.775520
1.850746 -9.638479 -117.775520
1.850746 -9.638479 -117.775520
1.850746 -9.638479 -117.775520
1.850746 -9.638479 -117.775520
1.865359 -9.636935 -117.699008
1.865359 -9.636935 -117.699008
1.865359 -9.636935 -117.699008
1.865359 -9.636935 -117.699008
1.865359 -9.636935 -117.699008
1.865359 -9.636935 -117.699008
1.865359 -9.636935 -117.699008
1.854118 -9.640412 -117.754756
1.854118 -9.640412 -117.754756
1.854118 -9.640412 -117.754756
1.854118 -9.640412 -117.754756
1.854118 -9.640412 -117.754756
1.854118 -9.640412 -117.754756
1.847667 -9.652294 -117.786339
1.847667 -9.652294 -117.786339
1.847667 -9.652294 -117.786339
1.847667 -9.652294 -117.786339
1.847667 -9.652294 -117.786339
1.846748 -9.646007 -117.781777
1.846748 -9.646007 -117.781777
1.846748 -9.646007 -117.781777
1.846748 -9.646007 -117.781777
1.846748 -9.646007 -117.781777
1.849904 -9.637547 -117.762434
1.849904 -9.637547 -117.762434
1.849904 -9.637547 -117.762434
1.849904 -9.637547 -117.762434
1.849904 -9.637547 -117.762434
1.830433 -9.626328 -117.820381
1.830433 -9.626328 -117.820381
1.830433 -9.626328 -117.820381
1.830433 -9.626328 -117.820381
1.830433 -9.626328 -117.820381
1.830433 -9.626328 -117.820381
1.830433 -9.626328 -117.820381
1.813056 -9.636662 -117.875309
1.813056 -9.636662 -117.875309
1.813056 -9.636662 -117.875309
1.813056 -9.636662 -117.875309
1.813056 -9.636662 -117.875309
1.813056 -9.636662 -117.875309
1.818105 -9.652849 -117.925402
1.818105 -9.652849 -117.925402
1.818105 -9.652849 -117.925402
1.818105 -9.652849 -117.925402
1.818105 -9.652849 -117.925402
1.818105 -9.652849 -117.925402
1.818105 -9.652849 -117.925402
1.799617 -9.673514 -117.936877
1.799617 -9.673514 -117.936877
1.799617 -9.673514 -117.936877
1.799617 -9.673514 -117.936877
1.799617 -9.673514 -117.936877
1.799617 -9.673514 -117.936877
1.799617 -9.673514 -117.936877
1.793860 -9.665513 -117.967708
1.793860 -9.665513 -117.967708
1.793860 -9.665513 -117.967708
