0.487222 -10.338152 -119.058790
0.487222 -10.338152 -119.058790
0.473747 -10.584804 -118.403665
0.473747 -10.584804 -118.403665
0.473747 -10.584804 -118.403665
0.473747 -10.584804 -118.403665
0.473747 -10.584804 -118.403665
0.346022 -10.887594 -118.311649
0.346022 -10.887594 -118.311649
0.346022 -10.887594 -118.311649
0.346022 -10.887594 -118.311649
0.346022 -10.887594 -118.311649
1.222664 -4.022608 -117.615188
1.222664 -4.022608 -117.615188
1.222664 -4.022608 -117.615188
1.222664 -4.022608 -117.615188
1.222664 -4.022608 -117.615188
-1.021010 -1.049552 -109.060076
-1.021010 -1.049552 -109.060076
-1.021010 -1.049552 -109.060076
-1.021010 -1.049552 -109.060076
-1.021010 -1.049552 -109.060076
-1.546523 -0.005379 -92.898332
-1.546523 -0.005379 -92.898332
-1.546523 -0.005379 -92.898332
-1.546523 -0.005379 -92.898332
-1.546523 -0.005379 -92.898332
-1.235394 1.707587 -78.831885
-1.235394 1.707587 -78.831885
-1.235394 1.707587 -78.831885
-1.235394 1.707587 -78.831885
-1.235394 1.707587 -78.831885
-1.734887 2.804536 -70.445110
-1.734887 2.804536 -70.445110
-1.734887 2.804536 -70.445110
-1.734887 2.804536 -70.445110
-1.734887 2.804536 -70.445110
-1.407111 3.486345 -65.243716
-1.407111 3.486345 -65.243716
-1.407111 3.486345 -65.243716
-1.407111 3.486345 -65.243716
-1.407111 3.486345 -65.243716
10.875720 5.852449 -55.533820
10.875720 5.852449 -55.533820
10.875720 5.852449 -55.533820
10.875720 5.852449 -55.533820
10.875720 5.852449 -55.533820
32.675389 9.871524 -39.906101
32.675389 9.871524 -39.906101
32.675389 9.871524 -39.906101
32.675389 9.871524 -39.906101
32.675389 9.871524 -39.906101
32.196030 13.056283 -30.021830
32.196030 13.056283 -30.021830
32.196030 13.056283 -30.021830
32.196030 13.056283 -30.021830
32.196030 13.056283 -30.021830
12.444695 12.951266 -24.093484
12.444695 12.951266 -24.093484
12.444695 12.951266 -24.093484
12.444695 12.951266 -24.093484
12.444695 12.951266 -24.093484
-1.907932 8.390402 -16.581341
-1.907932 8.390402 -16.581341
-1.907932 8.390402 -16.581341
-1.907932 8.390402 -16.581341
-1.907932 8.390402 -16.581341
-0.403248 6.089809 -25.890003
-0.403248 6.089809 -25.890003
-0.403248 6.089809 -25.890003
-0.403248 6.089809 -25.890003
-0.403248 6.089809 -25.890003
-0.403248 6.089809 -25.890003
1.568224 4.191635 -34.421759
1.568224 4.191635 -34.421759
1.568224 4.191635 -34.421759
1.568224 4.191635 -34.421759
1.568224 4.191635 -34.421759
1.182039 2.850741 -35.978530
1.182039 2.850741 -35.978530
1.182039 2.850741 -35.978530
1.182039 2.850741 -35.978530
1.182039 2.850741 -35.978530
0.096585 3.042798 -25.273271
0.096585 3.042798 -25.273271
0.096585 3.042798 -25.273271
0.096585 3.042798 -25.273271
0.096585 3.042798 -25.273271
0.624048 2.616263 -10.288124
0.624048 2.616263 -10.288124
0.624048 2.616263 -10.288124
0.624048 2.616263 -10.288124
0.624048 2.616263 -10.288124
13.459624 4.909178 -0.047502
13.459624 4.909178 -0.047502
13.459624 4.909178 -0.047502
13.459624 4.909178 -0.047502
13.459624 4.909178 -0.047502
13.459624 4.909178 -0.047502
25.976517 6.807534 6.810990
25.976517 6.807534 6.810990
25.976517 6.807534 6.810990
25.976517 6.807534 6.810990
25.976517 6.807534 6.810990
36.956350 9.144848 12.305870
36.956350 9.144848 12.305870
36.956350 9.144848 12.305870
36.956350 9.144848 12.305870
36.956350 9.144848 12.305870
36.956350 9.144848 12.305870
46.408383 11.338900 16.975440
46.408383 11.338900 16.975440
46.408383 11.338900 16.975440
46.408383 11.338900 16.975440
46.408383 11.338900 16.975440
49.146029 12.171657 19.800326
49.146029 12.171657 19.800326
49.146029 12.171657 19.800326
49.146029 12.171657 19.800326
49.146029 12.171657 19.800326
46.127491 13.412468 22.705437
46.127491 13.412468 22.705437
46.127491 13.412468 22.705437
46.127491 13.412468 22.705437
46.127491 13.412468 22.705437
53.366225 -3.691675 16.823675
53.366225 -3.691675 16.823675
53.366225 -3.691675 16.823675
53.366225 -3.691675 16.823675
53.366225 -3.691675 16.823675
49.533324 9.126349 26.519885
49.533324 9.126349 26.519885
49.533324 9.126349 26.519885
49.533324 9.126349 26.519885
49.533324 9.126349 26.519885
49.415203 8.332325 26.034846
49.415203 8.332325 26.034846
49.415203 8.332325 26.034846
49.415203 8.332325 26.034846
49.415203 8.332325 26.034846
50.419053 6.737653 25.184772
50.419053 6.737653 25.184772
50.419053 6.737653 25.184772
50.419053 6.737653 25.184772
50.419053 6.737653 25.184772
