0.004191 -0.000377
0.004346 -0.002111
0.004955 -0.003291
0.005887 -0.004417
0.006860 -0.005477
0.007437 -0.006682
0.014954 -0.012098
0.022860 -0.019089
0.030160 -0.024631
0.038002 -0.029901
0.045110 -0.035570
0.050736 -0.038592
0.056758 -0.042741
0.062689 -0.045551
0.068953 -0.048046
0.074479 -0.051179
0.071601 -0.060043
0.069142 -0.070116
0.066124 -0.078816
0.063444 -0.087584
0.057059 -0.085468
0.050987 -0.084044
0.044922 -0.081951
0.039132 -0.079571
0.033015 -0.077347
0.035317 -0.077037
0.037826 -0.076782
0.039966 -0.076563
0.042551 -0.075974
0.044889 -0.075602
0.043894 -0.075950
0.043138 -0.076351
0.042132 -0.076720
0.041135 -0.077175
0.040054 -0.077672
0.039155 -0.076312
0.038215 -0.075180
0.036979 -0.074011
0.035981 -0.072655
0.034810 -0.071487
0.040684 -0.073604
0.046328 -0.076096
0.052153 -0.078101
0.058093 -0.080152
0.063522 -0.082364
0.056600 -0.035936
0.049562 0.010177
0.042473 0.056596
0.035731 0.103113
0.029205 0.150021
0.022136 0.196363
0.199684 -0.385648
0.386020 -0.970631
0.563811 -1.552189
0.751990 -2.123411
0.889982 -3.152741
9.873260 -3.006931
13.166661 -0.721481
14.485561 -1.226172
14.764260 -0.669670
15.558766 -0.412175
15.966766 0.122432
16.564662 0.480593
17.960701 1.350907
18.622877 1.823247
19.133069 2.699450
19.888311 3.085122
20.048777 2.704831
20.065176 2.501758
19.302107 2.557326
18.292453 2.477423
17.429814 2.275400
17.284136 1.533840
17.526003 1.016774
17.203369 0.868410
16.794914 0.936685
16.317909 0.948597
16.077418 1.095345
15.911514 1.003472
15.537913 0.635454
15.178634 0.478573
14.923269 0.299637
12.746762 0.126541
10.724538 -0.486840
8.856303 -0.905284
6.743437 -1.518272
4.671155 -2.529724
4.830423 -2.757258
5.618378 -3.568487
5.090810 -4.608872
4.643447 -5.966932
4.029941 -6.660245
3.461757 -7.191167
3.270790 -7.398038
3.202667 -7.439154
3.117187 -7.307598
3.056994 -7.222883
3.477222 -6.951593
4.041690 -6.445225
4.515530 -6.060347
5.045183 -5.395252
5.697403 -4.479734
6.949611 -3.207618
8.816264 -1.216798
10.557094 0.503723
11.359912 1.291421
12.792555 2.271579
13.417321 2.645150
13.833550 2.838802
13.863059 2.755550
14.028631 2.778769
14.035301 2.787545
14.013141 2.907943
14.087004 3.006593
14.011531 3.160748
14.013622 3.133215
13.891932 3.215016
13.890415 3.172606
13.825522 3.210340
13.772960 3.271881
13.744395 3.458450
13.781256 3.562358
12.315282 3.537840
10.866482 3.083475
8.850324 2.452818
7.736219 1.901030
5.806593 0.838800
4.652134 -0.682022
3.778155 -1.992067
3.164153 -2.808776
2.608357 -3.450892
2.008321 -4.070605
1.611547 -4.475160
1.400204 -4.367951
1.375568 -4.241424
1.407818 -4.065358
1.465379 -3.995254
1.627701 -3.869984
1.725676 -3.659200
1.919535 -3.512819
2.124960 -3.169573
2.328676 -2.766690
3.352174 -2.075225
4.582186 -1.092437
6.448185 0.434088
8.649245 1.959183
10.436870 3.258119
11.376738 4.391804
12.148677 5.195440
12.583789 5.760392
13.073447 6.032709
13.338005 6.187682
13.641539 6.381909
14.090017 6.689678
14.599004 6.915200
15.083367 7.188591
15.563828 7.646833
15.959071 8.094541
14.605023 8.268969
12.847022 7.798816
10.975881 7.333358
8.851425 6.634452
8.059901 6.098388
7.750916 5.751988
6.926815 4.849011
6.034719 3.842021
5.235223 3.015518
4.898617 2.477031
4.698760 2.014748
4.517896 1.792213
4.482307 1.724445
4.430705 1.544234
5.143794 1.723962
6.281771 2.977370
7.555713 3.598228
8.954514 4.564336
10.192388 5.962239
10.627195 6.266608
10.815582 6.508293
10.968406 6.595884
11.101197 6.675321
11.138309 6.736052
11.186348 6.760137
11.223894 6.930744
11.292293 7.028381
11.397376 7.205051
11.474287 7.270831
11.448692 7.309386
11.368492 7.311945
11.291936 7.398198
11.282200 7.452877
11.234854 7.532932
11.209151 7.552862
11.240350 7.746530
11.283810 7.908330
11.416069 8.088523
11.490099 8.386522
11.754964 8.512951
11.828469 8.477084
11.871611 8.469396
11.872070 8.544040
11.798019 8.525404
11.795044 8.510733
11.734064 8.834263
11.756343 9.212189
11.907103 9.328396
12.022607 9.399810
12.075056 9.464962
11.986642 10.188670
11.993356 11.041883
12.192899 11.777921
11.894603 13.185841
12.420629 13.571904
12.667756 12.871855
13.113626 12.776233
13.662450 11.686956
13.240882 11.425415
12.641332 11.388954
12.289846 10.065461
11.838029 9.069468
11.178678 7.876411
10.495129 6.841821
9.965341 5.577083
9.012073 5.770094
9.435430 5.101433
9.216809 5.346581
9.179064 5.180254
9.231339 4.908564
8.983384 5.107758
