-0.115157 0.142159
-0.067839 0.134768
-0.004248 0.261976
0.058200 0.255620
0.139198 0.890247
0.100199 0.879048
0.097745 1.047632
0.116166 1.081372
0.131247 1.236250
0.155129 1.346786
0.230202 1.384524
0.151929 1.293763
0.137105 1.218122
0.071302 1.138616
0.009493 1.063866
0.053849 1.002490
0.085811 0.993169
0.190829 0.910611
0.423948 0.857754
0.522686 0.800914
-0.056684 0.984030
-0.352171 0.873275
-0.606846 1.044181
-1.063762 0.089923
-2.036601 -0.370762
-1.337917 -2.241371
-1.828459 -2.937367
-1.847368 -3.150232
-2.168724 -3.727657
-1.165968 -4.389680
-0.295750 -4.432806
-0.097756 -5.179858
0.426508 -6.602731
0.873796 -7.022388
0.693912 -6.410217
2.280071 -5.428704
3.012234 -4.515806
3.949013 -3.553716
4.812692 -1.018820
5.787130 0.107136
6.822494 1.149842
6.401293 2.010252
9.454477 2.148547
9.156525 2.531187
8.686780 2.559901
8.501582 2.231496
8.161170 2.752662
7.323737 2.452879
7.386677 2.183662
7.268571 1.964475
7.003753 1.670631
6.912466 1.388523
6.761239 1.301862
7.043026 1.146155
7.466057 1.076998
7.659693 1.044464
7.742980 1.132519
7.840074 1.233703
7.991724 1.275208
8.160725 1.238545
8.471052 1.101676
8.709886 0.967872
8.553748 1.068518
8.711738 0.956113
8.722334 1.080355
8.845756 1.021626
8.800729 0.882916
8.776964 0.853784
8.552107 1.020822
8.557433 1.046351
8.684490 1.031739
8.870487 0.834415
7.348824 0.472873
6.172985 0.014287
4.900763 -0.415595
3.505491 -0.884387
2.088572 -1.123336
1.088348 -1.286411
3.381032 -1.469851
5.147407 -1.569994
7.616150 -2.328619
8.016362 -1.941105
7.354549 -1.302471
7.327822 0.492603
6.708401 0.882756
4.333723 -1.093734
3.539486 -1.217993
3.496552 -0.985831
3.544968 -0.783389
3.680106 -0.882073
3.181873 -1.485507
2.867886 -1.598997
2.438520 -1.971013
2.125770 -2.302198
2.126808 -2.398348
2.013441 -2.393361
1.915201 0.428165
1.695063 3.033216
1.535305 5.745340
0.644588 8.998050
2.231616 13.304107
2.300763 17.503637
2.641849 17.673303
1.933014 18.762064
3.504636 19.451554
5.908006 21.042075
6.181480 20.952247
5.273487 19.967343
3.520740 16.922871
3.040103 15.265828
2.436020 13.608684
2.139627 10.924038
1.508016 8.622282
1.065430 7.856849
0.654858 7.657321
0.203209 7.071458
-0.177984 6.602330
-0.271905 6.463400
-0.202192 6.457760
-0.260109 6.528689
-0.411784 6.468476
-0.504453 6.605945
-0.513935 6.708866
-0.522370 6.813494
-0.348942 6.879165
-0.050473 7.764943
0.269200 8.529996
0.166717 9.495628
0.299867 10.583515
0.511830 12.070764
1.000606 13.870662
1.524131 15.918028
2.032008 17.544152
2.893077 19.055781
3.453713 20.352573
4.202175 21.852977
5.142793 23.052924
5.947192 24.605683
6.765735 23.295653
5.734511 20.505918
4.343538 17.614999
2.587690 14.771599
1.498305 12.270447
-0.034963 9.750413
-1.103168 8.364029
-2.245729 7.805733
-3.244183 7.009228
-4.004067 6.422759
-4.674268 5.806151
-5.221458 5.387624
-5.650883 5.308822
-5.700762 5.170492
-5.736302 5.278908
-5.382882 5.484045
-5.296441 5.396125
-5.419671 5.453103
-5.360866 5.590009
-5.090851 5.711227
-4.920725 5.960379
-4.698385 6.207873
-4.488177 6.548152
-4.144059 6.830594
-3.709956 8.415117
-2.954153 10.009877
-1.823766 12.449984
-0.746345 14.484101
0.338330 16.362026
1.328591 18.294488
2.183539 18.781153
2.845905 19.222615
3.603992 19.815487
4.917013 20.036163
5.019259 19.670199
3.605208 18.931650
2.195146 16.737307
1.575466 16.054016
0.145678 14.367064
-1.813399 13.290289
-3.013640 11.720807
-4.055219 10.312875
-4.921173 9.984687
-5.562614 9.846868
-6.070845 9.400386
-6.622779 8.917836
-6.892425 8.656456
-7.095945 8.313063
-7.192441 8.114426
-6.533654 7.590693
-6.366497 7.595712
-6.458824 7.383179
-6.563835 7.592941
-6.605383 7.724928
-6.474471 7.976017
-5.527902 7.802957
-5.504050 7.744156
-5.387991 8.062230
-5.260992 8.398397
-5.151011 8.570176
-4.585199 8.724302
-4.361356 8.882396
-4.195017 9.294373
-4.183138 9.626956
-4.161023 9.986239
-4.049416 9.922188
-3.899299 9.651447
-3.951291 9.398196
-3.439996 8.940234
-3.380429 8.642285
-3.502648 8.109203
-3.358593 7.817716
-3.060596 7.825102
-3.111778 7.993280
-3.066541 8.032355
-3.403663 9.488513
-3.128160 8.876763
-3.187885 7.955888
-2.322045 7.164927
-1.998141 6.596730
-1.794078 6.071476
-1.388750 5.582917
-1.150286 5.114653
-1.022062 5.291525
-0.732046 5.558611
-0.749761 5.739782
-0.450989 5.976799
-0.313336 6.242416
-0.496964 6.576156
0.371141 7.041831
0.837243 7.617840
1.266995 7.614997
1.312590 7.638439
1.173209 7.751682
0.693008 7.737379
0.401341 7.759183
-0.110118 8.066070
-0.945418 8.386229
-1.388707 8.629165
-1.818381 8.976337
-2.694066 9.355906
-3.225359 9.542827
-3.178881 9.929267
-4.335939 10.342386
-4.983114 10.500654
-5.435495 10.634173
-5.868755 10.711297
-5.730630 11.200852
-6.020035 11.509289
-6.096508 11.906031
-6.199939 12.241429
-5.977498 12.233601
-6.067077 12.106847
-6.463601 11.737909
-6.667869 11.290625
-6.734394 10.744093
-6.403734 10.666256
-6.247999 10.577579
-5.778740 9.884509
-5.160163 9.614388
-5.239786 9.341669
-4.840173 9.029687
-4.537575 8.909715
-4.264194 8.920314
-4.197855 8.843364
-4.181525 9.100481
-4.546975 9.221812
-4.336911 9.271429
-4.156274 9.272318
-4.144564 9.134930
-4.156167 9.123928
-4.207060 9.002397
-4.030626 8.605817
-4.543885 8.066672
-3.779071 7.358693
-3.767022 7.025108
-4.027524 6.540930
-3.560049 5.646060
-3.581775 5.446880
-4.826830 6.076747
-4.393830 5.869324
-4.492420 6.535843
-4.514232 6.887725
-4.714989 6.516793
-4.807863 6.437196
-5.059008 6.579145
-5.011121 6.656530
-5.001652 6.619607
-5.103879 6.623113
-5.325983 6.631226
-5.454265 6.789319
-5.928022 6.877542
-6.061856 7.164776
-5.999502 7.603930
-5.759999 8.042124
-5.812872 8.260878
-6.333557 8.429123
-6.659704 8.275028
-6.844736 8.148112
-6.982069 8.864578
-7.134362 8.906253
-7.343213 9.290918
-7.470004 10.392840
-6.961886 10.902061
-6.528230 11.462482
-6.571658 12.015017
-6.171411 12.885098
-5.943179 13.365605
-5.409419 13.478442
-5.610027 13.237924
-6.023883 12.857458
-6.199436 12.410928
-6.303023 11.931509
-6.506749 11.419820
-6.405798 11.010322
-5.863205 10.253888
-5.516426 9.631557
-5.033065 9.138896
-5.135452 8.979768
-5.547848 8.438859
-5.939371 8.078262
-5.842277 8.348063
-5.885885 8.334482
-6.314825 8.260510
-6.354185 8.373373
-6.059192 8.632791
-5.716377 8.909857
-5.650561 9.109811
-5.365853 9.346673
-5.140276 9.589706
-4.974100 9.782474
-4.833860 9.958059
-4.597667 9.893282
-4.413911 9.817955
-4.203706 9.707783
-3.672810 9.664256
-3.294846 9.467090
-3.046617 9.536688
-2.573710 9.605086
-2.503908 9.058813
-2.628764 8.342704
-2.941671 6.977549
-2.959607 6.231645
-3.318526 5.497716
-3.437394 5.236928
-3.325802 5.633058
-3.313772 6.051077
-3.084199 6.627414
-2.810829 7.248882
-2.574019 8.008905
-2.006939 8.587226
-1.609401 8.874466
-2.463878 8.484570
-3.411292 8.494061
-3.592023 8.797734
-3.487894 9.267814
-3.385934 9.725501
-3.124685 10.129980
-2.987025 10.321201
-3.217009 10.305044
-3.366920 10.314880
-3.105339 10.447067
-2.769744 10.640853
-2.349478 11.363821
-1.887026 12.130834
-1.886295 12.723632
-1.842167 13.389147
-0.818927 14.391958
-0.227595 15.138530
-1.017895 16.706158
-1.707922 17.792358
-2.614215 18.931573
-3.341654 19.759131
-4.174870 20.335375
-5.296645 20.237295
-4.867884 19.503289
-4.318389 19.492608
-4.249330 18.618282
-5.492075 18.779988
-6.287402 17.854527
-7.514894 17.406048
-7.385338 17.679776
-6.901903 18.372149
-6.591984 20.219359
-6.086337 21.269777
-5.344339 22.246372
-6.227192 20.900226
-6.879807 19.857743
-7.670882 18.179751
-8.289634 16.704436
-8.998662 15.533464
-9.317007 14.592201
-9.358625 14.711461
-9.364546 14.717336
-9.364694 14.719418
-9.364994 14.721575
-9.364767 14.724043
-9.365005 14.726153
-9.365286 14.725816
-9.378381 14.726462
-9.378427 14.726270
-9.379100 14.725657
-9.379155 14.725744
-9.379254 14.725504
-9.396768 14.709858
-9.414983 14.701605
-9.432621 14.685831
-9.450512 14.670133
-9.467819 14.655122
-9.470626 14.654912
-9.474392 14.655522
