0.777566 -2.605290 -92.302405
0.788523 -2.748569 -92.695988
0.788523 -2.748569 -92.695988
0.788523 -2.748569 -92.695988
0.788523 -2.748569 -92.695988
0.788523 -2.748569 -92.695988
0.763418 -2.847373 -93.325471
0.763418 -2.847373 -93.325471
0.763418 -2.847373 -93.325471
0.763418 -2.847373 -93.325471
0.763418 -2.847373 -93.325471
0.756343 -2.562868 -93.315062
0.756343 -2.562868 -93.315062
0.756343 -2.562868 -93.315062
0.756343 -2.562868 -93.315062
0.756343 -2.562868 -93.315062
0.720093 -2.661058 -92.222109
0.720093 -2.661058 -92.222109
0.720093 -2.661058 -92.222109
0.720093 -2.661058 -92.222109
12.389387 -0.022170 -88.186068
12.389387 -0.022170 -88.186068
12.389387 -0.022170 -88.186068
12.389387 -0.022170 -88.186068
29.884035 3.805596 -74.285438
29.884035 3.805596 -74.285438
29.884035 3.805596 -74.285438
29.884035 3.805596 -74.285438
29.884035 3.805596 -74.285438
44.826941 6.606849 -61.380574
44.826941 6.606849 -61.380574
44.826941 6.606849 -61.380574
44.826941 6.606849 -61.380574
44.826941 6.606849 -61.380574
44.826941 6.606849 -61.380574
21.255653 8.356538 -53.774766
21.255653 8.356538 -53.774766
21.255653 8.356538 -53.774766
21.255653 8.356538 -53.774766
21.255653 8.356538 -53.774766
21.255653 8.356538 -53.774766
3.634243 5.058380 -45.636476
3.634243 5.058380 -45.636476
3.634243 5.058380 -45.636476
3.634243 5.058380 -45.636476
3.634243 5.058380 -45.636476
3.634243 5.058380 -45.636476
3.889861 3.762469 -36.507026
3.889861 3.762469 -36.507026
3.889861 3.762469 -36.507026
3.889861 3.762469 -36.507026
3.889861 3.762469 -36.507026
3.889861 3.762469 -36.507026
4.853637 2.016541 -31.545365
4.853637 2.016541 -31.545365
4.853637 2.016541 -31.545365
4.853637 2.016541 -31.545365
4.853637 2.016541 -31.545365
4.853637 2.016541 -31.545365
6.053782 1.060331 -28.294163
6.053782 1.060331 -28.294163
6.053782 1.060331 -28.294163
6.053782 1.060331 -28.294163
6.053782 1.060331 -28.294163
6.053782 1.060331 -28.294163
6.053782 1.060331 -28.294163
6.566614 0.236487 -25.857409
6.566614 0.236487 -25.857409
6.566614 0.236487 -25.857409
6.566614 0.236487 -25.857409
6.566614 0.236487 -25.857409
6.566614 0.236487 -25.857409
29.725438 2.183767 -22.776041
29.725438 2.183767 -22.776041
29.725438 2.183767 -22.776041
29.725438 2.183767 -22.776041
29.725438 2.183767 -22.776041
29.725438 2.183767 -22.776041
30.562143 5.587206 -13.494856
30.562143 5.587206 -13.494856
30.562143 5.587206 -13.494856
30.562143 5.587206 -13.494856
30.562143 5.587206 -13.494856
30.562143 5.587206 -13.494856
9.451433 5.782185 -5.490678
9.451433 5.782185 -5.490678
9.451433 5.782185 -5.490678
9.451433 5.782185 -5.490678
9.451433 5.782185 -5.490678
9.451433 5.782185 -5.490678
7.284973 4.275511 -1.433956
7.284973 4.275511 -1.433956
7.284973 4.275511 -1.433956
7.284973 4.275511 -1.433956
7.284973 4.275511 -1.433956
7.284973 4.275511 -1.433956
3.291934 -13.454813 -2.327244
3.291934 -13.454813 -2.327244
3.291934 -13.454813 -2.327244
3.291934 -13.454813 -2.327244
3.291934 -13.454813 -2.327244
3.291934 -13.454813 -2.327244
-0.328432 -46.046294 -18.177092
-0.328432 -46.046294 -18.177092
-0.328432 -46.046294 -18.177092
-0.328432 -46.046294 -18.177092
-0.328432 -46.046294 -18.177092
-0.328432 -46.046294 -18.177092
-7.189105 -12.118369 -27.904502
-7.189105 -12.118369 -27.904502
-7.189105 -12.118369 -27.904502
-7.189105 -12.118369 -27.904502
-7.189105 -12.118369 -27.904502
-3.852237 -3.248618 -35.612883
-3.852237 -3.248618 -35.612883
-3.852237 -3.248618 -35.612883
-3.852237 -3.248618 -35.612883
-3.852237 -3.248618 -35.612883
-3.852237 -3.248618 -35.612883
-0.893568 -3.982221 -37.778787
-0.893568 -3.982221 -37.778787
-0.893568 -3.982221 -37.778787
-0.893568 -3.982221 -37.778787
-0.893568 -3.982221 -37.778787
-0.893568 -3.982221 -37.778787
0.696641 -7.147039 -37.294045
0.696641 -7.147039 -37.294045
0.696641 -7.147039 -37.294045
0.696641 -7.147039 -37.294045
0.696641 -7.147039 -37.294045
0.696641 -7.147039 -37.294045
0.696641 -7.147039 -37.294045
-0.029253 -31.106392 -43.397840
-0.029253 -31.106392 -43.397840
-0.029253 -31.106392 -43.397840
-0.029253 -31.106392 -43.397840
-0.029253 -31.106392 -43.397840
-0.029253 -31.106392 -43.397840
-1.774542 -24.752221 -53.470693
-1.774542 -24.752221 -53.470693
-1.774542 -24.752221 -53.470693
-1.774542 -24.752221 -53.470693
-1.774542 -24.752221 -53.470693
-1.774542 -24.752221 -53.470693
-1.558333 -5.155283 -61.123035
-1.558333 -5.155283 -61.123035
-1.558333 -5.155283 -61.123035
-1.558333 -5.155283 -61.123035
-1.558333 -5.155283 -61.123035
-1.558333 -5.155283 -61.123035
0.679455 -4.222766 -58.870043
0.679455 -4.222766 -58.870043
0.679455 -4.222766 -58.870043
0.679455 -4.222766 -58.870043
0.679455 -4.222766 -58.870043
0.679455 -4.222766 -58.870043
2.398246 -5.020007 -54.447212
2.398246 -5.020007 -54.447212
2.398246 -5.020007 -54.447212
2.398246 -5.020007 -54.447212
2.398246 -5.020007 -54.447212
2.398246 -5.020007 -54.447212
3.896422 -19.540707 -52.487596
3.896422 -19.540707 -52.487596
3.896422 -19.540707 -52.487596
3.896422 -19.540707 -52.487596
3.896422 -19.540707 -52.487596
3.896422 -19.540707 -52.487596
2.278915 -36.884456 -57.128249
2.278915 -36.884456 -57.128249
2.278915 -36.884456 -57.128249
2.278915 -36.884456 -57.128249
2.278915 -36.884456 -57.128249
2.278915 -36.884456 -57.128249
1.623685 -10.995218 -64.544905
1.623685 -10.995218 -64.544905
1.623685 -10.995218 -64.544905
1.623685 -10.995218 -64.544905
1.623685 -10.995218 -64.544905
1.623685 -10.995218 -64.544905
2.413045 -0.382940 -60.588026
2.413045 -0.382940 -60.588026
2.413045 -0.382940 -60.588026
2.413045 -0.382940 -60.588026
2.413045 -0.382940 -60.588026
2.413045 -0.382940 -60.588026
3.034871 1.834335 -50.607327
3.034871 1.834335 -50.607327
3.034871 1.834335 -50.607327
3.034871 1.834335 -50.607327
3.034871 1.834335 -50.607327
3.034871 1.834335 -50.607327
2.429191 2.169397 -39.156064
2.429191 2.169397 -39.156064
2.429191 2.169397 -39.156064
2.429191 2.169397 -39.156064
2.429191 2.169397 -39.156064
2.553991 0.645899 -29.750521
2.553991 0.645899 -29.750521
2.553991 0.645899 -29.750521
2.553991 0.645899 -29.750521
2.553991 0.645899 -29.750521
2.553991 0.645899 -29.750521
1.601238 1.278188 -21.090634
1.601238 1.278188 -21.090634
1.601238 1.278188 -21.090634
1.601238 1.278188 -21.090634
1.601238 1.278188 -21.090634
1.601238 1.278188 -21.090634
-1.195710 -0.037630 -14.457637
-1.195710 -0.037630 -14.457637
-1.195710 -0.037630 -14.457637
-1.195710 -0.037630 -14.457637
-1.195710 -0.037630 -14.457637
-1.195710 -0.037630 -14.457637
3.369787 6.136965 -6.590619
3.369787 6.136965 -6.590619
3.369787 6.136965 -6.590619
3.369787 6.136965 -6.590619
3.369787 6.136965 -6.590619
3.369787 6.136965 -6.590619
6.672508 6.655799 0.087311
6.672508 6.655799 0.087311
6.672508 6.655799 0.087311
6.672508 6.655799 0.087311
6.672508 6.655799 0.087311
6.672508 6.655799 0.087311
6.028003 5.377968 6.652574
6.028003 5.377968 6.652574
6.028003 5.377968 6.652574
6.028003 5.377968 6.652574
6.028003 5.377968 6.652574
6.028003 5.377968 6.652574
6.028003 5.377968 6.652574
-0.974375 1.214288 10.512173
-0.974375 1.214288 10.512173
-0.974375 1.214288 10.512173
-0.974375 1.214288 10.512173
-0.974375 1.214288 10.512173
-3.083711 -3.616577 20.486159
-3.083711 -3.616577 20.486159
-3.083711 -3.616577 20.486159
-3.083711 -3.616577 20.486159
-3.083711 -3.616577 20.486159
-3.083711 -3.616577 20.486159
-3.083711 -3.616577 20.486159
0.639655 -7.510934 22.918258
0.639655 -7.510934 22.918258
0.639655 -7.510934 22.918258
0.639655 -7.510934 22.918258
0.639655 -7.510934 22.918258
0.189237 -7.415931 16.683505
0.189237 -7.415931 16.683505
0.189237 -7.415931 16.683505
0.189237 -7.415931 16.683505
0.189237 -7.415931 16.683505
0.189237 -7.415931 16.683505
-0.373056 -4.709632 8.086301
-0.373056 -4.709632 8.086301
-0.373056 -4.709632 8.086301
-0.373056 -4.709632 8.086301
-0.373056 -4.709632 8.086301
-0.373056 -4.709632 8.086301
-0.373056 -4.709632 8.086301
-1.259109 -5.578768 -3.017855
-1.259109 -5.578768 -3.017855
-1.259109 -5.578768 -3.017855
-1.259109 -5.578768 -3.017855
-1.259109 -5.578768 -3.017855
-1.259109 -5.578768 -3.017855
-3.126895 -4.035233 -18.388678
-3.126895 -4.035233 -18.388678
-3.126895 -4.035233 -18.388678
-3.126895 -4.035233 -18.388678
-3.126895 -4.035233 -18.388678
-3.126895 -4.035233 -18.388678
-2.408793 -3.589548 -31.920718
-2.408793 -3.589548 -31.920718
-2.408793 -3.589548 -31.920718
-2.408793 -3.589548 -31.920718
-2.408793 -3.589548 -31.920718
-2.408793 -3.589548 -31.920718
-2.184207 -2.854977 -41.101678
-2.184207 -2.854977 -41.101678
-2.184207 -2.854977 -41.101678
-2.184207 -2.854977 -41.101678
-2.184207 -2.854977 -41.101678
-2.184207 -2.854977 -41.101678
-3.294524 -2.116259 -48.416766
-3.294524 -2.116259 -48.416766
-3.294524 -2.116259 -48.416766
-3.294524 -2.116259 -48.416766
-3.294524 -2.116259 -48.416766
-5.370286 -1.844028 -54.540252
-5.370286 -1.844028 -54.540252
-5.370286 -1.844028 -54.540252
-5.370286 -1.844028 -54.540252
-5.370286 -1.844028 -54.540252
-5.370286 -1.844028 -54.540252
-5.370286 -1.844028 -54.540252
-9.505609 -3.111647 -60.053400
-9.505609 -3.111647 -60.053400
-9.505609 -3.111647 -60.053400
-9.505609 -3.111647 -60.053400
-9.505609 -3.111647 -60.053400
-9.505609 -3.111647 -60.053400
-7.641589 -3.679748 -64.060057
-7.641589 -3.679748 -64.060057
-7.641589 -3.679748 -64.060057
-7.641589 -3.679748 -64.060057
-7.641589 -3.679748 -64.060057
-7.641589 -3.679748 -64.060057
-0.490967 -5.519452 -65.143073
-0.490967 -5.519452 -65.143073
-0.490967 -5.519452 -65.143073
-0.490967 -5.519452 -65.143073
-0.490967 -5.519452 -65.143073
-0.490967 -5.519452 -65.143073
0.360838 -2.866323 -70.510515
0.360838 -2.866323 -70.510515
0.360838 -2.866323 -70.510515
0.360838 -2.866323 -70.510515
0.360838 -2.866323 -70.510515
0.360838 -2.866323 -70.510515
0.067510 -6.043188 -74.054632
0.067510 -6.043188 -74.054632
0.067510 -6.043188 -74.054632
0.067510 -6.043188 -74.054632
0.067510 -6.043188 -74.054632
0.067510 -6.043188 -74.054632
-0.117947 -6.896750 -75.977652
-0.117947 -6.896750 -75.977652
-0.117947 -6.896750 -75.977652
-0.117947 -6.896750 -75.977652
-0.117947 -6.896750 -75.977652
-0.117947 -6.896750 -75.977652
-0.117947 -6.896750 -75.977652
0.644018 -8.130515 -76.967865
0.644018 -8.130515 -76.967865
0.644018 -8.130515 -76.967865
0.644018 -8.130515 -76.967865
0.644018 -8.130515 -76.967865
0.644018 -8.130515 -76.967865
-2.381467 -10.597821 -85.441719
-2.381467 -10.597821 -85.441719
-2.381467 -10.597821 -85.441719
-2.381467 -10.597821 -85.441719
-2.381467 -10.597821 -85.441719
-2.381467 -10.597821 -85.441719
-1.406312 -9.014262 -92.511825
-1.406312 -9.014262 -92.511825
-1.406312 -9.014262 -92.511825
-1.406312 -9.014262 -92.511825
-1.406312 -9.014262 -92.511825
-1.406312 -9.014262 -92.511825
-1.308850 -9.319529 -95.085242
-1.308850 -9.319529 -95.085242
-1.308850 -9.319529 -95.085242
-1.308850 -9.319529 -95.085242
-1.308850 -9.319529 -95.085242
-1.308850 -9.319529 -95.085242
-1.481989 -10.611423 -95.776198
-1.481989 -10.611423 -95.776198
-1.481989 -10.611423 -95.776198
-1.481989 -10.611423 -95.776198
-1.481989 -10.611423 -95.776198
-1.481989 -10.611423 -95.776198
0.803154 -24.106159 -105.182448
0.803154 -24.106159 -105.182448
0.803154 -24.106159 -105.182448
0.803154 -24.106159 -105.182448
0.803154 -24.106159 -105.182448
0.803154 -24.106159 -105.182448
-2.232839 -31.210054 -109.699409
-2.232839 -31.210054 -109.699409
-2.232839 -31.210054 -109.699409
-2.232839 -31.210054 -109.699409
-2.232839 -31.210054 -109.699409
-2.232839 -31.210054 -109.699409
-0.858523 -21.568549 -119.752573
-0.858523 -21.568549 -119.752573
-0.858523 -21.568549 -119.752573
-0.858523 -21.568549 -119.752573
-0.858523 -21.568549 -119.752573
3.199461 -13.566608 -131.044119
3.199461 -13.566608 -131.044119
3.199461 -13.566608 -131.044119
3.199461 -13.566608 -131.044119
3.199461 -13.566608 -131.044119
3.199461 -13.566608 -131.044119
7.140861 -6.805189 -136.783267
7.140861 -6.805189 -136.783267
7.140861 -6.805189 -136.783267
7.140861 -6.805189 -136.783267
7.140861 -6.805189 -136.783267
7.140861 -6.805189 -136.783267
8.034293 -7.074768 -141.409095
8.034293 -7.074768 -141.409095
8.034293 -7.074768 -141.409095
8.034293 -7.074768 -141.409095
8.034293 -7.074768 -141.409095
8.034293 -7.074768 -141.409095
8.841733 -7.008975 -144.875252
8.841733 -7.008975 -144.875252
8.841733 -7.008975 -144.875252
8.841733 -7.008975 -144.875252
8.841733 -7.008975 -144.875252
9.385786 -6.914468 -147.439004
9.385786 -6.914468 -147.439004
