-2.414794 -13.758962 -99.390550
-2.414794 -13.758962 -99.390550
-2.425062 -13.772883 -99.435205
-2.425062 -13.772883 -99.435205
-2.425062 -13.772883 -99.435205
-2.425062 -13.772883 -99.435205
-2.425062 -13.772883 -99.435205
-2.425062 -13.772883 -99.435205
-2.425062 -13.772883 -99.435205
-2.425062 -13.772883 -99.435205
-2.414416 -13.779143 -99.395734
-2.414416 -13.779143 -99.395734
-2.414416 -13.779143 -99.395734
-2.414416 -13.779143 -99.395734
-2.414416 -13.779143 -99.395734
-2.414416 -13.779143 -99.395734
-2.414416 -13.779143 -99.395734
-2.372165 -13.782115 -99.215499
-2.372165 -13.782115 -99.215499
-2.372165 -13.782115 -99.215499
-2.372165 -13.782115 -99.215499
-2.372165 -13.782115 -99.215499
-2.372165 -13.782115 -99.215499
-2.372165 -13.782115 -99.215499
-2.372165 -13.782115 -99.215499
-2.379578 -13.788604 -99.134336
-2.379578 -13.788604 -99.134336
-2.379578 -13.788604 -99.134336
-2.379578 -13.788604 -99.134336
-2.379578 -13.788604 -99.134336
-2.379578 -13.788604 -99.134336
-2.379578 -13.788604 -99.134336
-2.379578 -13.788604 -99.134336
-2.434881 -13.790516 -99.273583
-2.434881 -13.790516 -99.273583
-2.434881 -13.790516 -99.273583
-2.434881 -13.790516 -99.273583
-2.434881 -13.790516 -99.273583
-2.434881 -13.790516 -99.273583
-2.434881 -13.790516 -99.273583
-2.434881 -13.790516 -99.273583
-2.456099 -13.793733 -99.375352
-2.456099 -13.793733 -99.375352
-2.456099 -13.793733 -99.375352
-2.456099 -13.793733 -99.375352
-2.456099 -13.793733 -99.375352
-2.456099 -13.793733 -99.375352
-2.456099 -13.793733 -99.375352
-2.456099 -13.793733 -99.375352
-2.440257 -13.800469 -99.363010
-2.440257 -13.800469 -99.363010
-2.440257 -13.800469 -99.363010
-2.440257 -13.800469 -99.363010
-2.440257 -13.800469 -99.363010
-2.440257 -13.800469 -99.363010
-2.440257 -13.800469 -99.363010
-2.440257 -13.800469 -99.363010
-2.445500 -13.806013 -99.415364
-2.445500 -13.806013 -99.415364
-2.445500 -13.806013 -99.415364
-2.445500 -13.806013 -99.415364
-2.445500 -13.806013 -99.415364
-2.445500 -13.806013 -99.415364
-2.445500 -13.806013 -99.415364
-2.445500 -13.806013 -99.415364
-2.453256 -13.800314 -99.489184
-2.453256 -13.800314 -99.489184
-2.453256 -13.800314 -99.489184
-2.453256 -13.800314 -99.489184
-2.453256 -13.800314 -99.489184
-2.453256 -13.800314 -99.489184
-2.453256 -13.800314 -99.489184
-2.453256 -13.800314 -99.489184
-2.436147 -13.794130 -99.472758
-2.436147 -13.794130 -99.472758
-2.436147 -13.794130 -99.472758
-2.436147 -13.794130 -99.472758
-2.436147 -13.794130 -99.472758
-2.436147 -13.794130 -99.472758
-2.436147 -13.794130 -99.472758
-2.425202 -13.798584 -99.465634
-2.425202 -13.798584 -99.465634
-2.425202 -13.798584 -99.465634
-2.425202 -13.798584 -99.465634
-2.425202 -13.798584 -99.465634
-2.425202 -13.798584 -99.465634
-2.425202 -13.798584 -99.465634
-2.425202 -13.798584 -99.465634
-2.432731 -13.801477 -99.494198
-2.432731 -13.801477 -99.494198
-2.432731 -13.801477 -99.494198
-2.432731 -13.801477 -99.494198
-2.432731 -13.801477 -99.494198
-2.432731 -13.801477 -99.494198
-2.432731 -13.801477 -99.494198
-2.432731 -13.801477 -99.494198
-2.410192 -13.801114 -99.419551
-2.410192 -13.801114 -99.419551
-2.410192 -13.801114 -99.419551
-2.410192 -13.801114 -99.419551
-2.410192 -13.801114 -99.419551
-2.410192 -13.801114 -99.419551
-2.410192 -13.801114 -99.419551
-2.410192 -13.801114 -99.419551
-2.380828 -13.801774 -99.304264
-2.380828 -13.801774 -99.304264
-2.380828 -13.801774 -99.304264
-2.380828 -13.801774 -99.304264
-2.380828 -13.801774 -99.304264
-2.380828 -13.801774 -99.304264
-2.380828 -13.801774 -99.304264
-2.380828 -13.801774 -99.304264
-2.392629 -13.802725 -99.265448
-2.392629 -13.802725 -99.265448
-2.392629 -13.802725 -99.265448
-2.392629 -13.802725 -99.265448
-2.392629 -13.802725 -99.265448
-2.392629 -13.802725 -99.265448
-2.392629 -13.802725 -99.265448
-2.392629 -13.802725 -99.265448
-2.436033 -13.792897 -99.384273
-2.436033 -13.792897 -99.384273
-2.436033 -13.792897 -99.384273
-2.436033 -13.792897 -99.384273
-2.436033 -13.792897 -99.384273
-2.436033 -13.792897 -99.384273
-2.436033 -13.792897 -99.384273
-2.432409 -13.789337 -99.405938
-2.432409 -13.789337 -99.405938
-2.432409 -13.789337 -99.405938
-2.432409 -13.789337 -99.405938
-2.432409 -13.789337 -99.405938
-2.432409 -13.789337 -99.405938
-2.432409 -13.789337 -99.405938
-2.432409 -13.789337 -99.405938
-2.416871 -13.802529 -99.361132
-2.416871 -13.802529 -99.361132
-2.416871 -13.802529 -99.361132
-2.416871 -13.802529 -99.361132
-2.416871 -13.802529 -99.361132
-2.416871 -13.802529 -99.361132
-2.416871 -13.802529 -99.361132
-2.416871 -13.802529 -99.361132
-2.437954 -13.796110 -99.463400
-2.437954 -13.796110 -99.463400
-2.437954 -13.796110 -99.463400
-2.437954 -13.796110 -99.463400
-2.437954 -13.796110 -99.463400
-2.437954 -13.796110 -99.463400
-2.437954 -13.796110 -99.463400
-2.437954 -13.796110 -99.463400
-2.432943 -13.799969 -99.459371
-2.432943 -13.799969 -99.459371
-2.432943 -13.799969 -99.459371
-2.432943 -13.799969 -99.459371
-2.432943 -13.799969 -99.459371
-2.432943 -13.799969 -99.459371
-2.432943 -13.799969 -99.459371
-2.434401 -13.798703 -99.500591
-2.434401 -13.798703 -99.500591
-2.434401 -13.798703 -99.500591
-2.434401 -13.798703 -99.500591
-2.434401 -13.798703 -99.500591
-2.434401 -13.798703 -99.500591
-2.434401 -13.798703 -99.500591
-2.434401 -13.798703 -99.500591
-2.434732 -13.790745 -99.522482
-2.434732 -13.790745 -99.522482
-2.434732 -13.790745 -99.522482
-2.434732 -13.790745 -99.522482
-2.434732 -13.790745 -99.522482
-2.434732 -13.790745 -99.522482
-2.434732 -13.790745 -99.522482
-2.434732 -13.790745 -99.522482
-2.422655 -13.784964 -99.515187
-2.422655 -13.784964 -99.515187
-2.422655 -13.784964 -99.515187
-2.422655 -13.784964 -99.515187
-2.422655 -13.784964 -99.515187
-2.422655 -13.784964 -99.515187
-2.422655 -13.784964 -99.515187
-2.422655 -13.784964 -99.515187
-2.418734 -13.786417 -99.474534
-2.418734 -13.786417 -99.474534
-2.418734 -13.786417 -99.474534
-2.418734 -13.786417 -99.474534
-2.418734 -13.786417 -99.474534
-2.418734 -13.786417 -99.474534
-2.418734 -13.786417 -99.474534
-2.418734 -13.786417 -99.474534
-2.390882 -13.793699 -99.337220
-2.390882 -13.793699 -99.337220
-2.390882 -13.793699 -99.337220
-2.390882 -13.793699 -99.337220
-2.390882 -13.793699 -99.337220
-2.390882 -13.793699 -99.337220
-2.390882 -13.793699 -99.337220
-2.390882 -13.793699 -99.337220
-2.385916 -13.796535 -99.249021
-2.385916 -13.796535 -99.249021
-2.385916 -13.796535 -99.249021
-2.385916 -13.796535 -99.249021
-2.385916 -13.796535 -99.249021
-2.385916 -13.796535 -99.249021
-2.385916 -13.796535 -99.249021
-2.385916 -13.796535 -99.249021
-2.405697 -13.794564 -99.286622
-2.405697 -13.794564 -99.286622
-2.405697 -13.794564 -99.286622
-2.405697 -13.794564 -99.286622
-2.405697 -13.794564 -99.286622
-2.405697 -13.794564 -99.286622
-2.405697 -13.794564 -99.286622
-2.405697 -13.794564 -99.286622
-2.416617 -13.777188 -99.366016
-2.416617 -13.777188 -99.366016
-2.416617 -13.777188 -99.366016
-2.416617 -13.777188 -99.366016
-2.416617 -13.777188 -99.366016
-2.416617 -13.777188 -99.366016
-2.416617 -13.777188 -99.366016
-2.410235 -13.784455 -99.308881
-2.410235 -13.784455 -99.308881
-2.410235 -13.784455 -99.308881
-2.410235 -13.784455 -99.308881
-2.410235 -13.784455 -99.308881
-2.410235 -13.784455 -99.308881
-2.410235 -13.784455 -99.308881
-2.410235 -13.784455 -99.308881
-2.433374 -13.792942 -99.397435
-2.433374 -13.792942 -99.397435
-2.433374 -13.792942 -99.397435
-2.433374 -13.792942 -99.397435
-2.433374 -13.792942 -99.397435
-2.433374 -13.792942 -99.397435
-2.433374 -13.792942 -99.397435
-2.433374 -13.792942 -99.397435
-2.440612 -13.796204 -99.425322
-2.440612 -13.796204 -99.425322
-2.440612 -13.796204 -99.425322
-2.440612 -13.796204 -99.425322
-2.440612 -13.796204 -99.425322
-2.440612 -13.796204 -99.425322
-2.440612 -13.796204 -99.425322
-2.440612 -13.796204 -99.425322
-2.427643 -13.798710 -99.430793
-2.427643 -13.798710 -99.430793
-2.427643 -13.798710 -99.430793
-2.427643 -13.798710 -99.430793
-2.427643 -13.798710 -99.430793
-2.427643 -13.798710 -99.430793
-2.427643 -13.798710 -99.430793
-2.427643 -13.798710 -99.430793
-2.429293 -13.790861 -99.461850
-2.429293 -13.790861 -99.461850
-2.429293 -13.790861 -99.461850
-2.429293 -13.790861 -99.461850
-2.429293 -13.790861 -99.461850
-2.429293 -13.790861 -99.461850
-2.429293 -13.790861 -99.461850
-2.429293 -13.790861 -99.461850
-2.436840 -13.790851 -99.482122
-2.436840 -13.790851 -99.482122
-2.436840 -13.790851 -99.482122
-2.436840 -13.790851 -99.482122
-2.436840 -13.790851 -99.482122
-2.436840 -13.790851 -99.482122
-2.436840 -13.790851 -99.482122
-2.436840 -13.790851 -99.482122
-2.422326 -13.798347 -99.460600
-2.422326 -13.798347 -99.460600
-2.422326 -13.798347 -99.460600
-2.422326 -13.798347 -99.460600
-2.422326 -13.798347 -99.460600
-2.422326 -13.798347 -99.460600
-2.422326 -13.798347 -99.460600
-2.400023 -13.806023 -99.356433
-2.400023 -13.806023 -99.356433
-2.400023 -13.806023 -99.356433
-2.400023 -13.806023 -99.356433
-2.400023 -13.806023 -99.356433
-2.400023 -13.806023 -99.356433
-2.400023 -13.806023 -99.356433
-2.400023 -13.806023 -99.356433
-2.384996 -13.803762 -99.285734
-2.384996 -13.803762 -99.285734
-2.384996 -13.803762 -99.285734
-2.384996 -13.803762 -99.285734
-2.384996 -13.803762 -99.285734
-2.384996 -13.803762 -99.285734
-2.384996 -13.803762 -99.285734
-2.384996 -13.803762 -99.285734
-2.399574 -13.798734 -99.326653
-2.399574 -13.798734 -99.326653
-2.399574 -13.798734 -99.326653
-2.399574 -13.798734 -99.326653
-2.399574 -13.798734 -99.326653
-2.399574 -13.798734 -99.326653
-2.399574 -13.798734 -99.326653
-2.399574 -13.798734 -99.326653
-2.418961 -13.792229 -99.419353
-2.418961 -13.792229 -99.419353
-2.418961 -13.792229 -99.419353
-2.418961 -13.792229 -99.419353
-2.418961 -13.792229 -99.419353
-2.418961 -13.792229 -99.419353
-2.418961 -13.792229 -99.419353
-2.418961 -13.792229 -99.419353
-2.406483 -13.790369 -99.384662
-2.406483 -13.790369 -99.384662
-2.406483 -13.790369 -99.384662
-2.406483 -13.790369 -99.384662
-2.406483 -13.790369 -99.384662
-2.406483 -13.790369 -99.384662
-2.406483 -13.790369 -99.384662
-2.406483 -13.790369 -99.384662
-2.409235 -13.797045 -99.405849
-2.409235 -13.797045 -99.405849
-2.409235 -13.797045 -99.405849
-2.409235 -13.797045 -99.405849
-2.409235 -13.797045 -99.405849
-2.409235 -13.797045 -99.405849
-2.409235 -13.797045 -99.405849
-2.414812 -13.785069 -99.461030
-2.414812 -13.785069 -99.461030
-2.414812 -13.785069 -99.461030
-2.414812 -13.785069 -99.461030
-2.414812 -13.785069 -99.461030
-2.414812 -13.785069 -99.461030
-2.414812 -13.785069 -99.461030
-2.414812 -13.785069 -99.461030
-2.397650 -13.790458 -99.409640
-2.397650 -13.790458 -99.409640
-2.397650 -13.790458 -99.409640
-2.397650 -13.790458 -99.409640
-2.397650 -13.790458 -99.409640
-2.397650 -13.790458 -99.409640
-2.397650 -13.790458 -99.409640
-2.397650 -13.790458 -99.409640
-2.404434 -13.791928 -99.388603
-2.404434 -13.791928 -99.388603
-2.404434 -13.791928 -99.388603
-2.404434 -13.791928 -99.388603
-2.404434 -13.791928 -99.388603
-2.404434 -13.791928 -99.388603
-2.404434 -13.791928 -99.388603
-2.404434 -13.791928 -99.388603
-2.431095 -13.786910 -99.442473
-2.431095 -13.786910 -99.442473
-2.431095 -13.786910 -99.442473
-2.431095 -13.786910 -99.442473
-2.431095 -13.786910 -99.442473
-2.431095 -13.786910 -99.442473
-2.431095 -13.786910 -99.442473
-2.431095 -13.786910 -99.442473
-2.407746 -13.793664 -99.381889
-2.407746 -13.793664 -99.381889
-2.407746 -13.793664 -99.381889
-2.407746 -13.793664 -99.381889
-2.407746 -13.793664 -99.381889
-2.407746 -13.793664 -99.381889
-2.407746 -13.793664 -99.381889
-2.407746 -13.793664 -99.381889
-2.399766 -13.784648 -99.354657
-2.399766 -13.784648 -99.354657
-2.399766 -13.784648 -99.354657
-2.399766 -13.784648 -99.354657
-2.399766 -13.784648 -99.354657
-2.399766 -13.784648 -99.354657
-2.399766 -13.784648 -99.354657
-2.399766 -13.784648 -99.354657
-2.399766 -13.784648 -99.354657
-2.399766 -13.784648 -99.354657
-2.399766 -13.784648 -99.354657
-2.399766 -13.784648 -99.354657
-2.399766 -13.784648 -99.354657
-2.399766 -13.784648 -99.354657
-2.399766 -13.784648 -99.354657
-2.394754 -13.777661 -99.281519
-2.394754 -13.777661 -99.281519
-2.394754 -13.777661 -99.281519
-2.394754 -13.777661 -99.281519
-2.394754 -13.777661 -99.281519
-2.394754 -13.777661 -99.281519
-2.394754 -13.777661 -99.281519
-2.394754 -13.777661 -99.281519
-2.424675 -13.773529 -99.372231
-2.424675 -13.773529 -99.372231
-2.424675 -13.773529 -99.372231
-2.424675 -13.773529 -99.372231
-2.424675 -13.773529 -99.372231
-2.424675 -13.773529 -99.372231
-2.424675 -13.773529 -99.372231
-2.424675 -13.773529 -99.372231
-2.439314 -13.786027 -99.403493
-2.439314 -13.786027 -99.403493
-2.439314 -13.786027 -99.403493
-2.439314 -13.786027 -99.403493
-2.439314 -13.786027 -99.403493
-2.439314 -13.786027 -99.403493
-2.439314 -13.786027 -99.403493
-2.439314 -13.786027 -99.403493
-2.431794 -13.783190 -99.408752
-2.431794 -13.783190 -99.408752
-2.431794 -13.783190 -99.408752
-2.431794 -13.783190 -99.408752
-2.431794 -13.783190 -99.408752
-2.431794 -13.783190 -99.408752
-2.431794 -13.783190 -99.408752
-2.431794 -13.783190 -99.408752
-2.442381 -13.784667 -99.496882
-2.442381 -13.784667 -99.496882
-2.442381 -13.784667 -99.496882
-2.442381 -13.784667 -99.496882
-2.442381 -13.784667 -99.496882
-2.442381 -13.784667 -99.496882
-2.442381 -13.784667 -99.496882
-2.442381 -13.784667 -99.496882
-2.439980 -13.778035 -99.516703
-2.439980 -13.778035 -99.516703
-2.439980 -13.778035 -99.516703
-2.439980 -13.778035 -99.516703
-2.439980 -13.778035 -99.516703
-2.439980 -13.778035 -99.516703
-2.439980 -13.778035 -99.516703
-2.420013 -13.783785 -99.479328
-2.420013 -13.783785 -99.479328
-2.420013 -13.783785 -99.479328
-2.420013 -13.783785 -99.479328
-2.420013 -13.783785 -99.479328
-2.420013 -13.783785 -99.479328
-2.420013 -13.783785 -99.479328
-2.420013 -13.783785 -99.479328
-2.427754 -13.734902 -99.587683
-2.427754 -13.734902 -99.587683
-2.427754 -13.734902 -99.587683
-2.427754 -13.734902 -99.587683
-2.427754 -13.734902 -99.587683
-2.427754 -13.734902 -99.587683
-2.427754 -13.734902 -99.587683
-2.427754 -13.734902 -99.587683
-2.359518 -13.656261 -99.564323
-2.359518 -13.656261 -99.564323
-2.359518 -13.656261 -99.564323
-2.359518 -13.656261 -99.564323
-2.359518 -13.656261 -99.564323
-2.359518 -13.656261 -99.564323
-2.359518 -13.656261 -99.564323
-2.359518 -13.656261 -99.564323
-2.356703 -13.657541 -99.467471
-2.356703 -13.657541 -99.467471
-2.356703 -13.657541 -99.467471
-2.356703 -13.657541 -99.467471
-2.356703 -13.657541 -99.467471
-2.356703 -13.657541 -99.467471
-2.356703 -13.657541 -99.467471
-2.356703 -13.657541 -99.467471
-2.328706 -13.739648 -99.283316
-2.328706 -13.739648 -99.283316
-2.328706 -13.739648 -99.283316
-2.328706 -13.739648 -99.283316
-2.328706 -13.739648 -99.283316
-2.328706 -13.739648 -99.283316
-2.328706 -13.739648 -99.283316
-2.328706 -13.739648 -99.283316
-2.359444 -13.732672 -99.244664
