0.633216 -10.142803 -114.224908
0.633216 -10.142803 -114.224908
0.624380 -10.386241 -113.570227
0.624380 -10.386241 -113.570227
0.624380 -10.386241 -113.570227
0.624380 -10.386241 -113.570227
0.624380 -10.386241 -113.570227
0.612995 -10.528963 -112.991219
0.612995 -10.528963 -112.991219
0.612995 -10.528963 -112.991219
0.612995 -10.528963 -112.991219
0.612995 -10.528963 -112.991219
0.568270 -10.627918 -112.612922
0.568270 -10.627918 -112.612922
0.568270 -10.627918 -112.612922
0.568270 -10.627918 -112.612922
0.568270 -10.627918 -112.612922
0.825681 -9.386367 -113.192538
0.825681 -9.386367 -113.192538
0.825681 -9.386367 -113.192538
0.825681 -9.386367 -113.192538
0.825681 -9.386367 -113.192538
-1.865850 -4.174113 -111.348565
-1.865850 -4.174113 -111.348565
-1.865850 -4.174113 -111.348565
-1.865850 -4.174113 -111.348565
-1.865850 -4.174113 -111.348565
-3.366052 -0.117462 -105.380940
-3.366052 -0.117462 -105.380940
-3.366052 -0.117462 -105.380940
-3.366052 -0.117462 -105.380940
-3.366052 -0.117462 -105.380940
-2.752228 -2.604285 -86.632316
-2.752228 -2.604285 -86.632316
-2.752228 -2.604285 -86.632316
-2.752228 -2.604285 -86.632316
-3.495444 -2.303395 -68.095483
-3.495444 -2.303395 -68.095483
-3.495444 -2.303395 -68.095483
-3.495444 -2.303395 -68.095483
-3.495444 -2.303395 -68.095483
-2.710932 -3.765226 -49.230047
-2.710932 -3.765226 -49.230047
-2.710932 -3.765226 -49.230047
-2.710932 -3.765226 -49.230047
-2.710932 -3.765226 -49.230047
1.088357 -3.778015 -34.174718
1.088357 -3.778015 -34.174718
1.088357 -3.778015 -34.174718
1.088357 -3.778015 -34.174718
1.088357 -3.778015 -34.174718
16.419312 -1.595891 -23.155185
16.419312 -1.595891 -23.155185
16.419312 -1.595891 -23.155185
16.419312 -1.595891 -23.155185
16.419312 -1.595891 -23.155185
29.871846 2.476423 -13.432069
29.871846 2.476423 -13.432069
29.871846 2.476423 -13.432069
29.871846 2.476423 -13.432069
29.871846 2.476423 -13.432069
42.500996 5.291573 -6.385612
42.500996 5.291573 -6.385612
42.500996 5.291573 -6.385612
42.500996 5.291573 -6.385612
42.500996 5.291573 -6.385612
51.359983 7.446331 -1.441951
51.359983 7.446331 -1.441951
51.359983 7.446331 -1.441951
51.359983 7.446331 -1.441951
51.359983 7.446331 -1.441951
58.214713 8.590494 1.863006
58.214713 8.590494 1.863006
58.214713 8.590494 1.863006
58.214713 8.590494 1.863006
58.214713 8.590494 1.863006
60.882469 9.039344 3.984135
60.882469 9.039344 3.984135
60.882469 9.039344 3.984135
60.882469 9.039344 3.984135
60.882469 9.039344 3.984135
59.662597 8.322537 4.994600
59.662597 8.322537 4.994600
59.662597 8.322537 4.994600
59.662597 8.322537 4.994600
59.662597 8.322537 4.994600
58.310971 5.905682 4.496349
58.310971 5.905682 4.496349
58.310971 5.905682 4.496349
58.310971 5.905682 4.496349
58.310971 5.905682 4.496349
58.310971 5.905682 4.496349
57.515985 5.943311 7.912723
57.515985 5.943311 7.912723
57.515985 5.943311 7.912723
57.515985 5.943311 7.912723
57.515985 5.943311 7.912723
58.171116 4.697133 9.264137
58.171116 4.697133 9.264137
58.171116 4.697133 9.264137
58.171116 4.697133 9.264137
58.171116 4.697133 9.264137
59.369760 0.677941 9.008291
59.369760 0.677941 9.008291
59.369760 0.677941 9.008291
59.369760 0.677941 9.008291
59.369760 0.677941 9.008291
60.282819 -0.140324 10.773193
60.282819 -0.140324 10.773193
60.282819 -0.140324 10.773193
60.282819 -0.140324 10.773193
60.282819 -0.140324 10.773193
60.479570 -0.124654 11.802143
60.479570 -0.124654 11.802143
60.479570 -0.124654 11.802143
60.479570 -0.124654 11.802143
60.479570 -0.124654 11.802143
59.938052 -0.937855 12.570973
59.938052 -0.937855 12.570973
59.938052 -0.937855 12.570973
59.938052 -0.937855 12.570973
59.938052 -0.937855 12.570973
59.485115 -2.789931 12.315483
59.485115 -2.789931 12.315483
59.485115 -2.789931 12.315483
59.485115 -2.789931 12.315483
59.485115 -2.789931 12.315483
59.111551 -4.902693 12.216571
59.111551 -4.902693 12.216571
59.111551 -4.902693 12.216571
59.111551 -4.902693 12.216571
59.111551 -4.902693 12.216571
