-0.000033 -0.000727
0.000009 -0.001371
-0.001811 -0.002978
-0.003493 -0.004566
-0.005281 -0.006100
-0.006978 -0.007626
-0.008654 -0.009084
-0.006135 -0.014865
-0.003437 -0.020488
-0.000893 -0.026222
0.001669 -0.031921
0.004246 -0.037595
0.004201 -0.039160
0.004233 -0.040648
0.004243 -0.042150
0.004179 -0.043743
0.004173 -0.045251
0.003278 -0.044306
0.002589 -0.043270
0.001694 -0.042308
0.000843 -0.041302
0.000059 -0.040229
-0.000015 -0.037644
-0.000151 -0.035130
-0.000197 -0.032459
-0.000203 -0.029839
-0.000217 -0.027193
0.000549 -0.030490
0.001545 -0.033535
0.002321 -0.036802
0.003190 -0.039979
0.004059 -0.043145
0.002270 -0.043898
0.000512 -0.044523
-0.001228 -0.045182
-0.002949 -0.045884
-0.004683 -0.046580
-0.026167 -0.044773
-0.047672 -0.043078
-0.069132 -0.041223
-0.090651 -0.039438
-0.112099 -0.037580
0.166098 -1.086247
0.445079 -2.129224
0.682605 -3.141582
1.030739 -4.117523
1.405208 -4.989998
1.492011 -4.641720
1.879249 -3.924048
2.341190 -5.060526
2.617413 -4.501590
3.080268 -4.483282
2.625846 -4.923641
1.624944 -5.435954
1.876360 -5.487178
2.155129 -5.680588
2.191023 -5.810039
1.571090 -5.924781
0.713234 -6.202723
0.167131 -6.655864
-0.567074 -7.338409
-1.343114 -8.097263
-2.008542 -8.797394
-2.571800 -9.521215
-3.147950 -10.444175
-3.718067 -11.443936
-3.827191 -11.709673
-4.366321 -12.052302
-5.055405 -13.000647
-5.540047 -13.893688
-5.869079 -14.441757
-6.251869 -15.068625
-6.729840 -16.203160
-6.440062 -17.742800
-6.791212 -18.748103
-7.713111 -20.286710
-7.927022 -21.106795
-8.600712 -22.325929
-8.972867 -23.323580
-9.540863 -24.058220
-10.271988 -25.822400
-10.895612 -27.117356
-11.300852 -27.971887
-10.994059 -29.145371
-11.060924 -30.662857
-11.331088 -31.487748
-11.547261 -32.887619
-11.782653 -33.603814
-11.861262 -34.539655
-11.862030 -35.599394
-11.908499 -36.239886
-11.857340 -37.216723
-11.712163 -37.665814
-11.425230 -38.089400
-11.663356 -38.289049
-11.515904 -38.227497
-11.009110 -37.959210
-10.649066 -37.153702
-10.632617 -36.220096
-10.559966 -34.625289
-10.632782 -32.829500
-10.599295 -31.019186
-10.202214 -29.925762
-10.573327 -27.704954
-10.595733 -26.303430
-10.915826 -23.975011
-10.545830 -22.943417
-11.081311 -21.771202
-11.031295 -20.827776
-11.707319 -19.575093
-11.966323 -18.326301
-11.915642 -17.989812
-12.554123 -17.773608
-13.779622 -17.283027
-14.884640 -16.389123
-15.190099 -16.231943
-15.522063 -16.388849
-15.641248 -16.524290
-16.113268 -16.764026
-16.584403 -16.476422
-16.769597 -16.568252
-17.010653 -16.720671
-16.694683 -16.417053
-16.490290 -16.268810
-16.152451 -15.920179
-15.600151 -15.731458
-15.670880 -14.894686
-16.141558 -14.789605
-16.397714 -14.726620
-16.592798 -14.627381
-16.651683 -14.813189
-16.907909 -14.818081
-16.722069 -14.710683
-16.641609 -14.546355
-16.087944 -14.391890
-15.858251 -14.341696
-15.855180 -14.089980
-15.614135 -12.767991
-15.613801 -11.810511
-15.698399 -10.584415
-15.594555 -8.875784
-14.661823 -7.363748
-14.541785 -5.878038
-14.684010 -3.907749
-13.082485 -2.078319
-12.765425 -0.434422
-11.705290 1.349165
-10.833135 2.990712
-10.342597 4.008873
-9.980632 5.195580
-9.825662 6.139067
-9.361983 7.343278
-9.068946 7.836266
-8.619140 8.019990
-8.525976 8.635657
-8.484073 9.073927
-8.450448 9.605986
-8.283014 9.843008
-8.054514 10.079973
-7.842632 10.320273
-7.475695 10.621049
-7.299949 10.773789
-7.563640 9.759224
-8.121348 8.787926
-8.967221 7.398474
-9.519581 6.040276
-9.895261 4.404351
-10.147836 3.085291
-10.737066 1.561462
-11.850721 0.116936
-12.743409 -0.583466
-13.843432 -1.968126
-15.474359 -3.458470
-16.888882 -3.918750
-17.332499 -4.462262
-17.784532 -4.935336
-18.006573 -5.426488
-18.402077 -5.507988
-18.906618 -5.811457
-19.287941 -6.148502
-19.509667 -6.215064
-19.589040 -6.132737
-19.814619 -4.874599
-19.935523 -3.634127
-19.744673 -1.816150
-19.623351 -0.427264
-19.256085 -0.041770
-18.382030 2.873595
-17.500081 4.517597
-15.872966 5.642366
-15.057764 7.080652
-13.994337 8.262242
-13.531030 8.739637
-13.324430 9.043137
-13.093106 9.524134
-12.796000 9.901280
-12.423175 10.314382
-12.407241 9.323368
-13.106192 8.441015
-13.689030 7.290690
-14.416272 6.063554
-15.076247 4.749035
-16.110072 3.376846
-17.020761 2.331604
-18.438013 0.658199
-19.887092 -0.240329
-20.655070 -0.634441
-21.568249 -1.042436
-21.653635 -1.490726
-21.959775 -1.930274
-22.102714 -2.199999
-22.456945 -2.185338
-22.978828 -2.394042
-23.450000 -2.530448
-23.756814 -2.603347
-23.957503 -2.587357
-23.434440 -1.292237
-23.242632 -0.268678
-22.565066 0.958389
-22.099836 2.197836
-21.482626 3.707455
-21.556198 5.280670
-20.480270 5.793382
-19.407418 7.603433
-17.616790 9.076192
-16.037903 10.816660
-15.091917 11.505970
-14.009569 11.703541
-13.557777 12.028802
-13.198663 12.413472
-12.794682 12.883540
-12.402857 12.586928
-12.370362 12.356013
-12.359166 11.990254
-12.580084 11.599495
-12.755747 11.250727
-13.327040 9.697417
-14.863841 8.059412
-15.788196 6.507544
-16.815422 4.518976
-18.083575 2.269074
-20.342167 1.795362
-21.424700 1.661731
-22.608364 1.240579
-23.448427 1.109612
-23.857154 1.006035
-23.980027 0.765662
-24.219229 0.757992
-24.406472 0.802660
-24.439913 0.982953
-24.387715 0.834121
-24.528870 0.582669
-24.310699 0.323951
-24.098736 0.030571
-24.170627 -0.101097
-24.455780 -0.067337
-24.718061 -0.011037
-24.963307 -0.164466
-25.045528 -0.523991
-25.049867 -0.535845
-25.186782 -0.521779
-25.404978 -0.436952
-25.376206 -0.417768
-25.295863 -0.180455
-24.962748 0.080402
-24.943547 0.080719
-24.228447 -0.096147
-23.933346 0.222769
-23.196828 0.659889
-22.788352 0.600898
-22.286454 1.329130
-22.847347 0.707614
-22.665781 0.525370
-22.543592 -0.093768
-23.913127 -0.238201
-23.746348 -0.758094
-23.552991 -1.118862
-23.824802 -1.533236
-23.817562 -1.679465
-23.546486 -1.838327
-23.767939 -2.172852
-23.971839 -2.657131
-24.038881 -3.097486
-23.824887 -3.424916
-23.668764 -3.763512
-24.079298 -3.964108
-24.271879 -4.161226
-24.502488 -4.415334
-24.295235 -4.529963
-24.476043 -4.644820
-24.544039 -4.786903
-24.574140 -5.031034
-24.648517 -5.151320
-24.806826 -5.272619
-24.873883 -5.371190
-24.963843 -5.557113
-25.346531 -5.816795
-25.471262 -5.999617
-25.154163 -6.060704
-25.292052 -6.192510
-25.383051 -6.414124
-25.543655 -6.730045
-25.649321 -7.010553
-25.495944 -7.157156
