3.194937 -7.599408 -120.711668
3.241124 -7.795245 -120.032952
3.241124 -7.795245 -120.032952
3.241124 -7.795245 -120.032952
3.241124 -7.795245 -120.032952
3.241124 -7.795245 -120.032952
3.269466 -7.915976 -119.411350
3.269466 -7.915976 -119.411350
3.269466 -7.915976 -119.411350
3.269466 -7.915976 -119.411350
3.269466 -7.915976 -119.411350
3.252617 -8.000905 -119.009052
3.252617 -8.000905 -119.009052
3.252617 -8.000905 -119.009052
3.252617 -8.000905 -119.009052
3.234234 -8.057314 -118.676217
3.234234 -8.057314 -118.676217
3.234234 -8.057314 -118.676217
3.234234 -8.057314 -118.676217
3.234234 -8.057314 -118.676217
3.224735 -8.116386 -118.455411
3.224735 -8.116386 -118.455411
3.224735 -8.116386 -118.455411
3.224735 -8.116386 -118.455411
3.224735 -8.116386 -118.455411
3.211532 -8.144815 -118.283522
3.211532 -8.144815 -118.283522
3.211532 -8.144815 -118.283522
3.211532 -8.144815 -118.283522
3.203144 -8.175080 -118.148107
3.203144 -8.175080 -118.148107
3.203144 -8.175080 -118.148107
3.203144 -8.175080 -118.148107
3.203144 -8.175080 -118.148107
3.203493 -8.203438 -117.969142
3.203493 -8.203438 -117.969142
3.203493 -8.203438 -117.969142
3.203493 -8.203438 -117.969142
3.203493 -8.203438 -117.969142
3.187306 -8.213784 -117.871635
3.187306 -8.213784 -117.871635
3.187306 -8.213784 -117.871635
3.187306 -8.213784 -117.871635
3.187306 -8.213784 -117.871635
3.187306 -8.213784 -117.871635
3.185956 -8.212412 -117.702451
3.185956 -8.212412 -117.702451
3.185956 -8.212412 -117.702451
3.185956 -8.212412 -117.702451
3.185956 -8.212412 -117.702451
3.170074 -8.227110 -117.730277
3.170074 -8.227110 -117.730277
3.170074 -8.227110 -117.730277
3.170074 -8.227110 -117.730277
3.170074 -8.227110 -117.730277
3.159038 -8.230754 -117.762802
3.159038 -8.230754 -117.762802
3.159038 -8.230754 -117.762802
3.159038 -8.230754 -117.762802
3.152602 -8.232208 -117.763089
3.152602 -8.232208 -117.763089
3.152602 -8.232208 -117.763089
3.152602 -8.232208 -117.763089
3.152602 -8.232208 -117.763089
3.151655 -8.234472 -117.737189
3.151655 -8.234472 -117.737189
3.151655 -8.234472 -117.737189
3.151655 -8.234472 -117.737189
3.151655 -8.234472 -117.737189
3.138727 -8.241007 -117.759647
3.138727 -8.241007 -117.759647
3.138727 -8.241007 -117.759647
3.138727 -8.241007 -117.759647
3.138727 -8.241007 -117.759647
2.215670 -7.986982 -124.381461
2.215670 -7.986982 -124.381461
2.215670 -7.986982 -124.381461
2.215670 -7.986982 -124.381461
2.215670 -7.986982 -124.381461
-5.756860 -1.455452 -117.891019
-5.756860 -1.455452 -117.891019
-5.756860 -1.455452 -117.891019
-5.756860 -1.455452 -117.891019
-5.756860 -1.455452 -117.891019
-4.099458 -1.541180 -102.003493
-4.099458 -1.541180 -102.003493
-4.099458 -1.541180 -102.003493
-4.099458 -1.541180 -102.003493
-4.083250 -2.726060 -82.584535
-4.083250 -2.726060 -82.584535
-4.083250 -2.726060 -82.584535
-4.083250 -2.726060 -82.584535
-4.083250 -2.726060 -82.584535
-4.026296 -3.128935 -67.235371
-4.026296 -3.128935 -67.235371
-4.026296 -3.128935 -67.235371
-4.026296 -3.128935 -67.235371
-4.026296 -3.128935 -67.235371
27.656414 4.386864 -45.647264
27.656414 4.386864 -45.647264
27.656414 4.386864 -45.647264
27.656414 4.386864 -45.647264
27.656414 4.386864 -45.647264
37.201247 10.173088 -31.199662
37.201247 10.173088 -31.199662
37.201247 10.173088 -31.199662
37.201247 10.173088 -31.199662
37.201247 10.173088 -31.199662
-5.984315 2.004683 -17.667690
-5.984315 2.004683 -17.667690
-5.984315 2.004683 -17.667690
-5.984315 2.004683 -17.667690
-5.984315 2.004683 -17.667690
31.445539 4.114412 -13.663094
31.445539 4.114412 -13.663094
31.445539 4.114412 -13.663094
31.445539 4.114412 -13.663094
43.178987 7.156961 -5.587470
43.178987 7.156961 -5.587470
43.178987 7.156961 -5.587470
43.178987 7.156961 -5.587470
43.178987 7.156961 -5.587470
-12.087279 1.448322 -3.767993
-12.087279 1.448322 -3.767993
-12.087279 1.448322 -3.767993
-12.087279 1.448322 -3.767993
-12.087279 1.448322 -3.767993
24.265427 2.504768 -16.830332
24.265427 2.504768 -16.830332
24.265427 2.504768 -16.830332
24.265427 2.504768 -16.830332
24.265427 2.504768 -16.830332
44.302031 2.893327 -15.725384
44.302031 2.893327 -15.725384
44.302031 2.893327 -15.725384
44.302031 2.893327 -15.725384
44.302031 2.893327 -15.725384
-15.337492 -5.401722 -29.794023
-15.337492 -5.401722 -29.794023
-15.337492 -5.401722 -29.794023
-15.337492 -5.401722 -29.794023
5.844254 0.630178 -43.026012
5.844254 0.630178 -43.026012
5.844254 0.630178 -43.026012
5.844254 0.630178 -43.026012
5.844254 0.630178 -43.026012
49.907134 4.041721 -40.666103
49.907134 4.041721 -40.666103
49.907134 4.041721 -40.666103
49.907134 4.041721 -40.666103
7.986230 6.976037 -31.620532
7.986230 6.976037 -31.620532
7.986230 6.976037 -31.620532
7.986230 6.976037 -31.620532
7.986230 6.976037 -31.620532
-9.431906 4.159319 -49.746515
-9.431906 4.159319 -49.746515
-9.431906 4.159319 -49.746515
-9.431906 4.159319 -49.746515
-9.431906 4.159319 -49.746515
-63.434378 24.793959 -82.640481
-63.434378 24.793959 -82.640481
-63.434378 24.793959 -82.640481
-63.434378 24.793959 -82.640481
-63.434378 24.793959 -82.640481
-20.374721 -0.544917 -58.466652
-20.374721 -0.544917 -58.466652
-20.374721 -0.544917 -58.466652
-20.374721 -0.544917 -58.466652
-24.203697 -5.424226 -56.530231
-24.203697 -5.424226 -56.530231
-24.203697 -5.424226 -56.530231
-24.203697 -5.424226 -56.530231
-24.203697 -5.424226 -56.530231
-75.019799 15.652521 -91.628470
-75.019799 15.652521 -91.628470
-75.019799 15.652521 -91.628470
-75.019799 15.652521 -91.628470
-75.019799 15.652521 -91.628470
-18.887824 -7.404252 -68.751311
-18.887824 -7.404252 -68.751311
-18.887824 -7.404252 -68.751311
-18.887824 -7.404252 -68.751311
-18.887824 -7.404252 -68.751311
-6.930468 -41.033229 -70.665725
-6.930468 -41.033229 -70.665725
-6.930468 -41.033229 -70.665725
-6.930468 -41.033229 -70.665725
-4.393705 -53.588073 -75.271936
-4.393705 -53.588073 -75.271936
-4.393705 -53.588073 -75.271936
-4.393705 -53.588073 -75.271936
-4.393705 -53.588073 -75.271936
-16.296080 -4.973030 -87.940441
-16.296080 -4.973030 -87.940441
-16.296080 -4.973030 -87.940441
-16.296080 -4.973030 -87.940441
-16.296080 -4.973030 -87.940441
-7.311478 -42.188668 -92.579622
-7.311478 -42.188668 -92.579622
-7.311478 -42.188668 -92.579622
-7.311478 -42.188668 -92.579622
-7.311478 -42.188668 -92.579622
-0.592996 -52.102544 -95.198917
-0.592996 -52.102544 -95.198917
-0.592996 -52.102544 -95.198917
-0.592996 -52.102544 -95.198917
-0.592996 -52.102544 -95.198917
-7.975815 -13.602559 -100.245785
-7.975815 -13.602559 -100.245785
-7.975815 -13.602559 -100.245785
-7.975815 -13.602559 -100.245785
-7.975815 -13.602559 -100.245785
-16.666690 49.515310 -100.229618
-16.666690 49.515310 -100.229618
-16.666690 49.515310 -100.229618
-16.666690 49.515310 -100.229618
-16.666690 49.515310 -100.229618
-5.221424 13.427081 -98.727823
-5.221424 13.427081 -98.727823
-5.221424 13.427081 -98.727823
-5.221424 13.427081 -98.727823
0.940427 -4.314052 -97.811533
0.940427 -4.314052 -97.811533
0.940427 -4.314052 -97.811533
0.940427 -4.314052 -97.811533
0.940427 -4.314052 -97.811533
-2.146382 44.543516 -101.106887
-2.146382 44.543516 -101.106887
-2.146382 44.543516 -101.106887
-2.146382 44.543516 -101.106887
-2.146382 44.543516 -101.106887
-1.003570 -10.837650 -100.469248
-1.003570 -10.837650 -100.469248
-1.003570 -10.837650 -100.469248
-1.003570 -10.837650 -100.469248
-1.003570 -10.837650 -100.469248
-1.759090 -12.312004 -102.434594
-1.759090 -12.312004 -102.434594
-1.759090 -12.312004 -102.434594
-1.759090 -12.312004 -102.434594
-1.759090 -12.312004 -102.434594
-0.238887 -9.619946 -99.486869
-0.238887 -9.619946 -99.486869
-0.238887 -9.619946 -99.486869
-0.238887 -9.619946 -99.486869
-0.238887 -9.619946 -99.486869
-0.616744 -10.642956 -107.063120
-0.616744 -10.642956 -107.063120
-0.616744 -10.642956 -107.063120
-0.616744 -10.642956 -107.063120
-0.412491 -10.615232 -108.685966
-0.412491 -10.615232 -108.685966
-0.412491 -10.615232 -108.685966
-0.412491 -10.615232 -108.685966
-0.412491 -10.615232 -108.685966
-0.219794 -10.621333 -109.791610
-0.219794 -10.621333 -109.791610
-0.219794 -10.621333 -109.791610
-0.219794 -10.621333 -109.791610
