-18.415920 1.711865 -142.129325
-14.048131 -7.983079 -123.802056
-14.048131 -7.983079 -123.802056
-14.048131 -7.983079 -123.802056
-14.048131 -7.983079 -123.802056
-14.048131 -7.983079 -123.802056
-4.270773 -5.681485 -116.117820
-4.270773 -5.681485 -116.117820
-4.270773 -5.681485 -116.117820
-4.270773 -5.681485 -116.117820
-4.270773 -5.681485 -116.117820
-5.124853 -1.999813 -114.326131
-5.124853 -1.999813 -114.326131
-5.124853 -1.999813 -114.326131
-5.124853 -1.999813 -114.326131
-5.124853 -1.999813 -114.326131
6.304647 -21.525811 -115.446234
6.304647 -21.525811 -115.446234
6.304647 -21.525811 -115.446234
6.304647 -21.525811 -115.446234
6.304647 -21.525811 -115.446234
1.506797 20.286608 -121.486485
1.506797 20.286608 -121.486485
1.506797 20.286608 -121.486485
1.506797 20.286608 -121.486485
1.506797 20.286608 -121.486485
3.270088 -26.442446 -117.216920
3.270088 -26.442446 -117.216920
3.270088 -26.442446 -117.216920
3.270088 -26.442446 -117.216920
1.560808 -11.933712 -119.761766
1.560808 -11.933712 -119.761766
1.560808 -11.933712 -119.761766
1.560808 -11.933712 -119.761766
1.560808 -11.933712 -119.761766
0.555964 8.402163 -128.642802
0.555964 8.402163 -128.642802
0.555964 8.402163 -128.642802
0.555964 8.402163 -128.642802
0.555964 8.402163 -128.642802
3.603822 -6.081429 -121.282549
3.603822 -6.081429 -121.282549
3.603822 -6.081429 -121.282549
3.603822 -6.081429 -121.282549
4.510408 -26.100070 -124.705375
4.510408 -26.100070 -124.705375
4.510408 -26.100070 -124.705375
4.510408 -26.100070 -124.705375
4.510408 -26.100070 -124.705375
-0.102516 6.053263 -135.638651
-0.102516 6.053263 -135.638651
-0.102516 6.053263 -135.638651
-0.102516 6.053263 -135.638651
-0.102516 6.053263 -135.638651
1.903943 19.803193 -133.142080
1.903943 19.803193 -133.142080
1.903943 19.803193 -133.142080
1.903943 19.803193 -133.142080
1.903943 19.803193 -133.142080
0.865397 -8.946869 -130.491816
0.865397 -8.946869 -130.491816
0.865397 -8.946869 -130.491816
0.865397 -8.946869 -130.491816
0.865397 -8.946869 -130.491816
-4.886477 -13.048399 -127.730015
-4.886477 -13.048399 -127.730015
-4.886477 -13.048399 -127.730015
-4.886477 -13.048399 -127.730015
-4.886477 -13.048399 -127.730015
-4.121471 -9.585423 -125.055983
-4.121471 -9.585423 -125.055983
-4.121471 -9.585423 -125.055983
-4.121471 -9.585423 -125.055983
-1.897860 -7.440596 -124.921838
-1.897860 -7.440596 -124.921838
-1.897860 -7.440596 -124.921838
-1.897860 -7.440596 -124.921838
-1.897860 -7.440596 -124.921838
-1.301771 -6.872968 -124.608605
-1.301771 -6.872968 -124.608605
-1.301771 -6.872968 -124.608605
-1.301771 -6.872968 -124.608605
-1.301771 -6.872968 -124.608605
-1.104680 -5.319717 -124.862702
-1.104680 -5.319717 -124.862702
-1.104680 -5.319717 -124.862702
-1.104680 -5.319717 -124.862702
-1.104680 -5.319717 -124.862702
-0.948950 -4.835707 -124.514718
-0.948950 -4.835707 -124.514718
-0.948950 -4.835707 -124.514718
-0.948950 -4.835707 -124.514718
-0.948950 -4.835707 -124.514718
-1.348674 -4.112806 -124.008519
-1.348674 -4.112806 -124.008519
-1.348674 -4.112806 -124.008519
-1.348674 -4.112806 -124.008519
-1.348674 -4.112806 -124.008519
-1.348674 -4.112806 -124.008519
-1.301725 -3.242423 -123.300665
-1.301725 -3.242423 -123.300665
-1.301725 -3.242423 -123.300665
-1.301725 -3.242423 -123.300665
-1.301725 -3.242423 -123.300665
-1.557032 -2.788670 -123.234658
-1.557032 -2.788670 -123.234658
-1.557032 -2.788670 -123.234658
-1.557032 -2.788670 -123.234658
-1.557032 -2.788670 -123.234658
-1.916194 -2.579531 -122.952544
-1.916194 -2.579531 -122.952544
-1.916194 -2.579531 -122.952544
-1.916194 -2.579531 -122.952544
-1.916194 -2.579531 -122.952544
-2.234374 -2.409126 -122.677233
-2.234374 -2.409126 -122.677233
-2.234374 -2.409126 -122.677233
-2.234374 -2.409126 -122.677233
-2.234374 -2.409126 -122.677233
-2.623982 -1.908275 -122.551735
-2.623982 -1.908275 -122.551735
-2.623982 -1.908275 -122.551735
-2.623982 -1.908275 -122.551735
-2.623982 -1.908275 -122.551735
-2.623982 -1.908275 -122.551735
4.508085 4.676980 -121.310567
4.508085 4.676980 -121.310567
4.508085 4.676980 -121.310567
4.508085 4.676980 -121.310567
21.579192 10.077967 -114.687496
21.579192 10.077967 -114.687496
21.579192 10.077967 -114.687496
21.579192 10.077967 -114.687496
21.579192 10.077967 -114.687496
18.130249 9.993815 -115.825802
18.130249 9.993815 -115.825802
18.130249 9.993815 -115.825802
18.130249 9.993815 -115.825802
18.130249 9.993815 -115.825802
12.737919 8.764681 -117.194913
12.737919 8.764681 -117.194913
12.737919 8.764681 -117.194913
12.737919 8.764681 -117.194913
12.737919 8.764681 -117.194913
-3.055307 6.932759 -117.954389
-3.055307 6.932759 -117.954389
-3.055307 6.932759 -117.954389
-3.055307 6.932759 -117.954389
-3.055307 6.932759 -117.954389
-4.830822 7.703893 -116.471063
-4.830822 7.703893 -116.471063
-4.830822 7.703893 -116.471063
-4.830822 7.703893 -116.471063
-4.830822 7.703893 -116.471063
-2.691137 8.592343 -115.299863
-2.691137 8.592343 -115.299863
-2.691137 8.592343 -115.299863
-2.691137 8.592343 -115.299863
-2.691137 8.592343 -115.299863
-1.471444 8.842074 -115.141512
-1.471444 8.842074 -115.141512
-1.471444 8.842074 -115.141512
-1.471444 8.842074 -115.141512
-1.108772 9.322934 -115.151211
-1.108772 9.322934 -115.151211
-1.108772 9.322934 -115.151211
-1.108772 9.322934 -115.151211
-1.108772 9.322934 -115.151211
-1.095894 9.499217 -114.929654
-1.095894 9.499217 -114.929654
-1.095894 9.499217 -114.929654
-1.095894 9.499217 -114.929654
-1.095894 9.499217 -114.929654
-1.095894 9.499217 -114.929654
-1.414457 9.979787 -114.645586
-1.414457 9.979787 -114.645586
-1.414457 9.979787 -114.645586
-1.414457 9.979787 -114.645586
-1.414457 9.979787 -114.645586
-1.327566 9.959531 -114.258833
-1.327566 9.959531 -114.258833
-1.327566 9.959531 -114.258833
-1.327566 9.959531 -114.258833
-1.327566 9.959531 -114.258833
-1.518262 9.985963 -114.628237
-1.518262 9.985963 -114.628237
-1.518262 9.985963 -114.628237
-1.518262 9.985963 -114.628237
-1.518262 9.985963 -114.628237
-1.528550 10.022457 -114.783747
-1.528550 10.022457 -114.783747
-1.528550 10.022457 -114.783747
-1.528550 10.022457 -114.783747
-1.528550 10.022457 -114.783747
