-0.167541 0.539295 -100.987837
-0.011904 0.307604 -100.486262
-0.011904 0.307604 -100.486262
-0.011904 0.307604 -100.486262
-0.011904 0.307604 -100.486262
-0.011904 0.307604 -100.486262
0.203191 0.025002 -100.627032
0.203191 0.025002 -100.627032
0.203191 0.025002 -100.627032
0.203191 0.025002 -100.627032
0.203191 0.025002 -100.627032
0.250890 0.347907 -99.847250
0.250890 0.347907 -99.847250
0.250890 0.347907 -99.847250
0.250890 0.347907 -99.847250
0.250890 0.347907 -99.847250
0.250619 0.460061 -99.081238
0.250619 0.460061 -99.081238
0.250619 0.460061 -99.081238
0.250619 0.460061 -99.081238
0.250619 0.460061 -99.081238
0.542217 0.315398 -98.593002
0.542217 0.315398 -98.593002
0.542217 0.315398 -98.593002
0.542217 0.315398 -98.593002
0.542217 0.315398 -98.593002
0.465492 0.878956 -97.637568
0.465492 0.878956 -97.637568
0.465492 0.878956 -97.637568
0.465492 0.878956 -97.637568
0.465492 0.878956 -97.637568
0.516608 0.421612 -97.268451
0.516608 0.421612 -97.268451
0.516608 0.421612 -97.268451
0.516608 0.421612 -97.268451
1.889963 0.411686 -96.491237
1.889963 0.411686 -96.491237
1.889963 0.411686 -96.491237
1.889963 0.411686 -96.491237
1.889963 0.411686 -96.491237
6.671045 0.909543 -96.173414
6.671045 0.909543 -96.173414
6.671045 0.909543 -96.173414
6.671045 0.909543 -96.173414
6.671045 0.909543 -96.173414
13.135351 1.521884 -96.544383
13.135351 1.521884 -96.544383
13.135351 1.521884 -96.544383
13.135351 1.521884 -96.544383
13.135351 1.521884 -96.544383
19.713833 2.098192 -97.200934
19.713833 2.098192 -97.200934
19.713833 2.098192 -97.200934
19.713833 2.098192 -97.200934
28.097884 2.493458 -97.955479
28.097884 2.493458 -97.955479
28.097884 2.493458 -97.955479
28.097884 2.493458 -97.955479
28.097884 2.493458 -97.955479
35.848163 2.820084 -98.580544
35.848163 2.820084 -98.580544
35.848163 2.820084 -98.580544
35.848163 2.820084 -98.580544
35.848163 2.820084 -98.580544
43.640182 3.321464 -99.232643
43.640182 3.321464 -99.232643
43.640182 3.321464 -99.232643
43.640182 3.321464 -99.232643
49.890584 3.814687 -99.609355
49.890584 3.814687 -99.609355
49.890584 3.814687 -99.609355
49.890584 3.814687 -99.609355
49.890584 3.814687 -99.609355
51.229369 4.521516 -99.081880
51.229369 4.521516 -99.081880
51.229369 4.521516 -99.081880
51.229369 4.521516 -99.081880
51.229369 4.521516 -99.081880
49.132918 4.745033 -98.963977
49.132918 4.745033 -98.963977
49.132918 4.745033 -98.963977
49.132918 4.745033 -98.963977
44.183811 4.389559 -98.920407
44.183811 4.389559 -98.920407
44.183811 4.389559 -98.920407
44.183811 4.389559 -98.920407
44.183811 4.389559 -98.920407
35.896486 3.714659 -98.979516
35.896486 3.714659 -98.979516
35.896486 3.714659 -98.979516
35.896486 3.714659 -98.979516
35.896486 3.714659 -98.979516
22.344797 1.929803 -99.550403
22.344797 1.929803 -99.550403
22.344797 1.929803 -99.550403
22.344797 1.929803 -99.550403
22.344797 1.929803 -99.550403
13.591178 1.470663 -99.352171
13.591178 1.470663 -99.352171
13.591178 1.470663 -99.352171
13.591178 1.470663 -99.352171
13.591178 1.470663 -99.352171
13.591178 1.470663 -99.352171
6.966173 0.526291 -99.466351
6.966173 0.526291 -99.466351
6.966173 0.526291 -99.466351
6.966173 0.526291 -99.466351
6.966173 0.526291 -99.466351
4.008030 0.283989 -99.302167
4.008030 0.283989 -99.302167
4.008030 0.283989 -99.302167
4.008030 0.283989 -99.302167
4.008030 0.283989 -99.302167
3.434619 0.556559 -99.120832
3.434619 0.556559 -99.120832
3.434619 0.556559 -99.120832
3.434619 0.556559 -99.120832
3.434619 0.556559 -99.120832
3.434619 0.556559 -99.120832
3.728491 1.482783 -98.797423
3.728491 1.482783 -98.797423
3.728491 1.482783 -98.797423
3.728491 1.482783 -98.797423
3.728491 1.482783 -98.797423
4.250454 0.102261 -98.466739
4.250454 0.102261 -98.466739
4.250454 0.102261 -98.466739
4.250454 0.102261 -98.466739
4.250454 0.102261 -98.466739
4.140956 -6.116278 -98.219432
4.140956 -6.116278 -98.219432
4.140956 -6.116278 -98.219432
4.140956 -6.116278 -98.219432
4.140956 -6.116278 -98.219432
4.140956 -6.116278 -98.219432
3.582776 -13.444455 -98.410008
3.582776 -13.444455 -98.410008
3.582776 -13.444455 -98.410008
3.582776 -13.444455 -98.410008
3.582776 -13.444455 -98.410008
2.002192 -21.394912 -99.404101
2.002192 -21.394912 -99.404101
2.002192 -21.394912 -99.404101
2.002192 -21.394912 -99.404101
2.002192 -21.394912 -99.404101
1.484763 -29.028949 -99.866211
1.484763 -29.028949 -99.866211
1.484763 -29.028949 -99.866211
1.484763 -29.028949 -99.866211
1.484763 -29.028949 -99.866211
1.484763 -29.028949 -99.866211
-0.270884 -38.738193 -99.158528
-0.270884 -38.738193 -99.158528
-0.270884 -38.738193 -99.158528
-0.270884 -38.738193 -99.158528
-0.270884 -38.738193 -99.158528
0.102731 -44.459481 -99.565819
0.102731 -44.459481 -99.565819
0.102731 -44.459481 -99.565819
0.102731 -44.459481 -99.565819
0.102731 -44.459481 -99.565819
-0.103694 -40.976139 -100.165216
-0.103694 -40.976139 -100.165216
-0.103694 -40.976139 -100.165216
-0.103694 -40.976139 -100.165216
-0.103694 -40.976139 -100.165216
0.592597 -23.915950 -101.895658
0.592597 -23.915950 -101.895658
0.592597 -23.915950 -101.895658
0.592597 -23.915950 -101.895658
0.592597 -23.915950 -101.895658
0.592597 -23.915950 -101.895658
1.288433 -9.152341 -102.936955
1.288433 -9.152341 -102.936955
1.288433 -9.152341 -102.936955
1.288433 -9.152341 -102.936955
1.288433 -9.152341 -102.936955
1.134043 0.770266 -103.954188
1.134043 0.770266 -103.954188
1.134043 0.770266 -103.954188
1.134043 0.770266 -103.954188
1.134043 0.770266 -103.954188
1.071172 2.835328 -104.488535
1.071172 2.835328 -104.488535
1.071172 2.835328 -104.488535
1.071172 2.835328 -104.488535
1.071172 2.835328 -104.488535
1.272054 2.150671 -103.801329
1.272054 2.150671 -103.801329
1.272054 2.150671 -103.801329
1.272054 2.150671 -103.801329
1.272054 2.150671 -103.801329
1.272054 2.150671 -103.801329
2.018087 -0.520685 -103.511367
2.018087 -0.520685 -103.511367
2.018087 -0.520685 -103.511367
2.018087 -0.520685 -103.511367
2.176474 -2.087609 -103.618478
2.176474 -2.087609 -103.618478
2.176474 -2.087609 -103.618478
2.176474 -2.087609 -103.618478
2.176474 -2.087609 -103.618478
2.176474 -2.087609 -103.618478
1.971222 -1.243681 -104.028057
1.971222 -1.243681 -104.028057
1.971222 -1.243681 -104.028057
1.971222 -1.243681 -104.028057
1.971222 -1.243681 -104.028057
1.710335 -0.353174 -104.013167
1.710335 -0.353174 -104.013167
1.710335 -0.353174 -104.013167
1.710335 -0.353174 -104.013167
1.710335 -0.353174 -104.013167
1.698701 -10.201123 -103.139524
1.698701 -10.201123 -103.139524
1.698701 -10.201123 -103.139524
1.698701 -10.201123 -103.139524
1.698701 -10.201123 -103.139524
0.786743 -26.119200 -101.583751
0.786743 -26.119200 -101.583751
0.786743 -26.119200 -101.583751
0.786743 -26.119200 -101.583751
0.786743 -26.119200 -101.583751
-0.009265 -37.694875 -100.435944
-0.009265 -37.694875 -100.435944
-0.009265 -37.694875 -100.435944
-0.009265 -37.694875 -100.435944
-0.009265 -37.694875 -100.435944
0.400959 -46.115129 -100.481174
0.400959 -46.115129 -100.481174
0.400959 -46.115129 -100.481174
0.400959 -46.115129 -100.481174
0.618265 -39.503758 -99.813564
0.618265 -39.503758 -99.813564
0.618265 -39.503758 -99.813564
0.618265 -39.503758 -99.813564
0.618265 -39.503758 -99.813564
-0.102965 -18.353429 -100.422755
-0.102965 -18.353429 -100.422755
-0.102965 -18.353429 -100.422755
-0.102965 -18.353429 -100.422755
0.463137 -4.057549 -102.289938
0.463137 -4.057549 -102.289938
0.463137 -4.057549 -102.289938
0.463137 -4.057549 -102.289938
0.463137 -4.057549 -102.289938
0.756410 -1.856424 -103.761311
0.756410 -1.856424 -103.761311
0.756410 -1.856424 -103.761311
0.756410 -1.856424 -103.761311
0.756410 -1.856424 -103.761311
1.696361 -1.188771 -104.734626
1.696361 -1.188771 -104.734626
1.696361 -1.188771 -104.734626
1.696361 -1.188771 -104.734626
1.696361 -1.188771 -104.734626
2.147370 -2.253441 -103.898072
2.147370 -2.253441 -103.898072
2.147370 -2.253441 -103.898072
2.147370 -2.253441 -103.898072
2.147370 -2.253441 -103.898072
2.147370 -2.253441 -103.898072
9.967806 -1.686037 -102.629159
9.967806 -1.686037 -102.629159
9.967806 -1.686037 -102.629159
9.967806 -1.686037 -102.629159
9.967806 -1.686037 -102.629159
27.759878 0.555406 -100.340970
27.759878 0.555406 -100.340970
27.759878 0.555406 -100.340970
27.759878 0.555406 -100.340970
27.759878 0.555406 -100.340970
37.466992 0.209186 -100.928012
37.466992 0.209186 -100.928012
37.466992 0.209186 -100.928012
37.466992 0.209186 -100.928012
37.466992 0.209186 -100.928012
27.949660 -1.072475 -100.283132
27.949660 -1.072475 -100.283132
27.949660 -1.072475 -100.283132
27.949660 -1.072475 -100.283132
27.949660 -1.072475 -100.283132
11.809425 -2.525430 -101.306541
11.809425 -2.525430 -101.306541
11.809425 -2.525430 -101.306541
11.809425 -2.525430 -101.306541
11.809425 -2.525430 -101.306541
3.349139 -2.852620 -99.968124
3.349139 -2.852620 -99.968124
3.349139 -2.852620 -99.968124
3.349139 -2.852620 -99.968124
3.349139 -2.852620 -99.968124
2.758330 -3.053594 -100.159246
2.758330 -3.053594 -100.159246
2.758330 -3.053594 -100.159246
2.758330 -3.053594 -100.159246
2.758330 -3.053594 -100.159246
3.617597 -3.364101 -100.305098
3.617597 -3.364101 -100.305098
3.617597 -3.364101 -100.305098
3.617597 -3.364101 -100.305098
3.617597 -3.364101 -100.305098
3.617597 -3.364101 -100.305098
3.957825 -3.124475 -99.669215
3.957825 -3.124475 -99.669215
3.957825 -3.124475 -99.669215
3.957825 -3.124475 -99.669215
4.398289 -3.558484 -99.570211
4.398289 -3.558484 -99.570211
4.398289 -3.558484 -99.570211
4.398289 -3.558484 -99.570211
4.398289 -3.558484 -99.570211
4.886871 -3.775527 -99.359144
4.886871 -3.775527 -99.359144
4.886871 -3.775527 -99.359144
4.886871 -3.775527 -99.359144
4.886871 -3.775527 -99.359144
22.387260 -0.284810 -100.006892
22.387260 -0.284810 -100.006892
22.387260 -0.284810 -100.006892
22.387260 -0.284810 -100.006892
22.387260 -0.284810 -100.006892
24.416137 -0.624672 -98.068054
24.416137 -0.624672 -98.068054
24.416137 -0.624672 -98.068054
24.416137 -0.624672 -98.068054
4.139756 -4.013503 -100.740475
4.139756 -4.013503 -100.740475
4.139756 -4.013503 -100.740475
4.139756 -4.013503 -100.740475
4.139756 -4.013503 -100.740475
4.400143 -3.033155 -100.702895
4.400143 -3.033155 -100.702895
4.400143 -3.033155 -100.702895
4.400143 -3.033155 -100.702895
4.400143 -3.033155 -100.702895
4.764340 -3.118465 -100.411779
4.764340 -3.118465 -100.411779
4.764340 -3.118465 -100.411779
4.764340 -3.118465 -100.411779
4.764340 -3.118465 -100.411779
4.764340 -3.118465 -100.411779
5.374882 -2.705973 -100.236216
5.374882 -2.705973 -100.236216
5.374882 -2.705973 -100.236216
5.374882 -2.705973 -100.236216
5.374882 -2.705973 -100.236216
6.294711 -2.711451 -98.777506
6.294711 -2.711451 -98.777506
6.294711 -2.711451 -98.777506
6.294711 -2.711451 -98.777506
6.294711 -2.711451 -98.777506
6.611571 -2.519145 -97.106582
6.611571 -2.519145 -97.106582
6.611571 -2.519145 -97.106582
6.611571 -2.519145 -97.106582
6.611571 -2.519145 -97.106582
7.074746 -1.766649 -95.753692
7.074746 -1.766649 -95.753692
7.074746 -1.766649 -95.753692
7.074746 -1.766649 -95.753692
7.074746 -1.766649 -95.753692
8.080472 -1.421573 -94.940381
8.080472 -1.421573 -94.940381
8.080472 -1.421573 -94.940381
8.080472 -1.421573 -94.940381
8.080472 -1.421573 -94.940381
7.980868 -1.529130 -94.103437
7.980868 -1.529130 -94.103437
7.980868 -1.529130 -94.103437
7.980868 -1.529130 -94.103437
7.980868 -1.529130 -94.103437
8.537180 -0.848376 -94.353763
8.537180 -0.848376 -94.353763
8.537180 -0.848376 -94.353763
8.537180 -0.848376 -94.353763
8.537180 -0.848376 -94.353763
8.186984 -0.320116 -93.497237
8.186984 -0.320116 -93.497237
8.186984 -0.320116 -93.497237
8.186984 -0.320116 -93.497237
8.186984 -0.320116 -93.497237
6.970801 -1.798945 -96.148218
6.970801 -1.798945 -96.148218
6.970801 -1.798945 -96.148218
6.970801 -1.798945 -96.148218
6.970801 -1.798945 -96.148218
4.823098 2.065227 -99.492306
4.823098 2.065227 -99.492306
4.823098 2.065227 -99.492306
4.823098 2.065227 -99.492306
4.823098 2.065227 -99.492306
5.080183 1.250838 -95.281084
5.080183 1.250838 -95.281084
5.080183 1.250838 -95.281084
5.080183 1.250838 -95.281084
5.080183 1.250838 -95.281084
5.080183 1.250838 -95.281084
2.353717 0.286556 -94.394553
2.353717 0.286556 -94.394553
2.353717 0.286556 -94.394553
2.353717 0.286556 -94.394553
2.353717 0.286556 -94.394553
27.631105 9.334337 -83.255799
27.631105 9.334337 -83.255799
27.631105 9.334337 -83.255799
27.631105 9.334337 -83.255799
38.851284 14.367617 -70.460867
38.851284 14.367617 -70.460867
38.851284 14.367617 -70.460867
38.851284 14.367617 -70.460867
38.851284 14.367617 -70.460867
12.239046 5.210026 -79.900359
12.239046 5.210026 -79.900359
12.239046 5.210026 -79.900359
12.239046 5.210026 -79.900359
12.239046 5.210026 -79.900359
10.710810 3.796525 -81.538839
10.710810 3.796525 -81.538839
10.710810 3.796525 -81.538839
10.710810 3.796525 -81.538839
10.710810 3.796525 -81.538839
10.020294 2.992162 -82.031842
10.020294 2.992162 -82.031842
10.020294 2.992162 -82.031842
10.020294 2.992162 -82.031842
10.020294 2.992162 -82.031842
9.776999 2.568070 -81.916904
9.776999 2.568070 -81.916904
9.776999 2.568070 -81.916904
9.776999 2.568070 -81.916904
9.776999 2.568070 -81.916904
9.776999 2.568070 -81.916904
9.666901 2.155754 -80.895012
9.666901 2.155754 -80.895012
9.666901 2.155754 -80.895012
9.666901 2.155754 -80.895012
9.666901 2.155754 -80.895012
8.556006 1.970720 -80.721273
8.556006 1.970720 -80.721273
8.556006 1.970720 -80.721273
8.556006 1.970720 -80.721273
8.556006 1.970720 -80.721273
8.103692 1.607511 -80.677710
8.103692 1.607511 -80.677710
8.103692 1.607511 -80.677710
8.103692 1.607511 -80.677710
8.103692 1.607511 -80.677710
8.001712 1.686249 -80.581725
8.001712 1.686249 -80.581725
8.001712 1.686249 -80.581725
8.001712 1.686249 -80.581725
8.001712 1.686249 -80.581725
11.995347 2.808891 -79.690631
11.995347 2.808891 -79.690631
11.995347 2.808891 -79.690631
11.995347 2.808891 -79.690631
11.995347 2.808891 -79.690631
49.644342 18.958548 -60.753720
49.644342 18.958548 -60.753720
49.644342 18.958548 -60.753720
49.644342 18.958548 -60.753720
49.644342 18.958548 -60.753720
19.255123 8.384850 -71.223041
19.255123 8.384850 -71.223041
19.255123 8.384850 -71.223041
19.255123 8.384850 -71.223041
19.255123 8.384850 -71.223041
9.149178 4.920997 -74.190826
9.149178 4.920997 -74.190826
9.149178 4.920997 -74.190826
9.149178 4.920997 -74.190826
9.149178 4.920997 -74.190826
8.288577 4.518175 -74.327860
8.288577 4.518175 -74.327860
8.288577 4.518175 -74.327860
8.288577 4.518175 -74.327860
8.288577 4.518175 -74.327860
8.215228 4.325111 -74.487994
8.215228 4.325111 -74.487994
8.215228 4.325111 -74.487994
8.215228 4.325111 -74.487994
8.215228 4.325111 -74.487994
8.174247 4.263643 -74.707954
8.174247 4.263643 -74.707954
8.174247 4.263643 -74.707954
8.174247 4.263643 -74.707954
8.174247 4.263643 -74.707954
8.174247 4.263643 -74.707954
7.840253 3.875643 -74.615282
7.840253 3.875643 -74.615282
7.840253 3.875643 -74.615282
7.840253 3.875643 -74.615282
7.840253 3.875643 -74.615282
5.212423 3.742291 -78.820499
5.212423 3.742291 -78.820499
5.212423 3.742291 -78.820499
5.212423 3.742291 -78.820499
5.212423 3.742291 -78.820499
4.016946 0.731550 -85.548413
4.016946 0.731550 -85.548413
4.016946 0.731550 -85.548413
4.016946 0.731550 -85.548413
4.016946 0.731550 -85.548413
3.567510 1.373084 -89.993534
3.567510 1.373084 -89.993534
3.567510 1.373084 -89.993534
3.567510 1.373084 -89.993534
3.567510 1.373084 -89.993534
3.480518 2.345500 -92.186141
3.480518 2.345500 -92.186141
3.480518 2.345500 -92.186141
3.480518 2.345500 -92.186141
3.480518 2.345500 -92.186141
3.480518 2.345500 -92.186141
3.722698 2.880581 -94.432625
3.722698 2.880581 -94.432625
3.722698 2.880581 -94.432625
3.722698 2.880581 -94.432625
4.121534 3.535370 -95.245117
4.121534 3.535370 -95.245117
4.121534 3.535370 -95.245117
4.121534 3.535370 -95.245117
4.121534 3.535370 -95.245117
4.121534 3.535370 -95.245117
4.146643 3.976175 -95.366749
4.146643 3.976175 -95.366749
4.146643 3.976175 -95.366749
4.146643 3.976175 -95.366749
4.016331 4.294853 -95.310038
4.016331 4.294853 -95.310038
4.016331 4.294853 -95.310038
4.016331 4.294853 -95.310038
4.016331 4.294853 -95.310038
3.903698 2.832706 -95.780679
3.903698 2.832706 -95.780679
3.903698 2.832706 -95.780679
3.903698 2.832706 -95.780679
3.903698 2.832706 -95.780679
2.271115 -15.056083 -96.032043
2.271115 -15.056083 -96.032043
2.271115 -15.056083 -96.032043
2.271115 -15.056083 -96.032043
2.271115 -15.056083 -96.032043
2.544772 -45.892769 -97.108092
2.544772 -45.892769 -97.108092
2.544772 -45.892769 -97.108092
2.544772 -45.892769 -97.108092
2.544772 -45.892769 -97.108092
4.938074 -8.683390 -100.968392
4.938074 -8.683390 -100.968392
4.938074 -8.683390 -100.968392
4.938074 -8.683390 -100.968392
4.938074 -8.683390 -100.968392
5.995539 2.321704 -100.520987
5.995539 2.321704 -100.520987
5.995539 2.321704 -100.520987
5.995539 2.321704 -100.520987
5.995539 2.321704 -100.520987
6.171337 2.761566 -98.066319
6.171337 2.761566 -98.066319
6.171337 2.761566 -98.066319
6.171337 2.761566 -98.066319
6.171337 2.761566 -98.066319
6.171337 2.761566 -98.066319
5.631753 -1.656475 -96.292820
5.631753 -1.656475 -96.292820
5.631753 -1.656475 -96.292820
5.631753 -1.656475 -96.292820
5.631753 -1.656475 -96.292820
1.741558 -29.004805 -97.556849
1.741558 -29.004805 -97.556849
1.741558 -29.004805 -97.556849
1.741558 -29.004805 -97.556849
1.741558 -29.004805 -97.556849
-0.611150 -46.236733 -99.124425
-0.611150 -46.236733 -99.124425
-0.611150 -46.236733 -99.124425
-0.611150 -46.236733 -99.124425
-0.611150 -46.236733 -99.124425
1.870400 -16.168335 -103.253158
1.870400 -16.168335 -103.253158
1.870400 -16.168335 -103.253158
1.870400 -16.168335 -103.253158
1.870400 -16.168335 -103.253158
1.870400 -16.168335 -103.253158
2.464520 -0.062682 -104.342075
2.464520 -0.062682 -104.342075
2.464520 -0.062682 -104.342075
2.464520 -0.062682 -104.342075
2.464520 -0.062682 -104.342075
3.135222 -0.354222 -103.492338
3.135222 -0.354222 -103.492338
3.135222 -0.354222 -103.492338
3.135222 -0.354222 -103.492338
3.135222 -0.354222 -103.492338
3.163218 -12.044905 -102.790809
3.163218 -12.044905 -102.790809
3.163218 -12.044905 -102.790809
3.163218 -12.044905 -102.790809
3.163218 -12.044905 -102.790809
5.168207 -39.474812 -103.881242
5.168207 -39.474812 -103.881242
5.168207 -39.474812 -103.881242
5.168207 -39.474812 -103.881242
5.168207 -39.474812 -103.881242
5.168207 -39.474812 -103.881242
6.278682 -20.273251 -104.469690
6.278682 -20.273251 -104.469690
6.278682 -20.273251 -104.469690
6.278682 -20.273251 -104.469690
6.278682 -20.273251 -104.469690
4.633532 3.435213 -104.440102
4.633532 3.435213 -104.440102
4.633532 3.435213 -104.440102
4.633532 3.435213 -104.440102
4.633532 3.435213 -104.440102
5.276758 4.501148 -101.235561
5.276758 4.501148 -101.235561
5.276758 4.501148 -101.235561
5.276758 4.501148 -101.235561
5.276758 4.501148 -101.235561
5.276758 4.501148 -101.235561
5.290072 3.646515 -98.271819
5.290072 3.646515 -98.271819
5.290072 3.646515 -98.271819
5.290072 3.646515 -98.271819
6.889604 -22.961283 -98.014724
6.889604 -22.961283 -98.014724
6.889604 -22.961283 -98.014724
6.889604 -22.961283 -98.014724
6.889604 -22.961283 -98.014724
6.889604 -22.961283 -98.014724
5.962873 -42.906804 -99.430773
5.962873 -42.906804 -99.430773
5.962873 -42.906804 -99.430773
5.962873 -42.906804 -99.430773
5.552684 -4.404009 -101.503810
5.552684 -4.404009 -101.503810
5.552684 -4.404009 -101.503810
5.552684 -4.404009 -101.503810
5.552684 -4.404009 -101.503810
5.789453 4.658431 -99.477799
5.789453 4.658431 -99.477799
5.789453 4.658431 -99.477799
5.789453 4.658431 -99.477799
6.007533 4.252530 -96.295675
6.007533 4.252530 -96.295675
6.007533 4.252530 -96.295675
6.007533 4.252530 -96.295675
6.007533 4.252530 -96.295675
6.007533 4.252530 -96.295675
6.034518 3.336866 -94.870016
6.034518 3.336866 -94.870016
6.034518 3.336866 -94.870016
6.034518 3.336866 -94.870016
6.034518 3.336866 -94.870016
5.581227 2.945178 -93.372811
5.581227 2.945178 -93.372811
5.581227 2.945178 -93.372811
5.581227 2.945178 -93.372811
5.581227 2.945178 -93.372811
5.856151 3.313323 -91.429923
5.856151 3.313323 -91.429923
5.856151 3.313323 -91.429923
5.856151 3.313323 -91.429923
5.856151 3.313323 -91.429923
4.275972 2.129262 -90.297041
4.275972 2.129262 -90.297041
4.275972 2.129262 -90.297041
4.275972 2.129262 -90.297041
4.275972 2.129262 -90.297041
4.275972 2.129262 -90.297041
1.339607 0.883324 -89.028196
1.339607 0.883324 -89.028196
1.339607 0.883324 -89.028196
1.339607 0.883324 -89.028196
1.339607 0.883324 -89.028196
4.330745 2.181699 -92.098845
4.330745 2.181699 -92.098845
4.330745 2.181699 -92.098845
4.330745 2.181699 -92.098845
4.330745 2.181699 -92.098845
6.971008 1.571085 -92.458707
6.971008 1.571085 -92.458707
6.971008 1.571085 -92.458707
6.971008 1.571085 -92.458707
6.971008 1.571085 -92.458707
4.263023 -0.405995 -93.094488
4.263023 -0.405995 -93.094488
4.263023 -0.405995 -93.094488
4.263023 -0.405995 -93.094488
4.263023 -0.405995 -93.094488
4.263023 -0.405995 -93.094488
4.040554 -0.069773 -94.561025
4.040554 -0.069773 -94.561025
4.040554 -0.069773 -94.561025
4.040554 -0.069773 -94.561025
4.040554 -0.069773 -94.561025
5.194996 -0.378742 -96.139626
5.194996 -0.378742 -96.139626
5.194996 -0.378742 -96.139626
5.194996 -0.378742 -96.139626
5.194996 -0.378742 -96.139626
9.644558 1.667823 -97.972172
9.644558 1.667823 -97.972172
9.644558 1.667823 -97.972172
9.644558 1.667823 -97.972172
9.644558 1.667823 -97.972172
24.838091 3.981648 -94.229228
24.838091 3.981648 -94.229228
24.838091 3.981648 -94.229228
24.838091 3.981648 -94.229228
24.838091 3.981648 -94.229228
30.133183 7.433429 -85.600172
30.133183 7.433429 -85.600172
30.133183 7.433429 -85.600172
30.133183 7.433429 -85.600172
30.133183 7.433429 -85.600172
27.870420 9.635647 -77.146782
27.870420 9.635647 -77.146782
27.870420 9.635647 -77.146782
27.870420 9.635647 -77.146782
27.870420 9.635647 -77.146782
15.213078 6.449620 -78.692112
15.213078 6.449620 -78.692112
15.213078 6.449620 -78.692112
15.213078 6.449620 -78.692112
15.213078 6.449620 -78.692112
5.268883 1.005874 -82.668710
5.268883 1.005874 -82.668710
5.268883 1.005874 -82.668710
5.268883 1.005874 -82.668710
5.268883 1.005874 -82.668710
3.788971 -1.186170 -85.763106
3.788971 -1.186170 -85.763106
3.788971 -1.186170 -85.763106
3.788971 -1.186170 -85.763106
3.788971 -1.186170 -85.763106
5.144582 1.536459 -83.283058
5.144582 1.536459 -83.283058
5.144582 1.536459 -83.283058
5.144582 1.536459 -83.283058
5.144582 1.536459 -83.283058
3.581332 -2.132181 -84.783015
3.581332 -2.132181 -84.783015
3.581332 -2.132181 -84.783015
3.581332 -2.132181 -84.783015
-4.181651 -4.250390 -93.204932
-4.181651 -4.250390 -93.204932
-4.181651 -4.250390 -93.204932
-4.181651 -4.250390 -93.204932
-4.181651 -4.250390 -93.204932
-5.056693 -7.320308 -100.194859
-5.056693 -7.320308 -100.194859
-5.056693 -7.320308 -100.194859
-5.056693 -7.320308 -100.194859
-5.056693 -7.320308 -100.194859
-2.364576 -5.780653 -100.698244
-2.364576 -5.780653 -100.698244
-2.364576 -5.780653 -100.698244
-2.364576 -5.780653 -100.698244
0.367106 -4.795159 -99.403609
0.367106 -4.795159 -99.403609
0.367106 -4.795159 -99.403609
0.367106 -4.795159 -99.403609
0.367106 -4.795159 -99.403609
0.367106 -4.795159 -99.403609
0.854297 -4.424229 -95.612137
0.854297 -4.424229 -95.612137
0.854297 -4.424229 -95.612137
0.854297 -4.424229 -95.612137
0.854297 -4.424229 -95.612137
3.247092 -1.992825 -87.640097
3.247092 -1.992825 -87.640097
3.247092 -1.992825 -87.640097
3.247092 -1.992825 -87.640097
3.247092 -1.992825 -87.640097
3.247092 -1.992825 -87.640097
18.684227 1.930224 -74.340093
18.684227 1.930224 -74.340093
18.684227 1.930224 -74.340093
18.684227 1.930224 -74.340093
18.684227 1.930224 -74.340093
35.708598 7.601359 -60.300038
35.708598 7.601359 -60.300038
35.708598 7.601359 -60.300038
35.708598 7.601359 -60.300038
33.887635 11.026071 -51.377093
33.887635 11.026071 -51.377093
33.887635 11.026071 -51.377093
33.887635 11.026071 -51.377093
33.887635 11.026071 -51.377093
33.887635 11.026071 -51.377093
14.885424 10.511795 -45.909164
14.885424 10.511795 -45.909164
14.885424 10.511795 -45.909164
14.885424 10.511795 -45.909164
14.885424 10.511795 -45.909164
3.734437 5.901804 -50.060089
3.734437 5.901804 -50.060089
3.734437 5.901804 -50.060089
3.734437 5.901804 -50.060089
5.354773 1.188276 -59.139330
5.354773 1.188276 -59.139330
5.354773 1.188276 -59.139330
5.354773 1.188276 -59.139330
5.354773 1.188276 -59.139330
4.228891 -1.139660 -59.720019
4.228891 -1.139660 -59.720019
4.228891 -1.139660 -59.720019
4.228891 -1.139660 -59.720019
4.228891 -1.139660 -59.720019
3.039475 0.320629 -55.044621
3.039475 0.320629 -55.044621
3.039475 0.320629 -55.044621
3.039475 0.320629 -55.044621
3.039475 0.320629 -55.044621
3.564927 1.270453 -45.986117
3.564927 1.270453 -45.986117
3.564927 1.270453 -45.986117
3.564927 1.270453 -45.986117
3.564927 1.270453 -45.986117
3.849174 2.602414 -40.824543
3.849174 2.602414 -40.824543
3.849174 2.602414 -40.824543
3.849174 2.602414 -40.824543
3.849174 2.602414 -40.824543
3.849174 2.602414 -40.824543
3.327265 0.674285 -43.373972
3.327265 0.674285 -43.373972
3.327265 0.674285 -43.373972
3.327265 0.674285 -43.373972
3.327265 0.674285 -43.373972
3.272012 -0.338498 -36.825484
3.272012 -0.338498 -36.825484
3.272012 -0.338498 -36.825484
3.272012 -0.338498 -36.825484
3.272012 -0.338498 -36.825484
3.818498 -2.859769 -33.065564
3.818498 -2.859769 -33.065564
3.818498 -2.859769 -33.065564
3.818498 -2.859769 -33.065564
3.818498 -2.859769 -33.065564
1.478368 -0.938164 -26.187601
1.478368 -0.938164 -26.187601
1.478368 -0.938164 -26.187601
1.478368 -0.938164 -26.187601
1.478368 -0.938164 -26.187601
0.089231 0.741593 -20.877889
0.089231 0.741593 -20.877889
0.089231 0.741593 -20.877889
0.089231 0.741593 -20.877889
0.089231 0.741593 -20.877889
0.315811 0.099482 -17.517770
0.315811 0.099482 -17.517770
0.315811 0.099482 -17.517770
0.315811 0.099482 -17.517770
0.315811 0.099482 -17.517770
0.840628 -0.174304 -14.737832
0.840628 -0.174304 -14.737832
0.840628 -0.174304 -14.737832
0.840628 -0.174304 -14.737832
1.232683 -1.014073 -12.054470
1.232683 -1.014073 -12.054470
1.232683 -1.014073 -12.054470
1.232683 -1.014073 -12.054470
1.232683 -1.014073 -12.054470
1.232683 -1.014073 -12.054470
11.356609 -0.618288 -12.530737
11.356609 -0.618288 -12.530737
11.356609 -0.618288 -12.530737
11.356609 -0.618288 -12.530737
28.761063 2.614311 -7.677623
28.761063 2.614311 -7.677623
28.761063 2.614311 -7.677623
28.761063 2.614311 -7.677623
28.761063 2.614311 -7.677623
25.921116 4.772957 -2.138849
25.921116 4.772957 -2.138849
25.921116 4.772957 -2.138849
25.921116 4.772957 -2.138849
25.921116 4.772957 -2.138849
0.572126 3.622066 1.888792
0.572126 3.622066 1.888792
0.572126 3.622066 1.888792
0.572126 3.622066 1.888792
0.572126 3.622066 1.888792
-0.778123 2.076459 -2.615281
-0.778123 2.076459 -2.615281
-0.778123 2.076459 -2.615281
-0.778123 2.076459 -2.615281
-0.778123 2.076459 -2.615281
-0.489494 1.444536 -7.694649
-0.489494 1.444536 -7.694649
-0.489494 1.444536 -7.694649
-0.489494 1.444536 -7.694649
-0.489494 1.444536 -7.694649
-0.269195 0.318142 -13.487312
-0.269195 0.318142 -13.487312
-0.269195 0.318142 -13.487312
-0.269195 0.318142 -13.487312
-0.269195 0.318142 -13.487312
-0.201878 0.045888 -18.886713
-0.201878 0.045888 -18.886713
-0.201878 0.045888 -18.886713
-0.201878 0.045888 -18.886713
-0.201878 0.045888 -18.886713
-0.645900 -0.152719 -23.505862
-0.645900 -0.152719 -23.505862
-0.645900 -0.152719 -23.505862
-0.645900 -0.152719 -23.505862
-0.645900 -0.152719 -23.505862
-0.755791 -0.772501 -29.129142
-0.755791 -0.772501 -29.129142
-0.755791 -0.772501 -29.129142
-0.755791 -0.772501 -29.129142
-0.629745 -1.540087 -32.717996
-0.629745 -1.540087 -32.717996
-0.629745 -1.540087 -32.717996
-0.629745 -1.540087 -32.717996
-0.629745 -1.540087 -32.717996
-1.693711 -2.844412 -35.661931
-1.693711 -2.844412 -35.661931
-1.693711 -2.844412 -35.661931
-1.693711 -2.844412 -35.661931
-1.693711 -2.844412 -35.661931
-1.693711 -2.844412 -35.661931
-0.309526 -1.766517 -37.173639
-0.309526 -1.766517 -37.173639
-0.309526 -1.766517 -37.173639
-0.309526 -1.766517 -37.173639
-0.309526 -1.766517 -37.173639
0.051417 -1.370808 -30.803446
0.051417 -1.370808 -30.803446
0.051417 -1.370808 -30.803446
0.051417 -1.370808 -30.803446
1.512644 1.955084 -25.192157
1.512644 1.955084 -25.192157
1.512644 1.955084 -25.192157
1.512644 1.955084 -25.192157
1.512644 1.955084 -25.192157
1.512644 1.955084 -25.192157
0.793655 1.393576 -23.311658
0.793655 1.393576 -23.311658
0.793655 1.393576 -23.311658
0.793655 1.393576 -23.311658
0.793655 1.393576 -23.311658
26.772742 4.396555 -16.302880
26.772742 4.396555 -16.302880
26.772742 4.396555 -16.302880
26.772742 4.396555 -16.302880
26.772742 4.396555 -16.302880
43.956915 8.837756 -7.334319
43.956915 8.837756 -7.334319
43.956915 8.837756 -7.334319
43.956915 8.837756 -7.334319
43.956915 8.837756 -7.334319
17.594446 10.649172 -0.295127
17.594446 10.649172 -0.295127
17.594446 10.649172 -0.295127
17.594446 10.649172 -0.295127
17.594446 10.649172 -0.295127
1.376193 6.215342 6.545895
1.376193 6.215342 6.545895
1.376193 6.215342 6.545895
1.376193 6.215342 6.545895
1.376193 6.215342 6.545895
1.376193 6.215342 6.545895
2.395984 3.899843 4.996258
2.395984 3.899843 4.996258
2.395984 3.899843 4.996258
2.395984 3.899843 4.996258
3.625024 2.509465 4.869628
3.625024 2.509465 4.869628
3.625024 2.509465 4.869628
3.625024 2.509465 4.869628
3.625024 2.509465 4.869628
3.625024 2.509465 4.869628
4.240698 2.385349 10.805263
4.240698 2.385349 10.805263
4.240698 2.385349 10.805263
4.240698 2.385349 10.805263
4.240698 2.385349 10.805263
4.278780 1.386145 15.247774
4.278780 1.386145 15.247774
4.278780 1.386145 15.247774
4.278780 1.386145 15.247774
4.278780 1.386145 15.247774
3.914419 2.050843 17.557310
3.914419 2.050843 17.557310
3.914419 2.050843 17.557310
3.914419 2.050843 17.557310
3.914419 2.050843 17.557310
5.045860 0.874374 17.949324
5.045860 0.874374 17.949324
5.045860 0.874374 17.949324
5.045860 0.874374 17.949324
5.045860 0.874374 17.949324
6.550624 -0.166964 18.423057
6.550624 -0.166964 18.423057
6.550624 -0.166964 18.423057
6.550624 -0.166964 18.423057
6.550624 -0.166964 18.423057
6.714074 -1.036947 19.085808
6.714074 -1.036947 19.085808
6.714074 -1.036947 19.085808
6.714074 -1.036947 19.085808
4.068031 -0.017895 18.708184
4.068031 -0.017895 18.708184
4.068031 -0.017895 18.708184
4.068031 -0.017895 18.708184
4.068031 -0.017895 18.708184
4.020890 0.925655 9.636971
4.020890 0.925655 9.636971
4.020890 0.925655 9.636971
4.020890 0.925655 9.636971
4.020890 0.925655 9.636971
2.116362 -2.042365 -6.288260
2.116362 -2.042365 -6.288260
2.116362 -2.042365 -6.288260
2.116362 -2.042365 -6.288260
2.116362 -2.042365 -6.288260
-0.323127 -2.805332 -22.748754
-0.323127 -2.805332 -22.748754
-0.323127 -2.805332 -22.748754
-0.323127 -2.805332 -22.748754
-0.323127 -2.805332 -22.748754
-1.678195 -2.871798 -38.515519
-1.678195 -2.871798 -38.515519
-1.678195 -2.871798 -38.515519
-1.678195 -2.871798 -38.515519
-1.751101 -2.218645 -51.894176
-1.751101 -2.218645 -51.894176
-1.751101 -2.218645 -51.894176
-1.751101 -2.218645 -51.894176
-1.751101 -2.218645 -51.894176
-1.577991 -2.697729 -63.086175
-1.577991 -2.697729 -63.086175
-1.577991 -2.697729 -63.086175
-1.577991 -2.697729 -63.086175
-1.577991 -2.697729 -63.086175
-1.096664 -2.498994 -70.955318
-1.096664 -2.498994 -70.955318
-1.096664 -2.498994 -70.955318
-1.096664 -2.498994 -70.955318
-1.096664 -2.498994 -70.955318
-1.788533 -3.033749 -76.101975
-1.788533 -3.033749 -76.101975
-1.788533 -3.033749 -76.101975
-1.788533 -3.033749 -76.101975
-1.788533 -3.033749 -76.101975
-2.167338 -1.386495 -81.089249
-2.167338 -1.386495 -81.089249
-2.167338 -1.386495 -81.089249
-2.167338 -1.386495 -81.089249
-2.167338 -1.386495 -81.089249
-2.300518 -0.848904 -85.230693
-2.300518 -0.848904 -85.230693
-2.300518 -0.848904 -85.230693
-2.300518 -0.848904 -85.230693
-2.300518 -0.848904 -85.230693
-1.995881 -1.059940 -88.584057
-1.995881 -1.059940 -88.584057
-1.995881 -1.059940 -88.584057
-1.995881 -1.059940 -88.584057
-1.995881 -1.059940 -88.584057
-1.687856 -1.953627 -90.744343
-1.687856 -1.953627 -90.744343
-1.687856 -1.953627 -90.744343
-1.687856 -1.953627 -90.744343
-1.687856 -1.953627 -90.744343
-1.496519 -1.887887 -92.439787
-1.496519 -1.887887 -92.439787
-1.496519 -1.887887 -92.439787
-1.496519 -1.887887 -92.439787
-1.496519 -1.887887 -92.439787
-1.912507 -1.570099 -93.770288
-1.912507 -1.570099 -93.770288
-1.912507 -1.570099 -93.770288
-1.912507 -1.570099 -93.770288
-1.912507 -1.570099 -93.770288
-1.639032 -1.340451 -95.095959
-1.639032 -1.340451 -95.095959
-1.639032 -1.340451 -95.095959
-1.639032 -1.340451 -95.095959
-1.639032 -1.340451 -95.095959
-1.574429 -0.817733 -95.367650
-1.574429 -0.817733 -95.367650
-1.574429 -0.817733 -95.367650
-1.574429 -0.817733 -95.367650
-1.574429 -0.817733 -95.367650
-1.574429 -0.817733 -95.367650
-1.559188 -0.210802 -95.142595
-1.559188 -0.210802 -95.142595
-1.559188 -0.210802 -95.142595
-1.559188 -0.210802 -95.142595
-1.559188 -0.210802 -95.142595
2.120003 2.044102 -92.569697
2.120003 2.044102 -92.569697
2.120003 2.044102 -92.569697
2.120003 2.044102 -92.569697
2.120003 2.044102 -92.569697
1.988092 2.523811 -81.616328
1.988092 2.523811 -81.616328
1.988092 2.523811 -81.616328
1.988092 2.523811 -81.616328
1.988092 2.523811 -81.616328
1.010492 4.663856 -68.253520
1.010492 4.663856 -68.253520
1.010492 4.663856 -68.253520
1.010492 4.663856 -68.253520
0.887983 3.546962 -50.448785
0.887983 3.546962 -50.448785
0.887983 3.546962 -50.448785
0.887983 3.546962 -50.448785
0.887983 3.546962 -50.448785
0.575330 2.036071 -45.206594
0.575330 2.036071 -45.206594
0.575330 2.036071 -45.206594
0.575330 2.036071 -45.206594
0.575330 2.036071 -45.206594
0.424449 1.333201 -57.499217
0.424449 1.333201 -57.499217
0.424449 1.333201 -57.499217
0.424449 1.333201 -57.499217
-1.089217 0.072578 -70.868677
-1.089217 0.072578 -70.868677
-1.089217 0.072578 -70.868677
-1.089217 0.072578 -70.868677
-1.673882 -0.428975 -77.661389
-1.673882 -0.428975 -77.661389
-1.673882 -0.428975 -77.661389
-1.673882 -0.428975 -77.661389
-0.581944 -0.608722 -82.155517
-0.581944 -0.608722 -82.155517
-0.581944 -0.608722 -82.155517
-0.581944 -0.608722 -82.155517
-0.581944 -0.608722 -82.155517
-1.432301 -0.898804 -86.101242
-1.432301 -0.898804 -86.101242
-1.432301 -0.898804 -86.101242
-1.432301 -0.898804 -86.101242
-1.432301 -0.898804 -86.101242
-2.166831 -0.781719 -89.513919
-2.166831 -0.781719 -89.513919
-2.166831 -0.781719 -89.513919
-2.166831 -0.781719 -89.513919
-2.166831 -0.781719 -89.513919
-2.226788 -0.374245 -91.688145
-2.226788 -0.374245 -91.688145
-2.226788 -0.374245 -91.688145
-2.226788 -0.374245 -91.688145
-2.226788 -0.374245 -91.688145
-2.207479 -0.669088 -93.112247
-2.207479 -0.669088 -93.112247
-2.207479 -0.669088 -93.112247
-2.207479 -0.669088 -93.112247
-2.037746 -0.437814 -94.061226
-2.037746 -0.437814 -94.061226
-2.037746 -0.437814 -94.061226
-2.037746 -0.437814 -94.061226
-2.037746 -0.437814 -94.061226
-2.160576 -0.426235 -93.859244
-2.160576 -0.426235 -93.859244
-2.160576 -0.426235 -93.859244
-2.160576 -0.426235 -93.859244
-2.160576 -0.426235 -93.859244
-2.160576 -0.426235 -93.859244
-1.973590 -1.049249 -94.452152
-1.973590 -1.049249 -94.452152
-1.973590 -1.049249 -94.452152
-1.973590 -1.049249 -94.452152
-1.973590 -1.049249 -94.452152
-2.719403 1.640677 -95.067245
-2.719403 1.640677 -95.067245
-2.719403 1.640677 -95.067245
-2.719403 1.640677 -95.067245
-2.719403 1.640677 -95.067245
-2.953173 0.972842 -96.652648
-2.953173 0.972842 -96.652648
-2.953173 0.972842 -96.652648
-2.953173 0.972842 -96.652648
-2.953173 0.972842 -96.652648
-2.426548 0.147838 -96.830950
-2.426548 0.147838 -96.830950
-2.426548 0.147838 -96.830950
-2.426548 0.147838 -96.830950
-2.426548 0.147838 -96.830950
-2.426548 0.147838 -96.830950
-2.895537 0.740328 -96.805029
-2.895537 0.740328 -96.805029
-2.895537 0.740328 -96.805029
-2.895537 0.740328 -96.805029
-2.701371 0.485133 -96.474209
-2.701371 0.485133 -96.474209
-2.701371 0.485133 -96.474209
-2.701371 0.485133 -96.474209
-2.808354 0.653628 -95.663725
-2.808354 0.653628 -95.663725
-2.808354 0.653628 -95.663725
-2.808354 0.653628 -95.663725
-2.808354 0.653628 -95.663725
-2.808354 0.653628 -95.663725
-3.087347 0.357065 -95.388585
-3.087347 0.357065 -95.388585
-3.087347 0.357065 -95.388585
-3.087347 0.357065 -95.388585
-3.087347 0.357065 -95.388585
-2.736611 -0.067516 -95.428398
-2.736611 -0.067516 -95.428398
-2.736611 -0.067516 -95.428398
-2.736611 -0.067516 -95.428398
-2.736611 -0.067516 -95.428398
-2.003222 -0.458120 -95.184546
-2.003222 -0.458120 -95.184546
-2.003222 -0.458120 -95.184546
-2.003222 -0.458120 -95.184546
-2.003222 -0.458120 -95.184546
-1.200933 0.124249 -94.835141
-1.200933 0.124249 -94.835141
-1.200933 0.124249 -94.835141
-1.200933 0.124249 -94.835141
-1.200933 0.124249 -94.835141
-0.442124 0.471797 -95.398188
-0.442124 0.471797 -95.398188
-0.442124 0.471797 -95.398188
-0.442124 0.471797 -95.398188
-0.442124 0.471797 -95.398188
0.538635 -2.364605 -98.291996
0.538635 -2.364605 -98.291996
0.538635 -2.364605 -98.291996
0.538635 -2.364605 -98.291996
0.538635 -2.364605 -98.291996
-0.924044 -4.903260 -101.340295
-0.924044 -4.903260 -101.340295
-0.924044 -4.903260 -101.340295
-0.924044 -4.903260 -101.340295
-0.924044 -4.903260 -101.340295
-0.924044 -4.903260 -101.340295
-1.265980 -2.164777 -105.382804
-1.265980 -2.164777 -105.382804
-1.265980 -2.164777 -105.382804
-1.265980 -2.164777 -105.382804
-1.265980 -2.164777 -105.382804
-0.124560 -1.512650 -105.367798
-0.124560 -1.512650 -105.367798
-0.124560 -1.512650 -105.367798
-0.124560 -1.512650 -105.367798
-0.124560 -1.512650 -105.367798
0.306623 -3.642153 -103.862076
0.306623 -3.642153 -103.862076
0.306623 -3.642153 -103.862076
0.306623 -3.642153 -103.862076
0.306623 -3.642153 -103.862076
0.182079 -0.070340 -105.905826
0.182079 -0.070340 -105.905826
0.182079 -0.070340 -105.905826
0.182079 -0.070340 -105.905826
0.182079 -0.070340 -105.905826
-0.636150 0.422605 -106.434674
-0.636150 0.422605 -106.434674
-0.636150 0.422605 -106.434674
-0.636150 0.422605 -106.434674
-0.636150 0.422605 -106.434674
-1.680713 0.075340 -105.936753
-1.680713 0.075340 -105.936753
-1.680713 0.075340 -105.936753
-1.680713 0.075340 -105.936753
-1.680713 0.075340 -105.936753
-3.951708 -2.759115 -106.058467
-3.951708 -2.759115 -106.058467
-3.951708 -2.759115 -106.058467
-3.951708 -2.759115 -106.058467
-1.930917 -2.820660 -103.873981
-1.930917 -2.820660 -103.873981
-1.930917 -2.820660 -103.873981
-1.930917 -2.820660 -103.873981
-1.930917 -2.820660 -103.873981
-1.930917 -2.820660 -103.873981
-3.986906 -1.064880 -109.340865
-3.986906 -1.064880 -109.340865
-3.986906 -1.064880 -109.340865
-3.986906 -1.064880 -109.340865
-3.986906 -1.064880 -109.340865
-6.092267 8.037469 -120.645388
-6.092267 8.037469 -120.645388
-6.092267 8.037469 -120.645388
-6.092267 8.037469 -120.645388
-6.092267 8.037469 -120.645388
0.469491 -7.418104 -125.232980
0.469491 -7.418104 -125.232980
0.469491 -7.418104 -125.232980
0.469491 -7.418104 -125.232980
0.469491 -7.418104 -125.232980
0.233011 -7.345743 -129.067694
0.233011 -7.345743 -129.067694
0.233011 -7.345743 -129.067694
0.233011 -7.345743 -129.067694
0.233011 -7.345743 -129.067694
0.293956 -7.616519 -130.190618
0.293956 -7.616519 -130.190618
0.293956 -7.616519 -130.190618
0.293956 -7.616519 -130.190618
0.509248 -7.515336 -130.916258
0.509248 -7.515336 -130.916258
0.509248 -7.515336 -130.916258
0.509248 -7.515336 -130.916258
0.509248 -7.515336 -130.916258
0.720821 -7.586214 -131.501919
0.720821 -7.586214 -131.501919
0.720821 -7.586214 -131.501919
0.720821 -7.586214 -131.501919
0.720821 -7.586214 -131.501919
0.798538 -7.515177 -132.365638
0.798538 -7.515177 -132.365638
0.798538 -7.515177 -132.365638
0.798538 -7.515177 -132.365638
0.798538 -7.515177 -132.365638
0.858670 -7.548083 -132.680414
0.858670 -7.548083 -132.680414
0.858670 -7.548083 -132.680414
0.858670 -7.548083 -132.680414
0.858670 -7.548083 -132.680414
0.858670 -7.548083 -132.680414
0.906994 -7.555363 -132.934743
0.906994 -7.555363 -132.934743
0.906994 -7.555363 -132.934743
0.906994 -7.555363 -132.934743
0.906994 -7.555363 -132.934743
0.906994 -7.555363 -132.934743
0.972757 -7.568603 -133.071401
0.972757 -7.568603 -133.071401
0.972757 -7.568603 -133.071401
0.972757 -7.568603 -133.071401
0.972757 -7.568603 -133.071401
1.030443 -7.555354 -133.215040
1.030443 -7.555354 -133.215040
1.030443 -7.555354 -133.215040
1.030443 -7.555354 -133.215040
1.030443 -7.555354 -133.215040
1.131608 -7.504845 -133.305321
1.131608 -7.504845 -133.305321
1.131608 -7.504845 -133.305321
1.131608 -7.504845 -133.305321
1.131608 -7.504845 -133.305321
0.976766 -7.602372 -133.394824
0.976766 -7.602372 -133.394824
0.976766 -7.602372 -133.394824
0.976766 -7.602372 -133.394824
0.976766 -7.602372 -133.394824
0.864357 -7.698670 -133.411490
0.864357 -7.698670 -133.411490
0.864357 -7.698670 -133.411490
0.864357 -7.698670 -133.411490
0.864357 -7.698670 -133.411490
0.864357 -7.698670 -133.411490
0.877277 -7.715250 -133.511825
0.877277 -7.715250 -133.511825
0.877277 -7.715250 -133.511825
0.877277 -7.715250 -133.511825
0.877277 -7.715250 -133.511825
0.891278 -7.699605 -133.550648
0.891278 -7.699605 -133.550648
0.891278 -7.699605 -133.550648
0.891278 -7.699605 -133.550648
0.891278 -7.699605 -133.550648
0.899622 -7.688964 -133.545471
0.899622 -7.688964 -133.545471
0.899622 -7.688964 -133.545471
0.899622 -7.688964 -133.545471
0.899622 -7.688964 -133.545471
0.930875 -7.696909 -133.529256
0.930875 -7.696909 -133.529256
0.930875 -7.696909 -133.529256
0.930875 -7.696909 -133.529256
0.930875 -7.696909 -133.529256
0.884364 -7.713957 -133.613199
0.884364 -7.713957 -133.613199
0.884364 -7.713957 -133.613199
0.884364 -7.713957 -133.613199
0.884364 -7.713957 -133.613199
0.912993 -7.715169 -133.668687
0.912993 -7.715169 -133.668687
0.912993 -7.715169 -133.668687
0.912993 -7.715169 -133.668687
0.912993 -7.715169 -133.668687
0.930235 -7.722153 -133.715611
0.930235 -7.722153 -133.715611
0.930235 -7.722153 -133.715611
0.930235 -7.722153 -133.715611
0.930235 -7.722153 -133.715611
0.902672 -7.694156 -133.714381
0.902672 -7.694156 -133.714381
0.902672 -7.694156 -133.714381
0.902672 -7.694156 -133.714381
0.902672 -7.694156 -133.714381
1.029883 -7.631842 -133.706226
1.029883 -7.631842 -133.706226
1.029883 -7.631842 -133.706226
1.029883 -7.631842 -133.706226
1.029883 -7.631842 -133.706226
1.047610 -7.614582 -133.704218
1.047610 -7.614582 -133.704218
1.047610 -7.614582 -133.704218
1.047610 -7.614582 -133.704218
1.047610 -7.614582 -133.704218
1.042564 -7.601014 -133.684356
1.042564 -7.601014 -133.684356
1.042564 -7.601014 -133.684356
1.042564 -7.601014 -133.684356
1.042564 -7.601014 -133.684356
1.049558 -7.606085 -133.711021
1.049558 -7.606085 -133.711021
1.049558 -7.606085 -133.711021
1.049558 -7.606085 -133.711021
1.049558 -7.606085 -133.711021
1.085286 -7.657932 -133.750581
1.085286 -7.657932 -133.750581
1.085286 -7.657932 -133.750581
1.085286 -7.657932 -133.750581
1.085286 -7.657932 -133.750581
1.085215 -7.670192 -133.809225
1.085215 -7.670192 -133.809225
1.085215 -7.670192 -133.809225
1.085215 -7.670192 -133.809225
1.085215 -7.670192 -133.809225
1.076925 -7.671556 -133.721252
1.076925 -7.671556 -133.721252
1.076925 -7.671556 -133.721252
1.076925 -7.671556 -133.721252
1.076925 -7.671556 -133.721252
1.053308 -7.649005 -133.732891
1.053308 -7.649005 -133.732891
1.053308 -7.649005 -133.732891
1.053308 -7.649005 -133.732891
1.053308 -7.649005 -133.732891
1.048104 -7.652879 -133.782943
1.048104 -7.652879 -133.782943
1.048104 -7.652879 -133.782943
1.048104 -7.652879 -133.782943
1.048104 -7.652879 -133.782943
1.052423 -7.656464 -133.810086
1.052423 -7.656464 -133.810086
