10.303166 -9.721765 -7.861762
10.303166 -9.721765 -7.861762
10.620788 -9.883204 -9.270638
10.620788 -9.883204 -9.270638
10.620788 -9.883204 -9.270638
10.620788 -9.883204 -9.270638
10.620788 -9.883204 -9.270638
10.620788 -9.883204 -9.270638
10.865565 -9.915349 -10.271466
10.865565 -9.915349 -10.271466
10.865565 -9.915349 -10.271466
10.865565 -9.915349 -10.271466
10.865565 -9.915349 -10.271466
11.058278 -9.886420 -10.986693
11.058278 -9.886420 -10.986693
11.058278 -9.886420 -10.986693
11.058278 -9.886420 -10.986693
11.058278 -9.886420 -10.986693
11.058278 -9.886420 -10.986693
11.187501 -9.866009 -11.626901
11.187501 -9.866009 -11.626901
11.187501 -9.866009 -11.626901
11.187501 -9.866009 -11.626901
11.187501 -9.866009 -11.626901
11.316140 -9.833707 -12.074731
11.316140 -9.833707 -12.074731
11.316140 -9.833707 -12.074731
11.316140 -9.833707 -12.074731
11.316140 -9.833707 -12.074731
11.431416 -9.768613 -12.314108
11.431416 -9.768613 -12.314108
11.431416 -9.768613 -12.314108
11.431416 -9.768613 -12.314108
11.431416 -9.768613 -12.314108
11.431416 -9.768613 -12.314108
11.508363 -9.713559 -12.452470
11.508363 -9.713559 -12.452470
11.508363 -9.713559 -12.452470
11.508363 -9.713559 -12.452470
11.508363 -9.713559 -12.452470
11.508363 -9.713559 -12.452470
11.567152 -9.677314 -12.579262
11.567152 -9.677314 -12.579262
11.567152 -9.677314 -12.579262
11.567152 -9.677314 -12.579262
11.567152 -9.677314 -12.579262
11.610020 -9.638392 -12.622447
11.610020 -9.638392 -12.622447
11.610020 -9.638392 -12.622447
11.610020 -9.638392 -12.622447
11.610020 -9.638392 -12.622447
11.610020 -9.638392 -12.622447
11.643620 -9.609345 -12.610308
11.643620 -9.609345 -12.610308
11.643620 -9.609345 -12.610308
11.643620 -9.609345 -12.610308
11.643620 -9.609345 -12.610308
11.643620 -9.609345 -12.610308
11.662310 -9.586553 -12.637555
11.662310 -9.586553 -12.637555
11.662310 -9.586553 -12.637555
11.662310 -9.586553 -12.637555
11.662310 -9.586553 -12.637555
11.662310 -9.586553 -12.637555
11.686306 -9.559918 -12.589847
11.686306 -9.559918 -12.589847
11.686306 -9.559918 -12.589847
11.686306 -9.559918 -12.589847
11.686306 -9.559918 -12.589847
11.701549 -9.540068 -12.528720
11.701549 -9.540068 -12.528720
11.701549 -9.540068 -12.528720
11.701549 -9.540068 -12.528720
11.701549 -9.540068 -12.528720
11.701549 -9.540068 -12.528720
11.717473 -9.514586 -12.413537
11.717473 -9.514586 -12.413537
11.717473 -9.514586 -12.413537
11.717473 -9.514586 -12.413537
11.717473 -9.514586 -12.413537
11.702977 -9.528975 -12.459612
11.702977 -9.528975 -12.459612
11.702977 -9.528975 -12.459612
11.702977 -9.528975 -12.459612
11.702977 -9.528975 -12.459612
11.702977 -9.528975 -12.459612
11.687219 -9.543617 -12.535172
11.687219 -9.543617 -12.535172
11.687219 -9.543617 -12.535172
11.687219 -9.543617 -12.535172
11.687219 -9.543617 -12.535172
11.687219 -9.543617 -12.535172
11.687967 -9.550432 -12.543000
11.687967 -9.550432 -12.543000
11.687967 -9.550432 -12.543000
11.687967 -9.550432 -12.543000
11.687967 -9.550432 -12.543000
11.687967 -9.550432 -12.543000
11.690237 -9.551697 -12.562928
11.690237 -9.551697 -12.562928
11.690237 -9.551697 -12.562928
11.690237 -9.551697 -12.562928
11.690237 -9.551697 -12.562928
11.690237 -9.551697 -12.562928
11.682400 -9.554157 -12.627422
11.682400 -9.554157 -12.627422
11.682400 -9.554157 -12.627422
11.682400 -9.554157 -12.627422
11.682400 -9.554157 -12.627422
11.696353 -9.536559 -12.598309
11.696353 -9.536559 -12.598309
11.696353 -9.536559 -12.598309
11.696353 -9.536559 -12.598309
11.696353 -9.536559 -12.598309
11.696353 -9.536559 -12.598309
11.686451 -9.538930 -12.667376
11.686451 -9.538930 -12.667376
11.686451 -9.538930 -12.667376
11.686451 -9.538930 -12.667376
11.686451 -9.538930 -12.667376
11.713654 -9.505517 -12.549845
11.713654 -9.505517 -12.549845
11.713654 -9.505517 -12.549845
11.713654 -9.505517 -12.549845
11.713654 -9.505517 -12.549845
11.718230 -9.518838 -12.526334
11.718230 -9.518838 -12.526334
11.718230 -9.518838 -12.526334
11.718230 -9.518838 -12.526334
11.718230 -9.518838 -12.526334
11.718230 -9.518838 -12.526334
11.726700 -9.498689 -12.426448
11.726700 -9.498689 -12.426448
11.726700 -9.498689 -12.426448
11.726700 -9.498689 -12.426448
11.726700 -9.498689 -12.426448
11.718959 -9.501241 -12.409644
11.718959 -9.501241 -12.409644
11.718959 -9.501241 -12.409644
11.718959 -9.501241 -12.409644
11.718959 -9.501241 -12.409644
11.718959 -9.501241 -12.409644
11.709573 -9.516667 -12.455176
11.709573 -9.516667 -12.455176
11.709573 -9.516667 -12.455176
11.709573 -9.516667 -12.455176
11.709573 -9.516667 -12.455176
11.702243 -9.519874 -12.480934
11.702243 -9.519874 -12.480934
11.702243 -9.519874 -12.480934
11.702243 -9.519874 -12.480934
11.702243 -9.519874 -12.480934
11.701460 -9.525191 -12.482086
11.701460 -9.525191 -12.482086
11.701460 -9.525191 -12.482086
11.701460 -9.525191 -12.482086
11.701460 -9.525191 -12.482086
11.701460 -9.525191 -12.482086
11.690282 -9.523271 -12.545420
11.690282 -9.523271 -12.545420
11.690282 -9.523271 -12.545420
11.690282 -9.523271 -12.545420
11.690282 -9.523271 -12.545420
11.677681 -9.538806 -12.595218
11.677681 -9.538806 -12.595218
11.677681 -9.538806 -12.595218
11.677681 -9.538806 -12.595218
11.677681 -9.538806 -12.595218
11.683336 -9.524846 -12.562002
11.683336 -9.524846 -12.562002
11.683336 -9.524846 -12.562002
11.683336 -9.524846 -12.562002
11.683336 -9.524846 -12.562002
11.672876 -9.535422 -12.597938
11.672876 -9.535422 -12.597938
11.672876 -9.535422 -12.597938
11.672876 -9.535422 -12.597938
11.672876 -9.535422 -12.597938
11.685557 -9.527602 -12.584825
11.685557 -9.527602 -12.584825
11.685557 -9.527602 -12.584825
11.685557 -9.527602 -12.584825
11.685557 -9.527602 -12.584825
11.685557 -9.527602 -12.584825
11.693760 -9.518921 -12.543763
11.693760 -9.518921 -12.543763
11.693760 -9.518921 -12.543763
11.693760 -9.518921 -12.543763
11.693760 -9.518921 -12.543763
11.710380 -9.494374 -12.436867
11.710380 -9.494374 -12.436867
11.710380 -9.494374 -12.436867
11.710380 -9.494374 -12.436867
11.710380 -9.494374 -12.436867
11.713390 -9.494614 -12.380084
11.713390 -9.494614 -12.380084
11.713390 -9.494614 -12.380084
11.713390 -9.494614 -12.380084
11.713390 -9.494614 -12.380084
11.697400 -9.514304 -12.420305
11.697400 -9.514304 -12.420305
11.697400 -9.514304 -12.420305
11.697400 -9.514304 -12.420305
11.697400 -9.514304 -12.420305
11.685685 -9.537171 -12.500436
11.685685 -9.537171 -12.500436
11.685685 -9.537171 -12.500436
11.685685 -9.537171 -12.500436
11.685685 -9.537171 -12.500436
11.682426 -9.528473 -12.495652
11.682426 -9.528473 -12.495652
11.682426 -9.528473 -12.495652
11.682426 -9.528473 -12.495652
11.682426 -9.528473 -12.495652
11.679249 -9.527223 -12.522421
11.679249 -9.527223 -12.522421
11.679249 -9.527223 -12.522421
11.679249 -9.527223 -12.522421
11.679249 -9.527223 -12.522421
11.678269 -9.539179 -12.556753
11.678269 -9.539179 -12.556753
11.678269 -9.539179 -12.556753
11.678269 -9.539179 -12.556753
11.678269 -9.539179 -12.556753
11.685375 -9.543330 -12.559788
11.685375 -9.543330 -12.559788
11.685375 -9.543330 -12.559788
11.685375 -9.543330 -12.559788
11.685375 -9.543330 -12.559788
11.687235 -9.530244 -12.549846
11.687235 -9.530244 -12.549846
11.687235 -9.530244 -12.549846
11.687235 -9.530244 -12.549846
11.687235 -9.530244 -12.549846
11.683337 -9.535299 -12.588333
11.683337 -9.535299 -12.588333
11.683337 -9.535299 -12.588333
11.683337 -9.535299 -12.588333
11.683337 -9.535299 -12.588333
11.695490 -9.522867 -12.562419
11.695490 -9.522867 -12.562419
11.695490 -9.522867 -12.562419
11.695490 -9.522867 -12.562419
11.708659 -9.505932 -12.504398
11.708659 -9.505932 -12.504398
11.708659 -9.505932 -12.504398
11.708659 -9.505932 -12.504398
11.708659 -9.505932 -12.504398
11.713114 -9.500529 -12.386753
11.713114 -9.500529 -12.386753
11.713114 -9.500529 -12.386753
11.713114 -9.500529 -12.386753
11.713114 -9.500529 -12.386753
11.696249 -9.519145 -12.446906
11.696249 -9.519145 -12.446906
11.696249 -9.519145 -12.446906
11.696249 -9.519145 -12.446906
11.696249 -9.519145 -12.446906
11.696249 -9.519145 -12.446906
11.684049 -9.520483 -12.475364
11.684049 -9.520483 -12.475364
11.684049 -9.520483 -12.475364
11.684049 -9.520483 -12.475364
11.684049 -9.520483 -12.475364
11.677656 -9.535556 -12.523967
11.677656 -9.535556 -12.523967
11.677656 -9.535556 -12.523967
11.677656 -9.535556 -12.523967
11.677656 -9.535556 -12.523967
11.677656 -9.535556 -12.523967
11.671709 -9.544901 -12.594360
11.671709 -9.544901 -12.594360
11.671709 -9.544901 -12.594360
11.671709 -9.544901 -12.594360
11.671709 -9.544901 -12.594360
11.678369 -9.533496 -12.581272
11.678369 -9.533496 -12.581272
11.678369 -9.533496 -12.581272
11.678369 -9.533496 -12.581272
11.678369 -9.533496 -12.581272
11.678369 -9.533496 -12.581272
11.676412 -9.525883 -12.591162
11.676412 -9.525883 -12.591162
11.676412 -9.525883 -12.591162
11.676412 -9.525883 -12.591162
11.676412 -9.525883 -12.591162
11.676412 -9.525883 -12.591162
11.679682 -9.511436 -12.550462
11.679682 -9.511436 -12.550462
11.679682 -9.511436 -12.550462
11.679682 -9.511436 -12.550462
11.679682 -9.511436 -12.550462
11.679682 -9.511436 -12.550462
11.679682 -9.511436 -12.550462
11.679682 -9.511436 -12.550462
11.679682 -9.511436 -12.550462
11.679682 -9.511436 -12.550462
11.679682 -9.511436 -12.550462
11.683751 -9.512212 -12.550893
11.683751 -9.512212 -12.550893
11.683751 -9.512212 -12.550893
11.683751 -9.512212 -12.550893
11.683751 -9.512212 -12.550893
11.683751 -9.512212 -12.550893
11.684184 -9.499549 -12.521018
11.684184 -9.499549 -12.521018
11.684184 -9.499549 -12.521018
11.684184 -9.499549 -12.521018
11.684184 -9.499549 -12.521018
11.684184 -9.499549 -12.521018
11.706359 -9.478067 -12.365584
11.706359 -9.478067 -12.365584
11.706359 -9.478067 -12.365584
11.706359 -9.478067 -12.365584
11.706359 -9.478067 -12.365584
11.706359 -9.478067 -12.365584
11.680046 -9.496329 -12.397731
11.680046 -9.496329 -12.397731
11.680046 -9.496329 -12.397731
11.680046 -9.496329 -12.397731
11.680046 -9.496329 -12.397731
11.673445 -9.503302 -12.434236
11.673445 -9.503302 -12.434236
11.673445 -9.503302 -12.434236
11.673445 -9.503302 -12.434236
11.673445 -9.503302 -12.434236
11.671080 -9.518188 -12.471719
11.671080 -9.518188 -12.471719
11.671080 -9.518188 -12.471719
11.671080 -9.518188 -12.471719
11.671080 -9.518188 -12.471719
11.677357 -9.523076 -12.496235
11.677357 -9.523076 -12.496235
11.677357 -9.523076 -12.496235
11.677357 -9.523076 -12.496235
11.677357 -9.523076 -12.496235
11.672250 -9.533244 -12.543662
11.672250 -9.533244 -12.543662
11.672250 -9.533244 -12.543662
11.672250 -9.533244 -12.543662
11.672250 -9.533244 -12.543662
11.672250 -9.533244 -12.543662
11.678359 -9.524510 -12.534050
11.678359 -9.524510 -12.534050
11.678359 -9.524510 -12.534050
11.678359 -9.524510 -12.534050
11.678359 -9.524510 -12.534050
11.692254 -9.511501 -12.479565
11.692254 -9.511501 -12.479565
11.692254 -9.511501 -12.479565
11.692254 -9.511501 -12.479565
11.692254 -9.511501 -12.479565
11.677465 -9.532643 -12.565658
11.677465 -9.532643 -12.565658
11.677465 -9.532643 -12.565658
11.677465 -9.532643 -12.565658
11.677465 -9.532643 -12.565658
11.669952 -9.535334 -12.596903
11.669952 -9.535334 -12.596903
11.669952 -9.535334 -12.596903
11.669952 -9.535334 -12.596903
11.681532 -9.515167 -12.554782
11.681532 -9.515167 -12.554782
11.681532 -9.515167 -12.554782
11.681532 -9.515167 -12.554782
11.681532 -9.515167 -12.554782
11.702575 -9.489960 -12.398765
11.702575 -9.489960 -12.398765
11.702575 -9.489960 -12.398765
11.702575 -9.489960 -12.398765
11.702575 -9.489960 -12.398765
11.702575 -9.489960 -12.398765
11.700023 -9.514786 -12.431811
11.700023 -9.514786 -12.431811
11.700023 -9.514786 -12.431811
11.700023 -9.514786 -12.431811
11.700023 -9.514786 -12.431811
11.695208 -9.530236 -12.456412
11.695208 -9.530236 -12.456412
11.695208 -9.530236 -12.456412
11.695208 -9.530236 -12.456412
11.695208 -9.530236 -12.456412
11.695208 -9.530236 -12.456412
11.680436 -9.514469 -12.487737
11.680436 -9.514469 -12.487737
11.680436 -9.514469 -12.487737
11.680436 -9.514469 -12.487737
11.680436 -9.514469 -12.487737
11.680436 -9.514469 -12.487737
11.669253 -9.508470 -12.503769
11.669253 -9.508470 -12.503769
11.669253 -9.508470 -12.503769
11.669253 -9.508470 -12.503769
11.669253 -9.508470 -12.503769
11.654198 -9.512358 -12.538265
11.654198 -9.512358 -12.538265
11.654198 -9.512358 -12.538265
11.654198 -9.512358 -12.538265
11.654198 -9.512358 -12.538265
11.654198 -9.512358 -12.538265
11.643255 -9.516231 -12.603413
11.643255 -9.516231 -12.603413
11.643255 -9.516231 -12.603413
11.643255 -9.516231 -12.603413
11.643255 -9.516231 -12.603413
11.646022 -9.498508 -12.576016
11.646022 -9.498508 -12.576016
11.646022 -9.498508 -12.576016
11.646022 -9.498508 -12.576016
11.646022 -9.498508 -12.576016
11.639872 -9.506506 -12.619493
11.639872 -9.506506 -12.619493
11.639872 -9.506506 -12.619493
11.639872 -9.506506 -12.619493
11.639872 -9.506506 -12.619493
11.639872 -9.506506 -12.619493
11.655796 -9.498158 -12.569299
11.655796 -9.498158 -12.569299
11.655796 -9.498158 -12.569299
11.655796 -9.498158 -12.569299
11.655796 -9.498158 -12.569299
11.655796 -9.498158 -12.569299
11.658887 -9.483743 -12.504090
11.658887 -9.483743 -12.504090
11.658887 -9.483743 -12.504090
11.658887 -9.483743 -12.504090
11.658887 -9.483743 -12.504090
11.658887 -9.483743 -12.504090
11.674322 -9.458950 -12.374457
11.674322 -9.458950 -12.374457
11.674322 -9.458950 -12.374457
11.674322 -9.458950 -12.374457
11.674322 -9.458950 -12.374457
11.674322 -9.458950 -12.374457
11.667888 -9.484480 -12.409469
11.667888 -9.484480 -12.409469
11.667888 -9.484480 -12.409469
11.667888 -9.484480 -12.409469
11.667888 -9.484480 -12.409469
11.671780 -9.489403 -12.420168
11.671780 -9.489403 -12.420168
11.671780 -9.489403 -12.420168
11.671780 -9.489403 -12.420168
11.671780 -9.489403 -12.420168
11.671780 -9.489403 -12.420168
11.666432 -9.487132 -12.452612
11.666432 -9.487132 -12.452612
11.666432 -9.487132 -12.452612
11.666432 -9.487132 -12.452612
11.666432 -9.487132 -12.452612
11.666432 -9.487132 -12.452612
11.676669 -9.497031 -12.454163
11.676669 -9.497031 -12.454163
11.676669 -9.497031 -12.454163
11.676669 -9.497031 -12.454163
11.676669 -9.497031 -12.454163
11.676669 -9.497031 -12.454163
11.676669 -9.497031 -12.454163
11.670973 -9.507143 -12.490726
11.670973 -9.507143 -12.490726
11.670973 -9.507143 -12.490726
11.670973 -9.507143 -12.490726
11.670973 -9.507143 -12.490726
11.670973 -9.507143 -12.490726
11.661366 -9.502190 -12.536290
11.661366 -9.502190 -12.536290
11.661366 -9.502190 -12.536290
11.661366 -9.502190 -12.536290
11.661366 -9.502190 -12.536290
11.661366 -9.502190 -12.536290
11.672652 -9.495351 -12.491475
11.672652 -9.495351 -12.491475
11.672652 -9.495351 -12.491475
11.672652 -9.495351 -12.491475
11.672652 -9.495351 -12.491475
11.672652 -9.495351 -12.491475
11.672652 -9.495351 -12.491475
11.667308 -9.486728 -12.479393
11.667308 -9.486728 -12.479393
11.667308 -9.486728 -12.479393
11.667308 -9.486728 -12.479393
11.667308 -9.486728 -12.479393
11.667308 -9.486728 -12.479393
11.657716 -9.490264 -12.507749
11.657716 -9.490264 -12.507749
11.657716 -9.490264 -12.507749
11.657716 -9.490264 -12.507749
11.657716 -9.490264 -12.507749
11.657716 -9.490264 -12.507749
11.667267 -9.481718 -12.475441
11.667267 -9.481718 -12.475441
11.667267 -9.481718 -12.475441
11.667267 -9.481718 -12.475441
11.667267 -9.481718 -12.475441
11.667267 -9.481718 -12.475441
11.679611 -9.470498 -12.389318
11.679611 -9.470498 -12.389318
11.679611 -9.470498 -12.389318
11.679611 -9.470498 -12.389318
11.679611 -9.470498 -12.389318
11.679611 -9.470498 -12.389318
11.676710 -9.473100 -12.349697
11.676710 -9.473100 -12.349697
11.676710 -9.473100 -12.349697
11.676710 -9.473100 -12.349697
11.676710 -9.473100 -12.349697
11.665495 -9.484285 -12.427066
11.665495 -9.484285 -12.427066
11.665495 -9.484285 -12.427066
11.665495 -9.484285 -12.427066
11.665495 -9.484285 -12.427066
11.665495 -9.484285 -12.427066
11.671251 -9.496085 -12.467099
11.671251 -9.496085 -12.467099
11.671251 -9.496085 -12.467099
11.671251 -9.496085 -12.467099
11.671251 -9.496085 -12.467099
11.671251 -9.496085 -12.467099
11.692323 -9.530721 -12.505420
11.692323 -9.530721 -12.505420
11.692323 -9.530721 -12.505420
11.692323 -9.530721 -12.505420
11.692323 -9.530721 -12.505420
11.692323 -9.530721 -12.505420
11.670923 -9.514232 -12.489470
11.670923 -9.514232 -12.489470
11.670923 -9.514232 -12.489470
11.670923 -9.514232 -12.489470
11.666442 -9.514262 -12.553010
11.666442 -9.514262 -12.553010
11.666442 -9.514262 -12.553010
11.666442 -9.514262 -12.553010
11.666442 -9.514262 -12.553010
11.666442 -9.514262 -12.553010
11.678593 -9.498179 -12.512592
11.678593 -9.498179 -12.512592
11.678593 -9.498179 -12.512592
11.678593 -9.498179 -12.512592
11.678593 -9.498179 -12.512592
11.678593 -9.498179 -12.512592
11.686554 -9.479556 -12.446159
11.686554 -9.479556 -12.446159
11.686554 -9.479556 -12.446159
11.686554 -9.479556 -12.446159
11.686554 -9.479556 -12.446159
11.686554 -9.479556 -12.446159
11.679375 -9.500577 -12.497026
11.679375 -9.500577 -12.497026
11.679375 -9.500577 -12.497026
11.679375 -9.500577 -12.497026
11.679375 -9.500577 -12.497026
11.679375 -9.500577 -12.497026
11.679375 -9.500577 -12.497026
11.677044 -9.489206 -12.465374
11.677044 -9.489206 -12.465374
11.677044 -9.489206 -12.465374
11.677044 -9.489206 -12.465374
11.677044 -9.489206 -12.465374
11.688104 -9.474722 -12.389724
11.688104 -9.474722 -12.389724
11.688104 -9.474722 -12.389724
11.688104 -9.474722 -12.389724
11.688104 -9.474722 -12.389724
11.688104 -9.474722 -12.389724
11.688104 -9.474722 -12.389724
11.698801 -9.451448 -12.267347
11.698801 -9.451448 -12.267347
11.698801 -9.451448 -12.267347
11.698801 -9.451448 -12.267347
11.698801 -9.451448 -12.267347
11.698801 -9.451448 -12.267347
11.683042 -9.499121 -12.361203
11.683042 -9.499121 -12.361203
11.683042 -9.499121 -12.361203
11.683042 -9.499121 -12.361203
11.683042 -9.499121 -12.361203
11.683042 -9.499121 -12.361203
11.683042 -9.499121 -12.361203
11.675493 -9.507319 -12.376775
11.675493 -9.507319 -12.376775
11.675493 -9.507319 -12.376775
11.675493 -9.507319 -12.376775
11.675493 -9.507319 -12.376775
11.673838 -9.498140 -12.401001
11.673838 -9.498140 -12.401001
11.673838 -9.498140 -12.401001
11.673838 -9.498140 -12.401001
11.673838 -9.498140 -12.401001
11.673838 -9.498140 -12.401001
11.672681 -9.503854 -12.449491
11.672681 -9.503854 -12.449491
11.672681 -9.503854 -12.449491
11.672681 -9.503854 -12.449491
11.672681 -9.503854 -12.449491
11.672681 -9.503854 -12.449491
11.679883 -9.505913 -12.472029
11.679883 -9.505913 -12.472029
11.679883 -9.505913 -12.472029
11.679883 -9.505913 -12.472029
11.679883 -9.505913 -12.472029
11.679883 -9.505913 -12.472029
11.685903 -9.511652 -12.476330
11.685903 -9.511652 -12.476330
11.685903 -9.511652 -12.476330
