0.000124 -0.000065
-0.002733 -0.000521
-0.008561 -0.001043
-0.007112 -0.000956
-0.010255 -0.001565
-0.009082 -0.005059
-0.008982 -0.006564
-0.018426 -0.010718
-0.019572 -0.013210
-0.022024 -0.015385
-0.018743 -0.016143
-0.016999 -0.014137
-0.025454 -0.013979
-0.024053 -0.014780
-0.021047 -0.019060
-0.021397 -0.020392
-0.021530 -0.025596
-0.028616 -0.027191
-0.029727 -0.028419
-0.030485 -0.029842
-0.030350 -0.030160
-0.032101 -0.030010
-0.037257 -0.028724
-0.038941 -0.030189
-0.040715 -0.030235
-0.041566 -0.030458
-0.043133 -0.030174
-0.043296 -0.029304
-0.042512 -0.028969
-0.041761 -0.028198
-0.040762 -0.028101
-0.039189 -0.027213
-0.039064 -0.026969
-0.043435 -0.026811
-0.042826 -0.026904
-0.045503 -0.025233
-0.046276 -0.026243
-0.046342 -0.025206
-0.048500 -0.024861
-0.047304 -0.024250
-0.048774 -0.023901
-0.048664 -0.023784
-0.047268 -0.024717
-0.045973 -0.023094
-0.046223 -0.022626
-0.045112 -0.023190
-0.045109 -0.024095
-0.045461 -0.023076
-0.047313 -0.024005
-0.047007 -0.023804
-0.046467 -0.024248
-0.046412 -0.023616
-0.045828 -0.022702
-0.045996 -0.022751
-0.046092 -0.024412
-0.044789 -0.024313
-0.044897 -0.024489
-0.046316 -0.024740
-0.047994 -0.024507
-0.050254 -0.022404
-0.049315 -0.023141
-0.048230 -0.022964
-0.049378 -0.023569
-0.046551 -0.023558
-0.045487 -0.023161
-0.044245 -0.024104
-0.042587 -0.023735
-0.042053 -0.022550
-0.039658 -0.022315
-0.040390 -0.022500
-0.040180 -0.023335
-0.038659 -0.022805
-0.036424 -0.022475
-0.037541 -0.023435
-0.036003 -0.024835
-0.033360 -0.027188
-0.030501 -0.028619
-0.031461 -0.028775
-0.031372 -0.028820
-0.030307 -0.029917
-0.030801 -0.029223
-0.032228 -0.027824
-0.031999 -0.026592
-0.031436 -0.025547
-0.032986 -0.025579
-0.033852 -0.025974
-0.033854 -0.027512
-0.033221 -0.028418
-0.034413 -0.029585
-0.034956 -0.030428
-0.034160 -0.031823
-0.033424 -0.033266
-0.029938 -0.033747
-0.031921 -0.030142
-0.032004 -0.027992
-0.031882 -0.027568
-0.030756 -0.028017
-0.024099 -0.029230
-0.009087 -0.034248
-0.009535 -0.035669
-0.010021 -0.034106
0.021540 0.030554
0.056285 0.094543
0.084254 0.164175
0.102053 0.242472
0.125695 0.315146
0.141178 0.823534
0.137748 1.327125
0.259907 1.913048
0.264944 2.551659
0.212998 3.148394
0.123158 3.416137
0.139815 3.513978
0.141544 3.661638
0.150313 3.766297
0.163853 3.858933
0.181796 3.957893
0.198894 4.014206
0.217014 4.082906
0.221065 4.124531
0.230269 4.134648
0.242747 4.176468
0.249001 4.102737
0.293951 4.017375
0.308932 3.944575
0.308028 3.845417
0.293539 3.721180
0.301575 3.747062
0.328801 3.788416
0.332241 3.803396
0.323926 3.824089
0.326902 3.867666
0.320920 3.906286
0.327681 3.926693
0.353993 3.962909
0.371791 4.015321
0.378140 4.060041
0.395173 4.099213
0.407208 4.137805
0.418743 4.039349
0.407131 3.965032
0.385666 3.814204
0.373907 3.666505
0.356473 3.515755
0.369996 3.499167
0.373814 3.482216
0.389093 3.475630
0.409777 3.454469
0.422834 3.451742
0.419327 3.418347
0.434176 3.491137
0.458501 3.583139
0.443284 3.653425
0.442137 3.728768
0.462303 3.817140
0.486166 3.992573
0.501126 4.223622
0.520045 4.466967
0.575682 4.811649
0.618184 5.151539
0.654501 5.233897
0.735768 5.211490
0.763451 5.297530
0.770383 5.324071
0.782131 5.347849
0.795033 5.324391
0.840602 5.319637
0.867153 5.297998
0.875164 5.243313
0.880474 5.193856
0.891931 5.151967
0.926904 5.159032
0.938220 5.099580
0.925147 4.917250
0.975622 4.877025
1.015599 4.825009
1.058482 4.748362
1.070724 4.709086
1.070713 4.584926
1.051468 4.467263
1.027610 4.418496
1.083882 4.389823
1.061329 4.295772
1.087566 4.268215
1.100949 4.255172
1.118989 4.266108
1.154324 4.287404
1.170539 4.250712
1.173176 4.252062
1.171769 4.224285
1.135400 4.088941
1.130606 4.027960
1.115411 3.990888
1.065491 3.922547
1.064896 3.894432
1.028360 3.238325
0.969286 2.624843
0.949330 2.008795
0.966195 1.361734
0.966272 0.551710
0.916663 0.061705
0.983840 -0.615023
0.948514 -1.005662
1.125021 -1.639986
1.177672 -2.095441
1.261461 -2.533626
1.313775 -2.622429
1.352557 -2.741361
1.380291 -2.781928
1.395486 -2.818238
1.393837 -2.848323
1.429317 -2.856115
1.432035 -2.849049
1.473006 -2.853893
1.515598 -2.854528
1.521744 -2.850588
1.536376 -2.829717
1.551446 -2.816169
1.566579 -2.797915
1.586218 -2.781711
1.602037 -2.758691
1.637303 -2.730906
1.676073 -2.701421
1.713486 -2.676071
1.745995 -2.650955
1.788808 -2.625474
1.824459 -2.593048
1.841125 -2.615561
1.842519 -2.627294
1.857923 -2.641631
1.865855 -2.647539
1.865437 -2.651774
1.816095 -2.726932
1.729042 -2.797594
1.646050 -2.857140
1.561143 -2.912849
1.479965 -2.968306
1.395509 -3.021880
1.542604 -2.869049
1.688830 -2.719273
1.837917 -2.567124
1.984948 -2.414319
2.132983 -2.261016
2.244776 -2.147001
2.354838 -2.032806
2.466262 -1.916749
2.580770 -1.805975
2.692563 -1.691864
2.806030 -1.577860
2.805687 -1.575327
2.806271 -1.576555
2.808395 -1.577580
2.808407 -1.578629
2.809979 -1.580425
2.851696 -1.539788
