-2.327177 -13.575290 -99.310117
-2.327177 -13.575290 -99.310117
-2.340856 -13.578935 -99.346584
-2.340856 -13.578935 -99.346584
-2.340856 -13.578935 -99.346584
-2.340856 -13.578935 -99.346584
-2.340856 -13.578935 -99.346584
-2.340856 -13.578935 -99.346584
-2.340856 -13.578935 -99.346584
-2.340856 -13.578935 -99.346584
-2.336301 -13.594946 -99.270325
-2.336301 -13.594946 -99.270325
-2.336301 -13.594946 -99.270325
-2.336301 -13.594946 -99.270325
-2.336301 -13.594946 -99.270325
-2.336301 -13.594946 -99.270325
-2.336301 -13.594946 -99.270325
-2.336301 -13.594946 -99.270325
-2.330429 -13.600667 -99.236092
-2.330429 -13.600667 -99.236092
-2.330429 -13.600667 -99.236092
-2.330429 -13.600667 -99.236092
-2.330429 -13.600667 -99.236092
-2.330429 -13.600667 -99.236092
-2.330429 -13.600667 -99.236092
-2.330429 -13.600667 -99.236092
-2.309993 -13.626077 -99.117690
-2.309993 -13.626077 -99.117690
-2.309993 -13.626077 -99.117690
-2.309993 -13.626077 -99.117690
-2.309993 -13.626077 -99.117690
-2.309993 -13.626077 -99.117690
-2.309993 -13.626077 -99.117690
-2.339663 -13.630769 -99.166164
-2.339663 -13.630769 -99.166164
-2.339663 -13.630769 -99.166164
-2.339663 -13.630769 -99.166164
-2.339663 -13.630769 -99.166164
-2.339663 -13.630769 -99.166164
-2.339663 -13.630769 -99.166164
-2.339663 -13.630769 -99.166164
-2.377276 -13.626617 -99.282769
-2.377276 -13.626617 -99.282769
-2.377276 -13.626617 -99.282769
-2.377276 -13.626617 -99.282769
-2.377276 -13.626617 -99.282769
-2.377276 -13.626617 -99.282769
-2.377276 -13.626617 -99.282769
-2.377276 -13.626617 -99.282769
-2.373972 -13.623635 -99.308526
-2.373972 -13.623635 -99.308526
-2.373972 -13.623635 -99.308526
-2.373972 -13.623635 -99.308526
-2.373972 -13.623635 -99.308526
-2.373972 -13.623635 -99.308526
-2.373972 -13.623635 -99.308526
-2.373972 -13.623635 -99.308526
-2.378803 -13.626717 -99.366412
-2.378803 -13.626717 -99.366412
-2.378803 -13.626717 -99.366412
-2.378803 -13.626717 -99.366412
-2.378803 -13.626717 -99.366412
-2.378803 -13.626717 -99.366412
-2.378803 -13.626717 -99.366412
-2.360473 -13.630416 -99.356371
-2.360473 -13.630416 -99.356371
-2.360473 -13.630416 -99.356371
-2.360473 -13.630416 -99.356371
-2.360473 -13.630416 -99.356371
-2.360473 -13.630416 -99.356371
-2.360473 -13.630416 -99.356371
-2.360473 -13.630416 -99.356371
-2.360473 -13.630416 -99.356371
-2.349211 -13.634445 -99.283766
-2.349211 -13.634445 -99.283766
-2.349211 -13.634445 -99.283766
-2.349211 -13.634445 -99.283766
-2.349211 -13.634445 -99.283766
-2.349211 -13.634445 -99.283766
-2.349211 -13.634445 -99.283766
-2.349211 -13.634445 -99.283766
-2.351729 -13.614293 -99.315356
-2.351729 -13.614293 -99.315356
-2.351729 -13.614293 -99.315356
-2.351729 -13.614293 -99.315356
-2.351729 -13.614293 -99.315356
-2.351729 -13.614293 -99.315356
-2.351729 -13.614293 -99.315356
-2.355466 -13.624499 -99.309093
-2.355466 -13.624499 -99.309093
-2.355466 -13.624499 -99.309093
-2.355466 -13.624499 -99.309093
-2.355466 -13.624499 -99.309093
-2.355466 -13.624499 -99.309093
-2.355466 -13.624499 -99.309093
-2.355466 -13.624499 -99.309093
-2.376561 -13.696350 -99.309953
-2.376561 -13.696350 -99.309953
-2.376561 -13.696350 -99.309953
-2.376561 -13.696350 -99.309953
-2.376561 -13.696350 -99.309953
-2.376561 -13.696350 -99.309953
-2.376561 -13.696350 -99.309953
-2.376561 -13.696350 -99.309953
-2.392836 -13.726699 -99.287714
-2.392836 -13.726699 -99.287714
-2.392836 -13.726699 -99.287714
-2.392836 -13.726699 -99.287714
-2.392836 -13.726699 -99.287714
-2.392836 -13.726699 -99.287714
-2.392836 -13.726699 -99.287714
-2.392836 -13.726699 -99.287714
-2.389499 -13.698611 -99.277032
-2.389499 -13.698611 -99.277032
-2.389499 -13.698611 -99.277032
-2.389499 -13.698611 -99.277032
-2.389499 -13.698611 -99.277032
-2.389499 -13.698611 -99.277032
-2.389499 -13.698611 -99.277032
-2.389499 -13.698611 -99.277032
-2.371327 -13.677174 -99.246815
-2.371327 -13.677174 -99.246815
-2.371327 -13.677174 -99.246815
-2.371327 -13.677174 -99.246815
-2.371327 -13.677174 -99.246815
-2.371327 -13.677174 -99.246815
-2.371327 -13.677174 -99.246815
-2.371327 -13.677174 -99.246815
-2.364033 -13.682162 -99.176710
-2.364033 -13.682162 -99.176710
-2.364033 -13.682162 -99.176710
-2.364033 -13.682162 -99.176710
-2.364033 -13.682162 -99.176710
-2.364033 -13.682162 -99.176710
-2.364033 -13.682162 -99.176710
-2.325025 -13.687499 -99.010053
-2.325025 -13.687499 -99.010053
-2.325025 -13.687499 -99.010053
-2.325025 -13.687499 -99.010053
-2.325025 -13.687499 -99.010053
-2.325025 -13.687499 -99.010053
-2.325025 -13.687499 -99.010053
-2.325025 -13.687499 -99.010053
-2.360853 -13.681175 -99.097063
-2.360853 -13.681175 -99.097063
-2.360853 -13.681175 -99.097063
-2.360853 -13.681175 -99.097063
-2.360853 -13.681175 -99.097063
-2.360853 -13.681175 -99.097063
