0.444758 -10.324083 -118.866397
0.441381 -10.553111 -118.211751
0.441381 -10.553111 -118.211751
0.441381 -10.553111 -118.211751
0.441381 -10.553111 -118.211751
0.441381 -10.553111 -118.211751
0.429429 -10.698838 -117.597198
0.429429 -10.698838 -117.597198
0.429429 -10.698838 -117.597198
0.429429 -10.698838 -117.597198
0.429429 -10.698838 -117.597198
0.399233 -10.784236 -117.150667
0.399233 -10.784236 -117.150667
0.399233 -10.784236 -117.150667
0.399233 -10.784236 -117.150667
0.399233 -10.784236 -117.150667
0.354795 -10.849996 -116.817108
0.354795 -10.849996 -116.817108
0.354795 -10.849996 -116.817108
0.354795 -10.849996 -116.817108
0.354795 -10.849996 -116.817108
