-0.430316 0.631804 -37.608722
-0.430316 0.631804 -37.608722
1.038925 -1.414596 -29.191132
1.038925 -1.414596 -29.191132
1.038925 -1.414596 -29.191132
1.038925 -1.414596 -29.191132
1.038925 -1.414596 -29.191132
1.038925 -1.414596 -29.191132
1.038925 -1.414596 -29.191132
1.038925 -1.414596 -29.191132
-1.028580 -0.128857 -16.899913
-1.028580 -0.128857 -16.899913
-1.028580 -0.128857 -16.899913
-1.028580 -0.128857 -16.899913
-1.028580 -0.128857 -16.899913
-1.028580 -0.128857 -16.899913
-1.028580 -0.128857 -16.899913
-1.028580 -0.128857 -16.899913
-3.055000 0.216006 -5.393239
-3.055000 0.216006 -5.393239
-3.055000 0.216006 -5.393239
-3.055000 0.216006 -5.393239
-3.055000 0.216006 -5.393239
-3.055000 0.216006 -5.393239
-3.055000 0.216006 -5.393239
-3.055000 0.216006 -5.393239
-4.016909 0.305537 3.139972
-4.016909 0.305537 3.139972
-4.016909 0.305537 3.139972
-4.016909 0.305537 3.139972
-4.016909 0.305537 3.139972
-4.016909 0.305537 3.139972
-4.016909 0.305537 3.139972
-4.589878 0.442852 9.219102
-4.589878 0.442852 9.219102
-4.589878 0.442852 9.219102
-4.589878 0.442852 9.219102
-4.589878 0.442852 9.219102
-4.589878 0.442852 9.219102
-4.589878 0.442852 9.219102
-4.589878 0.442852 9.219102
-10.601469 -22.528886 9.381221
-10.601469 -22.528886 9.381221
-10.601469 -22.528886 9.381221
-10.601469 -22.528886 9.381221
-10.601469 -22.528886 9.381221
-10.601469 -22.528886 9.381221
-10.601469 -22.528886 9.381221
-10.601469 -22.528886 9.381221
-13.346202 -41.464385 3.707871
-13.346202 -41.464385 3.707871
-13.346202 -41.464385 3.707871
-13.346202 -41.464385 3.707871
-13.346202 -41.464385 3.707871
-13.346202 -41.464385 3.707871
-13.346202 -41.464385 3.707871
-13.346202 -41.464385 3.707871
-10.449171 -3.530408 -7.091259
-10.449171 -3.530408 -7.091259
-10.449171 -3.530408 -7.091259
-10.449171 -3.530408 -7.091259
-10.449171 -3.530408 -7.091259
-10.449171 -3.530408 -7.091259
-10.449171 -3.530408 -7.091259
-10.449171 -3.530408 -7.091259
-9.847973 -0.706109 3.033182
-9.847973 -0.706109 3.033182
-9.847973 -0.706109 3.033182
-9.847973 -0.706109 3.033182
-9.847973 -0.706109 3.033182
-9.847973 -0.706109 3.033182
-9.847973 -0.706109 3.033182
-9.847973 -0.706109 3.033182
-7.144876 -0.423143 5.896389
-7.144876 -0.423143 5.896389
-7.144876 -0.423143 5.896389
-7.144876 -0.423143 5.896389
-7.144876 -0.423143 5.896389
-7.144876 -0.423143 5.896389
-7.144876 -0.423143 5.896389
-7.144876 -0.423143 5.896389
-6.008533 0.374996 6.326078
-6.008533 0.374996 6.326078
-6.008533 0.374996 6.326078
-6.008533 0.374996 6.326078
-6.008533 0.374996 6.326078
-6.008533 0.374996 6.326078
-6.008533 0.374996 6.326078
-42.629314 3.483531 -4.952615
-42.629314 3.483531 -4.952615
-42.629314 3.483531 -4.952615
-42.629314 3.483531 -4.952615
-42.629314 3.483531 -4.952615
-42.629314 3.483531 -4.952615
-42.629314 3.483531 -4.952615
-42.629314 3.483531 -4.952615
-33.657642 8.718736 -12.684058
-33.657642 8.718736 -12.684058
-33.657642 8.718736 -12.684058
-33.657642 8.718736 -12.684058
-33.657642 8.718736 -12.684058
-33.657642 8.718736 -12.684058
-33.657642 8.718736 -12.684058
-33.657642 8.718736 -12.684058
-8.183776 -0.398130 0.244251
-8.183776 -0.398130 0.244251
-8.183776 -0.398130 0.244251
-8.183776 -0.398130 0.244251
-8.183776 -0.398130 0.244251
-8.183776 -0.398130 0.244251
-8.183776 -0.398130 0.244251
-8.183776 -0.398130 0.244251
-7.514462 -3.323008 11.111462
-7.514462 -3.323008 11.111462
-7.514462 -3.323008 11.111462
-7.514462 -3.323008 11.111462
-7.514462 -3.323008 11.111462
-7.514462 -3.323008 11.111462
-7.514462 -3.323008 11.111462
-7.514462 -3.323008 11.111462
-6.005746 -3.119182 17.952485
-6.005746 -3.119182 17.952485
-6.005746 -3.119182 17.952485
-6.005746 -3.119182 17.952485
-6.005746 -3.119182 17.952485
-6.005746 -3.119182 17.952485
-6.005746 -3.119182 17.952485
-4.676959 -1.931169 21.282449
-4.676959 -1.931169 21.282449
-4.676959 -1.931169 21.282449
-4.676959 -1.931169 21.282449
-4.676959 -1.931169 21.282449
-4.676959 -1.931169 21.282449
-4.676959 -1.931169 21.282449
-4.676959 -1.931169 21.282449
32.161677 -3.467926 22.428671
32.161677 -3.467926 22.428671
32.161677 -3.467926 22.428671
32.161677 -3.467926 22.428671
32.161677 -3.467926 22.428671
32.161677 -3.467926 22.428671
32.161677 -3.467926 22.428671
32.161677 -3.467926 22.428671
33.357626 -10.270340 19.718128
33.357626 -10.270340 19.718128
33.357626 -10.270340 19.718128
33.357626 -10.270340 19.718128
33.357626 -10.270340 19.718128
33.357626 -10.270340 19.718128
33.357626 -10.270340 19.718128
33.357626 -10.270340 19.718128
5.715356 -1.226194 23.265774
5.715356 -1.226194 23.265774
5.715356 -1.226194 23.265774
5.715356 -1.226194 23.265774
5.715356 -1.226194 23.265774
5.715356 -1.226194 23.265774
5.715356 -1.226194 23.265774
5.715356 -1.226194 23.265774
-0.778261 -0.320314 31.877128
-0.778261 -0.320314 31.877128
-0.778261 -0.320314 31.877128
-0.778261 -0.320314 31.877128
-0.778261 -0.320314 31.877128
-0.778261 -0.320314 31.877128
-0.778261 -0.320314 31.877128
-0.778261 -0.320314 31.877128
6.541305 4.249936 20.626896
6.541305 4.249936 20.626896
6.541305 4.249936 20.626896
6.541305 4.249936 20.626896
6.541305 4.249936 20.626896
6.541305 4.249936 20.626896
6.541305 4.249936 20.626896
6.541305 4.249936 20.626896
-0.062128 5.935660 20.395712
-0.062128 5.935660 20.395712
-0.062128 5.935660 20.395712
-0.062128 5.935660 20.395712
-0.062128 5.935660 20.395712
-0.062128 5.935660 20.395712
-0.062128 5.935660 20.395712
-0.062128 5.935660 20.395712
-4.003109 0.465362 11.101909
-4.003109 0.465362 11.101909
-4.003109 0.465362 11.101909
-4.003109 0.465362 11.101909
-4.003109 0.465362 11.101909
-4.003109 0.465362 11.101909
-4.003109 0.465362 11.101909
4.606342 13.275227 2.517505
4.606342 13.275227 2.517505
4.606342 13.275227 2.517505
4.606342 13.275227 2.517505
4.606342 13.275227 2.517505
4.606342 13.275227 2.517505
4.606342 13.275227 2.517505
4.606342 13.275227 2.517505
-0.722058 -5.052106 -15.462254
-0.722058 -5.052106 -15.462254
-0.722058 -5.052106 -15.462254
-0.722058 -5.052106 -15.462254
-0.722058 -5.052106 -15.462254
-0.722058 -5.052106 -15.462254
-0.722058 -5.052106 -15.462254
-0.722058 -5.052106 -15.462254
-4.256506 -13.660591 -34.621590
-4.256506 -13.660591 -34.621590
-4.256506 -13.660591 -34.621590
-4.256506 -13.660591 -34.621590
-4.256506 -13.660591 -34.621590
-4.256506 -13.660591 -34.621590
-4.256506 -13.660591 -34.621590
-4.256506 -13.660591 -34.621590
-6.597862 -12.512689 -48.686306
-6.597862 -12.512689 -48.686306
-6.597862 -12.512689 -48.686306
-6.597862 -12.512689 -48.686306
-6.597862 -12.512689 -48.686306
-6.597862 -12.512689 -48.686306
-6.597862 -12.512689 -48.686306
-6.597862 -12.512689 -48.686306
-7.181135 -11.721508 -60.056733
-7.181135 -11.721508 -60.056733
-7.181135 -11.721508 -60.056733
-7.181135 -11.721508 -60.056733
-7.181135 -11.721508 -60.056733
-7.181135 -11.721508 -60.056733
-7.181135 -11.721508 -60.056733
-7.181135 -11.721508 -60.056733
-7.084367 -11.467915 -69.353645
-7.084367 -11.467915 -69.353645
-7.084367 -11.467915 -69.353645
-7.084367 -11.467915 -69.353645
-7.084367 -11.467915 -69.353645
-7.084367 -11.467915 -69.353645
-7.084367 -11.467915 -69.353645
-7.084367 -11.467915 -69.353645
-6.672257 -11.561137 -76.886552
-6.672257 -11.561137 -76.886552
-6.672257 -11.561137 -76.886552
-6.672257 -11.561137 -76.886552
-6.672257 -11.561137 -76.886552
-6.672257 -11.561137 -76.886552
-6.672257 -11.561137 -76.886552
-6.143453 -11.764326 -83.056193
-6.143453 -11.764326 -83.056193
-6.143453 -11.764326 -83.056193
-6.143453 -11.764326 -83.056193
-6.143453 -11.764326 -83.056193
-6.143453 -11.764326 -83.056193
-6.143453 -11.764326 -83.056193
-6.143453 -11.764326 -83.056193
-5.577200 -12.058694 -87.846526
-5.577200 -12.058694 -87.846526
-5.577200 -12.058694 -87.846526
-5.577200 -12.058694 -87.846526
-5.577200 -12.058694 -87.846526
-5.577200 -12.058694 -87.846526
-5.577200 -12.058694 -87.846526
-5.577200 -12.058694 -87.846526
-5.002665 -12.390523 -91.365713
-5.002665 -12.390523 -91.365713
-5.002665 -12.390523 -91.365713
-5.002665 -12.390523 -91.365713
-5.002665 -12.390523 -91.365713
-5.002665 -12.390523 -91.365713
-5.002665 -12.390523 -91.365713
-5.002665 -12.390523 -91.365713
