0.002488 -0.002331
0.004603 -0.005035
0.005416 -0.016595
0.008544 -0.017914
0.005830 -0.018517
0.012152 -0.020773
-0.001880 -0.022606
-0.002407 -0.022937
-0.000945 -0.024948
-0.002711 -0.025195
-0.001870 -0.028153
-0.011552 -0.036301
-0.010193 -0.041022
-0.011025 -0.042218
-0.008684 -0.045904
-0.009273 -0.044169
-0.011159 -0.046901
-0.008176 -0.049591
-0.009513 -0.050737
-0.006271 -0.051605
-0.004906 -0.047993
-0.012261 -0.046336
-0.013788 -0.042318
-0.009881 -0.041452
-0.009569 -0.040656
-0.009725 -0.039632
-0.003286 -0.044529
-0.005308 -0.045954
-0.007919 -0.043027
-0.009610 -0.040938
-0.013192 -0.040540
-0.015936 -0.040421
-0.013251 -0.039879
-0.000663 -0.043936
-0.001425 -0.042261
-0.001015 -0.042150
-0.000568 -0.041805
-0.003374 -0.041114
-0.000374 -0.042199
0.003912 -0.045387
0.008549 -0.045871
0.009755 -0.046417
0.009699 -0.046767
0.010375 -0.046782
0.010197 -0.046097
0.011003 -0.046928
0.096746 0.048427
0.187261 0.142437
0.272473 0.238752
0.350901 0.343931
0.438247 0.441448
0.424415 0.882754
0.414881 1.332617
0.396045 1.800084
0.381160 2.268989
0.278689 2.877370
0.330942 3.319848
0.129156 3.909169
0.050134 4.378935
-0.031653 4.991668
-0.091031 5.275949
-0.035282 5.441233
0.044178 5.639367
0.077468 5.777883
0.213709 5.856842
0.269642 6.014059
0.287482 6.159691
0.274975 6.245513
0.337673 6.327527
0.428464 6.451263
0.515961 6.606897
0.512636 6.639490
0.503775 6.662534
0.493605 6.715165
0.566420 6.843872
0.612997 6.948917
0.581665 7.000557
0.600699 7.116875
0.717291 7.370678
0.807342 7.620294
0.948853 7.920780
1.043131 8.191142
1.023763 8.715445
1.194373 9.144166
1.439474 9.449296
1.594100 9.706321
1.827862 10.122002
1.882207 10.292563
2.111499 10.631475
2.214957 10.766985
2.202307 10.906454
2.198100 10.898974
2.195847 10.876007
2.165459 10.766986
2.154655 10.678173
2.135167 10.595679
2.221493 10.611979
2.244646 10.593880
2.214147 10.517971
2.216450 10.477398
2.211679 10.467476
2.198452 10.466302
2.233410 10.535263
2.249593 10.545657
2.228054 10.500269
2.191297 10.403919
2.175271 10.331935
2.193312 10.386758
2.198760 10.415071
2.186083 10.323265
2.325268 10.249664
2.392590 10.191498
2.414756 10.228489
2.420683 10.198612
2.441037 9.984418
2.415742 9.915895
2.448172 9.999873
2.447651 10.010698
2.429849 9.982008
2.427634 9.938383
2.441464 9.895676
2.422559 9.828042
2.389495 9.760496
2.366157 9.730884
2.329855 9.718403
2.194514 9.730566
2.177185 9.749343
2.184934 9.753605
2.184417 9.688374
2.172430 9.632055
2.170610 9.591600
2.160734 9.518964
2.158255 9.464861
2.144759 9.373471
2.141441 9.272524
2.112545 9.251773
2.142138 9.301949
2.317079 9.402941
2.337705 9.501542
2.390033 9.678767
2.456484 9.925101
2.620782 10.439225
2.713987 10.755347
3.099174 11.201395
3.369420 11.571841
3.634953 11.925494
3.928312 12.464179
4.166052 12.785795
4.501228 13.173733
4.792918 13.717246
4.708343 13.954934
4.799744 14.202241
4.901388 14.408695
4.793434 14.395596
4.684509 14.276706
4.669589 14.161686
4.562898 13.964475
4.514652 13.798319
4.508820 13.709700
4.442632 13.505701
4.414877 13.450817
4.430785 13.441723
4.434555 13.429841
4.401161 13.337187
4.396487 13.331840
4.406277 13.320749
4.388082 13.279933
4.376449 13.236067
4.376839 13.209666
4.371134 13.182450
4.357787 13.142285
4.373204 13.202580
4.370097 13.232227
4.293186 13.112512
4.256630 13.062258
4.284201 13.149523
4.271163 13.081902
4.227710 12.915170
4.214859 12.818834
4.213849 12.750751
4.161164 12.540486
4.163343 12.528970
4.161905 12.547820
4.163920 12.554013
4.183350 12.535254
4.173953 12.521975
4.203408 12.625854
4.201233 12.670378
4.193523 12.679819
4.237984 12.725117
4.265780 12.824730
4.249159 12.851920
4.230736 12.810269
4.215249 12.765374
4.214514 12.744648
4.195167 12.681188
4.191423 12.634645
4.179105 12.610900
4.160577 12.564883
4.137698 12.519123
4.125737 12.509313
4.146580 12.539195
4.256771 12.551855
4.262521 12.588629
4.283943 12.616914
4.292454 12.613238
4.297421 12.640547
4.292804 12.599900
4.272199 12.522759
4.294892 12.535851
4.302825 12.512894
4.299384 12.479672
4.278919 12.419359
4.297371 12.381650
4.276594 12.362980
4.268485 12.312728
4.263302 12.294568
4.265125 12.295252
4.254199 12.304223
4.278571 12.350178
4.285828 12.380411
4.273117 12.386053
4.273692 12.390806
4.251944 12.324986
4.227062 12.284178
4.248762 12.323733
4.290171 12.413078
4.298616 12.431370
4.316452 12.455923
4.327331 12.440999
4.352653 12.475101
4.330487 12.390705
4.297173 12.294317
4.271272 12.212146
4.199457 12.114547
4.203541 12.054382
4.152881 11.920319
4.091374 11.808785
4.012656 11.630657
3.779815 10.479003
3.713968 9.226603
3.120270 7.857967
2.487045 6.627498
1.736134 5.306881
1.832957 5.029046
1.902274 4.481009
2.207567 4.242986
2.695585 3.309061
2.853283 3.286285
2.872845 3.267103
2.921225 3.215520
2.952099 3.189890
2.961004 3.159864
2.946854 3.150534
2.943854 3.146863
2.946406 3.142552
2.958217 3.142190
2.962582 3.143350
2.965645 3.143504
2.971655 3.145719
2.968324 3.136223
2.964728 3.131558
2.966670 3.122516
2.973394 3.113693
2.979635 3.107362
2.974762 3.104340
2.986140 3.098506
2.983596 3.093747
