-2.150963 -12.905681 -99.536395
-2.150963 -12.905681 -99.536395
-2.204983 -13.215707 -99.433812
-2.204983 -13.215707 -99.433812
-2.204983 -13.215707 -99.433812
-2.204983 -13.215707 -99.433812
-2.204983 -13.215707 -99.433812
-2.204983 -13.215707 -99.433812
-2.204983 -13.215707 -99.433812
-2.204983 -13.215707 -99.433812
-2.203020 -13.389266 -99.209973
-2.203020 -13.389266 -99.209973
-2.203020 -13.389266 -99.209973
-2.203020 -13.389266 -99.209973
-2.203020 -13.389266 -99.209973
-2.203020 -13.389266 -99.209973
-2.203020 -13.389266 -99.209973
-2.203020 -13.389266 -99.209973
-2.267425 -13.480066 -99.232554
-2.267425 -13.480066 -99.232554
-2.267425 -13.480066 -99.232554
-2.267425 -13.480066 -99.232554
-2.267425 -13.480066 -99.232554
-2.267425 -13.480066 -99.232554
-2.267425 -13.480066 -99.232554
-2.267425 -13.480066 -99.232554
-2.322806 -13.549867 -99.338900
-2.322806 -13.549867 -99.338900
-2.322806 -13.549867 -99.338900
-2.322806 -13.549867 -99.338900
-2.322806 -13.549867 -99.338900
-2.322806 -13.549867 -99.338900
-2.322806 -13.549867 -99.338900
-2.322806 -13.549867 -99.338900
-2.343655 -13.616202 -99.345088
-2.343655 -13.616202 -99.345088
-2.343655 -13.616202 -99.345088
-2.343655 -13.616202 -99.345088
-2.343655 -13.616202 -99.345088
-2.343655 -13.616202 -99.345088
-2.343655 -13.616202 -99.345088
-2.351458 -13.656925 -99.331038
-2.351458 -13.656925 -99.331038
-2.351458 -13.656925 -99.331038
-2.351458 -13.656925 -99.331038
-2.351458 -13.656925 -99.331038
-2.351458 -13.656925 -99.331038
-2.351458 -13.656925 -99.331038
-2.351458 -13.656925 -99.331038
-2.363690 -13.676608 -99.339801
-2.363690 -13.676608 -99.339801
-2.363690 -13.676608 -99.339801
-2.363690 -13.676608 -99.339801
-2.363690 -13.676608 -99.339801
-2.363690 -13.676608 -99.339801
-2.363690 -13.676608 -99.339801
-2.363690 -13.676608 -99.339801
-2.372280 -13.683375 -99.369943
-2.372280 -13.683375 -99.369943
-2.372280 -13.683375 -99.369943
-2.372280 -13.683375 -99.369943
-2.372280 -13.683375 -99.369943
-2.372280 -13.683375 -99.369943
