-2.057301 -13.154020 -15.216176
-2.014599 -13.475644 -17.074662
-2.014599 -13.475644 -17.074662
-2.014599 -13.475644 -17.074662
-2.014599 -13.475644 -17.074662
-2.014599 -13.475644 -17.074662
-1.907731 -13.664459 -18.590858
-1.907731 -13.664459 -18.590858
-1.907731 -13.664459 -18.590858
-1.907731 -13.664459 -18.590858
-1.775165 -13.787259 -19.785021
-1.775165 -13.787259 -19.785021
-1.775165 -13.787259 -19.785021
-1.775165 -13.787259 -19.785021
-1.775165 -13.787259 -19.785021
-1.623050 -13.884863 -20.702816
-1.623050 -13.884863 -20.702816
-1.623050 -13.884863 -20.702816
-1.623050 -13.884863 -20.702816
-1.623050 -13.884863 -20.702816
-1.444238 -13.976479 -21.324747
-1.444238 -13.976479 -21.324747
-1.444238 -13.976479 -21.324747
-1.444238 -13.976479 -21.324747
-1.444238 -13.976479 -21.324747
-1.444238 -13.976479 -21.324747
-1.311776 -14.039909 -21.830663
-1.311776 -14.039909 -21.830663
-1.311776 -14.039909 -21.830663
-1.311776 -14.039909 -21.830663
-1.311776 -14.039909 -21.830663
-1.196487 -14.079725 -22.165185
-1.196487 -14.079725 -22.165185
-1.196487 -14.079725 -22.165185
-1.196487 -14.079725 -22.165185
-1.196487 -14.079725 -22.165185
-1.095131 -14.104518 -22.350556
-1.095131 -14.104518 -22.350556
-1.095131 -14.104518 -22.350556
-1.095131 -14.104518 -22.350556
-1.095131 -14.104518 -22.350556
-1.003464 -14.112040 -22.406565
-1.003464 -14.112040 -22.406565
-1.003464 -14.112040 -22.406565
-1.003464 -14.112040 -22.406565
-1.003464 -14.112040 -22.406565
-1.700240 -14.931478 -22.558703
-1.700240 -14.931478 -22.558703
-1.700240 -14.931478 -22.558703
-1.700240 -14.931478 -22.558703
-1.700240 -14.931478 -22.558703
-3.300413 -18.404927 -22.608602
-3.300413 -18.404927 -22.608602
-3.300413 -18.404927 -22.608602
-3.300413 -18.404927 -22.608602
-3.300413 -18.404927 -22.608602
-3.285864 -28.760827 -21.722896
-3.285864 -28.760827 -21.722896
-3.285864 -28.760827 -21.722896
-3.285864 -28.760827 -21.722896
-2.842562 -31.259030 -20.709222
-2.842562 -31.259030 -20.709222
-2.842562 -31.259030 -20.709222
-2.842562 -31.259030 -20.709222
-2.842562 -31.259030 -20.709222
-2.578080 -32.127427 -19.620273
-2.578080 -32.127427 -19.620273
-2.578080 -32.127427 -19.620273
-2.578080 -32.127427 -19.620273
-2.578080 -32.127427 -19.620273
-2.578080 -32.127427 -19.620273
-2.530375 -32.366569 -19.055982
-2.530375 -32.366569 -19.055982
-2.530375 -32.366569 -19.055982
-2.530375 -32.366569 -19.055982
-2.530375 -32.366569 -19.055982
-2.577773 -33.569905 -18.511551
-2.577773 -33.569905 -18.511551
-2.577773 -33.569905 -18.511551
-2.577773 -33.569905 -18.511551
-2.577773 -33.569905 -18.511551
-2.577773 -33.569905 -18.511551
-2.671149 -37.136083 -17.839401
-2.671149 -37.136083 -17.839401
-2.671149 -37.136083 -17.839401
-2.671149 -37.136083 -17.839401
-2.671149 -37.136083 -17.839401
-2.687717 -38.950622 -17.288015
-2.687717 -38.950622 -17.288015
-2.687717 -38.950622 -17.288015
-2.687717 -38.950622 -17.288015
-2.687717 -38.950622 -17.288015
-2.687717 -38.950622 -17.288015
-2.701296 -38.750822 -17.009090
-2.701296 -38.750822 -17.009090
-2.701296 -38.750822 -17.009090
-2.701296 -38.750822 -17.009090
-2.701296 -38.750822 -17.009090
-2.707769 -38.509023 -16.695754
-2.707769 -38.509023 -16.695754
-2.707769 -38.509023 -16.695754
-2.707769 -38.509023 -16.695754
-2.707769 -38.509023 -16.695754
-2.707769 -38.509023 -16.695754
-2.778060 -38.125870 -16.478723
-2.778060 -38.125870 -16.478723
-2.778060 -38.125870 -16.478723
-2.778060 -38.125870 -16.478723
-2.778060 -38.125870 -16.478723
-2.901383 -37.984379 -16.524801
-2.901383 -37.984379 -16.524801
-2.901383 -37.984379 -16.524801
-2.901383 -37.984379 -16.524801
-2.901383 -37.984379 -16.524801
-3.016605 -37.799701 -16.450029
-3.016605 -37.799701 -16.450029
-3.016605 -37.799701 -16.450029
-3.016605 -37.799701 -16.450029
-3.016605 -37.799701 -16.450029
-3.054121 -37.492025 -16.277951
-3.054121 -37.492025 -16.277951
-3.054121 -37.492025 -16.277951
-3.054121 -37.492025 -16.277951
-3.054121 -37.492025 -16.277951
-3.054121 -37.492025 -16.277951
-3.146863 -37.408806 -15.973004
-3.146863 -37.408806 -15.973004
-3.146863 -37.408806 -15.973004
-3.146863 -37.408806 -15.973004
-3.146863 -37.408806 -15.973004
-3.216500 -37.147128 -15.957566
-3.216500 -37.147128 -15.957566
-3.216500 -37.147128 -15.957566
-3.216500 -37.147128 -15.957566
-3.216500 -37.147128 -15.957566
-3.222308 -37.399654 -16.000879
-3.222308 -37.399654 -16.000879
-3.222308 -37.399654 -16.000879
-3.222308 -37.399654 -16.000879
-3.222308 -37.399654 -16.000879
-3.355237 -39.899295 -16.035940
-3.355237 -39.899295 -16.035940
-3.355237 -39.899295 -16.035940
-3.355237 -39.899295 -16.035940
-3.355237 -39.899295 -16.035940
-3.415037 -43.007031 -15.771902
-3.415037 -43.007031 -15.771902
-3.415037 -43.007031 -15.771902
-3.415037 -43.007031 -15.771902
-3.415037 -43.007031 -15.771902
-3.411184 -43.776714 -15.418203
-3.411184 -43.776714 -15.418203
-3.411184 -43.776714 -15.418203
-3.411184 -43.776714 -15.418203
-3.411184 -43.776714 -15.418203
-3.331185 -43.189540 -15.339468
-3.331185 -43.189540 -15.339468
-3.331185 -43.189540 -15.339468
-3.331185 -43.189540 -15.339468
-3.331185 -43.189540 -15.339468
-3.328935 -42.987001 -15.347923
-3.328935 -42.987001 -15.347923
-3.328935 -42.987001 -15.347923
-3.328935 -42.987001 -15.347923
-3.328935 -42.987001 -15.347923
-3.380973 -42.801018 -15.425209
-3.380973 -42.801018 -15.425209
-3.380973 -42.801018 -15.425209
-3.380973 -42.801018 -15.425209
-3.380973 -42.801018 -15.425209
-3.380973 -42.801018 -15.425209
-3.417841 -42.512201 -15.491859
-3.417841 -42.512201 -15.491859
-3.417841 -42.512201 -15.491859
-3.417841 -42.512201 -15.491859
-3.417841 -42.512201 -15.491859
-3.381100 -42.243655 -15.501743
-3.381100 -42.243655 -15.501743
-3.381100 -42.243655 -15.501743
-3.381100 -42.243655 -15.501743
-3.381100 -42.243655 -15.501743
-3.401044 -42.115373 -15.554361
-3.401044 -42.115373 -15.554361
-3.401044 -42.115373 -15.554361
-3.401044 -42.115373 -15.554361
-3.401044 -42.115373 -15.554361
-3.393904 -42.250048 -15.609890
-3.393904 -42.250048 -15.609890
-3.393904 -42.250048 -15.609890
-3.393904 -42.250048 -15.609890
-3.393904 -42.250048 -15.609890
-3.393904 -42.250048 -15.609890
-3.412796 -42.048465 -15.663439
-3.412796 -42.048465 -15.663439
-3.412796 -42.048465 -15.663439
-3.412796 -42.048465 -15.663439
-3.412796 -42.048465 -15.663439
-3.384265 -41.758032 -15.678795
-3.384265 -41.758032 -15.678795
-3.384265 -41.758032 -15.678795
-3.384265 -41.758032 -15.678795
-3.384265 -41.758032 -15.678795
-3.384221 -41.761371 -15.784463
-3.384221 -41.761371 -15.784463
-3.384221 -41.761371 -15.784463
-3.384221 -41.761371 -15.784463
-3.384221 -41.761371 -15.784463
-3.345199 -41.656180 -15.766602
-3.345199 -41.656180 -15.766602
-3.345199 -41.656180 -15.766602
-3.345199 -41.656180 -15.766602
-3.345199 -41.656180 -15.766602
-3.315749 -41.557439 -15.736437
-3.315749 -41.557439 -15.736437
-3.315749 -41.557439 -15.736437
-3.315749 -41.557439 -15.736437
-3.315749 -41.557439 -15.736437
-3.315749 -41.557439 -15.736437
-3.275729 -41.591518 -15.672205
-3.275729 -41.591518 -15.672205
-3.275729 -41.591518 -15.672205
-3.275729 -41.591518 -15.672205
-3.275729 -41.591518 -15.672205
-3.315143 -41.586812 -15.687859
-3.315143 -41.586812 -15.687859
-3.315143 -41.586812 -15.687859
-3.315143 -41.586812 -15.687859
-3.315143 -41.586812 -15.687859
-3.315143 -41.586812 -15.687859
-3.352373 -41.493580 -15.723627
-3.352373 -41.493580 -15.723627
-3.352373 -41.493580 -15.723627
-3.352373 -41.493580 -15.723627
-3.352373 -41.493580 -15.723627
-3.340229 -40.916791 -15.690164
-3.340229 -40.916791 -15.690164
-3.340229 -40.916791 -15.690164
-3.340229 -40.916791 -15.690164
-3.340229 -40.916791 -15.690164
-3.207974 -33.319920 -15.770811
-3.207974 -33.319920 -15.770811
-3.207974 -33.319920 -15.770811
-3.207974 -33.319920 -15.770811
-3.207974 -33.319920 -15.770811
-2.034956 -16.295819 -16.014256
-2.034956 -16.295819 -16.014256
-2.034956 -16.295819 -16.014256
-2.034956 -16.295819 -16.014256
-2.034956 -16.295819 -16.014256
-2.020259 -15.652707 -16.877218
-2.020259 -15.652707 -16.877218
-2.020259 -15.652707 -16.877218
-2.020259 -15.652707 -16.877218
-2.020259 -15.652707 -16.877218
-2.115278 -15.475330 -17.525791
-2.115278 -15.475330 -17.525791
-2.115278 -15.475330 -17.525791
-2.115278 -15.475330 -17.525791
-2.115278 -15.475330 -17.525791
-2.115278 -15.475330 -17.525791
-2.148488 -15.367506 -18.130358
-2.148488 -15.367506 -18.130358
-2.148488 -15.367506 -18.130358
-2.148488 -15.367506 -18.130358
-2.114891 -15.318822 -18.487688
-2.114891 -15.318822 -18.487688
-2.114891 -15.318822 -18.487688
-2.114891 -15.318822 -18.487688
