-0.000024 0.000035
0.000006 -0.000045
0.000012 0.000064
0.000022 0.000051
0.000028 0.000071
0.000026 0.000091
0.000055 0.000099
0.000168 0.000331
0.000167 0.000308
0.000187 0.000308
0.000168 0.000309
0.000175 0.000320
0.000377 0.000334
0.000371 0.000320
0.000359 0.000346
0.000341 0.000362
0.000351 0.000358
0.000355 0.000352
0.000570 0.000356
0.000553 0.000360
0.000574 0.000364
0.000575 0.000359
0.000587 0.000358
0.000821 0.000303
0.000828 0.000316
0.000835 0.000305
0.000820 0.000313
0.000829 0.000314
0.000841 0.000325
0.001000 0.000264
0.000984 0.000265
0.000980 0.000254
0.001011 0.000262
0.001041 0.000262
0.001001 0.000263
0.001105 0.000128
0.001107 0.000130
0.001096 0.000128
0.001119 0.000136
0.001097 0.000115
0.001074 0.000129
0.001251 0.000058
0.001237 0.000046
0.001242 0.000050
0.001229 0.000057
0.001220 0.000076
0.001243 0.000070
0.001336 0.000042
0.001294 0.000034
0.001307 0.000036
0.001319 0.000018
0.001316 0.000023
0.001308 0.000038
0.001337 0.000049
0.001342 0.000035
0.001359 0.000045
0.001347 0.000048
0.001347 0.000043
0.001318 0.000048
0.001325 0.000034
0.001324 0.000030
0.001323 0.000030
0.001328 0.000040
0.001320 -0.000024
0.001316 0.000031
0.001438 0.000104
0.001460 0.000082
0.001462 0.000102
0.001463 0.000110
0.001446 0.000109
0.001263 0.000075
0.001252 0.000070
0.001253 0.000074
0.001263 0.000071
0.001263 0.000077
0.001263 0.000075
0.000899 0.000019
0.000901 0.000022
0.000901 0.000017
0.000899 0.000012
0.000901 0.000023
0.000897 0.000024
0.000345 -0.000160
0.000327 -0.000207
0.000311 -0.000189
0.000336 -0.000160
0.000320 -0.000190
0.000323 -0.000182
-0.001032 -0.000884
-0.001046 -0.000868
-0.001036 -0.000882
-0.001149 -0.000719
-0.001071 -0.000849
-0.003514 -0.006868
-0.005013 -0.006889
-0.005443 -0.007511
-0.005521 -0.008126
-0.004693 -0.008365
-0.004670 -0.008316
-0.007806 -0.011131
-0.007814 -0.011121
-0.007813 -0.011118
-0.007817 -0.011147
-0.007814 -0.011085
-0.007789 -0.011100
-0.008338 -0.012488
-0.008336 -0.012481
-0.008372 -0.012517
-0.008328 -0.012491
-0.008305 -0.012498
-0.008291 -0.012535
-0.009572 -0.016713
-0.009550 -0.016718
-0.009815 -0.015959
-0.010803 -0.015506
-0.016418 -0.002042
-0.032240 0.010805
-0.143279 0.023530
-0.266370 0.008824
-1.320674 1.083930
-1.670249 1.215571
-1.866303 1.270501
-2.024511 1.247879
-2.093491 1.150940
-2.159051 1.077868
-2.128866 0.960829
-2.227056 0.966241
-2.273995 0.979693
-2.257543 0.955925
-2.325034 0.924649
-2.442307 0.883613
-2.486879 0.890246
-2.593539 0.871964
-2.640131 0.855774
-2.726782 0.850682
-2.765140 0.855469
-2.836145 0.827848
-2.872102 0.796639
-2.912351 0.780467
-2.966405 0.745823
-3.006887 0.745031
-3.044790 0.744882
-3.086397 0.757124
-3.167651 0.757574
-3.214205 0.744242
-3.229974 0.771232
-3.284871 0.792376
-3.325676 0.784732
-3.357909 0.790681
-3.387304 0.799427
-3.435256 0.801140
-3.493600 0.794520
-3.509800 0.806984
-3.550427 0.826535
-3.619666 0.840792
-3.727892 0.859095
-3.756186 0.869284
-3.779183 0.872385
-3.726557 0.862953
-3.666672 0.824289
-3.553786 0.781670
-3.424238 0.744912
-3.270279 0.744152
-3.150433 0.722856
-3.085396 0.699754
-2.946995 0.688988
-2.940771 0.653058
-2.791924 0.643475
-2.681980 0.679526
-2.632609 0.676487
-2.589783 0.678498
-2.466568 0.685565
-2.357363 0.678670
-2.236633 0.652554
-2.161145 0.671466
-1.910624 0.625262
-1.821094 0.633756
-1.849930 0.651856
-2.305932 0.886456
-2.539507 0.923410
-2.561648 1.014067
-2.709372 1.084243
-2.869964 1.124795
-2.952382 1.082209
-3.025718 1.124300
-3.078999 1.161498
-3.140188 1.172433
-3.231432 1.183517
-3.305831 1.182630
-3.396261 1.200291
-3.512581 1.209918
-3.643875 1.208306
-3.769368 1.183389
-3.892339 1.263567
-3.990144 1.325481
-3.861119 1.272756
-3.444652 1.284911
-3.254707 1.241851
-3.304358 1.414176
-3.135309 1.338511
-2.877430 1.251489
-2.477192 1.027461
-2.289287 0.922109
-1.951604 0.802404
-1.974423 0.927361
-10.432965 1.750168
-10.794308 1.851433
-10.999228 1.815422
-11.178145 1.781845
-11.054693 1.766484
-10.613282 1.745265
-10.320474 1.547649
-10.164795 1.432572
-9.985345 1.344129
-9.860777 1.329678
-9.779949 1.363739
-9.704637 1.378518
-9.678006 1.394080
-9.636404 1.412719
-9.557988 1.420720
-9.552014 1.437245
-9.522422 1.457117
-9.552857 1.413757
-11.016523 1.876115
-11.320806 1.979665
-11.489928 1.880413
-11.798452 1.827710
-11.871676 1.796152
-11.676264 1.876985
-11.586479 1.828112
-11.434334 1.835316
-11.289854 1.808214
-11.275867 1.692228
-11.060237 1.619796
-10.654633 1.681711
-10.047240 1.015639
-9.979808 1.010147
-9.944797 1.006201
-9.836688 0.959722
-9.456538 0.817066
-9.262184 0.869158
-9.110875 0.866502
-9.134526 0.882188
-8.993274 0.829714
-8.084386 0.146384
-8.083581 0.145645
-8.072720 0.140636
-7.936495 -0.035747
-6.905265 -0.805854
-6.249703 -0.928092
-5.663109 -0.640980
-7.245887 -0.531322
-8.200133 -0.693450
-8.849557 -0.637818
-9.108820 -0.398621
-9.103192 -0.426006
-9.102206 -0.426042
-9.105488 -0.442153
-9.105477 -0.442157
-9.105470 -0.442155
-9.105445 -0.442157
-9.105469 -0.442155
-9.105455 -0.442157
-9.105675 -0.442152
-9.105691 -0.442151
-9.105669 -0.442155
-9.105682 -0.442159
-9.106520 -0.440956
-9.089574 -0.463527
-8.355280 -0.628160
-8.135538 -0.591339
-8.653550 -0.509337
-9.376780 -0.410926
-10.121373 -0.251674
-10.140256 -0.322247
-10.141725 -0.323849
-10.137904 -0.326851
-10.137904 -0.329549
-10.137853 -0.330146
-10.137855 -0.330148
-10.142659 -0.338747
-10.142660 -0.338750
-10.142653 -0.338747
-10.142652 -0.338748
-10.142650 -0.338748
-10.142643 -0.338748
-10.142891 -0.338947
-10.142897 -0.338947
-10.142895 -0.338946
-10.142890 -0.338948
-10.142896 -0.338946
-10.143016 -0.338955
-10.143017 -0.338954
-10.143016 -0.338955
-10.143003 -0.338956
-10.143033 -0.338950
-10.143007 -0.338955
-10.143000 -0.338915
-10.143000 -0.338916
-10.143001 -0.338917
-10.143002 -0.338916
-10.143000 -0.338916
-10.143006 -0.338916
