-0.702964 1.309424
-2.387669 2.312379
-2.829721 2.047802
-1.430286 3.120864
-0.732088 3.703922
0.002811 4.584897
0.084296 5.327634
0.389452 5.270265
-0.166936 5.395423
-0.805169 5.349359
-1.091636 5.616276
-0.866163 5.999625
-0.665072 6.545314
-0.344039 6.403502
0.025843 5.705297
-0.187344 5.127407
-0.166358 4.993676
-0.260853 4.646125
-0.096811 3.900469
-0.223819 3.747326
-0.474932 3.512475
-1.011296 3.286502
-1.047828 3.403499
-0.979318 3.561542
-0.829608 3.851574
0.547936 6.941684
0.913274 8.992338
1.234976 11.497699
2.403379 14.419809
2.168700 17.526330
2.815612 21.031125
3.938808 17.289504
3.739668 13.015057
1.918856 7.813546
2.336845 3.259944
1.696034 -2.394213
0.105682 -7.255858
-1.044868 -7.695898
-0.954085 -7.779376
-1.348308 -8.016594
-1.730708 -8.298997
-1.910437 -8.692788
-1.812830 -8.983596
-1.665520 -9.244503
-1.259297 -9.479224
-1.397397 -9.550073
-1.409668 -9.652845
-1.276898 -9.930474
-1.319110 -9.927022
-0.917213 -7.142952
-0.159922 -5.218787
2.571531 -3.317695
3.871632 -0.045563
5.764048 1.527513
7.718922 4.779680
9.164996 3.972390
9.875298 3.788720
11.366893 2.901455
10.663502 2.537584
8.666931 2.474454
7.414864 1.796124
7.196189 1.089797
7.944007 -0.043637
7.591823 -1.115312
6.428582 -1.821133
5.936198 -2.356112
6.050448 -2.908398
5.321662 -3.374529
5.066276 -3.792067
4.875110 -4.143294
4.707409 -4.406723
4.531622 -4.850852
4.223765 -5.105370
3.760325 -5.298534
3.261626 -5.599723
2.755452 -5.859375
2.438869 -6.111360
2.183279 -6.517229
1.839661 -6.790431
1.291105 -7.283649
0.382336 -8.015205
-0.018193 -8.409387
-0.240131 -8.893758
-0.665042 -9.688881
-0.866936 -10.595015
-0.418861 -11.110246
-1.483218 -11.158019
-2.080580 -9.990697
-2.556194 -8.702843
-1.912799 -7.389503
-1.224506 -6.948689
-1.377493 -6.642979
-2.390933 -5.139370
-4.131968 -4.616885
-4.807305 -4.531815
-6.564320 -3.805704
-7.559976 -3.259425
-6.901276 -3.481265
-6.526910 -3.492503
-4.637049 -3.503614
-4.408558 -3.276025
-4.265808 -2.777768
-4.834915 -2.607318
-5.628797 -2.574074
-5.162807 0.534780
-6.750597 1.125014
-7.797053 0.324501
-10.489848 0.509723
-10.132248 0.562013
-9.656541 0.711847
-20.243955 2.504360
-29.659077 4.217046
-39.407550 6.040717
-46.307115 11.691171
-53.086868 10.040869
-61.462446 11.423119
-57.631300 11.480080
-53.070406 12.125721
-51.392031 11.601831
-50.519106 10.820588
-49.817831 9.838577
-49.496909 8.118574
-48.798009 7.471505
-50.429848 10.502292
-50.930363 9.713878
-52.906410 8.722780
-53.375699 8.272759
-53.420230 7.931940
-53.439749 7.578954
-53.957620 7.764775
-54.214828 8.166336
-54.305110 8.449127
-54.144541 9.536486
-54.207295 10.456108
-54.305434 11.176151
-54.212244 11.550439
-54.326460 11.954134
-54.854199 12.622704
-55.108257 13.127307
-55.345564 13.609075
-55.509529 14.180904
-57.508447 14.971264
-57.547640 19.115956
-58.820940 17.604258
-59.793817 16.184693
-63.407416 14.280114
-65.363458 15.574208
-67.371341 16.690111
-66.595949 15.060739
-66.194690 17.065195
-66.103233 16.920051
-66.096905 16.280309
-66.214479 14.205101
-66.528050 11.029887
-65.810773 7.380895
-62.797440 8.938218
-62.717454 9.517878
-62.914970 9.250277
-62.658497 8.933878
-62.216716 8.739620
-62.639909 8.277055
-63.545450 7.888501
-63.806715 7.788542
-63.992434 7.682472
-64.555308 7.387866
-64.629859 7.361023
-64.901782 7.359905
-64.610404 7.528961
-64.708686 7.340436
-64.660020 7.233804
-64.439763 7.159150
-64.562620 7.134996
-68.611067 6.789926
-71.959073 6.348329
-75.273887 5.938176
-78.191792 5.879987
-81.326223 3.707105
-83.342754 2.157827
-80.331417 1.618022
-79.169400 1.345200
-77.854093 0.974474
-77.548199 1.082214
-77.497059 1.347199
-78.976412 1.572197
-79.822615 2.150789
-80.487688 5.495542
-81.160848 5.404326
-81.550300 5.324726
-82.568507 5.239283
-82.508157 5.427689
-83.566621 4.872220
-83.899579 4.940292
-84.102634 4.936743
-84.418642 4.884465
-84.523270 4.823738
-81.700249 4.500275
-75.999936 5.243108
-72.710072 6.599275
-70.964264 6.831468
-70.878033 6.712469
-68.906345 6.843589
-70.706001 8.002468
-67.614913 11.072801
-67.106422 14.300748
-68.449316 14.648501
-69.752107 14.419634
-71.067288 13.553922
-72.345272 13.015583
-75.311897 16.339590
-75.421293 16.359725
-75.399270 15.599736
-74.343053 14.265234
-75.717677 13.880744
-74.840348 13.759175
-74.523326 12.814878
-74.599459 12.765555
-74.636888 12.720748
-74.573812 12.772571
-74.420522 12.737535
-74.323452 12.593347
-74.206386 12.398969
-74.141254 12.283426
-74.028112 12.338345
-74.060879 12.285704
-74.161123 12.284994
-74.297493 12.248812
-74.681269 11.996475
-74.848533 11.834721
-75.149387 11.591492
-75.470600 11.114040
-75.670075 10.569998
-76.045369 10.412356
-76.237245 10.529004
-76.671074 10.882868
-77.340670 11.246452
-77.581494 11.452373
-77.843321 11.588286
-77.825557 11.526147
-77.673595 11.700795
-77.725497 12.377431
-77.563166 12.735611
-77.854684 13.327491
-78.726189 14.213787
-78.586335 14.769271
-78.221561 14.865034
-78.806023 15.187858
-79.258124 15.520617
-79.261295 15.808435
-78.455361 16.135391
-77.955131 16.234604
-77.899491 15.982347
-76.774792 15.130715
-76.568468 14.478845
-75.985248 13.623999
-75.990603 13.224464
-76.006127 12.830341
-74.877324 12.654175
-74.103235 12.731200
-73.364950 12.848709
-72.765251 13.246110
-72.532071 13.844642
-72.661989 14.794655
-72.553567 18.213354
-72.916304 21.646486
-73.122795 25.065117
-73.171696 28.826537
-73.163384 33.691194
-72.874435 37.997797
-72.039535 42.685252
-71.430366 44.288519
-69.811204 44.495786
-69.628431 44.925421
-69.633384 45.399435
-69.648950 45.559734
-71.213421 44.252444
-72.369974 42.400598
-72.971542 42.244832
-73.658848 41.031693
-75.486555 40.834738
-75.798032 40.249819
-75.948805 39.707122
-76.404003 39.155494
-76.558995 39.019531
-76.560080 38.879390
-76.434270 38.716662
-76.316417 38.705677
-76.142098 38.725814
-75.879672 38.665810
-75.578799 38.414710
-75.589863 38.188883
-75.862171 37.906586
-76.143522 37.631379
-76.308163 37.428499
-76.670948 37.432443
-76.688614 37.361448
-76.702525 37.357973
-76.987214 37.302649
-77.342710 36.992210
-77.302241 36.650274
-76.819968 37.172709
-76.423361 37.758158
-76.425957 38.577445
-76.206466 39.347011
-75.788332 40.312844
-74.530407 41.976228
-73.961375 42.797204
-73.673619 43.374519
-73.347624 44.004633
-73.168276 44.746904
-72.717501 45.699146
-72.342392 46.546169
-72.258923 47.148307
-72.244770 47.441694
-71.756831 48.065024
-70.964126 48.878007
-70.395468 49.579245
-69.726734 50.363606
-69.049176 51.231371
-68.626809 51.736837
-67.998375 52.195492
-67.510832 52.685810
-66.966249 53.297582
-66.108936 53.944975
-65.821862 54.351425
-65.286678 54.740319
-64.932386 55.190059
-64.449263 55.754697
-63.672342 56.348936
-63.437824 56.720124
-62.927883 57.168888
-62.330510 57.626077
-61.648831 58.201883
-60.874947 58.780132
-60.073120 59.450047
-59.221803 60.190889
-58.417381 60.875721
-57.606052 61.780738
-56.895929 62.130811
-56.353745 62.851688
-54.897758 63.764365
-54.054996 64.561175
-53.204844 65.195717
-51.810217 65.467562
-51.265392 65.679286
-50.603099 65.757809
-49.289540 65.675917
-49.111300 65.781897
-49.339830 65.969774
-49.855249 64.797899
-51.590691 64.066758
-52.987355 62.553956
-54.572598 60.853848
-57.591711 58.988588
-59.140645 57.710885
-58.620983 56.414154
-60.512212 56.100302
-61.681909 55.398293
-62.967904 54.337882
-63.747314 53.455642
-64.148959 52.695706
-65.039830 52.213125
-66.204388 51.710295
-66.869445 51.112768
-67.996188 50.644275
-68.684146 49.896208
-69.417451 49.828911
-70.539485 49.770403
-71.547987 49.423956
-72.543543 49.087666
-73.394357 48.692537
-74.304129 47.513514
-77.407746 49.077356
-77.759984 49.070150
-78.574508 49.121734
-78.938816 48.993811
-79.434616 49.014373
-79.805202 49.983481
-79.948845 50.753055
-79.292443 51.479390
-78.638882 52.106326
-77.715853 52.387588
-76.855645 54.754847
-68.893762 50.489449
-67.624630 50.368139
-66.420345 49.814442
-65.437533 49.826513
-64.431183 50.023151
-64.446519 50.150456
-64.655782 50.430071
-64.272027 50.430445
-63.417240 50.747566
-63.190162 50.914873
-63.109643 51.192153
-62.930421 51.751813
-62.797242 52.019652
-62.707646 52.136122
-62.429361 51.960750
-62.482804 51.841891
-61.911009 53.979522
-62.451366 53.413610
-62.559393 53.529061
-62.044904 53.393804
-61.770980 51.637084
-61.265120 51.167208
-60.854847 50.722939
-61.080082 50.440544
-59.826603 50.750519
-58.253662 50.399687
-57.426915 49.984232
-57.174466 50.550227
-56.479996 47.883882
-55.980464 47.209539
-55.137264 47.054692
-54.990110 46.173216
-54.818412 45.629994
-53.523354 48.226789
-52.854261 48.449550
-52.092432 48.384023
-51.526235 48.233787
-50.933400 48.035085
-51.421343 47.697533
-52.008205 47.064432
-52.398974 46.740990
-52.821439 46.467970
-53.246420 46.206031
-53.645866 45.940875
-54.038651 45.693732
-54.135050 45.682501
-54.230943 45.674338
-54.325509 45.664300
-54.420061 45.654269
-54.514633 45.644250
-54.609194 45.634251
-55.183815 46.411387
-55.756158 47.188709
-56.330782 47.965855
-56.905431 48.743022
-57.480080 49.520187
-58.054706 50.297350
-58.077972 50.331624
-58.106739 50.369709
-58.130007 50.403989
-58.153300 50.438254
-58.176547 50.472556
-58.199914 50.506827
-58.223123 50.541138
-58.240411 50.567013
-58.257030 50.593734
-58.274306 50.619631
-58.291559 50.645604
-58.308862 50.671546
-58.326099 50.697433
-58.343386 50.723325
-58.360595 50.746797
-58.378347 50.769978
-58.395559 50.793478
-58.412879 50.816834
-58.430160 50.840192
-58.447479 50.863538
-58.463857 50.885327
-58.485107 50.908569
-58.501494 50.930224
-58.517888 50.951981
-58.534361 50.973707
-58.550730 50.995568
-58.567125 51.017278
-58.597515 51.060231
-58.625993 51.103584
-58.654460 51.147001
-58.682853 51.190526
-58.711244 51.234070
-58.739473 51.277672
-58.744024 51.284939
-58.748198 51.292522
-58.752599 51.300091
-58.756969 51.307624
-58.761373 51.315132
-58.765879 51.322439
-58.770190 51.325171
