3.388466 -8.334004 -126.697455
3.388466 -8.334004 -126.697455
3.365051 -8.349671 -126.549458
3.365051 -8.349671 -126.549458
3.365051 -8.349671 -126.549458
3.365051 -8.349671 -126.549458
3.365051 -8.349671 -126.549458
3.339870 -8.380831 -126.503300
3.339870 -8.380831 -126.503300
3.339870 -8.380831 -126.503300
3.339870 -8.380831 -126.503300
3.339870 -8.380831 -126.503300
3.326782 -8.399545 -126.435859
3.326782 -8.399545 -126.435859
3.326782 -8.399545 -126.435859
3.326782 -8.399545 -126.435859
3.326782 -8.399545 -126.435859
3.314983 -8.414685 -126.377788
3.314983 -8.414685 -126.377788
3.314983 -8.414685 -126.377788
3.314983 -8.414685 -126.377788
3.314983 -8.414685 -126.377788
3.304220 -8.409807 -126.367188
3.304220 -8.409807 -126.367188
3.304220 -8.409807 -126.367188
3.304220 -8.409807 -126.367188
3.304220 -8.409807 -126.367188
3.297678 -8.420784 -126.382528
3.297678 -8.420784 -126.382528
3.297678 -8.420784 -126.382528
3.297678 -8.420784 -126.382528
3.297678 -8.420784 -126.382528
3.303684 -8.413271 -126.295157
3.303684 -8.413271 -126.295157
3.303684 -8.413271 -126.295157
3.303684 -8.413271 -126.295157
3.303684 -8.413271 -126.295157
3.341054 -8.465392 -126.388375
3.341054 -8.465392 -126.388375
3.341054 -8.465392 -126.388375
3.341054 -8.465392 -126.388375
3.341054 -8.465392 -126.388375
-3.176536 -7.895387 -126.597174
-3.176536 -7.895387 -126.597174
-3.176536 -7.895387 -126.597174
-3.176536 -7.895387 -126.597174
-3.176536 -7.895387 -126.597174
-3.605734 -3.317037 -122.741232
-3.605734 -3.317037 -122.741232
-3.605734 -3.317037 -122.741232
-3.605734 -3.317037 -122.741232
-3.605734 -3.317037 -122.741232
-3.059682 -0.590596 -118.080707
-3.059682 -0.590596 -118.080707
-3.059682 -0.590596 -118.080707
-3.059682 -0.590596 -118.080707
-3.059682 -0.590596 -118.080707
1.195777 0.585440 -113.772531
1.195777 0.585440 -113.772531
1.195777 0.585440 -113.772531
1.195777 0.585440 -113.772531
1.195777 0.585440 -113.772531
9.077473 2.508148 -110.120053
9.077473 2.508148 -110.120053
9.077473 2.508148 -110.120053
9.077473 2.508148 -110.120053
9.077473 2.508148 -110.120053
9.077473 2.508148 -110.120053
17.199514 3.928563 -106.215357
17.199514 3.928563 -106.215357
17.199514 3.928563 -106.215357
17.199514 3.928563 -106.215357
17.199514 3.928563 -106.215357
25.533354 5.841346 -99.438436
25.533354 5.841346 -99.438436
25.533354 5.841346 -99.438436
25.533354 5.841346 -99.438436
29.953436 11.208048 -88.089776
29.953436 11.208048 -88.089776
29.953436 11.208048 -88.089776
29.953436 11.208048 -88.089776
29.953436 11.208048 -88.089776
35.511055 16.548421 -75.709225
35.511055 16.548421 -75.709225
35.511055 16.548421 -75.709225
35.511055 16.548421 -75.709225
35.511055 16.548421 -75.709225
40.530841 19.386112 -66.641801
40.530841 19.386112 -66.641801
40.530841 19.386112 -66.641801
40.530841 19.386112 -66.641801
40.530841 19.386112 -66.641801
42.549032 20.379246 -60.345309
42.549032 20.379246 -60.345309
42.549032 20.379246 -60.345309
42.549032 20.379246 -60.345309
42.549032 20.379246 -60.345309
33.207468 19.266089 -56.264493
33.207468 19.266089 -56.264493
33.207468 19.266089 -56.264493
33.207468 19.266089 -56.264493
33.207468 19.266089 -56.264493
12.148812 14.825602 -52.836954
12.148812 14.825602 -52.836954
12.148812 14.825602 -52.836954
12.148812 14.825602 -52.836954
12.148812 14.825602 -52.836954
-1.317277 11.414479 -45.663469
-1.317277 11.414479 -45.663469
-1.317277 11.414479 -45.663469
-1.317277 11.414479 -45.663469
-1.317277 11.414479 -45.663469
-9.350552 6.906066 -33.361861
-9.350552 6.906066 -33.361861
-9.350552 6.906066 -33.361861
-9.350552 6.906066 -33.361861
-9.350552 6.906066 -33.361861
-10.818877 4.708966 -24.716805
-10.818877 4.708966 -24.716805
-10.818877 4.708966 -24.716805
-10.818877 4.708966 -24.716805
-10.818877 4.708966 -24.716805
-11.016056 3.101089 -21.522179
-11.016056 3.101089 -21.522179
-11.016056 3.101089 -21.522179
-11.016056 3.101089 -21.522179
-11.016056 3.101089 -21.522179
-10.216320 1.861421 -19.721287
-10.216320 1.861421 -19.721287
-10.216320 1.861421 -19.721287
-10.216320 1.861421 -19.721287
-10.216320 1.861421 -19.721287
-5.774116 -0.478936 -17.385258
-5.774116 -0.478936 -17.385258
-5.774116 -0.478936 -17.385258
-5.774116 -0.478936 -17.385258
-5.774116 -0.478936 -17.385258
-4.475488 -5.823220 -13.634995
-4.475488 -5.823220 -13.634995
-4.475488 -5.823220 -13.634995
-4.475488 -5.823220 -13.634995
-4.475488 -5.823220 -13.634995
-4.776841 -20.647057 -17.887980
-4.776841 -20.647057 -17.887980
-4.776841 -20.647057 -17.887980
-4.776841 -20.647057 -17.887980
-4.776841 -20.647057 -17.887980
-9.327436 -30.608468 -27.979986
-9.327436 -30.608468 -27.979986
-9.327436 -30.608468 -27.979986
-9.327436 -30.608468 -27.979986
-9.327436 -30.608468 -27.979986
-11.144110 -37.494436 -35.777996
-11.144110 -37.494436 -35.777996
-11.144110 -37.494436 -35.777996
-11.144110 -37.494436 -35.777996
-11.144110 -37.494436 -35.777996
-11.208871 -41.536651 -41.791346
-11.208871 -41.536651 -41.791346
-11.208871 -41.536651 -41.791346
-11.208871 -41.536651 -41.791346
-11.208871 -41.536651 -41.791346
-11.957505 -32.255681 -49.042350
-11.957505 -32.255681 -49.042350
-11.957505 -32.255681 -49.042350
-11.957505 -32.255681 -49.042350
-11.957505 -32.255681 -49.042350
-10.588286 -6.254439 -61.815473
-10.588286 -6.254439 -61.815473
-10.588286 -6.254439 -61.815473
-10.588286 -6.254439 -61.815473
-10.588286 -6.254439 -61.815473
-7.435666 4.516110 -69.571241
-7.435666 4.516110 -69.571241
-7.435666 4.516110 -69.571241
-7.435666 4.516110 -69.571241
-7.435666 4.516110 -69.571241
-7.013568 6.582002 -57.357907
-7.013568 6.582002 -57.357907
-7.013568 6.582002 -57.357907
-7.013568 6.582002 -57.357907
-7.013568 6.582002 -57.357907
-5.214464 -6.953457 -47.940183
-5.214464 -6.953457 -47.940183
-5.214464 -6.953457 -47.940183
-5.214464 -6.953457 -47.940183
-5.214464 -6.953457 -47.940183
-4.578921 -32.050065 -49.983533
-4.578921 -32.050065 -49.983533
-4.578921 -32.050065 -49.983533
-4.578921 -32.050065 -49.983533
-4.578921 -32.050065 -49.983533
-6.504954 -40.563729 -55.901355
-6.504954 -40.563729 -55.901355
-6.504954 -40.563729 -55.901355
-6.504954 -40.563729 -55.901355
-6.504954 -40.563729 -55.901355
-8.924108 -33.182596 -62.208762
-8.924108 -33.182596 -62.208762
-8.924108 -33.182596 -62.208762
-8.924108 -33.182596 -62.208762
-8.924108 -33.182596 -62.208762
-8.003848 -4.593920 -75.674425
-8.003848 -4.593920 -75.674425
-8.003848 -4.593920 -75.674425
-8.003848 -4.593920 -75.674425
-6.249849 3.938380 -74.901159
-6.249849 3.938380 -74.901159
-6.249849 3.938380 -74.901159
-6.249849 3.938380 -74.901159
-6.249849 3.938380 -74.901159
-6.001115 5.603002 -62.053157
-6.001115 5.603002 -62.053157
-6.001115 5.603002 -62.053157
-6.001115 5.603002 -62.053157
-6.001115 5.603002 -62.053157
-4.867697 -0.267355 -51.348672
-4.867697 -0.267355 -51.348672
-4.867697 -0.267355 -51.348672
-4.867697 -0.267355 -51.348672
-4.867697 -0.267355 -51.348672
-4.631412 -25.055328 -50.606627
-4.631412 -25.055328 -50.606627
-4.631412 -25.055328 -50.606627
-4.631412 -25.055328 -50.606627
-4.631412 -25.055328 -50.606627
-5.085562 -38.656200 -55.743882
-5.085562 -38.656200 -55.743882
-5.085562 -38.656200 -55.743882
-5.085562 -38.656200 -55.743882
-5.085562 -38.656200 -55.743882
-7.793110 -37.550785 -61.103678
-7.793110 -37.550785 -61.103678
-7.793110 -37.550785 -61.103678
-7.793110 -37.550785 -61.103678
-7.793110 -37.550785 -61.103678
-8.967517 -17.459283 -70.933714
-8.967517 -17.459283 -70.933714
-8.967517 -17.459283 -70.933714
-8.967517 -17.459283 -70.933714
-8.967517 -17.459283 -70.933714
-7.579100 -4.716799 -79.843218
-7.579100 -4.716799 -79.843218
-7.579100 -4.716799 -79.843218
-7.579100 -4.716799 -79.843218
-7.579100 -4.716799 -79.843218
-4.717352 -3.927602 -81.183792
-4.717352 -3.927602 -81.183792
-4.717352 -3.927602 -81.183792
-4.717352 -3.927602 -81.183792
-2.045298 -4.837149 -76.850078
-2.045298 -4.837149 -76.850078
-2.045298 -4.837149 -76.850078
-2.045298 -4.837149 -76.850078
-2.045298 -4.837149 -76.850078
-2.045298 -4.837149 -76.850078
-1.124787 -3.834941 -71.401083
-1.124787 -3.834941 -71.401083
-1.124787 -3.834941 -71.401083
-1.124787 -3.834941 -71.401083
-0.213061 -5.878261 -65.372144
-0.213061 -5.878261 -65.372144
-0.213061 -5.878261 -65.372144
-0.213061 -5.878261 -65.372144
-0.213061 -5.878261 -65.372144
-0.213061 -5.878261 -65.372144
-1.221192 -4.194803 -61.950321
-1.221192 -4.194803 -61.950321
-1.221192 -4.194803 -61.950321
-1.221192 -4.194803 -61.950321
-1.221192 -4.194803 -61.950321
-3.915171 1.909077 -65.363258
-3.915171 1.909077 -65.363258
-3.915171 1.909077 -65.363258
-3.915171 1.909077 -65.363258
-3.915171 1.909077 -65.363258
-2.314655 2.771191 -63.968997
-2.314655 2.771191 -63.968997
-2.314655 2.771191 -63.968997
-2.314655 2.771191 -63.968997
-2.314655 2.771191 -63.968997
-3.133726 4.676363 -58.266705
-3.133726 4.676363 -58.266705
-3.133726 4.676363 -58.266705
-3.133726 4.676363 -58.266705
-3.800821 5.431063 -51.493735
-3.800821 5.431063 -51.493735
-3.800821 5.431063 -51.493735
-3.800821 5.431063 -51.493735
-3.800821 5.431063 -51.493735
-4.109156 5.632101 -45.042560
-4.109156 5.632101 -45.042560
-4.109156 5.632101 -45.042560
-4.109156 5.632101 -45.042560
-4.109156 5.632101 -45.042560
-4.629236 6.074330 -40.494156
-4.629236 6.074330 -40.494156
-4.629236 6.074330 -40.494156
-4.629236 6.074330 -40.494156
-4.629236 6.074330 -40.494156
-4.869423 6.691599 -36.248087
-4.869423 6.691599 -36.248087
-4.869423 6.691599 -36.248087
-4.869423 6.691599 -36.248087
