0.655730 -9.951603 -107.177689
0.655730 -9.951603 -107.177689
0.655730 -9.951603 -107.177689
0.633015 -10.180956 -106.777263
0.633015 -10.180956 -106.777263
0.633015 -10.180956 -106.777263
0.633015 -10.180956 -106.777263
0.633015 -10.180956 -106.777263
0.598853 -10.317266 -106.449427
0.598853 -10.317266 -106.449427
0.598853 -10.317266 -106.449427
0.598853 -10.317266 -106.449427
0.598853 -10.317266 -106.449427
0.575042 -10.415534 -106.193691
0.575042 -10.415534 -106.193691
0.575042 -10.415534 -106.193691
0.575042 -10.415534 -106.193691
0.575042 -10.415534 -106.193691
0.482081 -10.581326 -106.046870
0.482081 -10.581326 -106.046870
0.482081 -10.581326 -106.046870
0.482081 -10.581326 -106.046870
0.482081 -10.581326 -106.046870
0.482081 -10.581326 -106.046870
0.480793 -10.614594 -105.947723
0.480793 -10.614594 -105.947723
0.480793 -10.614594 -105.947723
0.480793 -10.614594 -105.947723
0.440931 -10.646161 -105.859599
0.440931 -10.646161 -105.859599
0.440931 -10.646161 -105.859599
0.440931 -10.646161 -105.859599
0.440931 -10.646161 -105.859599
0.431206 -10.687729 -105.749551
0.431206 -10.687729 -105.749551
0.431206 -10.687729 -105.749551
0.431206 -10.687729 -105.749551
0.431206 -10.687729 -105.749551
0.407612 -10.708184 -105.757003
0.407612 -10.708184 -105.757003
0.407612 -10.708184 -105.757003
0.407612 -10.708184 -105.757003
0.408630 -10.718366 -105.643417
0.408630 -10.718366 -105.643417
0.408630 -10.718366 -105.643417
0.408630 -10.718366 -105.643417
0.408630 -10.718366 -105.643417
0.407915 -10.731182 -105.551544
0.407915 -10.731182 -105.551544
0.407915 -10.731182 -105.551544
0.407915 -10.731182 -105.551544
0.407915 -10.731182 -105.551544
0.413651 -10.728572 -105.390270
0.413651 -10.728572 -105.390270
0.413651 -10.728572 -105.390270
0.413651 -10.728572 -105.390270
0.413651 -10.728572 -105.390270
-0.690968 -11.711161 -104.737194
-0.690968 -11.711161 -104.737194
-0.690968 -11.711161 -104.737194
-0.690968 -11.711161 -104.737194
-0.690968 -11.711161 -104.737194
-2.680551 -2.468308 -102.565269
-2.680551 -2.468308 -102.565269
-2.680551 -2.468308 -102.565269
-2.680551 -2.468308 -102.565269
-2.680551 -2.468308 -102.565269
0.135065 -0.591124 -95.946126
0.135065 -0.591124 -95.946126
0.135065 -0.591124 -95.946126
0.135065 -0.591124 -95.946126
-0.213750 0.637782 -77.247636
-0.213750 0.637782 -77.247636
-0.213750 0.637782 -77.247636
-0.213750 0.637782 -77.247636
-0.213750 0.637782 -77.247636
0.823670 2.095965 -60.421971
0.823670 2.095965 -60.421971
0.823670 2.095965 -60.421971
0.823670 2.095965 -60.421971
0.823670 2.095965 -60.421971
0.672625 2.214123 -45.246899
0.672625 2.214123 -45.246899
0.672625 2.214123 -45.246899
0.672625 2.214123 -45.246899
0.672625 2.214123 -45.246899
0.967255 2.302813 -31.798902
0.967255 2.302813 -31.798902
0.967255 2.302813 -31.798902
0.967255 2.302813 -31.798902
0.967255 2.302813 -31.798902
1.246609 2.935730 -20.350250
1.246609 2.935730 -20.350250
1.246609 2.935730 -20.350250
1.246609 2.935730 -20.350250
1.246609 2.935730 -20.350250
1.438981 2.790827 -10.807095
1.438981 2.790827 -10.807095
1.438981 2.790827 -10.807095
1.438981 2.790827 -10.807095
1.438981 2.790827 -10.807095
7.387001 3.968869 -3.627528
7.387001 3.968869 -3.627528
7.387001 3.968869 -3.627528
7.387001 3.968869 -3.627528
7.387001 3.968869 -3.627528
29.297693 7.283162 3.144224
29.297693 7.283162 3.144224
29.297693 7.283162 3.144224
29.297693 7.283162 3.144224
29.297693 7.283162 3.144224
29.297693 7.283162 3.144224
33.018087 9.571826 8.328062
33.018087 9.571826 8.328062
33.018087 9.571826 8.328062
33.018087 9.571826 8.328062
12.107078 7.554621 13.126246
12.107078 7.554621 13.126246
12.107078 7.554621 13.126246
12.107078 7.554621 13.126246
12.107078 7.554621 13.126246
5.670607 6.235097 16.141919
5.670607 6.235097 16.141919
5.670607 6.235097 16.141919
5.670607 6.235097 16.141919
5.670607 6.235097 16.141919
5.670607 6.235097 16.141919
-0.747107 4.175511 16.931609
-0.747107 4.175511 16.931609
-0.747107 4.175511 16.931609
-0.747107 4.175511 16.931609
-0.747107 4.175511 16.931609
-10.835226 2.281156 16.511492
-10.835226 2.281156 16.511492
-10.835226 2.281156 16.511492
-10.835226 2.281156 16.511492
-23.201528 1.237383 16.887455
-23.201528 1.237383 16.887455
-23.201528 1.237383 16.887455
-23.201528 1.237383 16.887455
-23.201528 1.237383 16.887455
-17.411262 0.508524 15.026643
-17.411262 0.508524 15.026643
-17.411262 0.508524 15.026643
-17.411262 0.508524 15.026643
21.662155 2.973247 10.997662
21.662155 2.973247 10.997662
21.662155 2.973247 10.997662
21.662155 2.973247 10.997662
21.662155 2.973247 10.997662
39.044602 2.633519 9.140499
39.044602 2.633519 9.140499
39.044602 2.633519 9.140499
39.044602 2.633519 9.140499
43.045563 3.994712 11.151520
43.045563 3.994712 11.151520
43.045563 3.994712 11.151520
43.045563 3.994712 11.151520
30.035269 6.284600 14.941693
30.035269 6.284600 14.941693
30.035269 6.284600 14.941693
30.035269 6.284600 14.941693
30.035269 6.284600 14.941693
7.796106 3.593681 15.654430
7.796106 3.593681 15.654430
7.796106 3.593681 15.654430
7.796106 3.593681 15.654430
7.796106 3.593681 15.654430
7.796106 3.593681 15.654430
5.469611 3.044768 12.034908
5.469611 3.044768 12.034908
5.469611 3.044768 12.034908
5.469611 3.044768 12.034908
5.469611 3.044768 12.034908
4.984840 -18.564393 3.968101
4.984840 -18.564393 3.968101
4.984840 -18.564393 3.968101
4.984840 -18.564393 3.968101
4.984840 -18.564393 3.968101
-1.582735 -34.693560 -7.466093
-1.582735 -34.693560 -7.466093
-1.582735 -34.693560 -7.466093
-1.582735 -34.693560 -7.466093
-5.571445 -42.660409 -14.894264
-5.571445 -42.660409 -14.894264
-5.571445 -42.660409 -14.894264
-5.571445 -42.660409 -14.894264
-5.571445 -42.660409 -14.894264
-5.200117 -26.232993 -24.070582
-5.200117 -26.232993 -24.070582
-5.200117 -26.232993 -24.070582
-5.200117 -26.232993 -24.070582
-5.200117 -26.232993 -24.070582
-4.787998 -6.679980 -33.367943
-4.787998 -6.679980 -33.367943
-4.787998 -6.679980 -33.367943
-4.787998 -6.679980 -33.367943
-4.787998 -6.679980 -33.367943
-2.734686 -11.000838 -42.974403
-2.734686 -11.000838 -42.974403
-2.734686 -11.000838 -42.974403
-2.734686 -11.000838 -42.974403
-2.734686 -11.000838 -42.974403
-3.618052 -43.568722 -53.779158
-3.618052 -43.568722 -53.779158
-3.618052 -43.568722 -53.779158
-3.618052 -43.568722 -53.779158
-5.084753 -52.170628 -57.849810
-5.084753 -52.170628 -57.849810
-5.084753 -52.170628 -57.849810
-5.084753 -52.170628 -57.849810
-5.084753 -52.170628 -57.849810
-5.084753 -52.170628 -57.849810
-5.798069 -53.347708 -60.741419
-5.798069 -53.347708 -60.741419
-5.798069 -53.347708 -60.741419
-5.798069 -53.347708 -60.741419
-5.798069 -53.347708 -60.741419
-4.293365 -12.165059 -70.696925
-4.293365 -12.165059 -70.696925
-4.293365 -12.165059 -70.696925
-4.293365 -12.165059 -70.696925
-4.293365 -12.165059 -70.696925
-2.710637 -4.854384 -75.849374
-2.710637 -4.854384 -75.849374
-2.710637 -4.854384 -75.849374
-2.710637 -4.854384 -75.849374
-2.710637 -4.854384 -75.849374
0.236609 -5.077514 -75.062481
0.236609 -5.077514 -75.062481
0.236609 -5.077514 -75.062481
0.236609 -5.077514 -75.062481
0.236609 -5.077514 -75.062481
12.132680 -4.056336 -70.430213
12.132680 -4.056336 -70.430213
12.132680 -4.056336 -70.430213
12.132680 -4.056336 -70.430213
12.132680 -4.056336 -70.430213
12.132680 -4.056336 -70.430213
44.510864 7.870624 -52.139328
44.510864 7.870624 -52.139328
44.510864 7.870624 -52.139328
44.510864 7.870624 -52.139328
44.510864 7.870624 -52.139328
52.583000 12.062065 -44.853268
52.583000 12.062065 -44.853268
52.583000 12.062065 -44.853268
52.583000 12.062065 -44.853268
52.583000 12.062065 -44.853268
36.404311 10.770949 -40.821056
36.404311 10.770949 -40.821056
36.404311 10.770949 -40.821056
36.404311 10.770949 -40.821056
36.404311 10.770949 -40.821056
7.966973 6.270920 -31.238925
7.966973 6.270920 -31.238925
7.966973 6.270920 -31.238925
7.966973 6.270920 -31.238925
12.955470 4.983164 -22.818101
12.955470 4.983164 -22.818101
12.955470 4.983164 -22.818101
12.955470 4.983164 -22.818101
12.955470 4.983164 -22.818101
51.166778 8.409896 -12.040681
51.166778 8.409896 -12.040681
51.166778 8.409896 -12.040681
51.166778 8.409896 -12.040681
51.166778 8.409896 -12.040681
51.166778 8.409896 -12.040681
51.441157 6.638017 -8.831909
51.441157 6.638017 -8.831909
51.441157 6.638017 -8.831909
51.441157 6.638017 -8.831909
51.441157 6.638017 -8.831909
28.362770 6.105706 -4.903202
28.362770 6.105706 -4.903202
28.362770 6.105706 -4.903202
28.362770 6.105706 -4.903202
28.362770 6.105706 -4.903202
16.925129 4.958122 0.815482
16.925129 4.958122 0.815482
16.925129 4.958122 0.815482
16.925129 4.958122 0.815482
16.925129 4.958122 0.815482
9.487412 2.840893 3.106497
9.487412 2.840893 3.106497
9.487412 2.840893 3.106497
9.487412 2.840893 3.106497
9.487412 2.840893 3.106497
4.843619 0.544192 -7.073694
4.843619 0.544192 -7.073694
4.843619 0.544192 -7.073694
4.843619 0.544192 -7.073694
4.843619 0.544192 -7.073694
-2.099636 -2.647109 -24.041685
-2.099636 -2.647109 -24.041685
-2.099636 -2.647109 -24.041685
-2.099636 -2.647109 -24.041685
-2.099636 -2.647109 -24.041685
-1.369495 -0.687687 -36.600829
-1.369495 -0.687687 -36.600829
-1.369495 -0.687687 -36.600829
-1.369495 -0.687687 -36.600829
-1.369495 -0.687687 -36.600829
-1.323218 3.095350 -45.102973
-1.323218 3.095350 -45.102973
-1.323218 3.095350 -45.102973
-1.323218 3.095350 -45.102973
-1.323218 3.095350 -45.102973
-1.288920 3.251486 -48.773947
-1.288920 3.251486 -48.773947
-1.288920 3.251486 -48.773947
-1.288920 3.251486 -48.773947
