-0.502980 -3.181338 -69.530827
-0.502980 -3.181338 -69.530827
0.935637 -0.418338 -49.128864
0.935637 -0.418338 -49.128864
0.935637 -0.418338 -49.128864
0.935637 -0.418338 -49.128864
0.935637 -0.418338 -49.128864
0.935637 -0.418338 -49.128864
0.572876 -1.285867 -38.495564
0.572876 -1.285867 -38.495564
0.572876 -1.285867 -38.495564
0.572876 -1.285867 -38.495564
0.572876 -1.285867 -38.495564
0.299604 -1.144363 -49.247720
0.299604 -1.144363 -49.247720
0.299604 -1.144363 -49.247720
0.299604 -1.144363 -49.247720
0.299604 -1.144363 -49.247720
0.299604 -1.144363 -49.247720
0.795272 1.143243 -42.486693
0.795272 1.143243 -42.486693
0.795272 1.143243 -42.486693
0.795272 1.143243 -42.486693
0.795272 1.143243 -42.486693
0.795272 1.143243 -42.486693
0.834698 -36.417933 -39.903861
0.834698 -36.417933 -39.903861
0.834698 -36.417933 -39.903861
0.834698 -36.417933 -39.903861
0.834698 -36.417933 -39.903861
0.834698 -36.417933 -39.903861
-0.433192 -24.641405 -46.864284
-0.433192 -24.641405 -46.864284
-0.433192 -24.641405 -46.864284
-0.433192 -24.641405 -46.864284
-0.433192 -24.641405 -46.864284
-0.433192 -24.641405 -46.864284
-2.632812 2.216897 -66.888582
-2.632812 2.216897 -66.888582
-2.632812 2.216897 -66.888582
-2.632812 2.216897 -66.888582
-2.632812 2.216897 -66.888582
-2.632812 2.216897 -66.888582
0.292283 1.991795 -77.164554
0.292283 1.991795 -77.164554
0.292283 1.991795 -77.164554
0.292283 1.991795 -77.164554
0.292283 1.991795 -77.164554
0.292283 1.991795 -77.164554
2.358450 -17.188094 -84.849241
2.358450 -17.188094 -84.849241
2.358450 -17.188094 -84.849241
2.358450 -17.188094 -84.849241
2.358450 -17.188094 -84.849241
2.358450 -17.188094 -84.849241
2.513604 -43.269648 -86.428203
2.513604 -43.269648 -86.428203
2.513604 -43.269648 -86.428203
2.513604 -43.269648 -86.428203
2.513604 -43.269648 -86.428203
2.513604 -43.269648 -86.428203
1.605251 5.193220 -64.142798
1.605251 5.193220 -64.142798
1.605251 5.193220 -64.142798
1.605251 5.193220 -64.142798
1.605251 5.193220 -64.142798
1.605251 5.193220 -64.142798
2.046753 6.454977 -61.619979
2.046753 6.454977 -61.619979
2.046753 6.454977 -61.619979
2.046753 6.454977 -61.619979
2.046753 6.454977 -61.619979
2.046753 6.454977 -61.619979
2.089432 9.041255 -61.161612
2.089432 9.041255 -61.161612
2.089432 9.041255 -61.161612
2.089432 9.041255 -61.161612
2.089432 9.041255 -61.161612
2.089432 9.041255 -61.161612
1.612226 12.162302 -55.433682
1.612226 12.162302 -55.433682
1.612226 12.162302 -55.433682
1.612226 12.162302 -55.433682
1.612226 12.162302 -55.433682
1.612226 12.162302 -55.433682
1.612226 12.162302 -55.433682
0.729846 8.025553 -44.691120
0.729846 8.025553 -44.691120
0.729846 8.025553 -44.691120
0.729846 8.025553 -44.691120
0.729846 8.025553 -44.691120
0.729846 8.025553 -44.691120
53.352691 9.643112 -15.847876
53.352691 9.643112 -15.847876
53.352691 9.643112 -15.847876
53.352691 9.643112 -15.847876
53.352691 9.643112 -15.847876
61.715827 10.065537 -10.710655
61.715827 10.065537 -10.710655
61.715827 10.065537 -10.710655
61.715827 10.065537 -10.710655
61.715827 10.065537 -10.710655
61.715827 10.065537 -10.710655
-1.610716 11.099967 -4.807537
-1.610716 11.099967 -4.807537
-1.610716 11.099967 -4.807537
-1.610716 11.099967 -4.807537
-1.610716 11.099967 -4.807537
-1.610716 11.099967 -4.807537
-1.610716 11.099967 -4.807537
29.205404 1.814621 4.549418
29.205404 1.814621 4.549418
29.205404 1.814621 4.549418
29.205404 1.814621 4.549418
29.205404 1.814621 4.549418
29.205404 1.814621 4.549418
57.309747 -4.371776 6.114940
57.309747 -4.371776 6.114940
57.309747 -4.371776 6.114940
57.309747 -4.371776 6.114940
57.309747 -4.371776 6.114940
57.309747 -4.371776 6.114940
57.309747 -4.371776 6.114940
-0.559224 6.277147 18.833784
-0.559224 6.277147 18.833784
-0.559224 6.277147 18.833784
-0.559224 6.277147 18.833784
-0.559224 6.277147 18.833784
-0.559224 6.277147 18.833784
-0.256414 4.209239 15.992577
-0.256414 4.209239 15.992577
-0.256414 4.209239 15.992577
-0.256414 4.209239 15.992577
-0.256414 4.209239 15.992577
-0.256414 4.209239 15.992577
-0.221857 0.037704 13.497835
-0.221857 0.037704 13.497835
-0.221857 0.037704 13.497835
-0.221857 0.037704 13.497835
-0.221857 0.037704 13.497835
-0.221857 0.037704 13.497835
62.664226 -10.553961 4.005060
62.664226 -10.553961 4.005060
62.664226 -10.553961 4.005060
62.664226 -10.553961 4.005060
62.664226 -10.553961 4.005060
62.664226 -10.553961 4.005060
62.664226 -10.553961 4.005060
83.802644 -45.208285 -28.790422
83.802644 -45.208285 -28.790422
83.802644 -45.208285 -28.790422
83.802644 -45.208285 -28.790422
83.802644 -45.208285 -28.790422
83.802644 -45.208285 -28.790422
10.339526 -3.851729 6.665144
10.339526 -3.851729 6.665144
10.339526 -3.851729 6.665144
10.339526 -3.851729 6.665144
10.339526 -3.851729 6.665144
10.339526 -3.851729 6.665144
3.746547 -4.524223 -3.374064
3.746547 -4.524223 -3.374064
3.746547 -4.524223 -3.374064
3.746547 -4.524223 -3.374064
3.746547 -4.524223 -3.374064
3.746547 -4.524223 -3.374064
4.244732 -4.086115 -13.054306
4.244732 -4.086115 -13.054306
4.244732 -4.086115 -13.054306
4.244732 -4.086115 -13.054306
4.244732 -4.086115 -13.054306
4.244732 -4.086115 -13.054306
29.268293 -5.652576 -21.596093
29.268293 -5.652576 -21.596093
29.268293 -5.652576 -21.596093
29.268293 -5.652576 -21.596093
29.268293 -5.652576 -21.596093
29.268293 -5.652576 -21.596093
64.090001 5.467471 -9.494287
64.090001 5.467471 -9.494287
64.090001 5.467471 -9.494287
64.090001 5.467471 -9.494287
64.090001 5.467471 -9.494287
6.519281 7.432857 -1.190680
6.519281 7.432857 -1.190680
6.519281 7.432857 -1.190680
6.519281 7.432857 -1.190680
6.519281 7.432857 -1.190680
6.519281 7.432857 -1.190680
6.519281 7.432857 -1.190680
2.121599 4.049473 -4.186970
2.121599 4.049473 -4.186970
2.121599 4.049473 -4.186970
2.121599 4.049473 -4.186970
2.121599 4.049473 -4.186970
-39.236380 16.061198 -28.344114
-39.236380 16.061198 -28.344114
-39.236380 16.061198 -28.344114
-39.236380 16.061198 -28.344114
-39.236380 16.061198 -28.344114
-39.236380 16.061198 -28.344114
-54.564172 18.136831 -41.376774
-54.564172 18.136831 -41.376774
-54.564172 18.136831 -41.376774
-54.564172 18.136831 -41.376774
-54.564172 18.136831 -41.376774
-54.564172 18.136831 -41.376774
10.286664 -1.808532 -24.448128
10.286664 -1.808532 -24.448128
10.286664 -1.808532 -24.448128
10.286664 -1.808532 -24.448128
10.286664 -1.808532 -24.448128
10.286664 -1.808532 -24.448128
14.135987 -3.238845 -30.599794
14.135987 -3.238845 -30.599794
14.135987 -3.238845 -30.599794
14.135987 -3.238845 -30.599794
14.135987 -3.238845 -30.599794
14.135987 -3.238845 -30.599794
15.105085 -3.532587 -34.533942
15.105085 -3.532587 -34.533942
15.105085 -3.532587 -34.533942
15.105085 -3.532587 -34.533942
15.105085 -3.532587 -34.533942
15.105085 -3.532587 -34.533942
15.105085 -3.532587 -34.533942
14.125164 -1.905659 -36.873323
14.125164 -1.905659 -36.873323
14.125164 -1.905659 -36.873323
14.125164 -1.905659 -36.873323
14.125164 -1.905659 -36.873323
14.125164 -1.905659 -36.873323
10.117906 -0.524830 -37.955283
10.117906 -0.524830 -37.955283
10.117906 -0.524830 -37.955283
10.117906 -0.524830 -37.955283
10.117906 -0.524830 -37.955283
10.117906 -0.524830 -37.955283
1.148226 0.809024 -38.900400
1.148226 0.809024 -38.900400
1.148226 0.809024 -38.900400
1.148226 0.809024 -38.900400
1.148226 0.809024 -38.900400
1.148226 0.809024 -38.900400
-4.406817 1.787831 -39.491751
-4.406817 1.787831 -39.491751
-4.406817 1.787831 -39.491751
-4.406817 1.787831 -39.491751
-4.406817 1.787831 -39.491751
-4.406817 1.787831 -39.491751
8.823764 1.220479 -35.963050
8.823764 1.220479 -35.963050
8.823764 1.220479 -35.963050
8.823764 1.220479 -35.963050
8.823764 1.220479 -35.963050
8.823764 1.220479 -35.963050
19.509020 0.178562 -30.708199
19.509020 0.178562 -30.708199
19.509020 0.178562 -30.708199
19.509020 0.178562 -30.708199
19.509020 0.178562 -30.708199
19.509020 0.178562 -30.708199
11.106361 -6.325807 -27.713231
11.106361 -6.325807 -27.713231
11.106361 -6.325807 -27.713231
11.106361 -6.325807 -27.713231
11.106361 -6.325807 -27.713231
11.106361 -6.325807 -27.713231
11.106361 -6.325807 -27.713231
0.641734 -37.617892 -42.971958
0.641734 -37.617892 -42.971958
0.641734 -37.617892 -42.971958
0.641734 -37.617892 -42.971958
0.641734 -37.617892 -42.971958
0.641734 -37.617892 -42.971958
-5.134521 -0.005402 -57.950310
-5.134521 -0.005402 -57.950310
-5.134521 -0.005402 -57.950310
-5.134521 -0.005402 -57.950310
-5.134521 -0.005402 -57.950310
-5.134521 -0.005402 -57.950310
-1.352437 2.247824 -59.252055
-1.352437 2.247824 -59.252055
-1.352437 2.247824 -59.252055
-1.352437 2.247824 -59.252055
-1.352437 2.247824 -59.252055
-1.352437 2.247824 -59.252055
0.494587 1.936993 -58.250244
0.494587 1.936993 -58.250244
0.494587 1.936993 -58.250244
0.494587 1.936993 -58.250244
0.494587 1.936993 -58.250244
0.494587 1.936993 -58.250244
1.464868 3.248994 -55.222158
1.464868 3.248994 -55.222158
1.464868 3.248994 -55.222158
1.464868 3.248994 -55.222158
1.464868 3.248994 -55.222158
1.464868 3.248994 -55.222158
1.967970 1.665134 -53.184402
1.967970 1.665134 -53.184402
1.967970 1.665134 -53.184402
1.967970 1.665134 -53.184402
1.967970 1.665134 -53.184402
1.967970 1.665134 -53.184402
1.345875 -7.423475 -55.921962
1.345875 -7.423475 -55.921962
1.345875 -7.423475 -55.921962
1.345875 -7.423475 -55.921962
1.345875 -7.423475 -55.921962
1.345875 -7.423475 -55.921962
0.321929 -12.309499 -61.643250
0.321929 -12.309499 -61.643250
0.321929 -12.309499 -61.643250
0.321929 -12.309499 -61.643250
0.321929 -12.309499 -61.643250
0.321929 -12.309499 -61.643250
-0.757847 -18.760701 -68.026813
-0.757847 -18.760701 -68.026813
-0.757847 -18.760701 -68.026813
-0.757847 -18.760701 -68.026813
-0.757847 -18.760701 -68.026813
-0.757847 -18.760701 -68.026813
-1.584767 -23.066483 -73.769089
-1.584767 -23.066483 -73.769089
-1.584767 -23.066483 -73.769089
-1.584767 -23.066483 -73.769089
-1.584767 -23.066483 -73.769089
-1.584767 -23.066483 -73.769089
-1.584767 -23.066483 -73.769089
-1.584767 -23.066483 -73.769089
-1.584767 -23.066483 -73.769089
-1.584767 -23.066483 -73.769089
-1.584767 -23.066483 -73.769089
-1.584767 -23.066483 -73.769089
-1.584767 -23.066483 -73.769089
-2.393247 -36.985082 -81.445116
-2.393247 -36.985082 -81.445116
-2.393247 -36.985082 -81.445116
-2.393247 -36.985082 -81.445116
-2.393247 -36.985082 -81.445116
-2.393247 -36.985082 -81.445116
-0.809163 -45.878449 -84.672079
-0.809163 -45.878449 -84.672079
-0.809163 -45.878449 -84.672079
-0.809163 -45.878449 -84.672079
-0.809163 -45.878449 -84.672079
-0.809163 -45.878449 -84.672079
-0.986698 -33.488698 -87.966273
-0.986698 -33.488698 -87.966273
-0.986698 -33.488698 -87.966273
-0.986698 -33.488698 -87.966273
-0.986698 -33.488698 -87.966273
-0.986698 -33.488698 -87.966273
-1.053881 -7.749262 -91.183927
-1.053881 -7.749262 -91.183927
-1.053881 -7.749262 -91.183927
-1.053881 -7.749262 -91.183927
-1.053881 -7.749262 -91.183927
-1.904509 6.412267 -88.613242
-1.904509 6.412267 -88.613242
-1.904509 6.412267 -88.613242
-1.904509 6.412267 -88.613242
-1.904509 6.412267 -88.613242
-1.904509 6.412267 -88.613242
-4.156017 16.566141 -84.539041
-4.156017 16.566141 -84.539041
-4.156017 16.566141 -84.539041
-4.156017 16.566141 -84.539041
-4.156017 16.566141 -84.539041
-5.916444 22.292305 -81.442862
-5.916444 22.292305 -81.442862
-5.916444 22.292305 -81.442862
-5.916444 22.292305 -81.442862
-5.916444 22.292305 -81.442862
-5.916444 22.292305 -81.442862
-4.660558 16.974094 -79.413995
-4.660558 16.974094 -79.413995
-4.660558 16.974094 -79.413995
-4.660558 16.974094 -79.413995
-4.660558 16.974094 -79.413995
-4.660558 16.974094 -79.413995
-4.660558 16.974094 -79.413995
1.357730 1.124680 -80.111794
1.357730 1.124680 -80.111794
1.357730 1.124680 -80.111794
1.357730 1.124680 -80.111794
1.357730 1.124680 -80.111794
1.357730 1.124680 -80.111794
1.154107 -0.781874 -81.061143
1.154107 -0.781874 -81.061143
1.154107 -0.781874 -81.061143
1.154107 -0.781874 -81.061143
1.154107 -0.781874 -81.061143
1.154107 -0.781874 -81.061143
-1.759868 -3.158596 -83.259951
-1.759868 -3.158596 -83.259951
-1.759868 -3.158596 -83.259951
-1.759868 -3.158596 -83.259951
-1.759868 -3.158596 -83.259951
-1.759868 -3.158596 -83.259951
3.081674 -5.176696 -86.045309
3.081674 -5.176696 -86.045309
3.081674 -5.176696 -86.045309
3.081674 -5.176696 -86.045309
3.081674 -5.176696 -86.045309
3.081674 -5.176696 -86.045309
2.195262 -2.249006 -92.802552
2.195262 -2.249006 -92.802552
2.195262 -2.249006 -92.802552
2.195262 -2.249006 -92.802552
2.195262 -2.249006 -92.802552
2.195262 -2.249006 -92.802552
2.195262 -2.249006 -92.802552
-2.772952 -1.391577 -95.802849
-2.772952 -1.391577 -95.802849
-2.772952 -1.391577 -95.802849
-2.772952 -1.391577 -95.802849
-2.772952 -1.391577 -95.802849
-2.772952 -1.391577 -95.802849
-1.631420 -0.795064 -98.989208
-1.631420 -0.795064 -98.989208
-1.631420 -0.795064 -98.989208
-1.631420 -0.795064 -98.989208
-1.631420 -0.795064 -98.989208
-1.631420 -0.795064 -98.989208
-1.631420 -0.795064 -98.989208
0.041845 0.959629 -101.089730
0.041845 0.959629 -101.089730
0.041845 0.959629 -101.089730
0.041845 0.959629 -101.089730
0.041845 0.959629 -101.089730
0.041845 0.959629 -101.089730
0.832609 -4.572598 -106.624225
0.832609 -4.572598 -106.624225
0.832609 -4.572598 -106.624225
0.832609 -4.572598 -106.624225
0.832609 -4.572598 -106.624225
0.832609 -4.572598 -106.624225
1.387382 -5.793989 -109.593766
1.387382 -5.793989 -109.593766
1.387382 -5.793989 -109.593766
1.387382 -5.793989 -109.593766
1.387382 -5.793989 -109.593766
1.387382 -5.793989 -109.593766
1.387382 -5.793989 -109.593766
1.633606 -6.367296 -111.655712
1.633606 -6.367296 -111.655712
1.633606 -6.367296 -111.655712
1.633606 -6.367296 -111.655712
1.633606 -6.367296 -111.655712
1.633606 -6.367296 -111.655712
1.633606 -6.367296 -111.655712
1.916520 -6.798604 -113.179868
1.916520 -6.798604 -113.179868
1.916520 -6.798604 -113.179868
1.916520 -6.798604 -113.179868
1.916520 -6.798604 -113.179868
1.916520 -6.798604 -113.179868
2.215056 -7.220527 -114.347626
2.215056 -7.220527 -114.347626
2.215056 -7.220527 -114.347626
2.215056 -7.220527 -114.347626
2.215056 -7.220527 -114.347626
2.215056 -7.220527 -114.347626
2.215056 -7.220527 -114.347626
2.661615 -7.556947 -115.140351
2.661615 -7.556947 -115.140351
2.661615 -7.556947 -115.140351
2.661615 -7.556947 -115.140351
2.661615 -7.556947 -115.140351
2.661615 -7.556947 -115.140351
3.045967 -7.944371 -115.694307
3.045967 -7.944371 -115.694307
3.045967 -7.944371 -115.694307
3.045967 -7.944371 -115.694307
3.045967 -7.944371 -115.694307
3.045967 -7.944371 -115.694307
3.082354 -7.966262 -116.212909
