0.569809 -10.273317 -120.798248
0.531872 -10.506428 -120.063715
0.531872 -10.506428 -120.063715
0.531872 -10.506428 -120.063715
0.531872 -10.506428 -120.063715
0.531872 -10.506428 -120.063715
0.493684 -10.654523 -119.427811
0.493684 -10.654523 -119.427811
0.493684 -10.654523 -119.427811
0.493684 -10.654523 -119.427811
0.493684 -10.654523 -119.427811
0.452145 -10.745036 -118.986813
0.452145 -10.745036 -118.986813
0.452145 -10.745036 -118.986813
0.452145 -10.745036 -118.986813
0.386964 -10.796863 -118.743918
0.386964 -10.796863 -118.743918
0.386964 -10.796863 -118.743918
0.386964 -10.796863 -118.743918
0.386964 -10.796863 -118.743918
0.336235 -10.866577 -118.532852
0.336235 -10.866577 -118.532852
0.336235 -10.866577 -118.532852
