-2.023667 -14.944386 -17.887531
-1.932427 -14.970187 -18.256493
-1.932427 -14.970187 -18.256493
-1.932427 -14.970187 -18.256493
-1.932427 -14.970187 -18.256493
-1.845692 -14.981195 -18.490934
-1.845692 -14.981195 -18.490934
-1.845692 -14.981195 -18.490934
-1.845692 -14.981195 -18.490934
-1.845692 -14.981195 -18.490934
-1.266391 -14.410717 -18.612252
-1.266391 -14.410717 -18.612252
-1.266391 -14.410717 -18.612252
-1.266391 -14.410717 -18.612252
-1.266391 -14.410717 -18.612252
-1.677619 -14.899527 -18.798178
-1.677619 -14.899527 -18.798178
-1.677619 -14.899527 -18.798178
-1.677619 -14.899527 -18.798178
-1.677619 -14.899527 -18.798178
-1.646161 -14.892606 -18.910233
-1.646161 -14.892606 -18.910233
-1.646161 -14.892606 -18.910233
-1.646161 -14.892606 -18.910233
-1.646161 -14.892606 -18.910233
-1.628025 -14.906299 -18.947503
-1.628025 -14.906299 -18.947503
-1.628025 -14.906299 -18.947503
-1.628025 -14.906299 -18.947503
-1.628025 -14.906299 -18.947503
-1.604358 -14.910892 -19.002867
-1.604358 -14.910892 -19.002867
-1.604358 -14.910892 -19.002867
-1.604358 -14.910892 -19.002867
-1.604358 -14.910892 -19.002867
-1.604358 -14.910892 -19.002867
-1.559246 -14.909376 -19.016196
-1.559246 -14.909376 -19.016196
-1.559246 -14.909376 -19.016196
-1.559246 -14.909376 -19.016196
-1.556430 -14.913358 -19.037858
-1.556430 -14.913358 -19.037858
-1.556430 -14.913358 -19.037858
-1.556430 -14.913358 -19.037858
-1.556430 -14.913358 -19.037858
-1.511339 -14.920009 -18.961128
-1.511339 -14.920009 -18.961128
-1.511339 -14.920009 -18.961128
-1.511339 -14.920009 -18.961128
-1.511339 -14.920009 -18.961128
-1.511339 -14.920009 -18.961128
-1.503829 -14.929176 -19.003337
-1.503829 -14.929176 -19.003337
-1.503829 -14.929176 -19.003337
-1.503829 -14.929176 -19.003337
-1.503829 -14.929176 -19.003337
-1.535556 -14.950246 -19.107869
-1.535556 -14.950246 -19.107869
-1.535556 -14.950246 -19.107869
-1.535556 -14.950246 -19.107869
-1.535556 -14.950246 -19.107869
-3.149812 -17.358478 -19.822787
-3.149812 -17.358478 -19.822787
-3.149812 -17.358478 -19.822787
-3.149812 -17.358478 -19.822787
-3.149812 -17.358478 -19.822787
-3.377973 -31.422159 -19.556964
-3.377973 -31.422159 -19.556964
-3.377973 -31.422159 -19.556964
-3.377973 -31.422159 -19.556964
-3.377973 -31.422159 -19.556964
-3.071271 -36.159875 -19.420106
-3.071271 -36.159875 -19.420106
-3.071271 -36.159875 -19.420106
-3.071271 -36.159875 -19.420106
-3.071271 -36.159875 -19.420106
-2.750599 -37.363734 -19.307664
-2.750599 -37.363734 -19.307664
-2.750599 -37.363734 -19.307664
-2.750599 -37.363734 -19.307664
-2.750599 -37.363734 -19.307664
-2.683694 -39.669869 -19.076049
-2.683694 -39.669869 -19.076049
-2.683694 -39.669869 -19.076049
-2.683694 -39.669869 -19.076049
-2.683694 -39.669869 -19.076049
-2.805106 -40.254847 -17.760799
-2.805106 -40.254847 -17.760799
-2.805106 -40.254847 -17.760799
-2.805106 -40.254847 -17.760799
-2.805106 -40.254847 -17.760799
-2.920905 -39.965428 -15.950213
-2.920905 -39.965428 -15.950213
-2.920905 -39.965428 -15.950213
-2.920905 -39.965428 -15.950213
-3.067302 -38.835240 -12.682769
-3.067302 -38.835240 -12.682769
-3.067302 -38.835240 -12.682769
-3.067302 -38.835240 -12.682769
-3.067302 -38.835240 -12.682769
-3.192332 -39.637541 -9.157396
-3.192332 -39.637541 -9.157396
-3.192332 -39.637541 -9.157396
-3.192332 -39.637541 -9.157396
-3.134689 -39.847710 -7.834021
-3.134689 -39.847710 -7.834021
-3.134689 -39.847710 -7.834021
-3.134689 -39.847710 -7.834021
-3.134689 -39.847710 -7.834021
-3.072147 -39.968877 -8.738529
-3.072147 -39.968877 -8.738529
-3.072147 -39.968877 -8.738529
-3.072147 -39.968877 -8.738529
-3.072147 -39.968877 -8.738529
-3.043974 -40.566263 -10.856704
-3.043974 -40.566263 -10.856704
-3.043974 -40.566263 -10.856704
-3.043974 -40.566263 -10.856704
-3.043974 -40.566263 -10.856704
-3.080668 -40.815892 -10.946086
-3.080668 -40.815892 -10.946086
-3.080668 -40.815892 -10.946086
-3.080668 -40.815892 -10.946086
-3.080668 -40.815892 -10.946086
-3.175453 -40.878699 -10.914583
-3.175453 -40.878699 -10.914583
-3.175453 -40.878699 -10.914583
-3.175453 -40.878699 -10.914583
-3.175453 -40.878699 -10.914583
-3.224538 -40.806713 -10.903091
-3.224538 -40.806713 -10.903091
-3.224538 -40.806713 -10.903091
-3.224538 -40.806713 -10.903091
-3.224538 -40.806713 -10.903091
-3.196711 -40.743393 -10.834873
-3.196711 -40.743393 -10.834873
-3.196711 -40.743393 -10.834873
-3.196711 -40.743393 -10.834873
-3.227133 -40.781205 -10.805688
-3.227133 -40.781205 -10.805688
-3.227133 -40.781205 -10.805688
-3.227133 -40.781205 -10.805688
-3.227133 -40.781205 -10.805688
-3.227133 -40.781205 -10.805688
-3.260593 -41.138667 -10.787414
-3.260593 -41.138667 -10.787414
-3.260593 -41.138667 -10.787414
-3.260593 -41.138667 -10.787414
-3.260593 -41.138667 -10.787414
-3.281492 -42.930485 -10.777652
-3.281492 -42.930485 -10.777652
-3.281492 -42.930485 -10.777652
-3.281492 -42.930485 -10.777652
-3.289843 -44.959437 -10.743263
-3.289843 -44.959437 -10.743263
-3.289843 -44.959437 -10.743263
-3.289843 -44.959437 -10.743263
-3.289843 -44.959437 -10.743263
-3.350902 -45.283785 -10.771191
-3.350902 -45.283785 -10.771191
-3.350902 -45.283785 -10.771191
-3.350902 -45.283785 -10.771191
-3.350902 -45.283785 -10.771191
-3.384223 -45.176186 -11.007409
-3.384223 -45.176186 -11.007409
-3.384223 -45.176186 -11.007409
-3.384223 -45.176186 -11.007409
-3.384223 -45.176186 -11.007409
-3.408774 -45.128795 -11.087828
-3.408774 -45.128795 -11.087828
-3.408774 -45.128795 -11.087828
-3.408774 -45.128795 -11.087828
-3.408774 -45.128795 -11.087828
-3.408774 -45.128795 -11.087828
-3.418036 -45.390172 -11.330511
-3.418036 -45.390172 -11.330511
-3.418036 -45.390172 -11.330511
-3.418036 -45.390172 -11.330511
-3.434172 -45.386436 -11.385840
-3.434172 -45.386436 -11.385840
-3.434172 -45.386436 -11.385840
-3.434172 -45.386436 -11.385840
-3.434172 -45.386436 -11.385840
-3.434172 -45.386436 -11.385840
-3.444205 -45.340575 -11.523213
-3.444205 -45.340575 -11.523213
-3.444205 -45.340575 -11.523213
-3.444205 -45.340575 -11.523213
-3.444205 -45.340575 -11.523213
-3.451222 -45.341661 -11.604430
-3.451222 -45.341661 -11.604430
-3.451222 -45.341661 -11.604430
-3.451222 -45.341661 -11.604430
-3.451222 -45.341661 -11.604430
-3.447535 -45.516514 -11.691909
-3.447535 -45.516514 -11.691909
-3.447535 -45.516514 -11.691909
-3.447535 -45.516514 -11.691909
-3.447535 -45.516514 -11.691909
-3.452076 -45.452467 -11.725308
-3.452076 -45.452467 -11.725308
-3.452076 -45.452467 -11.725308
-3.452076 -45.452467 -11.725308
-3.452076 -45.452467 -11.725308
-3.452076 -45.452467 -11.725308
-3.412916 -45.498117 -11.806316
-3.412916 -45.498117 -11.806316
-3.412916 -45.498117 -11.806316
-3.412916 -45.498117 -11.806316
-3.412916 -45.498117 -11.806316
-3.332292 -45.409130 -11.736774
-3.332292 -45.409130 -11.736774
-3.332292 -45.409130 -11.736774
-3.332292 -45.409130 -11.736774
-3.329362 -45.417135 -11.723673
-3.329362 -45.417135 -11.723673
-3.329362 -45.417135 -11.723673
-3.329362 -45.417135 -11.723673
-3.329362 -45.417135 -11.723673
-3.375643 -45.426714 -11.761610
-3.375643 -45.426714 -11.761610
-3.375643 -45.426714 -11.761610
-3.375643 -45.426714 -11.761610
-3.375643 -45.426714 -11.761610
-3.383427 -45.490610 -11.781173
-3.383427 -45.490610 -11.781173
-3.383427 -45.490610 -11.781173
-3.383427 -45.490610 -11.781173
-3.359073 -45.669500 -11.755827
-3.359073 -45.669500 -11.755827
-3.359073 -45.669500 -11.755827
-3.359073 -45.669500 -11.755827
-3.359073 -45.669500 -11.755827
-3.356896 -45.480785 -11.784753
-3.356896 -45.480785 -11.784753
-3.356896 -45.480785 -11.784753
-3.356896 -45.480785 -11.784753
-3.356896 -45.480785 -11.784753
-3.356896 -45.480785 -11.784753
-3.360393 -45.536943 -11.813848
-3.360393 -45.536943 -11.813848
-3.360393 -45.536943 -11.813848
-3.360393 -45.536943 -11.813848
-3.360393 -45.536943 -11.813848
-3.347772 -45.567409 -11.817979
-3.347772 -45.567409 -11.817979
-3.347772 -45.567409 -11.817979
-3.347772 -45.567409 -11.817979
-3.347772 -45.567409 -11.817979
-3.345544 -45.378489 -11.812365
-3.345544 -45.378489 -11.812365
-3.345544 -45.378489 -11.812365
-3.345544 -45.378489 -11.812365
-3.345544 -45.378489 -11.812365
-3.341376 -45.429555 -11.724611
-3.341376 -45.429555 -11.724611
-3.341376 -45.429555 -11.724611
-3.341376 -45.429555 -11.724611
-3.341376 -45.429555 -11.724611
-3.307269 -45.447956 -11.558302
-3.307269 -45.447956 -11.558302
-3.307269 -45.447956 -11.558302
-3.307269 -45.447956 -11.558302
-3.307269 -45.447956 -11.558302
-3.262785 -45.273878 -11.543435
-3.262785 -45.273878 -11.543435
-3.262785 -45.273878 -11.543435
-3.262785 -45.273878 -11.543435
-3.262785 -45.273878 -11.543435
-3.262785 -45.273878 -11.543435
-3.192360 -45.196513 -11.446542
-3.192360 -45.196513 -11.446542
-3.192360 -45.196513 -11.446542
-3.192360 -45.196513 -11.446542
-3.192360 -45.196513 -11.446542
-3.326882 -46.776851 -11.495959
-3.326882 -46.776851 -11.495959
-3.326882 -46.776851 -11.495959
-3.326882 -46.776851 -11.495959
-3.326882 -46.776851 -11.495959
-3.480673 -48.570486 -11.408042
-3.480673 -48.570486 -11.408042
-3.480673 -48.570486 -11.408042
-3.480673 -48.570486 -11.408042
-3.480673 -48.570486 -11.408042
-3.517948 -49.546933 -11.122264
-3.517948 -49.546933 -11.122264
-3.517948 -49.546933 -11.122264
-3.517948 -49.546933 -11.122264
-3.517948 -49.546933 -11.122264
-3.705701 -51.014478 -10.591302
-3.705701 -51.014478 -10.591302
-3.705701 -51.014478 -10.591302
-3.705701 -51.014478 -10.591302
-3.705701 -51.014478 -10.591302
-3.576565 -50.553635 -10.644931
-3.576565 -50.553635 -10.644931
-3.576565 -50.553635 -10.644931
-3.576565 -50.553635 -10.644931
-3.561124 -50.604271 -10.709505
-3.561124 -50.604271 -10.709505
-3.561124 -50.604271 -10.709505
-3.561124 -50.604271 -10.709505
-3.561124 -50.604271 -10.709505
-3.561124 -50.604271 -10.709505
-3.515050 -50.696123 -10.782972
-3.515050 -50.696123 -10.782972
-3.515050 -50.696123 -10.782972
-3.515050 -50.696123 -10.782972
-3.515050 -50.696123 -10.782972
-3.523755 -50.696290 -10.835928
-3.523755 -50.696290 -10.835928
-3.523755 -50.696290 -10.835928
-3.523755 -50.696290 -10.835928
-3.500731 -50.717935 -10.873547
-3.500731 -50.717935 -10.873547
-3.500731 -50.717935 -10.873547
-3.500731 -50.717935 -10.873547
-3.500731 -50.717935 -10.873547
-3.524682 -51.027384 -11.117509
-3.524682 -51.027384 -11.117509
-3.524682 -51.027384 -11.117509
-3.524682 -51.027384 -11.117509
-3.524682 -51.027384 -11.117509
-3.595392 -52.042695 -12.125677
-3.595392 -52.042695 -12.125677
-3.595392 -52.042695 -12.125677
-3.595392 -52.042695 -12.125677
-3.595392 -52.042695 -12.125677
-3.595392 -52.042695 -12.125677
-3.809162 -53.028718 -11.025131
-3.809162 -53.028718 -11.025131
-3.809162 -53.028718 -11.025131
-3.809162 -53.028718 -11.025131
-3.809162 -53.028718 -11.025131
-3.726907 -52.762501 -11.063882
-3.726907 -52.762501 -11.063882
-3.726907 -52.762501 -11.063882
-3.726907 -52.762501 -11.063882
-3.726907 -52.762501 -11.063882
-3.776090 -52.898435 -11.065195
-3.776090 -52.898435 -11.065195
-3.776090 -52.898435 -11.065195
-3.776090 -52.898435 -11.065195
-3.776090 -52.898435 -11.065195
-3.776090 -52.898435 -11.065195
-3.686606 -52.837736 -10.739609
-3.686606 -52.837736 -10.739609
-3.686606 -52.837736 -10.739609
-3.686606 -52.837736 -10.739609
-3.610973 -52.554751 -10.785652
-3.610973 -52.554751 -10.785652
-3.610973 -52.554751 -10.785652
-3.610973 -52.554751 -10.785652
-3.610973 -52.554751 -10.785652
-3.516578 -52.367026 -10.839041
-3.516578 -52.367026 -10.839041
-3.516578 -52.367026 -10.839041
-3.516578 -52.367026 -10.839041
-3.516578 -52.367026 -10.839041
-3.516578 -52.367026 -10.839041
-3.466811 -52.408168 -10.998545
-3.466811 -52.408168 -10.998545
-3.466811 -52.408168 -10.998545
-3.466811 -52.408168 -10.998545
-3.466811 -52.408168 -10.998545
-3.497074 -52.464930 -11.017681
-3.497074 -52.464930 -11.017681
-3.497074 -52.464930 -11.017681
-3.497074 -52.464930 -11.017681
-3.497074 -52.464930 -11.017681
-3.530236 -52.621970 -10.925640
-3.530236 -52.621970 -10.925640
-3.530236 -52.621970 -10.925640
-3.530236 -52.621970 -10.925640
-3.530236 -52.621970 -10.925640
-3.444298 -52.677919 -10.627179
-3.444298 -52.677919 -10.627179
-3.444298 -52.677919 -10.627179
-3.444298 -52.677919 -10.627179
-3.444298 -52.677919 -10.627179
-3.319827 -52.359575 -10.602956
-3.319827 -52.359575 -10.602956
-3.319827 -52.359575 -10.602956
-3.319827 -52.359575 -10.602956
-3.319827 -52.359575 -10.602956
-3.272192 -52.193693 -10.609392
-3.272192 -52.193693 -10.609392
-3.272192 -52.193693 -10.609392
-3.272192 -52.193693 -10.609392
-3.272192 -52.193693 -10.609392
-3.272192 -52.193693 -10.609392
-3.343517 -52.276048 -11.055903
-3.343517 -52.276048 -11.055903
-3.343517 -52.276048 -11.055903
-3.343517 -52.276048 -11.055903
-3.363627 -52.182642 -11.049548
-3.363627 -52.182642 -11.049548
-3.363627 -52.182642 -11.049548
-3.363627 -52.182642 -11.049548
-3.363627 -52.182642 -11.049548
-3.363627 -52.182642 -11.049548
-3.343210 -52.255339 -10.869812
-3.343210 -52.255339 -10.869812
-3.343210 -52.255339 -10.869812
-3.343210 -52.255339 -10.869812
-3.288759 -51.664862 -10.689019
-3.288759 -51.664862 -10.689019
-3.288759 -51.664862 -10.689019
-3.288759 -51.664862 -10.689019
-3.288759 -51.664862 -10.689019
-3.210490 -50.869794 -10.645016
-3.210490 -50.869794 -10.645016
-3.210490 -50.869794 -10.645016
-3.210490 -50.869794 -10.645016
-3.210490 -50.869794 -10.645016
-3.159488 -50.788761 -10.610592
-3.159488 -50.788761 -10.610592
-3.159488 -50.788761 -10.610592
-3.159488 -50.788761 -10.610592
-3.159488 -50.788761 -10.610592
-3.188371 -50.826795 -10.601881
-3.188371 -50.826795 -10.601881
-3.188371 -50.826795 -10.601881
-3.188371 -50.826795 -10.601881
-3.188371 -50.826795 -10.601881
-3.194733 -50.826446 -10.554447
-3.194733 -50.826446 -10.554447
-3.194733 -50.826446 -10.554447
-3.194733 -50.826446 -10.554447
-3.194733 -50.826446 -10.554447
-3.195815 -51.003697 -10.496595
-3.195815 -51.003697 -10.496595
-3.195815 -51.003697 -10.496595
-3.195815 -51.003697 -10.496595
-3.195815 -51.003697 -10.496595
-3.177814 -50.960981 -10.212366
-3.177814 -50.960981 -10.212366
-3.177814 -50.960981 -10.212366
-3.177814 -50.960981 -10.212366
-3.177814 -50.960981 -10.212366
-3.142033 -50.886945 -10.240666
-3.142033 -50.886945 -10.240666
-3.142033 -50.886945 -10.240666
-3.142033 -50.886945 -10.240666
-3.142033 -50.886945 -10.240666
-3.170857 -50.774479 -10.233790
-3.170857 -50.774479 -10.233790
-3.170857 -50.774479 -10.233790
-3.170857 -50.774479 -10.233790
-3.170857 -50.774479 -10.233790
-3.210973 -50.689822 -10.269765
-3.210973 -50.689822 -10.269765
-3.210973 -50.689822 -10.269765
-3.210973 -50.689822 -10.269765
-3.210973 -50.689822 -10.269765
-3.177817 -50.427925 -10.179280
-3.177817 -50.427925 -10.179280
-3.177817 -50.427925 -10.179280
-3.177817 -50.427925 -10.179280
-3.177817 -50.427925 -10.179280
-3.189553 -50.404091 -10.141257
-3.189553 -50.404091 -10.141257
-3.189553 -50.404091 -10.141257
-3.189553 -50.404091 -10.141257
-3.189553 -50.404091 -10.141257
-3.178054 -49.822108 -9.960963
-3.178054 -49.822108 -9.960963
-3.178054 -49.822108 -9.960963
-3.178054 -49.822108 -9.960963
-3.178054 -49.822108 -9.960963
-3.071181 -43.483710 -9.339638
-3.071181 -43.483710 -9.339638
-3.071181 -43.483710 -9.339638
-3.071181 -43.483710 -9.339638
-3.071181 -43.483710 -9.339638
-2.690865 -26.214075 -7.910312
-2.690865 -26.214075 -7.910312
-2.690865 -26.214075 -7.910312
-2.690865 -26.214075 -7.910312
-2.690865 -26.214075 -7.910312
-1.948587 -16.544427 -8.574618
-1.948587 -16.544427 -8.574618
-1.948587 -16.544427 -8.574618
-1.948587 -16.544427 -8.574618
-1.948587 -16.544427 -8.574618
-1.948587 -16.544427 -8.574618
-1.429805 -15.308711 -9.026393
-1.429805 -15.308711 -9.026393
-1.429805 -15.308711 -9.026393
-1.429805 -15.308711 -9.026393
-1.557204 -15.136565 -9.412428
-1.557204 -15.136565 -9.412428
-1.557204 -15.136565 -9.412428
-1.557204 -15.136565 -9.412428
-1.557204 -15.136565 -9.412428
-1.557204 -15.136565 -9.412428
-1.589464 -15.036366 -9.600437
-1.589464 -15.036366 -9.600437
-1.589464 -15.036366 -9.600437
-1.589464 -15.036366 -9.600437
-1.794443 -15.177843 -9.820028
