0.682328 -6.103515 -156.217819
0.682328 -6.103515 -156.217819
0.693422 -6.249870 -155.777286
0.693422 -6.249870 -155.777286
0.693422 -6.249870 -155.777286
0.693422 -6.249870 -155.777286
0.693422 -6.249870 -155.777286
0.690208 -6.332324 -155.433591
0.690208 -6.332324 -155.433591
0.690208 -6.332324 -155.433591
0.690208 -6.332324 -155.433591
0.690208 -6.332324 -155.433591
0.678718 -6.390619 -155.185163
0.678718 -6.390619 -155.185163
0.678718 -6.390619 -155.185163
0.678718 -6.390619 -155.185163
0.678718 -6.390619 -155.185163
0.663436 -6.423010 -154.976064
0.663436 -6.423010 -154.976064
0.663436 -6.423010 -154.976064
0.663436 -6.423010 -154.976064
0.663436 -6.423010 -154.976064
0.663436 -6.423010 -154.976064
0.662984 -6.460291 -154.806005
0.662984 -6.460291 -154.806005
0.662984 -6.460291 -154.806005
0.662984 -6.460291 -154.806005
0.662984 -6.460291 -154.806005
0.651389 -6.491304 -154.671492
0.651389 -6.491304 -154.671492
0.651389 -6.491304 -154.671492
0.651389 -6.491304 -154.671492
0.651389 -6.491304 -154.671492
-4.961024 -4.610131 -154.902216
-4.961024 -4.610131 -154.902216
-4.961024 -4.610131 -154.902216
-4.961024 -4.610131 -154.902216
-4.961024 -4.610131 -154.902216
-2.732836 -3.719268 -133.769515
-2.732836 -3.719268 -133.769515
-2.732836 -3.719268 -133.769515
-2.732836 -3.719268 -133.769515
-2.732836 -3.719268 -133.769515
-1.368494 -1.207363 -120.204363
-1.368494 -1.207363 -120.204363
-1.368494 -1.207363 -120.204363
-1.368494 -1.207363 -120.204363
-1.368494 -1.207363 -120.204363
-2.127917 -0.400212 -121.590140
-2.127917 -0.400212 -121.590140
-2.127917 -0.400212 -121.590140
-2.127917 -0.400212 -121.590140
-2.127917 -0.400212 -121.590140
-1.300793 1.211513 -120.616032
-1.300793 1.211513 -120.616032
-1.300793 1.211513 -120.616032
-1.300793 1.211513 -120.616032
-1.300793 1.211513 -120.616032
-0.571928 0.203616 -117.883041
-0.571928 0.203616 -117.883041
-0.571928 0.203616 -117.883041
-0.571928 0.203616 -117.883041
-0.571928 0.203616 -117.883041
-1.251651 -1.628094 -114.950267
-1.251651 -1.628094 -114.950267
-1.251651 -1.628094 -114.950267
-1.251651 -1.628094 -114.950267
-1.251651 -1.628094 -114.950267
-1.511279 -1.994984 -114.349907
-1.511279 -1.994984 -114.349907
-1.511279 -1.994984 -114.349907
-1.511279 -1.994984 -114.349907
-1.511279 -1.994984 -114.349907
-1.511279 -1.994984 -114.349907
-0.930480 -2.553438 -113.676266
-0.930480 -2.553438 -113.676266
-0.930480 -2.553438 -113.676266
-0.930480 -2.553438 -113.676266
-0.930480 -2.553438 -113.676266
-0.528372 -3.000618 -113.432736
-0.528372 -3.000618 -113.432736
-0.528372 -3.000618 -113.432736
-0.528372 -3.000618 -113.432736
-0.528372 -3.000618 -113.432736
-0.594821 -3.122655 -113.299690
-0.594821 -3.122655 -113.299690
-0.594821 -3.122655 -113.299690
-0.594821 -3.122655 -113.299690
-0.594821 -3.122655 -113.299690
-0.446367 -3.339671 -112.894366
-0.446367 -3.339671 -112.894366
-0.446367 -3.339671 -112.894366
-0.446367 -3.339671 -112.894366
-0.446367 -3.339671 -112.894366
0.769049 -3.222074 -113.141612
0.769049 -3.222074 -113.141612
0.769049 -3.222074 -113.141612
0.769049 -3.222074 -113.141612
0.769049 -3.222074 -113.141612
10.504509 -1.651938 -110.922757
10.504509 -1.651938 -110.922757
10.504509 -1.651938 -110.922757
10.504509 -1.651938 -110.922757
10.504509 -1.651938 -110.922757
18.009889 2.326133 -100.359590
18.009889 2.326133 -100.359590
18.009889 2.326133 -100.359590
18.009889 2.326133 -100.359590
18.009889 2.326133 -100.359590
23.835149 6.025475 -89.335794
23.835149 6.025475 -89.335794
23.835149 6.025475 -89.335794
23.835149 6.025475 -89.335794
28.432291 7.811354 -81.573947
28.432291 7.811354 -81.573947
28.432291 7.811354 -81.573947
28.432291 7.811354 -81.573947
28.432291 7.811354 -81.573947
28.432291 7.811354 -81.573947
28.306981 8.576463 -74.512535
28.306981 8.576463 -74.512535
28.306981 8.576463 -74.512535
28.306981 8.576463 -74.512535
28.306981 8.576463 -74.512535
26.118160 8.485037 -68.088687
26.118160 8.485037 -68.088687
26.118160 8.485037 -68.088687
26.118160 8.485037 -68.088687
26.118160 8.485037 -68.088687
22.211336 7.822486 -61.528762
22.211336 7.822486 -61.528762
22.211336 7.822486 -61.528762
22.211336 7.822486 -61.528762
22.211336 7.822486 -61.528762
14.535375 5.860794 -55.462478
14.535375 5.860794 -55.462478
14.535375 5.860794 -55.462478
14.535375 5.860794 -55.462478
14.535375 5.860794 -55.462478
6.133198 2.413037 -55.081538
6.133198 2.413037 -55.081538
6.133198 2.413037 -55.081538
6.133198 2.413037 -55.081538
6.133198 2.413037 -55.081538
2.910105 -1.900178 -69.787772
2.910105 -1.900178 -69.787772
2.910105 -1.900178 -69.787772
2.910105 -1.900178 -69.787772
2.910105 -1.900178 -69.787772
-0.716235 -3.717819 -82.498877
-0.716235 -3.717819 -82.498877
-0.716235 -3.717819 -82.498877
-0.716235 -3.717819 -82.498877
-0.716235 -3.717819 -82.498877
-1.289952 -3.923554 -92.620009
-1.289952 -3.923554 -92.620009
-1.289952 -3.923554 -92.620009
-1.289952 -3.923554 -92.620009
-1.289952 -3.923554 -92.620009
-1.324919 -4.228819 -100.219188
-1.324919 -4.228819 -100.219188
-1.324919 -4.228819 -100.219188
-1.324919 -4.228819 -100.219188
-1.324919 -4.228819 -100.219188
-1.826810 -4.155619 -105.650821
-1.826810 -4.155619 -105.650821
-1.826810 -4.155619 -105.650821
-1.826810 -4.155619 -105.650821
-1.826810 -4.155619 -105.650821
-1.826810 -4.155619 -105.650821
-0.960969 -6.583976 -108.328344
-0.960969 -6.583976 -108.328344
-0.960969 -6.583976 -108.328344
-0.960969 -6.583976 -108.328344
-0.960969 -6.583976 -108.328344
0.685642 -11.536105 -112.267034
0.685642 -11.536105 -112.267034
0.685642 -11.536105 -112.267034
0.685642 -11.536105 -112.267034
0.685642 -11.536105 -112.267034
0.522699 -14.296674 -115.116924
0.522699 -14.296674 -115.116924
0.522699 -14.296674 -115.116924
0.522699 -14.296674 -115.116924
0.522699 -14.296674 -115.116924
0.121015 -12.340001 -113.535591
0.121015 -12.340001 -113.535591
0.121015 -12.340001 -113.535591
0.121015 -12.340001 -113.535591
-0.051560 -11.495911 -114.254298
-0.051560 -11.495911 -114.254298
-0.051560 -11.495911 -114.254298
-0.051560 -11.495911 -114.254298
-0.051560 -11.495911 -114.254298
0.915259 -11.478832 -114.424834
0.915259 -11.478832 -114.424834
0.915259 -11.478832 -114.424834
0.915259 -11.478832 -114.424834
0.537336 -10.682816 -113.836550
0.537336 -10.682816 -113.836550
0.537336 -10.682816 -113.836550
0.537336 -10.682816 -113.836550
0.537336 -10.682816 -113.836550
1.131688 -10.567181 -114.904997
1.131688 -10.567181 -114.904997
1.131688 -10.567181 -114.904997
1.131688 -10.567181 -114.904997
1.131688 -10.567181 -114.904997
-0.772515 -5.882730 -113.113766
-0.772515 -5.882730 -113.113766
-0.772515 -5.882730 -113.113766
-0.772515 -5.882730 -113.113766
-0.772515 -5.882730 -113.113766
-3.416908 -4.402699 -112.395647
-3.416908 -4.402699 -112.395647
-3.416908 -4.402699 -112.395647
-3.416908 -4.402699 -112.395647
-3.416908 -4.402699 -112.395647
-1.820097 -2.422920 -115.698132
-1.820097 -2.422920 -115.698132
-1.820097 -2.422920 -115.698132
-1.820097 -2.422920 -115.698132
-1.820097 -2.422920 -115.698132
-1.820097 -2.422920 -115.698132
-1.569543 -2.370477 -115.566336
-1.569543 -2.370477 -115.566336
-1.569543 -2.370477 -115.566336
-1.569543 -2.370477 -115.566336
-1.569543 -2.370477 -115.566336
-1.503725 -2.045322 -115.279236
-1.503725 -2.045322 -115.279236
-1.503725 -2.045322 -115.279236
-1.503725 -2.045322 -115.279236
-1.503725 -2.045322 -115.279236
8.432790 -1.344179 -113.097052
8.432790 -1.344179 -113.097052
8.432790 -1.344179 -113.097052
8.432790 -1.344179 -113.097052
8.432790 -1.344179 -113.097052
20.201507 4.692544 -98.438292
20.201507 4.692544 -98.438292
20.201507 4.692544 -98.438292
20.201507 4.692544 -98.438292
20.201507 4.692544 -98.438292
27.325388 8.916654 -87.229630
27.325388 8.916654 -87.229630
27.325388 8.916654 -87.229630
27.325388 8.916654 -87.229630
27.325388 8.916654 -87.229630
32.204851 11.611522 -79.032092
32.204851 11.611522 -79.032092
32.204851 11.611522 -79.032092
32.204851 11.611522 -79.032092
32.204851 11.611522 -79.032092
30.887748 12.564311 -72.320598
30.887748 12.564311 -72.320598
30.887748 12.564311 -72.320598
30.887748 12.564311 -72.320598
30.887748 12.564311 -72.320598
26.655693 13.291529 -66.049521
26.655693 13.291529 -66.049521
26.655693 13.291529 -66.049521
26.655693 13.291529 -66.049521
26.655693 13.291529 -66.049521
19.022581 12.083101 -61.239169
19.022581 12.083101 -61.239169
19.022581 12.083101 -61.239169
19.022581 12.083101 -61.239169
19.022581 12.083101 -61.239169
12.855183 8.892679 -55.935319
12.855183 8.892679 -55.935319
12.855183 8.892679 -55.935319
12.855183 8.892679 -55.935319
12.855183 8.892679 -55.935319
7.654684 5.810304 -50.472947
7.654684 5.810304 -50.472947
7.654684 5.810304 -50.472947
7.654684 5.810304 -50.472947
7.654684 5.810304 -50.472947
5.145430 2.186604 -56.454034
5.145430 2.186604 -56.454034
5.145430 2.186604 -56.454034
5.145430 2.186604 -56.454034
5.145430 2.186604 -56.454034
1.557778 0.548828 -70.343012
1.557778 0.548828 -70.343012
1.557778 0.548828 -70.343012
1.557778 0.548828 -70.343012
1.557778 0.548828 -70.343012
5.777612 1.765604 -78.858338
5.777612 1.765604 -78.858338
5.777612 1.765604 -78.858338
5.777612 1.765604 -78.858338
5.777612 1.765604 -78.858338
20.152376 8.821538 -66.820943
20.152376 8.821538 -66.820943
20.152376 8.821538 -66.820943
20.152376 8.821538 -66.820943
20.152376 8.821538 -66.820943
24.238960 13.249722 -53.231062
24.238960 13.249722 -53.231062
24.238960 13.249722 -53.231062
24.238960 13.249722 -53.231062
24.238960 13.249722 -53.231062
23.331774 14.404558 -43.884915
23.331774 14.404558 -43.884915
23.331774 14.404558 -43.884915
23.331774 14.404558 -43.884915
23.331774 14.404558 -43.884915
18.261619 13.892588 -35.503344
18.261619 13.892588 -35.503344
18.261619 13.892588 -35.503344
18.261619 13.892588 -35.503344
18.261619 13.892588 -35.503344
18.261619 13.892588 -35.503344
9.023108 9.799742 -29.164604
9.023108 9.799742 -29.164604
9.023108 9.799742 -29.164604
9.023108 9.799742 -29.164604
0.631956 5.432031 -28.253634
0.631956 5.432031 -28.253634
0.631956 5.432031 -28.253634
0.631956 5.432031 -28.253634
0.631956 5.432031 -28.253634
0.343151 2.928265 -41.864323
0.343151 2.928265 -41.864323
0.343151 2.928265 -41.864323
0.343151 2.928265 -41.864323
0.343151 2.928265 -41.864323
0.762129 1.424801 -57.876455
0.762129 1.424801 -57.876455
0.762129 1.424801 -57.876455
0.762129 1.424801 -57.876455
0.762129 1.424801 -57.876455
0.762129 1.424801 -57.876455
0.884072 0.531306 -71.006449
0.884072 0.531306 -71.006449
0.884072 0.531306 -71.006449
0.884072 0.531306 -71.006449
0.884072 0.531306 -71.006449
0.927399 0.372849 -80.781952
0.927399 0.372849 -80.781952
0.927399 0.372849 -80.781952
0.927399 0.372849 -80.781952
0.927399 0.372849 -80.781952
0.854328 0.145358 -88.319141
0.854328 0.145358 -88.319141
0.854328 0.145358 -88.319141
0.854328 0.145358 -88.319141
0.854328 0.145358 -88.319141
0.731741 0.499575 -93.251842
0.731741 0.499575 -93.251842
0.731741 0.499575 -93.251842
0.731741 0.499575 -93.251842
0.731741 0.499575 -93.251842
11.353761 1.735952 -94.307400
11.353761 1.735952 -94.307400
11.353761 1.735952 -94.307400
11.353761 1.735952 -94.307400
11.353761 1.735952 -94.307400
11.353761 1.735952 -94.307400
22.464615 6.840811 -80.574977
22.464615 6.840811 -80.574977
22.464615 6.840811 -80.574977
22.464615 6.840811 -80.574977
22.464615 6.840811 -80.574977
27.721291 11.238325 -68.596471
27.721291 11.238325 -68.596471
27.721291 11.238325 -68.596471
27.721291 11.238325 -68.596471
27.721291 11.238325 -68.596471
24.908044 12.897094 -60.311185
24.908044 12.897094 -60.311185
24.908044 12.897094 -60.311185
24.908044 12.897094 -60.311185
13.934953 9.543853 -54.497946
13.934953 9.543853 -54.497946
13.934953 9.543853 -54.497946
13.934953 9.543853 -54.497946
13.934953 9.543853 -54.497946
3.556347 5.432140 -55.145086
3.556347 5.432140 -55.145086
3.556347 5.432140 -55.145086
3.556347 5.432140 -55.145086
3.556347 5.432140 -55.145086
2.037268 2.277010 -70.143420
2.037268 2.277010 -70.143420
2.037268 2.277010 -70.143420
2.037268 2.277010 -70.143420
2.037268 2.277010 -70.143420
1.854777 1.030810 -81.315472
1.854777 1.030810 -81.315472
1.854777 1.030810 -81.315472
1.854777 1.030810 -81.315472
1.854777 1.030810 -81.315472
1.684325 0.090226 -89.159357
1.684325 0.090226 -89.159357
1.684325 0.090226 -89.159357
1.684325 0.090226 -89.159357
1.684325 0.090226 -89.159357
2.287059 0.204389 -95.032302
2.287059 0.204389 -95.032302
2.287059 0.204389 -95.032302
2.287059 0.204389 -95.032302
2.287059 0.204389 -95.032302
2.481093 -0.143838 -99.019998
2.481093 -0.143838 -99.019998
2.481093 -0.143838 -99.019998
2.481093 -0.143838 -99.019998
2.481093 -0.143838 -99.019998
2.644747 -0.379120 -101.964254
2.644747 -0.379120 -101.964254
2.644747 -0.379120 -101.964254
2.644747 -0.379120 -101.964254
2.644747 -0.379120 -101.964254
2.644747 -0.379120 -101.964254
2.528155 -0.983747 -103.986092
2.528155 -0.983747 -103.986092
2.528155 -0.983747 -103.986092
2.528155 -0.983747 -103.986092
2.528155 -0.983747 -103.986092
2.391428 -1.079955 -105.899993
2.391428 -1.079955 -105.899993
2.391428 -1.079955 -105.899993
2.391428 -1.079955 -105.899993
2.391428 -1.079955 -105.899993
2.449548 -1.320429 -107.424382
2.449548 -1.320429 -107.424382
2.449548 -1.320429 -107.424382
2.449548 -1.320429 -107.424382
2.449548 -1.320429 -107.424382
3.288228 -8.231230 -108.531624
3.288228 -8.231230 -108.531624
3.288228 -8.231230 -108.531624
3.288228 -8.231230 -108.531624
3.288228 -8.231230 -108.531624
4.050402 -26.846313 -108.827747
4.050402 -26.846313 -108.827747
4.050402 -26.846313 -108.827747
4.050402 -26.846313 -108.827747
4.050402 -26.846313 -108.827747
5.656691 -39.131516 -107.316308
5.656691 -39.131516 -107.316308
5.656691 -39.131516 -107.316308
5.656691 -39.131516 -107.316308
5.656691 -39.131516 -107.316308
7.224099 -45.581448 -105.889898
7.224099 -45.581448 -105.889898
7.224099 -45.581448 -105.889898
7.224099 -45.581448 -105.889898
7.224099 -45.581448 -105.889898
7.321261 -45.263612 -104.557847
7.321261 -45.263612 -104.557847
7.321261 -45.263612 -104.557847
7.321261 -45.263612 -104.557847
7.321261 -45.263612 -104.557847
6.944833 -39.531123 -103.761618
6.944833 -39.531123 -103.761618
6.944833 -39.531123 -103.761618
6.944833 -39.531123 -103.761618
6.944833 -39.531123 -103.761618
6.944833 -39.531123 -103.761618
5.074548 -24.288621 -104.256219
5.074548 -24.288621 -104.256219
5.074548 -24.288621 -104.256219
5.074548 -24.288621 -104.256219
5.074548 -24.288621 -104.256219
4.209871 -9.569952 -107.571668
4.209871 -9.569952 -107.571668
4.209871 -9.569952 -107.571668
4.209871 -9.569952 -107.571668
4.209871 -9.569952 -107.571668
4.019781 -2.746117 -110.949115
4.019781 -2.746117 -110.949115
4.019781 -2.746117 -110.949115
4.019781 -2.746117 -110.949115
4.019781 -2.746117 -110.949115
3.996304 -1.583707 -113.322114
3.996304 -1.583707 -113.322114
3.996304 -1.583707 -113.322114
3.996304 -1.583707 -113.322114
3.996304 -1.583707 -113.322114
3.941896 -1.827774 -115.119191
3.941896 -1.827774 -115.119191
3.941896 -1.827774 -115.119191
3.941896 -1.827774 -115.119191
3.941896 -1.827774 -115.119191
3.994993 -1.771298 -115.921793
3.994993 -1.771298 -115.921793
3.994993 -1.771298 -115.921793
3.994993 -1.771298 -115.921793
3.994993 -1.771298 -115.921793
3.994993 -1.771298 -115.921793
2.639086 -1.158172 -116.935106
2.639086 -1.158172 -116.935106
2.639086 -1.158172 -116.935106
2.639086 -1.158172 -116.935106
2.639086 -1.158172 -116.935106
-0.060899 -0.190986 -115.746421
-0.060899 -0.190986 -115.746421
-0.060899 -0.190986 -115.746421
-0.060899 -0.190986 -115.746421
-0.060899 -0.190986 -115.746421
4.964363 -0.510278 -115.311639
4.964363 -0.510278 -115.311639
4.964363 -0.510278 -115.311639
4.964363 -0.510278 -115.311639
4.964363 -0.510278 -115.311639
3.110054 0.950964 -115.789479
3.110054 0.950964 -115.789479
3.110054 0.950964 -115.789479
3.110054 0.950964 -115.789479
3.110054 0.950964 -115.789479
4.472350 -6.406897 -114.542150
4.472350 -6.406897 -114.542150
4.472350 -6.406897 -114.542150
4.472350 -6.406897 -114.542150
4.472350 -6.406897 -114.542150
5.404295 -27.032910 -112.208568
5.404295 -27.032910 -112.208568
5.404295 -27.032910 -112.208568
5.404295 -27.032910 -112.208568
7.058488 -44.951592 -108.296761
7.058488 -44.951592 -108.296761
7.058488 -44.951592 -108.296761
7.058488 -44.951592 -108.296761
7.058488 -44.951592 -108.296761
10.284848 -53.981850 -104.486328
10.284848 -53.981850 -104.486328
10.284848 -53.981850 -104.486328
10.284848 -53.981850 -104.486328
10.284848 -53.981850 -104.486328
10.381253 -50.391633 -102.548317
10.381253 -50.391633 -102.548317
10.381253 -50.391633 -102.548317
10.381253 -50.391633 -102.548317
10.381253 -50.391633 -102.548317
10.381253 -50.391633 -102.548317
6.129618 -19.023525 -101.438514
6.129618 -19.023525 -101.438514
6.129618 -19.023525 -101.438514
6.129618 -19.023525 -101.438514
6.129618 -19.023525 -101.438514
5.200165 -4.718814 -102.808670
5.200165 -4.718814 -102.808670
5.200165 -4.718814 -102.808670
5.200165 -4.718814 -102.808670
5.200165 -4.718814 -102.808670
4.422725 -0.213875 -105.157101
4.422725 -0.213875 -105.157101
4.422725 -0.213875 -105.157101
4.422725 -0.213875 -105.157101
4.422725 -0.213875 -105.157101
3.635104 0.505648 -107.166256
3.635104 0.505648 -107.166256
3.635104 0.505648 -107.166256
3.635104 0.505648 -107.166256
3.635104 0.505648 -107.166256
4.320118 -0.154809 -108.943252
4.320118 -0.154809 -108.943252
4.320118 -0.154809 -108.943252
4.320118 -0.154809 -108.943252
4.320118 -0.154809 -108.943252
3.573537 -0.296365 -109.812667
3.573537 -0.296365 -109.812667
3.573537 -0.296365 -109.812667
3.573537 -0.296365 -109.812667
3.573537 -0.296365 -109.812667
3.234591 -0.194915 -110.905347
3.234591 -0.194915 -110.905347
3.234591 -0.194915 -110.905347
3.234591 -0.194915 -110.905347
3.234591 -0.194915 -110.905347
3.570989 -0.825554 -111.870234
3.570989 -0.825554 -111.870234
3.570989 -0.825554 -111.870234
3.570989 -0.825554 -111.870234
3.570989 -0.825554 -111.870234
3.745831 -0.785590 -112.404246
3.745831 -0.785590 -112.404246
3.745831 -0.785590 -112.404246
3.745831 -0.785590 -112.404246
3.745831 -0.785590 -112.404246
3.994968 -1.101851 -113.495560
3.994968 -1.101851 -113.495560
3.994968 -1.101851 -113.495560
3.994968 -1.101851 -113.495560
3.994968 -1.101851 -113.495560
4.056224 -12.074068 -114.074930
4.056224 -12.074068 -114.074930
4.056224 -12.074068 -114.074930
4.056224 -12.074068 -114.074930
4.056224 -12.074068 -114.074930
6.529850 -38.524145 -111.097467
6.529850 -38.524145 -111.097467
6.529850 -38.524145 -111.097467
6.529850 -38.524145 -111.097467
9.778582 -50.104273 -107.255089
9.778582 -50.104273 -107.255089
9.778582 -50.104273 -107.255089
9.778582 -50.104273 -107.255089
9.778582 -50.104273 -107.255089
9.778582 -50.104273 -107.255089
13.081181 -56.662823 -104.433470
13.081181 -56.662823 -104.433470
13.081181 -56.662823 -104.433470
13.081181 -56.662823 -104.433470
12.355908 -45.195393 -101.860722
12.355908 -45.195393 -101.860722
12.355908 -45.195393 -101.860722
12.355908 -45.195393 -101.860722
12.355908 -45.195393 -101.860722
9.324898 -12.888147 -96.558180
9.324898 -12.888147 -96.558180
9.324898 -12.888147 -96.558180
9.324898 -12.888147 -96.558180
9.324898 -12.888147 -96.558180
7.724260 -1.582000 -94.730926
7.724260 -1.582000 -94.730926
7.724260 -1.582000 -94.730926
7.724260 -1.582000 -94.730926
7.724260 -1.582000 -94.730926
6.394251 2.121918 -95.175599
6.394251 2.121918 -95.175599
6.394251 2.121918 -95.175599
6.394251 2.121918 -95.175599
6.394251 2.121918 -95.175599
6.394251 2.121918 -95.175599
5.525843 2.289464 -96.322155
5.525843 2.289464 -96.322155
5.525843 2.289464 -96.322155
5.525843 2.289464 -96.322155
5.525843 2.289464 -96.322155
4.490666 0.944907 -97.600214
4.490666 0.944907 -97.600214
4.490666 0.944907 -97.600214
4.490666 0.944907 -97.600214
3.552177 0.633553 -99.161848
3.552177 0.633553 -99.161848
3.552177 0.633553 -99.161848
3.552177 0.633553 -99.161848
3.552177 0.633553 -99.161848
2.784951 0.216647 -99.843630
2.784951 0.216647 -99.843630
2.784951 0.216647 -99.843630
2.784951 0.216647 -99.843630
2.784951 0.216647 -99.843630
2.619931 0.126451 -100.354890
2.619931 0.126451 -100.354890
2.619931 0.126451 -100.354890
2.619931 0.126451 -100.354890
2.619931 0.126451 -100.354890
2.283396 0.366562 -100.561265
2.283396 0.366562 -100.561265
2.283396 0.366562 -100.561265
2.283396 0.366562 -100.561265
2.156835 -1.312608 -96.316309
2.156835 -1.312608 -96.316309
2.156835 -1.312608 -96.316309
2.156835 -1.312608 -96.316309
2.156835 -1.312608 -96.316309
2.375752 -1.713405 -80.354553
2.375752 -1.713405 -80.354553
2.375752 -1.713405 -80.354553
2.375752 -1.713405 -80.354553
2.375752 -1.713405 -80.354553
3.405969 -2.800905 -60.505244
3.405969 -2.800905 -60.505244
3.405969 -2.800905 -60.505244
3.405969 -2.800905 -60.505244
3.405969 -2.800905 -60.505244
3.675010 -2.333406 -42.059338
3.675010 -2.333406 -42.059338
3.675010 -2.333406 -42.059338
3.675010 -2.333406 -42.059338
3.675010 -2.333406 -42.059338
4.375004 -2.860347 -26.913198
4.375004 -2.860347 -26.913198
4.375004 -2.860347 -26.913198
4.375004 -2.860347 -26.913198
4.375004 -2.860347 -26.913198
3.439064 -2.104619 -18.438931
3.439064 -2.104619 -18.438931
3.439064 -2.104619 -18.438931
3.439064 -2.104619 -18.438931
3.439064 -2.104619 -18.438931
2.632558 -1.929293 -33.526335
2.632558 -1.929293 -33.526335
2.632558 -1.929293 -33.526335
2.632558 -1.929293 -33.526335
2.632558 -1.929293 -33.526335
2.553422 -3.138024 -53.719636
2.553422 -3.138024 -53.719636
2.553422 -3.138024 -53.719636
2.553422 -3.138024 -53.719636
2.553422 -3.138024 -53.719636
1.658702 -3.642256 -69.647480
1.658702 -3.642256 -69.647480
1.658702 -3.642256 -69.647480
1.658702 -3.642256 -69.647480
1.658702 -3.642256 -69.647480
1.698247 -3.164044 -81.581391
1.698247 -3.164044 -81.581391
1.698247 -3.164044 -81.581391
1.698247 -3.164044 -81.581391
1.698247 -3.164044 -81.581391
1.301059 -3.517686 -90.943081
1.301059 -3.517686 -90.943081
1.301059 -3.517686 -90.943081
1.301059 -3.517686 -90.943081
1.301059 -3.517686 -90.943081
1.301059 -3.517686 -90.943081
0.917400 -4.898902 -94.701270
0.917400 -4.898902 -94.701270
0.917400 -4.898902 -94.701270
0.917400 -4.898902 -94.701270
0.917400 -4.898902 -94.701270
1.166884 -6.047355 -95.271693
1.166884 -6.047355 -95.271693
1.166884 -6.047355 -95.271693
1.166884 -6.047355 -95.271693
1.166884 -6.047355 -95.271693
1.587556 -6.744039 -93.941869
1.587556 -6.744039 -93.941869
1.587556 -6.744039 -93.941869
1.587556 -6.744039 -93.941869
1.587556 -6.744039 -93.941869
2.993896 -7.275737 -86.280234
2.993896 -7.275737 -86.280234
2.993896 -7.275737 -86.280234
2.993896 -7.275737 -86.280234
2.993896 -7.275737 -86.280234
3.631345 -5.639802 -76.199250
3.631345 -5.639802 -76.199250
3.631345 -5.639802 -76.199250
3.631345 -5.639802 -76.199250
3.631345 -5.639802 -76.199250
2.521751 -3.751590 -85.886487
2.521751 -3.751590 -85.886487
2.521751 -3.751590 -85.886487
2.521751 -3.751590 -85.886487
2.273922 -3.418889 -98.178423
2.273922 -3.418889 -98.178423
2.273922 -3.418889 -98.178423
2.273922 -3.418889 -98.178423
2.273922 -3.418889 -98.178423
2.273922 -3.418889 -98.178423
2.302528 -3.670825 -102.804640
2.302528 -3.670825 -102.804640
2.302528 -3.670825 -102.804640
2.302528 -3.670825 -102.804640
2.302528 -3.670825 -102.804640
2.077098 -4.910608 -101.639690
2.077098 -4.910608 -101.639690
2.077098 -4.910608 -101.639690
2.077098 -4.910608 -101.639690
2.077098 -4.910608 -101.639690
2.033490 -5.199074 -98.751381
2.033490 -5.199074 -98.751381
2.033490 -5.199074 -98.751381
2.033490 -5.199074 -98.751381
2.033490 -5.199074 -98.751381
1.796929 -4.995090 -90.970969
1.796929 -4.995090 -90.970969
1.796929 -4.995090 -90.970969
1.796929 -4.995090 -90.970969
1.796929 -4.995090 -90.970969
1.796929 -4.995090 -90.970969
2.151812 -5.007572 -83.234639
2.151812 -5.007572 -83.234639
2.151812 -5.007572 -83.234639
2.151812 -5.007572 -83.234639
2.151812 -5.007572 -83.234639
1.630476 -3.547512 -87.979073
1.630476 -3.547512 -87.979073
1.630476 -3.547512 -87.979073
1.630476 -3.547512 -87.979073
1.630476 -3.547512 -87.979073
0.659287 -3.985391 -97.749849
0.659287 -3.985391 -97.749849
0.659287 -3.985391 -97.749849
0.659287 -3.985391 -97.749849
0.659287 -3.985391 -97.749849
0.440962 -3.948115 -100.017875
0.440962 -3.948115 -100.017875
0.440962 -3.948115 -100.017875
0.440962 -3.948115 -100.017875
0.440962 -3.948115 -100.017875
2.121334 -1.952615 -99.771770
2.121334 -1.952615 -99.771770
2.121334 -1.952615 -99.771770
2.121334 -1.952615 -99.771770
2.121334 -1.952615 -99.771770
0.709728 3.085889 -101.376338
0.709728 3.085889 -101.376338
0.709728 3.085889 -101.376338
0.709728 3.085889 -101.376338
0.709728 3.085889 -101.376338
-0.230537 3.364393 -104.264204
-0.230537 3.364393 -104.264204
-0.230537 3.364393 -104.264204
-0.230537 3.364393 -104.264204
-0.230537 3.364393 -104.264204
0.843927 1.054925 -106.822738
0.843927 1.054925 -106.822738
0.843927 1.054925 -106.822738
0.843927 1.054925 -106.822738
0.843927 1.054925 -106.822738
1.205082 -2.531462 -110.473269
1.205082 -2.531462 -110.473269
1.205082 -2.531462 -110.473269
1.205082 -2.531462 -110.473269
1.205082 -2.531462 -110.473269
-0.426263 -2.617019 -108.944523
-0.426263 -2.617019 -108.944523
-0.426263 -2.617019 -108.944523
-0.426263 -2.617019 -108.944523
-0.426263 -2.617019 -108.944523
-1.916061 -2.726123 -109.499223
-1.916061 -2.726123 -109.499223
-1.916061 -2.726123 -109.499223
-1.916061 -2.726123 -109.499223
-1.916061 -2.726123 -109.499223
-1.169565 -2.537452 -107.906860
-1.169565 -2.537452 -107.906860
-1.169565 -2.537452 -107.906860
-1.169565 -2.537452 -107.906860
-1.169565 -2.537452 -107.906860
0.908151 -0.466781 -105.632632
0.908151 -0.466781 -105.632632
0.908151 -0.466781 -105.632632
0.908151 -0.466781 -105.632632
0.908151 -0.466781 -105.632632
3.027023 -5.265620 -102.217312
3.027023 -5.265620 -102.217312
3.027023 -5.265620 -102.217312
3.027023 -5.265620 -102.217312
3.027023 -5.265620 -102.217312
-1.911758 -4.493835 -102.737267
-1.911758 -4.493835 -102.737267
-1.911758 -4.493835 -102.737267
-1.911758 -4.493835 -102.737267
-1.223658 -3.492641 -101.491878
-1.223658 -3.492641 -101.491878
-1.223658 -3.492641 -101.491878
-1.223658 -3.492641 -101.491878
-1.223658 -3.492641 -101.491878
-0.987757 -1.765697 -100.122746
-0.987757 -1.765697 -100.122746
-0.987757 -1.765697 -100.122746
-0.987757 -1.765697 -100.122746
-0.987757 -1.765697 -100.122746
-0.987757 -1.765697 -100.122746
0.370798 -1.448366 -99.772740
0.370798 -1.448366 -99.772740
0.370798 -1.448366 -99.772740
0.370798 -1.448366 -99.772740
0.370798 -1.448366 -99.772740
0.823133 -1.021461 -99.435690
0.823133 -1.021461 -99.435690
0.823133 -1.021461 -99.435690
0.823133 -1.021461 -99.435690
0.823133 -1.021461 -99.435690
1.200908 -1.337885 -99.256500
1.200908 -1.337885 -99.256500
1.200908 -1.337885 -99.256500
1.200908 -1.337885 -99.256500
1.200908 -1.337885 -99.256500
1.670317 -1.863545 -100.719035
1.670317 -1.863545 -100.719035
1.670317 -1.863545 -100.719035
1.670317 -1.863545 -100.719035
1.670317 -1.863545 -100.719035
1.288522 -1.286970 -100.817103
1.288522 -1.286970 -100.817103
1.288522 -1.286970 -100.817103
1.288522 -1.286970 -100.817103
1.288522 -1.286970 -100.817103
0.707772 -0.501799 -100.069190
0.707772 -0.501799 -100.069190
0.707772 -0.501799 -100.069190
0.707772 -0.501799 -100.069190
0.707772 -0.501799 -100.069190
1.006027 -0.167531 -100.121093
1.006027 -0.167531 -100.121093
1.006027 -0.167531 -100.121093
1.006027 -0.167531 -100.121093
1.006027 -0.167531 -100.121093
1.006027 -0.167531 -100.121093
0.619661 -0.343867 -100.236742
0.619661 -0.343867 -100.236742
0.619661 -0.343867 -100.236742
0.619661 -0.343867 -100.236742
0.619661 -0.343867 -100.236742
0.170176 -0.408531 -100.385818
0.170176 -0.408531 -100.385818
0.170176 -0.408531 -100.385818
0.170176 -0.408531 -100.385818
0.170176 -0.408531 -100.385818
-0.114222 -0.826495 -100.415447
-0.114222 -0.826495 -100.415447
-0.114222 -0.826495 -100.415447
-0.114222 -0.826495 -100.415447
-0.114222 -0.826495 -100.415447
-1.527180 -0.109826 -100.310194
-1.527180 -0.109826 -100.310194
-1.527180 -0.109826 -100.310194
-1.527180 -0.109826 -100.310194
-1.527180 -0.109826 -100.310194
-6.963846 -3.753890 -110.337321
-6.963846 -3.753890 -110.337321
-6.963846 -3.753890 -110.337321
-6.963846 -3.753890 -110.337321
-6.963846 -3.753890 -110.337321
-7.900439 4.456631 -145.271881
-7.900439 4.456631 -145.271881
-7.900439 4.456631 -145.271881
-7.900439 4.456631 -145.271881
-7.900439 4.456631 -145.271881
-7.900439 4.456631 -145.271881
-4.925705 8.766362 -159.668868
-4.925705 8.766362 -159.668868
-4.925705 8.766362 -159.668868
-4.925705 8.766362 -159.668868
-4.925705 8.766362 -159.668868
-0.360953 -5.829783 -164.575922
-0.360953 -5.829783 -164.575922
-0.360953 -5.829783 -164.575922
-0.360953 -5.829783 -164.575922
-0.360953 -5.829783 -164.575922
0.311916 -5.806267 -162.759501
0.311916 -5.806267 -162.759501
0.311916 -5.806267 -162.759501
0.311916 -5.806267 -162.759501
0.311916 -5.806267 -162.759501
0.311916 -5.806267 -162.759501
0.653417 -6.506892 -161.740656
0.653417 -6.506892 -161.740656
0.653417 -6.506892 -161.740656
0.653417 -6.506892 -161.740656
0.653417 -6.506892 -161.740656
0.856705 -6.982659 -160.875079
0.856705 -6.982659 -160.875079
0.856705 -6.982659 -160.875079
0.856705 -6.982659 -160.875079
0.856705 -6.982659 -160.875079
0.856705 -6.982659 -160.875079
0.960283 -7.289542 -160.348267
0.960283 -7.289542 -160.348267
0.960283 -7.289542 -160.348267
0.960283 -7.289542 -160.348267
0.960283 -7.289542 -160.348267
1.001060 -7.454150 -159.943483
1.001060 -7.454150 -159.943483
1.001060 -7.454150 -159.943483
1.001060 -7.454150 -159.943483
1.013217 -7.641342 -159.626712
1.013217 -7.641342 -159.626712
1.013217 -7.641342 -159.626712
1.013217 -7.641342 -159.626712
1.013217 -7.641342 -159.626712
1.013217 -7.641342 -159.626712
1.063748 -7.938519 -159.407941
1.063748 -7.938519 -159.407941
1.063748 -7.938519 -159.407941
1.063748 -7.938519 -159.407941
1.063748 -7.938519 -159.407941
1.059100 -8.097324 -159.283618
1.059100 -8.097324 -159.283618
1.059100 -8.097324 -159.283618
1.059100 -8.097324 -159.283618
1.059100 -8.097324 -159.283618
1.050912 -8.313365 -159.187080
1.050912 -8.313365 -159.187080
1.050912 -8.313365 -159.187080
1.050912 -8.313365 -159.187080
1.050912 -8.313365 -159.187080
1.049744 -8.488358 -159.112098
1.049744 -8.488358 -159.112098
1.049744 -8.488358 -159.112098
1.049744 -8.488358 -159.112098
1.049744 -8.488358 -159.112098
1.070414 -8.802178 -159.070243
1.070414 -8.802178 -159.070243
1.070414 -8.802178 -159.070243
1.070414 -8.802178 -159.070243
1.070414 -8.802178 -159.070243
1.088969 -9.084006 -159.071131
1.088969 -9.084006 -159.071131
1.088969 -9.084006 -159.071131
1.088969 -9.084006 -159.071131
1.088969 -9.084006 -159.071131
1.084938 -9.226263 -159.083753
1.084938 -9.226263 -159.083753
1.084938 -9.226263 -159.083753
1.084938 -9.226263 -159.083753
1.084938 -9.226263 -159.083753
1.084938 -9.226263 -159.083753
1.084938 -9.226263 -159.083753
1.079438 -9.264497 -159.096061
1.079438 -9.264497 -159.096061
1.079438 -9.264497 -159.096061
1.079438 -9.264497 -159.096061
1.079438 -9.264497 -159.096061
1.079438 -9.264497 -159.096061
1.079438 -9.264497 -159.096061
1.076197 -9.279712 -159.087086
1.076197 -9.279712 -159.087086
1.076197 -9.279712 -159.087086
1.076197 -9.279712 -159.087086
1.076197 -9.279712 -159.087086
1.076197 -9.279712 -159.087086
1.076197 -9.279712 -159.087086
1.057862 -9.865864 -159.894906
1.057862 -9.865864 -159.894906
1.057862 -9.865864 -159.894906
1.057862 -9.865864 -159.894906
1.057862 -9.865864 -159.894906
1.057862 -9.865864 -159.894906
1.057862 -9.865864 -159.894906
