0.007839 0.012702
0.015629 0.025347
0.023475 0.037226
0.031221 0.048907
0.039043 0.060748
0.046911 0.072635
0.054672 0.084385
0.058220 0.087914
0.061733 0.091168
0.065152 0.094509
0.068762 0.098120
0.072357 0.101685
0.070507 0.099846
0.068875 0.098400
0.067273 0.096883
0.065579 0.095265
0.064069 0.093900
0.064182 0.094045
0.064420 0.094250
0.064492 0.094370
0.064607 0.094524
0.064707 0.094664
-0.213438 -0.248658
-0.492305 -0.589870
-0.770471 -0.933171
-1.048537 -1.276462
-1.326863 -1.619882
-0.541836 -1.324096
0.243412 -1.025064
0.952981 -0.685988
1.880104 -0.803434
1.445366 2.040385
1.086653 0.582688
-0.557003 -0.013114
-2.333998 -1.081820
-3.174063 -0.813325
-5.872419 -2.111414
-6.242353 -1.748673
-5.902085 -1.039343
-6.166591 -0.869987
-6.976161 -1.312134
-7.846029 -1.725423
-7.867878 -2.558922
-7.108704 -2.853162
-7.346104 -3.222385
-8.090666 -3.390241
-9.180772 -2.290430
-9.828536 -2.026706
-11.167846 -0.514788
-10.007758 -0.339016
-8.574708 -0.032381
-8.385814 0.122599
-9.542259 0.157747
-10.427230 -0.405704
-10.192866 -1.257941
-10.371941 -1.431712
-10.723848 -1.750265
-10.534686 -1.870266
-10.410034 -1.958481
-11.179706 -2.050666
-12.543329 -1.851161
-12.773979 -2.073895
-12.681876 -2.427944
-13.389383 -2.719122
-14.561164 -2.716030
-14.538614 -2.563510
-15.032645 -2.364716
-15.828257 -2.093832
-15.607438 -1.914453
-15.791830 -1.806848
-16.379931 -1.879966
-16.865576 -1.977064
-17.832343 -1.977238
-18.297679 -1.802040
-18.182336 -1.979952
-18.165250 -2.207894
-18.988970 -2.957041
-19.747072 -3.447972
-19.382904 -3.821623
-19.000905 -3.733517
-19.718106 -4.913574
-19.600949 -5.280122
-19.008164 -5.096266
-18.053579 -4.564476
-18.135193 -4.517539
-17.163780 -3.827356
-17.144657 -3.240990
-18.282239 -4.367029
-18.339153 -5.123706
-18.524625 -5.050893
-18.629414 -4.534078
-19.066415 -4.175776
-19.511451 -4.266243
-20.135548 -4.402819
-20.459540 -4.297734
-20.851202 -4.489930
-20.812348 -4.712731
-20.431547 -5.656770
-20.549574 -6.265930
-20.653593 -6.604800
-20.805615 -6.601347
-20.619897 -6.311858
-21.092067 -6.124242
-21.631992 -6.235780
-22.091993 -6.271316
-22.171032 -6.844899
-22.276290 -7.743561
-22.112949 -8.822032
-21.876251 -10.569246
-21.661427 -12.126562
-21.445390 -13.609880
-21.385208 -15.218776
-20.927664 -17.422065
-21.106142 -19.352163
-21.146244 -22.100249
-22.214820 -25.407905
-22.090151 -26.412215
-21.288953 -28.418795
-20.347106 -29.884704
-20.295845 -30.781948
-20.387437 -31.791249
-20.070499 -33.657744
-20.092737 -34.834371
-18.734062 -37.838049
-18.569453 -37.635936
-18.684819 -37.219771
-18.387114 -37.442833
-19.236660 -35.239820
-18.907213 -34.923380
-19.687209 -33.075500
-20.226771 -31.846742
-20.594382 -30.997749
-21.634372 -30.003892
-21.018237 -27.923215
-20.022996 -27.216143
-20.696759 -25.731394
-20.320263 -25.069691
-20.797364 -24.128943
-21.593410 -23.902449
-22.525529 -23.412769
-23.266542 -22.652879
-24.136115 -22.088230
-24.651644 -21.792379
-25.942671 -21.720912
-26.529930 -21.379157
-27.289735 -21.658492
-27.466035 -21.667260
-27.550691 -21.656658
-27.761077 -21.571559
-27.710728 -21.195036
-27.279219 -21.011260
-27.246925 -20.790544
-27.148430 -20.614154
-27.171905 -20.472925
-26.869771 -19.676461
-26.641732 -19.179035
-27.012382 -18.981613
-27.111526 -18.816595
-26.764433 -18.349072
-26.605919 -17.918065
-26.699499 -17.796589
-26.646740 -17.734242
-26.541190 -17.653025
-28.261838 -18.591488
-29.468977 -20.719859
-31.143484 -23.197681
-32.882372 -24.852894
-33.619868 -27.528983
-33.768110 -28.008381
-32.016779 -27.812949
-33.113332 -32.128790
-32.443401 -33.444974
-31.882920 -34.637086
-31.484693 -36.964036
-31.291944 -37.727962
-31.074009 -39.902762
-30.639360 -40.780069
-29.541713 -41.624308
-29.108146 -41.498554
-28.842357 -40.948089
-28.545566 -40.462443
-29.122708 -39.064521
-29.526329 -37.439295
-29.826429 -38.554682
-30.500702 -37.579021
-30.045473 -37.832727
-30.415226 -35.953764
-31.374347 -35.276645
-32.035761 -34.630626
-33.006339 -33.866381
-33.158875 -33.512334
-33.407943 -32.958939
-33.732243 -32.474755
-34.304330 -32.315496
-35.443941 -31.241748
-35.874422 -31.189483
-36.685338 -31.353218
-36.950606 -31.522751
-36.919177 -30.994457
-37.275630 -29.734464
-38.111556 -28.855554
-38.160632 -28.055890
-37.983713 -26.937472
-38.020540 -25.973742
-37.993999 -24.882568
-37.960480 -24.315189
-38.122758 -23.005002
-37.923435 -19.952354
-37.203953 -18.297935
-36.158296 -16.430319
-35.637480 -14.359793
-34.812459 -11.950120
-33.736216 -10.531359
-32.826452 -9.193605
-31.478692 -7.502389
-30.435198 -5.875299
-28.479542 -2.884738
-27.437502 -1.447519
-26.879093 -0.718935
-26.079442 0.023160
-25.771804 0.382331
-25.457840 0.744333
-25.222738 -0.793624
-25.887714 -2.377870
-27.315216 -4.423476
-28.320052 -6.415857
-29.458969 -8.622840
-30.646745 -9.678205
-31.825290 -10.211465
-32.501659 -11.406893
-33.320531 -12.459766
-33.924413 -13.549470
-34.722617 -13.301200
-34.739889 -13.230315
-34.479525 -13.258115
-35.437942 -13.494292
-35.862894 -13.361177
-35.791540 -13.327231
-36.253066 -13.452940
-36.300054 -13.492523
-36.388355 -13.487312
-36.267440 -13.269605
-37.085889 -12.933917
-37.662624 -13.017025
-38.125787 -13.228178
-38.009824 -13.407585
-38.210404 -13.820786
-39.035317 -11.849184
-38.484255 -10.149083
-37.564713 -8.105792
-36.632807 -5.547934
-35.936053 -3.620355
-35.086953 -2.281514
-34.035922 -1.310213
-31.828796 -0.254294
-29.865583 1.077436
-28.666504 2.450040
-27.391449 2.825869
-25.279567 3.975747
-24.069089 4.431962
-22.264960 5.029820
-21.397914 5.400815
-20.571137 5.336332
-20.443056 4.933725
-20.317167 4.666418
-20.721619 4.345578
-21.179436 3.982941
-22.804415 1.918469
-23.271386 0.296674
-24.294964 -2.166811
-25.392416 -4.598816
-26.940853 -6.337515
-28.031804 -6.726929
-28.537821 -7.090352
-29.329029 -7.701514
-30.178718 -8.522701
-30.487462 -8.367496
-30.494595 -7.938363
-30.383597 -7.618252
-29.853315 -7.211113
-29.619186 -6.977761
-29.311665 -6.910676
-29.242381 -6.694255
-28.715432 -6.512052
-28.362174 -6.329889
-28.058854 -6.329797
-27.899182 -6.496125
-28.039584 -6.476455
-27.950504 -5.735392
-28.034008 -5.635902
-28.175324 -5.468288
-27.951881 -5.120911
-27.724386 -4.838425
-27.544244 -4.710764
-27.374913 -4.606962
-27.672093 -4.562111
-28.285270 -4.716964
-28.450367 -4.595697
-28.792507 -4.842701
-29.325510 -5.341569
-30.553886 -6.631913
-30.763901 -7.225037
-31.432896 -7.479531
-32.409914 -8.661106
-32.659447 -9.257183
-33.413925 -9.638335
-33.983346 -9.599852
-34.575675 -9.890161
-35.050657 -10.106471
-35.484292 -10.565769
-36.120784 -10.475508
-36.976713 -10.929197
-37.549404 -11.083150
-38.829591 -10.406777
-39.621443 -10.880238
-40.425803 -11.080949
-39.674383 -11.360380
-39.033870 -12.260314
-39.655195 -13.903943
-41.945363 -14.731384
-43.323832 -17.368931
-45.245124 -19.456243
-46.475202 -22.675521
-48.543232 -23.977815
-52.755852 -24.888758
-51.789886 -28.396193
-50.744348 -30.902110
-50.158112 -34.321191
-47.557412 -37.052215
-44.471849 -38.013163
-43.101404 -35.831609
-42.122904 -33.970354
-41.427063 -31.958043
-40.160696 -30.252090
-38.455020 -29.201972
-35.455649 -28.190182
-33.038475 -24.320596
-32.546673 -21.865135
-32.615839 -20.453086
-33.386680 -19.112109
-34.828022 -17.498055
-34.980129 -16.586484
-35.322796 -15.017700
-35.422766 -14.573589
-35.378897 -13.498342
-35.443592 -12.675609
-35.225915 -11.921303
-35.419303 -11.137384
-36.450719 -10.226874
-37.209797 -8.764629
-37.719294 -7.727462
-37.547560 -7.654139
-37.078851 -6.775127
-36.978995 -5.857549
-37.200892 -5.516861
-37.409106 -5.392284
-37.583816 -5.464555
-37.644028 -5.720850
-33.929715 -5.530737
-27.919538 -6.265152
-22.672184 -7.149504
-18.357593 -6.243943
-17.379368 -7.065354
-14.579163 -4.885270
-11.389926 -7.055111
-8.746584 -3.253682
-6.523874 -1.527130
-3.726072 0.327041
-4.345807 1.219879
-4.019174 1.054154
-4.556616 1.890170
-5.354877 3.028680
-5.853729 4.286495
-6.341809 4.729130
-6.714018 5.037928
-7.102832 5.196321
-7.466281 5.395288
-7.587275 5.316657
-8.119549 5.324789
-8.685759 5.743336
-9.291936 5.870247
-9.549403 7.142803
-8.275914 5.429437
-7.046689 3.744934
-5.671223 4.819638
-8.920112 4.606475
-10.488619 2.817984
-10.026374 1.690463
-11.234545 2.971987
-12.947048 4.539369
-13.730125 5.292844
-15.728036 7.429116
-16.117261 7.536439
-16.996505 8.280384
-17.058978 8.042675
-17.233854 8.278458
-17.058484 8.884535
-17.064849 9.268926
-17.267735 9.281735
-17.488876 9.377396
-17.432341 9.634214
-17.552489 9.988712
-17.659068 10.144358
-21.355255 10.211763
-25.247645 9.729705
-28.855058 9.580308
-32.173059 9.409245
-34.841891 8.630467
-37.683667 9.962199
-36.956736 9.130431
-36.692733 10.448629
-36.502346 9.452378
-37.253316 10.090965
-38.882197 11.253241
-39.834086 11.075952
-40.838929 11.216049
-41.412466 11.733017
-42.526519 12.161008
-43.115809 11.645640
-43.790451 12.250445
-43.703566 12.495469
-43.932414 12.957120
-44.130302 13.367314
-44.288922 13.942478
-47.799333 14.026154
-51.064238 13.419987
-53.943896 13.109538
-56.174339 12.031452
-56.964077 9.760067
-50.659957 7.760343
-44.555871 7.310836
-38.428262 6.376120
-34.416051 6.558964
-30.610874 8.096509
-31.285162 8.480450
-32.681169 9.036797
-34.329042 9.898193
-34.414790 9.613785
-34.643528 9.555317
-34.626620 9.608263
-35.251310 9.784646
-35.240731 9.873016
-35.294544 9.952193
-35.146015 9.902113
-36.150071 9.897160
-37.409227 9.754655
-38.363092 9.694765
-39.242652 9.659738
-39.000246 9.079018
-41.374376 9.494011
-42.473400 8.166971
-45.434062 7.208304
-46.426452 6.940111
-48.283596 4.872059
-45.257419 5.253059
-41.159836 5.416426
-39.437050 7.563492
-36.253575 8.381613
-31.197908 8.131865
-31.099371 8.131894
-31.473978 8.570802
-31.781083 9.032413
-32.092609 9.695148
-32.548309 9.759649
-34.155690 9.844350
-35.029078 10.121534
-35.192023 10.198673
-35.911076 10.473038
-36.170904 10.433916
-35.702294 10.095323
-35.431829 10.086886
-34.722068 10.101207
-34.218385 10.096104
-33.601277 10.559687
-33.873581 11.265987
-33.412450 15.759714
-32.726235 19.065425
-32.545988 22.809753
-31.636678 27.233386
-29.684813 32.573668
-27.561003 34.633618
-28.376205 34.491951
-27.189803 34.947297
-26.282566 34.429571
-25.601637 34.392975
-26.464044 30.775784
-26.316200 27.016308
-27.701348 23.140383
-29.137528 19.913301
-30.480258 16.678139
-32.043989 16.789582
-32.848489 16.871257
-33.417715 14.833230
-33.736803 15.060675
-33.912009 15.814502
-35.038844 15.072822
-36.055715 14.988380
-36.617615 14.300090
-37.558821 14.403825
-37.590832 14.808862
-38.349879 15.866954
-39.163722 15.947961
-40.388519 14.325919
-41.251290 13.287972
-41.753247 11.970566
-42.102333 10.721159
-42.677911 9.766238
-42.770083 9.063730
-41.881081 8.606233
-43.628356 6.931045
-44.468724 5.891372
-44.923371 6.116014
-45.352368 6.682017
-45.689004 6.948781
-45.876686 7.295655
-44.477731 5.889557
-43.354052 5.054602
-41.766731 5.052604
-40.174671 4.935934
-38.430215 4.147411
-38.410401 4.166350
-38.385937 4.185012
-38.366041 4.205171
-38.346281 4.225384
-38.326443 4.245557
-38.322095 4.249865
-38.317799 4.254656
-38.313445 4.258990
-38.309015 4.263322
-38.304663 4.267646
-38.307178 4.266099
-38.310405 4.264421
-38.312918 4.262876
-38.315399 4.261304
-38.317876 4.259691
-38.313489 4.260643
