1.236270 -0.928112 -104.877411
-0.106324 -3.105366 -102.590288
-0.106324 -3.105366 -102.590288
-0.106324 -3.105366 -102.590288
-0.106324 -3.105366 -102.590288
-0.106324 -3.105366 -102.590288
3.585306 -2.865910 -98.416476
3.585306 -2.865910 -98.416476
3.585306 -2.865910 -98.416476
3.585306 -2.865910 -98.416476
3.585306 -2.865910 -98.416476
1.167517 -2.349328 -100.902706
1.167517 -2.349328 -100.902706
1.167517 -2.349328 -100.902706
1.167517 -2.349328 -100.902706
3.700548 -2.730964 -101.955545
3.700548 -2.730964 -101.955545
3.700548 -2.730964 -101.955545
3.700548 -2.730964 -101.955545
3.700548 -2.730964 -101.955545
5.063562 -1.884465 -102.122045
5.063562 -1.884465 -102.122045
5.063562 -1.884465 -102.122045
5.063562 -1.884465 -102.122045
5.063562 -1.884465 -102.122045
6.877084 -1.848063 -103.060834
6.877084 -1.848063 -103.060834
6.877084 -1.848063 -103.060834
6.877084 -1.848063 -103.060834
6.877084 -1.848063 -103.060834
3.978109 -4.524763 -106.622962
3.978109 -4.524763 -106.622962
3.978109 -4.524763 -106.622962
3.978109 -4.524763 -106.622962
3.978109 -4.524763 -106.622962
4.840912 -0.063231 -108.777511
4.840912 -0.063231 -108.777511
4.840912 -0.063231 -108.777511
4.840912 -0.063231 -108.777511
4.840912 -0.063231 -108.777511
2.351453 1.194759 -106.080310
2.351453 1.194759 -106.080310
2.351453 1.194759 -106.080310
2.351453 1.194759 -106.080310
2.351453 1.194759 -106.080310
2.351453 1.194759 -106.080310
3.045005 -1.784136 -106.222706
3.045005 -1.784136 -106.222706
3.045005 -1.784136 -106.222706
3.045005 -1.784136 -106.222706
1.438083 -1.298027 -105.170488
1.438083 -1.298027 -105.170488
1.438083 -1.298027 -105.170488
1.438083 -1.298027 -105.170488
1.438083 -1.298027 -105.170488
2.745068 -0.456289 -103.254845
2.745068 -0.456289 -103.254845
2.745068 -0.456289 -103.254845
2.745068 -0.456289 -103.254845
1.713029 0.505719 -106.547222
1.713029 0.505719 -106.547222
1.713029 0.505719 -106.547222
1.713029 0.505719 -106.547222
1.713029 0.505719 -106.547222
1.713029 0.505719 -106.547222
3.181272 -2.507018 -104.316708
3.181272 -2.507018 -104.316708
3.181272 -2.507018 -104.316708
3.181272 -2.507018 -104.316708
4.346940 1.282808 -105.667084
4.346940 1.282808 -105.667084
4.346940 1.282808 -105.667084
4.346940 1.282808 -105.667084
4.346940 1.282808 -105.667084
4.207882 1.936932 -104.617092
4.207882 1.936932 -104.617092
4.207882 1.936932 -104.617092
4.207882 1.936932 -104.617092
4.207882 1.936932 -104.617092
3.978634 4.009924 -105.053022
3.978634 4.009924 -105.053022
3.978634 4.009924 -105.053022
3.978634 4.009924 -105.053022
3.978634 4.009924 -105.053022
3.822576 2.682723 -105.454788
3.822576 2.682723 -105.454788
3.822576 2.682723 -105.454788
3.822576 2.682723 -105.454788
3.822576 2.682723 -105.454788
3.805469 1.845455 -105.180774
3.805469 1.845455 -105.180774
3.805469 1.845455 -105.180774
3.805469 1.845455 -105.180774
3.805469 1.845455 -105.180774
3.358480 2.264999 -104.914308
3.358480 2.264999 -104.914308
3.358480 2.264999 -104.914308
3.358480 2.264999 -104.914308
3.358480 2.264999 -104.914308
3.073170 2.853211 -104.861968
3.073170 2.853211 -104.861968
3.073170 2.853211 -104.861968
3.073170 2.853211 -104.861968
3.073170 2.853211 -104.861968
2.913651 3.082237 -104.736675
2.913651 3.082237 -104.736675
2.913651 3.082237 -104.736675
2.913651 3.082237 -104.736675
2.913651 3.082237 -104.736675
2.913651 3.082237 -104.736675
2.369047 3.670405 -104.333844
2.369047 3.670405 -104.333844
2.369047 3.670405 -104.333844
2.369047 3.670405 -104.333844
2.369047 3.670405 -104.333844
2.798637 3.020322 -104.909691
2.798637 3.020322 -104.909691
2.798637 3.020322 -104.909691
2.798637 3.020322 -104.909691
2.798637 3.020322 -104.909691
12.465634 2.179304 -104.513984
12.465634 2.179304 -104.513984
12.465634 2.179304 -104.513984
12.465634 2.179304 -104.513984
12.465634 2.179304 -104.513984
27.812476 2.495164 -104.343448
27.812476 2.495164 -104.343448
27.812476 2.495164 -104.343448
27.812476 2.495164 -104.343448
27.812476 2.495164 -104.343448
38.903340 2.246046 -103.627658
38.903340 2.246046 -103.627658
38.903340 2.246046 -103.627658
38.903340 2.246046 -103.627658
49.719061 5.279958 -97.719325
49.719061 5.279958 -97.719325
49.719061 5.279958 -97.719325
49.719061 5.279958 -97.719325
49.719061 5.279958 -97.719325
49.719061 5.279958 -97.719325
50.971441 14.040414 -88.162593
50.971441 14.040414 -88.162593
50.971441 14.040414 -88.162593
50.971441 14.040414 -88.162593
50.971441 14.040414 -88.162593
38.035302 11.538388 -91.067233
38.035302 11.538388 -91.067233
38.035302 11.538388 -91.067233
38.035302 11.538388 -91.067233
20.856328 5.849199 -98.372906
20.856328 5.849199 -98.372906
20.856328 5.849199 -98.372906
20.856328 5.849199 -98.372906
20.856328 5.849199 -98.372906
8.471527 3.134095 -101.784306
8.471527 3.134095 -101.784306
8.471527 3.134095 -101.784306
8.471527 3.134095 -101.784306
-0.945977 1.465414 -102.929933
-0.945977 1.465414 -102.929933
-0.945977 1.465414 -102.929933
-0.945977 1.465414 -102.929933
-0.945977 1.465414 -102.929933
-0.045387 1.951413 -103.480795
-0.045387 1.951413 -103.480795
-0.045387 1.951413 -103.480795
-0.045387 1.951413 -103.480795
-0.045387 1.951413 -103.480795
0.074260 3.160392 -103.902067
0.074260 3.160392 -103.902067
0.074260 3.160392 -103.902067
0.074260 3.160392 -103.902067
0.074260 3.160392 -103.902067
0.074260 3.160392 -103.902067
0.713344 1.422816 -104.595919
0.713344 1.422816 -104.595919
0.713344 1.422816 -104.595919
0.713344 1.422816 -104.595919
0.889751 1.625368 -103.834155
0.889751 1.625368 -103.834155
0.889751 1.625368 -103.834155
0.889751 1.625368 -103.834155
0.889751 1.625368 -103.834155
0.889751 1.625368 -103.834155
1.300735 1.572772 -103.456630
1.300735 1.572772 -103.456630
1.300735 1.572772 -103.456630
1.300735 1.572772 -103.456630
1.497207 2.039446 -103.064201
1.497207 2.039446 -103.064201
1.497207 2.039446 -103.064201
1.497207 2.039446 -103.064201
1.497207 2.039446 -103.064201
1.706827 2.004441 -102.852206
1.706827 2.004441 -102.852206
1.706827 2.004441 -102.852206
1.706827 2.004441 -102.852206
1.706827 2.004441 -102.852206
1.718865 3.245277 -102.850512
1.718865 3.245277 -102.850512
1.718865 3.245277 -102.850512
1.718865 3.245277 -102.850512
1.718865 3.245277 -102.850512
0.350861 3.306324 -103.261136
0.350861 3.306324 -103.261136
0.350861 3.306324 -103.261136
0.350861 3.306324 -103.261136
0.350861 3.306324 -103.261136
0.386323 2.803786 -103.063293
0.386323 2.803786 -103.063293
0.386323 2.803786 -103.063293
0.386323 2.803786 -103.063293
0.386323 2.803786 -103.063293
0.364577 2.603082 -102.709653
0.364577 2.603082 -102.709653
0.364577 2.603082 -102.709653
0.364577 2.603082 -102.709653
0.364577 2.603082 -102.709653
0.548124 2.936252 -102.203946
0.548124 2.936252 -102.203946
0.548124 2.936252 -102.203946
0.548124 2.936252 -102.203946
0.548124 2.936252 -102.203946
0.347395 2.155978 -101.635749
0.347395 2.155978 -101.635749
0.347395 2.155978 -101.635749
0.347395 2.155978 -101.635749
0.347395 2.155978 -101.635749
0.648655 1.730374 -101.343820
0.648655 1.730374 -101.343820
0.648655 1.730374 -101.343820
0.648655 1.730374 -101.343820
0.648655 1.730374 -101.343820
0.833976 1.089369 -101.001361
0.833976 1.089369 -101.001361
0.833976 1.089369 -101.001361
0.833976 1.089369 -101.001361
0.833976 1.089369 -101.001361
1.021898 0.592532 -100.513057
1.021898 0.592532 -100.513057
1.021898 0.592532 -100.513057
1.021898 0.592532 -100.513057
1.021898 0.592532 -100.513057
0.964926 0.882287 -99.918783
0.964926 0.882287 -99.918783
0.964926 0.882287 -99.918783
0.964926 0.882287 -99.918783
0.964926 0.882287 -99.918783
0.017718 0.751479 -99.221762
0.017718 0.751479 -99.221762
0.017718 0.751479 -99.221762
0.017718 0.751479 -99.221762
0.017718 0.751479 -99.221762
13.009825 1.929127 -97.405396
13.009825 1.929127 -97.405396
13.009825 1.929127 -97.405396
13.009825 1.929127 -97.405396
13.009825 1.929127 -97.405396
33.599190 3.582996 -94.934001
33.599190 3.582996 -94.934001
33.599190 3.582996 -94.934001
33.599190 3.582996 -94.934001
49.243939 7.731889 -89.195058
49.243939 7.731889 -89.195058
49.243939 7.731889 -89.195058
49.243939 7.731889 -89.195058
49.243939 7.731889 -89.195058
54.015889 11.955449 -81.910969
54.015889 11.955449 -81.910969
54.015889 11.955449 -81.910969
54.015889 11.955449 -81.910969
54.015889 11.955449 -81.910969
42.636759 10.437219 -82.461024
42.636759 10.437219 -82.461024
42.636759 10.437219 -82.461024
42.636759 10.437219 -82.461024
42.636759 10.437219 -82.461024
16.406529 2.742488 -92.621579
16.406529 2.742488 -92.621579
16.406529 2.742488 -92.621579
16.406529 2.742488 -92.621579
16.406529 2.742488 -92.621579
4.922523 2.416829 -96.924599
4.922523 2.416829 -96.924599
4.922523 2.416829 -96.924599
4.922523 2.416829 -96.924599
4.922523 2.416829 -96.924599
4.922523 2.416829 -96.924599
0.755288 3.057896 -97.668741
0.755288 3.057896 -97.668741
0.755288 3.057896 -97.668741
0.755288 3.057896 -97.668741
0.755288 3.057896 -97.668741
-0.420060 3.190011 -98.374771
-0.420060 3.190011 -98.374771
-0.420060 3.190011 -98.374771
-0.420060 3.190011 -98.374771
-0.420060 3.190011 -98.374771
-0.309919 2.947183 -98.347832
-0.309919 2.947183 -98.347832
-0.309919 2.947183 -98.347832
-0.309919 2.947183 -98.347832
-0.309919 2.947183 -98.347832
0.277798 1.380059 -98.193040
0.277798 1.380059 -98.193040
0.277798 1.380059 -98.193040
0.277798 1.380059 -98.193040
0.277798 1.380059 -98.193040
0.267771 1.830234 -97.685905
0.267771 1.830234 -97.685905
0.267771 1.830234 -97.685905
0.267771 1.830234 -97.685905
0.267771 1.830234 -97.685905
0.265075 2.182891 -97.546241
0.265075 2.182891 -97.546241
0.265075 2.182891 -97.546241
0.265075 2.182891 -97.546241
0.265075 2.182891 -97.546241
0.265075 2.182891 -97.546241
0.441307 2.353784 -98.009690
0.441307 2.353784 -98.009690
0.441307 2.353784 -98.009690
0.441307 2.353784 -98.009690
0.441307 2.353784 -98.009690
0.412412 1.936528 -98.198770
0.412412 1.936528 -98.198770
0.412412 1.936528 -98.198770
0.412412 1.936528 -98.198770
-0.011059 2.094225 -98.395582
-0.011059 2.094225 -98.395582
-0.011059 2.094225 -98.395582
-0.011059 2.094225 -98.395582
-0.011059 2.094225 -98.395582
-0.050247 2.332476 -98.543668
-0.050247 2.332476 -98.543668
-0.050247 2.332476 -98.543668
-0.050247 2.332476 -98.543668
-0.050247 2.332476 -98.543668
-0.050247 2.332476 -98.543668
-0.093342 2.696378 -98.244738
-0.093342 2.696378 -98.244738
-0.093342 2.696378 -98.244738
-0.093342 2.696378 -98.244738
-0.093342 2.696378 -98.244738
-0.211968 0.819783 -98.364956
-0.211968 0.819783 -98.364956
-0.211968 0.819783 -98.364956
-0.211968 0.819783 -98.364956
-0.211968 0.819783 -98.364956
-0.512418 2.186016 -99.780915
-0.512418 2.186016 -99.780915
-0.512418 2.186016 -99.780915
-0.512418 2.186016 -99.780915
-0.512418 2.186016 -99.780915
-0.138389 2.527230 -101.081274
-0.138389 2.527230 -101.081274
-0.138389 2.527230 -101.081274
-0.138389 2.527230 -101.081274
-0.138389 2.527230 -101.081274
-0.492420 2.804780 -103.055076
-0.492420 2.804780 -103.055076
-0.492420 2.804780 -103.055076
-0.492420 2.804780 -103.055076
-0.492420 2.804780 -103.055076
0.016695 2.733985 -102.364469
0.016695 2.733985 -102.364469
0.016695 2.733985 -102.364469
0.016695 2.733985 -102.364469
0.016695 2.733985 -102.364469
0.016695 2.733985 -102.364469
0.281654 1.981745 -101.587835
0.281654 1.981745 -101.587835
0.281654 1.981745 -101.587835
0.281654 1.981745 -101.587835
0.281654 1.981745 -101.587835
0.516409 1.180612 -100.760822
0.516409 1.180612 -100.760822
0.516409 1.180612 -100.760822
0.516409 1.180612 -100.760822
0.571100 1.582604 -100.656204
0.571100 1.582604 -100.656204
0.571100 1.582604 -100.656204
0.571100 1.582604 -100.656204
0.571100 1.582604 -100.656204
0.323699 3.374868 -100.605108
0.323699 3.374868 -100.605108
0.323699 3.374868 -100.605108
0.323699 3.374868 -100.605108
0.323699 3.374868 -100.605108
0.206182 4.039080 -100.777133
0.206182 4.039080 -100.777133
0.206182 4.039080 -100.777133
0.206182 4.039080 -100.777133
0.206182 4.039080 -100.777133
0.468749 3.301102 -100.574747
0.468749 3.301102 -100.574747
0.468749 3.301102 -100.574747
0.468749 3.301102 -100.574747
0.468749 3.301102 -100.574747
0.708112 1.804353 -100.415058
0.708112 1.804353 -100.415058
0.708112 1.804353 -100.415058
0.708112 1.804353 -100.415058
0.708112 1.804353 -100.415058
0.930854 2.979534 -99.843268
0.930854 2.979534 -99.843268
0.930854 2.979534 -99.843268
0.930854 2.979534 -99.843268
0.930854 2.979534 -99.843268
16.217629 4.392315 -98.220538
16.217629 4.392315 -98.220538
16.217629 4.392315 -98.220538
16.217629 4.392315 -98.220538
16.217629 4.392315 -98.220538
16.217629 4.392315 -98.220538
36.802630 5.068689 -93.110594
36.802630 5.068689 -93.110594
36.802630 5.068689 -93.110594
36.802630 5.068689 -93.110594
36.802630 5.068689 -93.110594
45.304870 4.609580 -90.713962
45.304870 4.609580 -90.713962
45.304870 4.609580 -90.713962
45.304870 4.609580 -90.713962
45.304870 4.609580 -90.713962
45.828807 4.609850 -90.105078
45.828807 4.609850 -90.105078
45.828807 4.609850 -90.105078
45.828807 4.609850 -90.105078
45.828807 4.609850 -90.105078
31.474717 4.375815 -91.959707
31.474717 4.375815 -91.959707
31.474717 4.375815 -91.959707
31.474717 4.375815 -91.959707
31.474717 4.375815 -91.959707
4.538659 2.259421 -96.222510
4.538659 2.259421 -96.222510
4.538659 2.259421 -96.222510
4.538659 2.259421 -96.222510
4.538659 2.259421 -96.222510
-2.876587 2.479850 -96.150711
-2.876587 2.479850 -96.150711
-2.876587 2.479850 -96.150711
-2.876587 2.479850 -96.150711
-2.876587 2.479850 -96.150711
-3.316870 1.655735 -95.364044
-3.316870 1.655735 -95.364044
-3.316870 1.655735 -95.364044
-3.316870 1.655735 -95.364044
-3.316870 1.655735 -95.364044
-1.939663 -0.000024 -93.348769
-1.939663 -0.000024 -93.348769
-1.939663 -0.000024 -93.348769
-1.939663 -0.000024 -93.348769
-1.939663 -0.000024 -93.348769
-1.010505 -0.070009 -94.438020
-1.010505 -0.070009 -94.438020
-1.010505 -0.070009 -94.438020
-1.010505 -0.070009 -94.438020
-1.010505 -0.070009 -94.438020
-0.530022 0.382245 -94.920307
-0.530022 0.382245 -94.920307
-0.530022 0.382245 -94.920307
-0.530022 0.382245 -94.920307
-0.530022 0.382245 -94.920307
1.990800 1.680140 -94.548410
1.990800 1.680140 -94.548410
1.990800 1.680140 -94.548410
1.990800 1.680140 -94.548410
1.990800 1.680140 -94.548410
6.500506 1.080745 -95.735244
6.500506 1.080745 -95.735244
6.500506 1.080745 -95.735244
6.500506 1.080745 -95.735244
6.500506 1.080745 -95.735244
7.635702 2.489185 -98.431919
7.635702 2.489185 -98.431919
7.635702 2.489185 -98.431919
7.635702 2.489185 -98.431919
7.635702 2.489185 -98.431919
4.179480 6.272354 -99.541661
4.179480 6.272354 -99.541661
4.179480 6.272354 -99.541661
4.179480 6.272354 -99.541661
4.179480 6.272354 -99.541661
4.179480 6.272354 -99.541661
4.289651 5.743666 -100.643200
4.289651 5.743666 -100.643200
4.289651 5.743666 -100.643200
4.289651 5.743666 -100.643200
2.036796 6.070180 -101.496864
2.036796 6.070180 -101.496864
2.036796 6.070180 -101.496864
2.036796 6.070180 -101.496864
2.036796 6.070180 -101.496864
5.171564 5.045759 -100.418377
5.171564 5.045759 -100.418377
5.171564 5.045759 -100.418377
5.171564 5.045759 -100.418377
5.171564 5.045759 -100.418377
8.358326 9.443099 -97.900735
8.358326 9.443099 -97.900735
8.358326 9.443099 -97.900735
8.358326 9.443099 -97.900735
8.358326 9.443099 -97.900735
7.758186 9.385700 -98.103161
7.758186 9.385700 -98.103161
7.758186 9.385700 -98.103161
7.758186 9.385700 -98.103161
7.758186 9.385700 -98.103161
7.299544 8.070106 -97.997649
7.299544 8.070106 -97.997649
7.299544 8.070106 -97.997649
7.299544 8.070106 -97.997649
7.299544 8.070106 -97.997649
7.185020 6.912236 -98.423299
7.185020 6.912236 -98.423299
7.185020 6.912236 -98.423299
7.185020 6.912236 -98.423299
7.185020 6.912236 -98.423299
7.008693 6.902337 -98.889897
7.008693 6.902337 -98.889897
7.008693 6.902337 -98.889897
7.008693 6.902337 -98.889897
7.008693 6.902337 -98.889897
6.743617 7.687856 -98.067378
6.743617 7.687856 -98.067378
6.743617 7.687856 -98.067378
6.743617 7.687856 -98.067378
6.743617 7.687856 -98.067378
6.743617 7.687856 -98.067378
6.485863 8.294402 -97.525211
6.485863 8.294402 -97.525211
6.485863 8.294402 -97.525211
6.485863 8.294402 -97.525211
6.485863 8.294402 -97.525211
6.619659 9.344342 -97.162023
6.619659 9.344342 -97.162023
6.619659 9.344342 -97.162023
6.619659 9.344342 -97.162023
6.619659 9.344342 -97.162023
6.974486 8.758822 -97.381654
6.974486 8.758822 -97.381654
6.974486 8.758822 -97.381654
6.974486 8.758822 -97.381654
6.974486 8.758822 -97.381654
7.471334 9.240214 -97.126007
7.471334 9.240214 -97.126007
7.471334 9.240214 -97.126007
7.471334 9.240214 -97.126007
7.471334 9.240214 -97.126007
7.471334 9.240214 -97.126007
6.993367 9.049107 -96.797564
6.993367 9.049107 -96.797564
6.993367 9.049107 -96.797564
6.993367 9.049107 -96.797564
7.044564 9.677229 -96.657115
7.044564 9.677229 -96.657115
7.044564 9.677229 -96.657115
7.044564 9.677229 -96.657115
7.044564 9.677229 -96.657115
7.326602 9.495144 -96.814366
7.326602 9.495144 -96.814366
7.326602 9.495144 -96.814366
7.326602 9.495144 -96.814366
7.326602 9.495144 -96.814366
6.879402 6.818813 -97.237148
6.879402 6.818813 -97.237148
6.879402 6.818813 -97.237148
6.879402 6.818813 -97.237148
6.879402 6.818813 -97.237148
6.670973 3.533168 -100.201245
6.670973 3.533168 -100.201245
6.670973 3.533168 -100.201245
6.670973 3.533168 -100.201245
6.670973 3.533168 -100.201245
6.725964 6.139640 -102.196091
6.725964 6.139640 -102.196091
6.725964 6.139640 -102.196091
6.725964 6.139640 -102.196091
6.725964 6.139640 -102.196091
6.909235 11.725762 -101.460452
6.909235 11.725762 -101.460452
6.909235 11.725762 -101.460452
6.909235 11.725762 -101.460452
6.909235 11.725762 -101.460452
7.317019 11.105596 -101.783308
7.317019 11.105596 -101.783308
7.317019 11.105596 -101.783308
7.317019 11.105596 -101.783308
7.317019 11.105596 -101.783308
7.858640 12.889755 -100.854765
7.858640 12.889755 -100.854765
7.858640 12.889755 -100.854765
7.858640 12.889755 -100.854765
7.858640 12.889755 -100.854765
8.345274 14.132934 -100.127063
8.345274 14.132934 -100.127063
8.345274 14.132934 -100.127063
8.345274 14.132934 -100.127063
8.345274 14.132934 -100.127063
8.388604 14.057476 -100.333894
8.388604 14.057476 -100.333894
8.388604 14.057476 -100.333894
8.388604 14.057476 -100.333894
8.388604 14.057476 -100.333894
8.481829 14.491177 -100.431040
8.481829 14.491177 -100.431040
8.481829 14.491177 -100.431040
8.481829 14.491177 -100.431040
8.921457 14.837780 -99.600838
8.921457 14.837780 -99.600838
8.921457 14.837780 -99.600838
8.921457 14.837780 -99.600838
8.921457 14.837780 -99.600838
9.393619 14.636429 -98.204822
9.393619 14.636429 -98.204822
9.393619 14.636429 -98.204822
9.393619 14.636429 -98.204822
9.393619 14.636429 -98.204822
9.371329 14.860542 -97.896056
9.371329 14.860542 -97.896056
9.371329 14.860542 -97.896056
9.371329 14.860542 -97.896056
9.276497 15.305472 -97.512808
9.276497 15.305472 -97.512808
9.276497 15.305472 -97.512808
9.276497 15.305472 -97.512808
9.276497 15.305472 -97.512808
9.199514 14.782249 -97.450837
9.199514 14.782249 -97.450837
9.199514 14.782249 -97.450837
9.199514 14.782249 -97.450837
9.199514 14.782249 -97.450837
9.278753 14.705957 -97.272426
9.278753 14.705957 -97.272426
9.278753 14.705957 -97.272426
9.278753 14.705957 -97.272426
9.278753 14.705957 -97.272426
9.275588 14.925343 -96.937255
9.275588 14.925343 -96.937255
9.275588 14.925343 -96.937255
9.275588 14.925343 -96.937255
9.275588 14.925343 -96.937255
9.236901 14.401273 -96.686321
9.236901 14.401273 -96.686321
9.236901 14.401273 -96.686321
9.236901 14.401273 -96.686321
9.236901 14.401273 -96.686321
9.236901 14.401273 -96.686321
9.088928 15.143385 -96.742820
9.088928 15.143385 -96.742820
9.088928 15.143385 -96.742820
9.088928 15.143385 -96.742820
9.088928 15.143385 -96.742820
9.136613 15.168038 -96.796833
9.136613 15.168038 -96.796833
9.136613 15.168038 -96.796833
9.136613 15.168038 -96.796833
9.136613 15.168038 -96.796833
9.084426 15.249601 -96.692625
9.084426 15.249601 -96.692625
9.084426 15.249601 -96.692625
9.084426 15.249601 -96.692625
9.084426 15.249601 -96.692625
9.002619 15.304874 -96.540305
9.002619 15.304874 -96.540305
9.002619 15.304874 -96.540305
9.002619 15.304874 -96.540305
9.002619 15.304874 -96.540305
9.002619 15.304874 -96.540305
9.462784 18.142740 -94.604001
9.462784 18.142740 -94.604001
9.462784 18.142740 -94.604001
9.462784 18.142740 -94.604001
9.462784 18.142740 -94.604001
6.687242 11.169127 -95.235022
6.687242 11.169127 -95.235022
6.687242 11.169127 -95.235022
6.687242 11.169127 -95.235022
6.687242 11.169127 -95.235022
5.412746 10.129124 -96.359879
5.412746 10.129124 -96.359879
5.412746 10.129124 -96.359879
5.412746 10.129124 -96.359879
5.412746 10.129124 -96.359879
4.430151 10.882839 -97.319568
4.430151 10.882839 -97.319568
4.430151 10.882839 -97.319568
4.430151 10.882839 -97.319568
5.175413 10.415696 -96.258607
5.175413 10.415696 -96.258607
5.175413 10.415696 -96.258607
5.175413 10.415696 -96.258607
5.175413 10.415696 -96.258607
5.175413 10.415696 -96.258607
2.601338 -6.372418 -90.530046
2.601338 -6.372418 -90.530046
2.601338 -6.372418 -90.530046
2.601338 -6.372418 -90.530046
2.601338 -6.372418 -90.530046
1.574949 -38.073162 -81.507298
1.574949 -38.073162 -81.507298
1.574949 -38.073162 -81.507298
1.574949 -38.073162 -81.507298
1.574949 -38.073162 -81.507298
4.297634 -53.916776 -78.084068
4.297634 -53.916776 -78.084068
4.297634 -53.916776 -78.084068
4.297634 -53.916776 -78.084068
4.297634 -53.916776 -78.084068
5.001335 -40.943501 -76.512025
5.001335 -40.943501 -76.512025
5.001335 -40.943501 -76.512025
5.001335 -40.943501 -76.512025
5.001335 -40.943501 -76.512025
7.123571 -3.476411 -74.523525
7.123571 -3.476411 -74.523525
7.123571 -3.476411 -74.523525
7.123571 -3.476411 -74.523525
5.156979 5.071159 -72.463123
5.156979 5.071159 -72.463123
5.156979 5.071159 -72.463123
5.156979 5.071159 -72.463123
5.156979 5.071159 -72.463123
4.168258 6.255391 -71.413835
4.168258 6.255391 -71.413835
4.168258 6.255391 -71.413835
4.168258 6.255391 -71.413835
4.168258 6.255391 -71.413835
3.780720 7.009654 -71.353812
3.780720 7.009654 -71.353812
3.780720 7.009654 -71.353812
3.780720 7.009654 -71.353812
3.224340 7.136144 -71.061514
3.224340 7.136144 -71.061514
3.224340 7.136144 -71.061514
3.224340 7.136144 -71.061514
3.224340 7.136144 -71.061514
3.224340 7.136144 -71.061514
2.449352 2.093005 -70.900369
2.449352 2.093005 -70.900369
2.449352 2.093005 -70.900369
2.449352 2.093005 -70.900369
2.449352 2.093005 -70.900369
-1.567516 -30.136714 -68.937468
-1.567516 -30.136714 -68.937468
-1.567516 -30.136714 -68.937468
-1.567516 -30.136714 -68.937468
-1.567516 -30.136714 -68.937468
-0.735281 -46.194123 -66.314648
-0.735281 -46.194123 -66.314648
-0.735281 -46.194123 -66.314648
-0.735281 -46.194123 -66.314648
-0.735281 -46.194123 -66.314648
1.059253 -48.623874 -65.952211
1.059253 -48.623874 -65.952211
1.059253 -48.623874 -65.952211
1.059253 -48.623874 -65.952211
1.059253 -48.623874 -65.952211
5.145663 -11.010422 -67.503484
5.145663 -11.010422 -67.503484
5.145663 -11.010422 -67.503484
5.145663 -11.010422 -67.503484
5.145663 -11.010422 -67.503484
4.713037 2.017949 -65.801394
4.713037 2.017949 -65.801394
4.713037 2.017949 -65.801394
4.713037 2.017949 -65.801394
4.713037 2.017949 -65.801394
4.433252 3.677031 -65.271228
4.433252 3.677031 -65.271228
4.433252 3.677031 -65.271228
4.433252 3.677031 -65.271228
4.433252 3.677031 -65.271228
4.399386 4.777261 -64.823741
4.399386 4.777261 -64.823741
4.399386 4.777261 -64.823741
4.399386 4.777261 -64.823741
3.839482 5.729939 -64.404825
3.839482 5.729939 -64.404825
3.839482 5.729939 -64.404825
3.839482 5.729939 -64.404825
3.839482 5.729939 -64.404825
3.430901 6.851104 -64.022806
3.430901 6.851104 -64.022806
3.430901 6.851104 -64.022806
3.430901 6.851104 -64.022806
3.430901 6.851104 -64.022806
2.927365 7.456007 -63.593009
2.927365 7.456007 -63.593009
2.927365 7.456007 -63.593009
2.927365 7.456007 -63.593009
2.927365 7.456007 -63.593009
2.390507 7.956126 -62.969358
2.390507 7.956126 -62.969358
2.390507 7.956126 -62.969358
2.390507 7.956126 -62.969358
2.390507 7.956126 -62.969358
1.849961 -1.709468 -63.732673
1.849961 -1.709468 -63.732673
1.849961 -1.709468 -63.732673
1.849961 -1.709468 -63.732673
1.849961 -1.709468 -63.732673
-0.488142 -21.981673 -64.578264
-0.488142 -21.981673 -64.578264
-0.488142 -21.981673 -64.578264
-0.488142 -21.981673 -64.578264
-0.488142 -21.981673 -64.578264
0.008873 -34.519178 -63.995833
0.008873 -34.519178 -63.995833
0.008873 -34.519178 -63.995833
0.008873 -34.519178 -63.995833
0.008873 -34.519178 -63.995833
0.998230 -45.685028 -63.462190
0.998230 -45.685028 -63.462190
0.998230 -45.685028 -63.462190
0.998230 -45.685028 -63.462190
0.998230 -45.685028 -63.462190
1.718139 -55.928632 -64.298786
1.718139 -55.928632 -64.298786
1.718139 -55.928632 -64.298786
1.718139 -55.928632 -64.298786
1.718139 -55.928632 -64.298786
1.869172 -59.643439 -64.866894
1.869172 -59.643439 -64.866894
1.869172 -59.643439 -64.866894
1.869172 -59.643439 -64.866894
1.869172 -59.643439 -64.866894
1.371264 -59.354740 -64.843931
1.371264 -59.354740 -64.843931
1.371264 -59.354740 -64.843931
1.371264 -59.354740 -64.843931
1.371264 -59.354740 -64.843931
1.429175 -58.877569 -65.091034
1.429175 -58.877569 -65.091034
1.429175 -58.877569 -65.091034
1.429175 -58.877569 -65.091034
1.429175 -58.877569 -65.091034
1.739556 -58.683981 -65.204196
1.739556 -58.683981 -65.204196
1.739556 -58.683981 -65.204196
1.739556 -58.683981 -65.204196
1.739556 -58.683981 -65.204196
1.739556 -58.683981 -65.204196
1.756953 -58.320431 -65.338013
1.756953 -58.320431 -65.338013
1.756953 -58.320431 -65.338013
1.756953 -58.320431 -65.338013
1.756953 -58.320431 -65.338013
1.912571 -57.388650 -65.308411
1.912571 -57.388650 -65.308411
1.912571 -57.388650 -65.308411
1.912571 -57.388650 -65.308411
1.912571 -57.388650 -65.308411
2.124837 -56.192236 -65.158728
2.124837 -56.192236 -65.158728
2.124837 -56.192236 -65.158728
2.124837 -56.192236 -65.158728
2.124837 -56.192236 -65.158728
2.288180 -54.911695 -64.948706
2.288180 -54.911695 -64.948706
2.288180 -54.911695 -64.948706
2.288180 -54.911695 -64.948706
2.372813 -54.258412 -64.853138
2.372813 -54.258412 -64.853138
2.372813 -54.258412 -64.853138
2.372813 -54.258412 -64.853138
2.372813 -54.258412 -64.853138
2.633488 -54.150375 -64.739934
2.633488 -54.150375 -64.739934
2.633488 -54.150375 -64.739934
2.633488 -54.150375 -64.739934
2.633488 -54.150375 -64.739934
2.633488 -54.150375 -64.739934
2.534419 -53.840930 -64.688920
2.534419 -53.840930 -64.688920
2.534419 -53.840930 -64.688920
2.534419 -53.840930 -64.688920
2.676124 -53.884360 -64.787302
2.676124 -53.884360 -64.787302
2.676124 -53.884360 -64.787302
2.676124 -53.884360 -64.787302
2.676124 -53.884360 -64.787302
2.676124 -53.884360 -64.787302
2.786333 -53.331698 -64.585053
2.786333 -53.331698 -64.585053
2.786333 -53.331698 -64.585053
2.786333 -53.331698 -64.585053
2.705980 -52.718808 -64.378884
2.705980 -52.718808 -64.378884
2.705980 -52.718808 -64.378884
2.705980 -52.718808 -64.378884
2.705980 -52.718808 -64.378884
2.407902 -51.513164 -64.423984
2.407902 -51.513164 -64.423984
2.407902 -51.513164 -64.423984
2.407902 -51.513164 -64.423984
2.407902 -51.513164 -64.423984
1.638162 -48.611693 -64.059333
1.638162 -48.611693 -64.059333
1.638162 -48.611693 -64.059333
1.638162 -48.611693 -64.059333
1.638162 -48.611693 -64.059333
1.718884 -48.181459 -64.093840
1.718884 -48.181459 -64.093840
1.718884 -48.181459 -64.093840
1.718884 -48.181459 -64.093840
1.718884 -48.181459 -64.093840
0.200325 -43.819625 -64.241829
0.200325 -43.819625 -64.241829
0.200325 -43.819625 -64.241829
0.200325 -43.819625 -64.241829
-2.521966 -30.409180 -65.981957
-2.521966 -30.409180 -65.981957
-2.521966 -30.409180 -65.981957
-2.521966 -30.409180 -65.981957
-2.521966 -30.409180 -65.981957
-2.442134 -15.338342 -69.287816
-2.442134 -15.338342 -69.287816
-2.442134 -15.338342 -69.287816
-2.442134 -15.338342 -69.287816
-1.809004 -2.612584 -71.720552
-1.809004 -2.612584 -71.720552
-1.809004 -2.612584 -71.720552
-1.809004 -2.612584 -71.720552
-1.809004 -2.612584 -71.720552
-1.775010 1.259992 -71.912261
-1.775010 1.259992 -71.912261
-1.775010 1.259992 -71.912261
-1.775010 1.259992 -71.912261
-1.775010 1.259992 -71.912261
-2.041278 2.213023 -71.535481
-2.041278 2.213023 -71.535481
-2.041278 2.213023 -71.535481
-2.041278 2.213023 -71.535481
-2.041278 2.213023 -71.535481
-2.041278 2.213023 -71.535481
-2.172851 3.145414 -71.150081
-2.172851 3.145414 -71.150081
-2.172851 3.145414 -71.150081
-2.172851 3.145414 -71.150081
-2.172851 3.145414 -71.150081
-2.047382 3.819082 -70.716958
-2.047382 3.819082 -70.716958
-2.047382 3.819082 -70.716958
-2.047382 3.819082 -70.716958
-2.047382 3.819082 -70.716958
-2.021172 4.889626 -70.635105
-2.021172 4.889626 -70.635105
-2.021172 4.889626 -70.635105
-2.021172 4.889626 -70.635105
-1.895922 4.509557 -70.018332
-1.895922 4.509557 -70.018332
-1.895922 4.509557 -70.018332
-1.895922 4.509557 -70.018332
-1.895922 4.509557 -70.018332
-1.895922 4.509557 -70.018332
-1.803435 4.503847 -69.666570
-1.803435 4.503847 -69.666570
-1.803435 4.503847 -69.666570
-1.803435 4.503847 -69.666570
-1.803435 4.503847 -69.666570
-2.139707 5.678494 -68.692141
-2.139707 5.678494 -68.692141
-2.139707 5.678494 -68.692141
-2.139707 5.678494 -68.692141
-1.888624 4.522184 -68.499380
-1.888624 4.522184 -68.499380
-1.888624 4.522184 -68.499380
-1.888624 4.522184 -68.499380
-1.888624 4.522184 -68.499380
-1.971536 4.059919 -67.828177
-1.971536 4.059919 -67.828177
-1.971536 4.059919 -67.828177
-1.971536 4.059919 -67.828177
-1.971536 4.059919 -67.828177
-1.845331 3.773901 -67.499310
-1.845331 3.773901 -67.499310
-1.845331 3.773901 -67.499310
-1.845331 3.773901 -67.499310
-1.845331 3.773901 -67.499310
-2.195670 3.590454 -67.617343
-2.195670 3.590454 -67.617343
-2.195670 3.590454 -67.617343
-2.195670 3.590454 -67.617343
-2.195670 3.590454 -67.617343
-7.339082 2.719267 -67.523981
-7.339082 2.719267 -67.523981
-7.339082 2.719267 -67.523981
-7.339082 2.719267 -67.523981
-7.339082 2.719267 -67.523981
-1.726330 0.487106 -66.982518
-1.726330 0.487106 -66.982518
-1.726330 0.487106 -66.982518
-1.726330 0.487106 -66.982518
-1.726330 0.487106 -66.982518
1.049789 1.118875 -68.062774
1.049789 1.118875 -68.062774
1.049789 1.118875 -68.062774
1.049789 1.118875 -68.062774
1.049789 1.118875 -68.062774
1.278223 2.416790 -68.930160
1.278223 2.416790 -68.930160
1.278223 2.416790 -68.930160
1.278223 2.416790 -68.930160
1.278223 2.416790 -68.930160
1.002422 3.449944 -69.448995
1.002422 3.449944 -69.448995
1.002422 3.449944 -69.448995
1.002422 3.449944 -69.448995
1.002422 3.449944 -69.448995
1.272835 3.370812 -69.050726
1.272835 3.370812 -69.050726
1.272835 3.370812 -69.050726
1.272835 3.370812 -69.050726
1.272835 3.370812 -69.050726
1.118858 3.940728 -69.072248
1.118858 3.940728 -69.072248
1.118858 3.940728 -69.072248
1.118858 3.940728 -69.072248
1.118858 3.940728 -69.072248
1.118858 3.940728 -69.072248
1.555264 3.586346 -69.209146
1.555264 3.586346 -69.209146
1.555264 3.586346 -69.209146
1.555264 3.586346 -69.209146
1.555264 3.586346 -69.209146
1.396643 3.394356 -69.316653
1.396643 3.394356 -69.316653
1.396643 3.394356 -69.316653
1.396643 3.394356 -69.316653
1.396643 3.394356 -69.316653
1.170423 2.317933 -68.543093
1.170423 2.317933 -68.543093
1.170423 2.317933 -68.543093
1.170423 2.317933 -68.543093
1.170423 2.317933 -68.543093
0.098014 3.890192 -67.145718
0.098014 3.890192 -67.145718
0.098014 3.890192 -67.145718
0.098014 3.890192 -67.145718
0.098014 3.890192 -67.145718
0.940711 3.203824 -68.584122
0.940711 3.203824 -68.584122
0.940711 3.203824 -68.584122
0.940711 3.203824 -68.584122
0.940711 3.203824 -68.584122
6.609401 13.160551 -85.095934
6.609401 13.160551 -85.095934
6.609401 13.160551 -85.095934
6.609401 13.160551 -85.095934
6.609401 13.160551 -85.095934
12.089978 1.657910 -93.698789
12.089978 1.657910 -93.698789
12.089978 1.657910 -93.698789
12.089978 1.657910 -93.698789
12.089978 1.657910 -93.698789
9.086081 -7.786592 -97.255897
9.086081 -7.786592 -97.255897
9.086081 -7.786592 -97.255897
9.086081 -7.786592 -97.255897
9.086081 -7.786592 -97.255897
8.471996 -6.006669 -104.866517
8.471996 -6.006669 -104.866517
8.471996 -6.006669 -104.866517
8.471996 -6.006669 -104.866517
8.471996 -6.006669 -104.866517
8.179537 -6.164755 -112.191875
8.179537 -6.164755 -112.191875
8.179537 -6.164755 -112.191875
8.179537 -6.164755 -112.191875
8.179537 -6.164755 -112.191875
8.105820 -5.973134 -117.862482
8.105820 -5.973134 -117.862482
8.105820 -5.973134 -117.862482
8.105820 -5.973134 -117.862482
8.105820 -5.973134 -117.862482
8.249699 -5.690101 -122.324399
8.249699 -5.690101 -122.324399
8.249699 -5.690101 -122.324399
8.249699 -5.690101 -122.324399
8.249699 -5.690101 -122.324399
8.419941 -5.351101 -125.628817
8.419941 -5.351101 -125.628817
8.419941 -5.351101 -125.628817
8.419941 -5.351101 -125.628817
8.419941 -5.351101 -125.628817
8.419941 -5.351101 -125.628817
8.597798 -5.031797 -128.288001
8.597798 -5.031797 -128.288001
8.597798 -5.031797 -128.288001
8.597798 -5.031797 -128.288001
8.597798 -5.031797 -128.288001
8.771229 -4.743734 -130.309245
8.771229 -4.743734 -130.309245
8.771229 -4.743734 -130.309245
8.771229 -4.743734 -130.309245
8.771229 -4.743734 -130.309245
8.899777 -4.516003 -131.898138
8.899777 -4.516003 -131.898138
8.899777 -4.516003 -131.898138
8.899777 -4.516003 -131.898138
8.899777 -4.516003 -131.898138
8.899777 -4.516003 -131.898138
9.022665 -4.302022 -133.071005
9.022665 -4.302022 -133.071005
9.022665 -4.302022 -133.071005
9.022665 -4.302022 -133.071005
9.022665 -4.302022 -133.071005
9.120630 -4.136000 -133.968410
9.120630 -4.136000 -133.968410
9.120630 -4.136000 -133.968410
9.120630 -4.136000 -133.968410
9.120630 -4.136000 -133.968410
9.200825 -4.013173 -134.690579
9.200825 -4.013173 -134.690579
9.200825 -4.013173 -134.690579
9.200825 -4.013173 -134.690579
9.200825 -4.013173 -134.690579
9.252160 -3.905838 -135.237240
9.252160 -3.905838 -135.237240
9.252160 -3.905838 -135.237240
9.252160 -3.905838 -135.237240
9.252160 -3.905838 -135.237240
9.291537 -3.821927 -135.665316
9.291537 -3.821927 -135.665316
9.291537 -3.821927 -135.665316
9.291537 -3.821927 -135.665316
9.325233 -3.735753 -135.987646
9.325233 -3.735753 -135.987646
9.325233 -3.735753 -135.987646
9.325233 -3.735753 -135.987646
9.325233 -3.735753 -135.987646
9.325233 -3.735753 -135.987646
9.348375 -3.668647 -136.261755
9.348375 -3.668647 -136.261755
9.348375 -3.668647 -136.261755
9.348375 -3.668647 -136.261755
9.348375 -3.668647 -136.261755
9.372370 -3.623063 -136.445911
9.372370 -3.623063 -136.445911
9.372370 -3.623063 -136.445911
9.372370 -3.623063 -136.445911
9.372370 -3.623063 -136.445911
9.397326 -3.588315 -136.618482
9.397326 -3.588315 -136.618482
9.397326 -3.588315 -136.618482
9.397326 -3.588315 -136.618482
9.397326 -3.588315 -136.618482
9.410947 -3.555576 -136.762271
9.410947 -3.555576 -136.762271
9.410947 -3.555576 -136.762271
9.410947 -3.555576 -136.762271
9.410947 -3.555576 -136.762271
9.422322 -3.534144 -136.831980
9.422322 -3.534144 -136.831980
9.422322 -3.534144 -136.831980
9.422322 -3.534144 -136.831980
9.422322 -3.534144 -136.831980
9.425356 -3.528468 -136.904790
9.425356 -3.528468 -136.904790
9.425356 -3.528468 -136.904790
9.425356 -3.528468 -136.904790
9.420587 -3.521471 -136.994388
9.420587 -3.521471 -136.994388
9.420587 -3.521471 -136.994388
9.420587 -3.521471 -136.994388
9.420587 -3.521471 -136.994388
9.430476 -3.503468 -137.035233
9.430476 -3.503468 -137.035233
9.430476 -3.503468 -137.035233
9.430476 -3.503468 -137.035233
9.430476 -3.503468 -137.035233
9.430476 -3.503468 -137.035233
9.439484 -3.477645 -136.951358
9.439484 -3.477645 -136.951358
9.439484 -3.477645 -136.951358
9.439484 -3.477645 -136.951358
9.436589 -3.476129 -137.013294
9.436589 -3.476129 -137.013294
9.436589 -3.476129 -137.013294
9.436589 -3.476129 -137.013294
9.436589 -3.476129 -137.013294
9.436589 -3.476129 -137.013294
9.441291 -3.485567 -137.068428
9.441291 -3.485567 -137.068428
9.441291 -3.485567 -137.068428
9.441291 -3.485567 -137.068428
9.441291 -3.485567 -137.068428
9.438442 -3.477670 -137.096691
9.438442 -3.477670 -137.096691
9.438442 -3.477670 -137.096691
9.438442 -3.477670 -137.096691
9.445595 -3.478241 -137.115419
9.445595 -3.478241 -137.115419
9.445595 -3.478241 -137.115419
9.445595 -3.478241 -137.115419
9.445595 -3.478241 -137.115419
9.445595 -3.478241 -137.115419
9.445595 -3.478241 -137.115419
9.445595 -3.478241 -137.115419
9.445595 -3.478241 -137.115419
9.445595 -3.478241 -137.115419
9.445595 -3.478241 -137.115419
9.451873 -3.479317 -137.167684
9.451873 -3.479317 -137.167684
9.451873 -3.479317 -137.167684
9.451873 -3.479317 -137.167684
9.451873 -3.479317 -137.167684
9.447988 -3.472597 -137.186740
9.447988 -3.472597 -137.186740
9.447988 -3.472597 -137.186740
9.447988 -3.472597 -137.186740
9.447988 -3.472597 -137.186740
9.443186 -3.478920 -137.228609
9.443186 -3.478920 -137.228609
9.443186 -3.478920 -137.228609
9.443186 -3.478920 -137.228609
9.443186 -3.478920 -137.228609
9.443186 -3.478920 -137.228609
9.438882 -3.489842 -137.243950
9.438882 -3.489842 -137.243950
9.438882 -3.489842 -137.243950
9.438882 -3.489842 -137.243950
9.438882 -3.489842 -137.243950
9.444407 -3.483840 -137.241778
9.444407 -3.483840 -137.241778
9.444407 -3.483840 -137.241778
9.444407 -3.483840 -137.241778
9.444407 -3.483840 -137.241778
9.444407 -3.483840 -137.241778
9.445612 -3.478903 -137.199690
9.445612 -3.478903 -137.199690
9.445612 -3.478903 -137.199690
9.445612 -3.478903 -137.199690
9.450355 -3.470019 -137.141415
9.450355 -3.470019 -137.141415
9.450355 -3.470019 -137.141415
9.450355 -3.470019 -137.141415
9.450355 -3.470019 -137.141415
9.450355 -3.470019 -137.141415
9.443759 -3.484568 -137.193447
9.443759 -3.484568 -137.193447
9.443759 -3.484568 -137.193447
9.443759 -3.484568 -137.193447
9.441305 -3.498581 -137.225959
9.441305 -3.498581 -137.225959
9.441305 -3.498581 -137.225959
9.441305 -3.498581 -137.225959
9.441305 -3.498581 -137.225959
9.445452 -3.493246 -137.236150
9.445452 -3.493246 -137.236150
