10.090241 -4.856997 -159.136742
10.090241 -4.856997 -159.136742
10.329100 -4.976930 -158.440240
10.329100 -4.976930 -158.440240
10.329100 -4.976930 -158.440240
10.329100 -4.976930 -158.440240
10.329100 -4.976930 -158.440240
10.329100 -4.976930 -158.440240
10.456001 -5.067457 -157.889549
10.456001 -5.067457 -157.889549
10.456001 -5.067457 -157.889549
10.456001 -5.067457 -157.889549
10.456001 -5.067457 -157.889549
10.456001 -5.067457 -157.889549
10.537384 -5.155722 -157.449712
10.537384 -5.155722 -157.449712
10.537384 -5.155722 -157.449712
10.537384 -5.155722 -157.449712
10.537384 -5.155722 -157.449712
10.537384 -5.155722 -157.449712
10.596794 -5.237325 -157.113640
10.596794 -5.237325 -157.113640
10.596794 -5.237325 -157.113640
10.596794 -5.237325 -157.113640
10.596794 -5.237325 -157.113640
10.596794 -5.237325 -157.113640
10.634761 -5.304726 -156.830610
10.634761 -5.304726 -156.830610
10.634761 -5.304726 -156.830610
10.634761 -5.304726 -156.830610
10.634761 -5.304726 -156.830610
10.634761 -5.304726 -156.830610
10.633468 -5.358226 -156.627658
10.633468 -5.358226 -156.627658
10.633468 -5.358226 -156.627658
10.633468 -5.358226 -156.627658
10.633468 -5.358226 -156.627658
10.633468 -5.358226 -156.627658
10.633468 -5.358226 -156.627658
10.638207 -5.402703 -156.453065
10.638207 -5.402703 -156.453065
10.638207 -5.402703 -156.453065
10.638207 -5.402703 -156.453065
10.638207 -5.402703 -156.453065
10.638207 -5.402703 -156.453065
10.634354 -5.445422 -156.321884
10.634354 -5.445422 -156.321884
10.634354 -5.445422 -156.321884
10.634354 -5.445422 -156.321884
10.634354 -5.445422 -156.321884
10.634354 -5.445422 -156.321884
10.634354 -5.445422 -156.321884
10.606400 -5.488856 -156.211645
10.606400 -5.488856 -156.211645
10.606400 -5.488856 -156.211645
10.606400 -5.488856 -156.211645
10.606400 -5.488856 -156.211645
10.606400 -5.488856 -156.211645
10.567892 -5.527211 -156.137510
10.567892 -5.527211 -156.137510
10.567892 -5.527211 -156.137510
10.567892 -5.527211 -156.137510
10.567892 -5.527211 -156.137510
10.567892 -5.527211 -156.137510
10.572334 -5.540822 -156.066421
10.572334 -5.540822 -156.066421
10.572334 -5.540822 -156.066421
10.572334 -5.540822 -156.066421
10.572334 -5.540822 -156.066421
10.572334 -5.540822 -156.066421
10.572334 -5.540822 -156.066421
10.867102 -5.523026 -153.833660
10.867102 -5.523026 -153.833660
10.867102 -5.523026 -153.833660
10.867102 -5.523026 -153.833660
10.867102 -5.523026 -153.833660
10.867102 -5.523026 -153.833660
45.820754 -5.969145 -141.860707
45.820754 -5.969145 -141.860707
45.820754 -5.969145 -141.860707
45.820754 -5.969145 -141.860707
45.820754 -5.969145 -141.860707
45.820754 -5.969145 -141.860707
70.755692 -0.158660 -127.198026
70.755692 -0.158660 -127.198026
70.755692 -0.158660 -127.198026
70.755692 -0.158660 -127.198026
70.755692 -0.158660 -127.198026
70.755692 -0.158660 -127.198026
70.755692 -0.158660 -127.198026
41.331158 0.394638 -130.307674
41.331158 0.394638 -130.307674
41.331158 0.394638 -130.307674
41.331158 0.394638 -130.307674
41.331158 0.394638 -130.307674
41.331158 0.394638 -130.307674
0.047848 1.871679 -134.285003
0.047848 1.871679 -134.285003
0.047848 1.871679 -134.285003
0.047848 1.871679 -134.285003
0.047848 1.871679 -134.285003
0.047848 1.871679 -134.285003
-8.654512 21.830866 -137.798124
-8.654512 21.830866 -137.798124
-8.654512 21.830866 -137.798124
-8.654512 21.830866 -137.798124
-8.654512 21.830866 -137.798124
-8.654512 21.830866 -137.798124
17.962574 7.633226 -126.040869
17.962574 7.633226 -126.040869
17.962574 7.633226 -126.040869
17.962574 7.633226 -126.040869
17.962574 7.633226 -126.040869
17.962574 7.633226 -126.040869
-3.849513 4.043904 -129.778485
-3.849513 4.043904 -129.778485
-3.849513 4.043904 -129.778485
-3.849513 4.043904 -129.778485
-3.849513 4.043904 -129.778485
-3.849513 4.043904 -129.778485
-5.155357 1.525714 -134.433669
-5.155357 1.525714 -134.433669
-5.155357 1.525714 -134.433669
-5.155357 1.525714 -134.433669
-5.155357 1.525714 -134.433669
-5.155357 1.525714 -134.433669
2.573045 -0.911998 -136.217099
2.573045 -0.911998 -136.217099
2.573045 -0.911998 -136.217099
2.573045 -0.911998 -136.217099
2.573045 -0.911998 -136.217099
2.573045 -0.911998 -136.217099
2.573045 -0.911998 -136.217099
2.373249 -8.301396 -143.000433
2.373249 -8.301396 -143.000433
2.373249 -8.301396 -143.000433
2.373249 -8.301396 -143.000433
2.373249 -8.301396 -143.000433
2.373249 -8.301396 -143.000433
2.427515 -8.377589 -143.789170
2.427515 -8.377589 -143.789170
2.427515 -8.377589 -143.789170
2.427515 -8.377589 -143.789170
2.427515 -8.377589 -143.789170
2.427515 -8.377589 -143.789170
2.601252 -8.560719 -144.273594
2.601252 -8.560719 -144.273594
2.601252 -8.560719 -144.273594
2.601252 -8.560719 -144.273594
2.601252 -8.560719 -144.273594
2.601252 -8.560719 -144.273594
2.619951 -8.607118 -144.718731
2.619951 -8.607118 -144.718731
2.619951 -8.607118 -144.718731
2.619951 -8.607118 -144.718731
2.619951 -8.607118 -144.718731
2.619951 -8.607118 -144.718731
