0.039979 -0.020799
-0.116803 0.152531
-0.054244 0.200410
-0.267894 0.269395
-0.253471 0.325557
-0.390367 0.403458
-0.329668 0.376762
-0.383893 0.408371
-0.367241 0.367320
-0.426008 0.409650
-0.443321 0.413253
-0.426249 0.413198
-0.444408 0.395735
-0.491246 0.388982
-0.452433 0.510681
-0.454781 0.428693
-0.443670 0.361318
-0.448282 0.342176
-0.413176 0.329125
-0.329604 0.316026
-0.327197 0.283195
-0.318863 0.390974
-0.251774 0.312099
-0.164659 0.282010
-0.124736 0.199822
-0.049373 0.123310
-0.153576 0.204077
-0.255700 0.261597
-0.406174 0.254716
-0.513822 0.183836
-0.726572 0.030238
-0.550604 -0.159139
-0.347568 -0.173479
-0.257218 -0.077934
-0.310537 0.114359
-0.444703 0.231194
-0.600706 0.553725
-0.815792 0.638495
-1.065363 0.310311
-1.251931 -0.123662
-1.753960 -0.602530
-2.317431 -1.073654
-2.792149 -1.479243
-3.298399 -1.829978
-3.879852 -2.435001
-4.296927 -2.987842
-4.564691 -3.542905
-4.927960 -4.070023
-5.276223 -4.637954
-5.701636 -5.184922
-6.204646 -5.950746
-6.712861 -6.470246
-7.210297 -7.202623
-7.641888 -8.051115
-8.313158 -8.573700
-9.154996 -9.494668
-9.808163 -10.029075
-10.575893 -10.677688
-11.496786 -11.175451
-12.119550 -11.991877
-12.747404 -12.787733
-13.332790 -13.297496
-13.882455 -14.162798
-14.589796 -15.048778
-15.278052 -16.213238
-15.992996 -17.068468
-16.707289 -17.793981
-17.627975 -19.231873
-18.441367 -19.929511
-19.176493 -20.712658
-19.827234 -21.336350
-20.335629 -22.419508
-21.004497 -23.290909
-20.977169 -23.843723
-21.064730 -24.350278
-21.144033 -24.391828
-21.182712 -24.444204
-21.186661 -24.365907
-20.901029 -24.100217
-20.569004 -23.669823
-20.264353 -23.165232
-19.933198 -22.919917
-19.592199 -22.337010
-19.190590 -21.633155
-18.758317 -21.038145
-18.335779 -19.971139
-17.809763 -18.972150
-16.332984 -17.926879
-15.331273 -17.295226
-13.769647 -15.943734
-12.718858 -15.016210
-10.968364 -12.975861
-9.503596 -11.523241
-8.866359 -10.385283
-7.997381 -9.335917
-7.337855 -8.739988
-6.598949 -7.929147
-5.989210 -6.974801
-5.241535 -6.174904
-4.660163 -5.603429
-3.868207 -4.919120
-3.226883 -4.148830
-2.682250 -3.811512
-2.218877 -3.413545
-1.748748 -2.721988
-1.340369 -2.319403
-0.849846 -1.904015
-0.320133 -1.456192
-0.181413 -1.191637
-0.007657 -0.839168
0.114841 -0.590525
0.348436 -0.388489
0.426051 -0.320002
0.459818 -0.247636
0.485826 -0.180453
0.466150 -0.102560
0.441776 -0.107004
0.413267 -0.194934
0.329860 -0.262196
0.215658 -0.276604
0.151320 -0.278915
0.039274 -0.343432
-0.061808 -0.430377
-0.072752 -0.457615
-0.130301 -0.218842
-0.247289 -0.067599
-0.319377 0.083685
-0.219940 0.369192
0.117302 0.600831
0.405623 0.855965
0.775468 1.092182
1.388812 1.378580
1.958451 1.753649
2.452047 2.099619
3.226157 2.405067
3.767283 2.818442
4.230531 3.038705
4.877131 3.387005
5.445388 3.846988
5.963161 4.207466
6.369449 4.542740
6.651749 5.046100
6.986862 5.283335
7.558697 5.669339
7.882239 5.759056
8.384731 6.092463
8.795453 6.551547
9.374645 7.004733
9.948270 7.423786
10.782792 7.698866
11.567958 7.974213
12.221546 8.390890
12.723720 8.896003
13.393558 9.382018
14.168092 9.816590
15.030703 10.250671
15.713607 10.559845
16.486166 10.943126
17.036934 11.244398
18.456744 11.442435
19.157268 11.656454
19.708352 10.770949
19.428567 10.080882
18.455290 9.546318
17.527435 8.782003
15.341274 7.983361
14.073641 7.324180
11.636812 7.400503
10.685537 6.600650
9.334632 5.682231
8.217823 4.657060
7.581263 4.008919
6.074756 3.948329
5.448148 3.374202
4.824945 2.855775
4.166119 2.252980
3.275967 1.564160
2.668674 1.513874
1.952015 1.703464
1.590995 1.663621
1.113128 1.688444
0.891028 1.596997
0.595150 1.678549
0.259269 1.797357
0.184728 1.732537
0.195053 1.785494
0.272622 1.809020
0.347899 1.995554
0.362082 2.093992
0.432301 2.176933
0.535677 2.238017
0.661717 2.196268
0.783543 2.275866
0.831667 2.294315
1.014455 2.361868
1.184038 2.434811
1.513773 2.464820
1.751163 2.298036
2.002007 2.090153
2.327000 1.839452
2.344609 1.777082
2.247897 1.744883
2.006852 1.582549
1.951261 1.356896
1.766914 1.403775
1.619345 1.376724
1.482926 1.376672
1.155801 1.178380
0.988191 1.163546
0.740565 1.101710
0.880481 1.336745
0.966212 1.420009
1.088141 1.547556
1.434627 2.195270
1.790327 2.686018
2.277171 3.408625
3.151403 3.892392
3.967513 4.429859
4.530440 5.184370
5.148152 6.166173
6.458676 6.973520
7.443614 8.132164
8.251477 8.965007
9.262498 9.708820
9.948005 10.310877
10.676030 10.915581
11.568486 11.558224
12.768372 12.034736
14.180932 12.163208
15.954156 12.110632
17.423340 12.121634
18.174073 12.207374
19.111566 10.975328
19.371731 9.666343
18.672590 8.515180
16.832356 7.372203
15.076758 6.506102
11.900772 5.732072
9.510938 5.201505
8.485568 4.153741
6.480076 3.092353
4.958976 2.855784
3.514449 3.129373
2.776164 2.885538
1.937214 2.652791
1.395919 2.400510
0.891801 2.326636
0.429588 2.329912
0.146998 2.249062
-0.149780 2.066503
-0.411895 1.890894
-0.626272 1.839564
-0.737364 1.865918
-0.809445 1.773885
-0.844355 1.740047
-0.921707 1.657951
-0.836297 1.674925
-0.688894 1.771909
-0.522899 1.970768
-0.424132 2.011362
-0.418359 1.795429
-0.414882 1.605021
-1.041144 1.293453
-2.048109 0.591957
-2.729225 0.186932
-3.562833 -0.425156
-4.219998 -0.983267
-4.977444 -1.457343
-5.769693 -2.426442
-6.560058 -3.185880
-7.407912 -3.984532
-8.438574 -4.775855
-8.921892 -5.471215
-9.468719 -6.379773
-10.275637 -7.420599
-11.000935 -7.746603
-11.768801 -8.211856
-11.302122 -8.867196
-10.211067 -8.024225
-9.387441 -7.180613
-8.544639 -6.074919
-7.668102 -4.957774
-6.964916 -4.189282
-6.074321 -2.907001
-5.316228 -1.990664
-4.869065 -1.137697
-4.180874 -0.587966
-3.821698 -0.074434
-3.125023 0.625895
-2.629100 1.069960
-2.279863 1.234706
-1.922474 1.464364
-2.053080 1.830236
-2.021300 1.984904
-2.004286 1.868592
-1.983965 1.754038
-2.062379 1.631421
-2.105396 1.480701
-2.123066 1.438892
-2.082802 1.392511
-1.963646 1.421892
-1.903592 1.352103
-1.822004 1.338019
-1.833972 1.263450
-1.874050 1.156547
-1.945507 1.082253
-2.025962 0.996638
-2.178529 1.039800
-2.222231 1.043070
-2.201138 1.030074
-2.163388 1.017754
-2.140365 1.036111
-2.115056 0.899110
-2.059640 0.799100
-2.052774 0.734478
-2.083634 0.647463
-2.225919 0.589204
-4.579643 0.190767
-6.933996 -0.279978
-9.496680 -1.323932
-11.885221 -2.037979
-14.099945 -2.508650
-11.541325 -2.921804
-8.788256 -4.013654
-6.098249 -4.617774
-3.193840 -2.587609
-2.753501 -1.409056
-2.885451 -0.513614
-2.961236 0.082084
-2.695644 0.479067
-2.286668 1.052610
-2.337443 1.165381
-2.385097 1.222705
-2.400318 1.246038
-2.436456 1.169802
-2.550404 1.033737
-2.696039 1.011682
-2.782237 0.961534
-2.828161 0.955589
-2.820292 0.923890
-2.804040 0.903972
-2.866258 0.874713
-2.902724 0.716838
-2.869111 0.652892
-3.055146 0.569494
-3.274388 0.460977
-3.303702 0.410677
-3.346558 0.338726
-3.378477 0.245105
-3.409602 0.186993
-3.480437 0.093053
-3.539434 0.097949
-3.590322 0.127299
-3.584638 0.188229
-3.553168 0.197648
-3.681588 0.121260
-3.740483 0.116344
-3.863980 0.037967
-4.026672 0.058315
-4.102544 0.093122
-4.146577 -0.077147
-4.241430 -0.177528
-4.372083 -0.260119
-4.372011 -0.321319
-4.388234 -0.453457
-4.415931 -0.674925
-4.450787 -0.724762
-4.458956 -0.738253
-4.387805 -0.751216
-4.248083 -0.745165
-4.161363 -0.779314
-4.144651 -0.793391
-4.157175 -0.813266
-4.173989 -0.895548
-4.172749 -1.027134
-4.244332 -1.171553
-4.268186 -1.172635
-4.289510 -1.060614
-4.316155 -0.857252
-4.392684 -0.800315
-4.415358 -0.730284
-4.325955 -0.667941
-3.786833 -0.460069
-3.394460 -0.106539
-2.694121 0.033189
-2.172893 -0.087649
-1.867512 0.279996
-1.288692 0.259285
-1.447585 0.418844
-1.620480 0.544930
-2.048273 0.493723
-2.312630 0.589521
-2.657265 0.736673
-2.527207 0.728664
-2.698404 0.992849
-3.033557 0.521434
-2.817157 0.748462
-2.990942 0.562581
-2.598788 0.914614
-2.305131 1.157433
-2.050578 1.606449
-1.785415 1.827898
-1.608603 2.113537
-4.119520 1.054514
-6.814546 0.465745
-9.460635 0.048298
-12.079452 -0.029349
-10.280415 -0.924180
-7.756004 -1.775577
-5.672564 -2.811442
-3.924195 -1.580230
-2.786608 0.274391
-2.537957 1.592018
-2.506835 2.708661
-2.409028 3.521677
-2.010968 4.532007
-1.747733 5.398096
-1.729910 5.312658
-1.785539 5.799827
-1.821250 5.959356
-1.780245 6.333819
-1.669124 6.532380
-1.596258 6.763055
-1.570068 6.915305
-1.504376 7.098483
-1.481735 7.238043
-1.445304 7.307005
-1.374275 7.382739
-1.350483 7.464398
-1.383189 7.572314
-1.331769 7.586480
-1.242199 7.601312
-1.195524 7.628970
-1.210632 7.733272
-1.225185 7.783861
-1.227496 7.815170
-1.315985 7.745884
-1.395627 7.670040
-1.330056 7.768937
-1.279607 7.902503
-1.189549 8.094869
-1.250425 8.197672
-1.294982 8.201387
-1.389469 8.247173
-1.362410 8.212320
-1.315612 8.361809
-1.311714 8.423165
-1.266517 8.521207
-1.285121 8.541221
-1.377526 8.534854
-1.297816 8.558169
-1.230452 8.599216
-1.139590 8.670997
-2.773739 8.244136
-4.362306 7.838572
-5.985758 7.463925
-7.727153 6.850895
-9.545837 5.617591
-10.145130 4.999452
-10.117683 4.039724
-10.655290 3.358336
-11.342102 2.562650
-10.857067 0.584162
-9.634317 -0.171970
-10.539798 1.984140
-8.830285 2.094433
-8.005873 2.117960
-7.282917 2.896281
-7.599785 3.592935
-8.025880 4.412119
-8.187284 4.952606
-8.254671 5.207158
-8.273292 5.333154
-8.407367 5.650276
-8.515354 5.815865
-8.631557 5.966658
-8.699990 6.013574
-8.805230 6.128820
-8.737596 6.114007
-8.710823 6.165098
-8.690287 6.200311
-8.649999 6.279747
-8.631310 6.300276
-8.715684 6.392342
-8.697158 6.626145
-8.814497 6.751646
-8.959735 6.748653
-8.887841 6.878487
-8.891645 6.823026
-9.049378 6.937030
-9.286341 7.343901
-9.445004 7.648637
-9.388532 7.798945
-9.205971 8.133652
-9.024122 8.612796
-8.774658 9.120270
-8.770343 9.529372
-8.908872 9.914008
-9.002377 10.324665
-8.810388 10.515797
-8.837481 10.989319
-8.683838 11.197049
-8.509342 11.307850
-8.463075 11.214957
-8.477284 11.273044
-8.535871 11.539817
-8.538092 11.539530
-8.565353 11.537877
-8.490804 11.446061
-8.564619 11.602154
-8.568647 11.633907
-8.602270 11.831132
-8.851312 11.988928
-9.086549 12.065298
-9.198882 11.998869
-9.356488 11.954132
-9.341384 11.972867
-9.403372 11.820021
-9.606771 11.661649
-9.774179 11.551674
-9.860185 11.520151
-9.904191 11.534635
-10.009258 11.476825
-10.104885 11.474136
-10.129164 11.478682
-10.173692 11.516874
-10.189053 11.523862
-10.244894 11.466956
-10.340066 11.441426
-10.408753 11.420860
-10.523456 11.366721
-10.546390 11.420885
-10.600733 11.479920
-10.613005 11.478335
-10.543248 11.799106
-10.473489 12.149344
-10.302965 12.442236
-10.077683 12.727405
-9.830504 13.074470
-9.237193 14.684055
-8.522679 16.162903
-7.519362 17.640749
-6.518342 19.295476
-4.989055 20.912195
-3.577797 21.419241
-2.188082 22.084097
-0.165380 21.535510
1.205024 21.308134
3.135085 21.001226
1.087890 19.157983
2.566738 15.090742
1.366552 12.674633
-0.201453 10.951080
-1.636496 10.161423
-2.342852 10.022831
-2.937895 10.292966
-3.061044 10.141018
-3.432032 10.329431
-3.498724 10.188118
-3.529092 10.210468
-3.612449 10.249050
-3.569031 10.273331
-3.439570 10.264585
-3.349625 10.203525
-3.225672 10.146219
-2.910776 11.585399
-2.499485 13.009323
-2.003979 14.503712
-1.462955 16.128091
-0.361548 17.717112
0.366301 19.763505
1.980178 20.970891
3.298203 22.409399
4.882480 23.482740
6.313970 24.818773
7.341827 24.720228
8.479870 24.850094
10.786322 24.743015
11.928800 24.845543
12.108420 24.825812
10.691419 23.151399
10.176090 20.708820
8.259424 19.087409
6.222516 17.133804
5.005563 15.631989
3.334040 14.421291
2.538615 14.555948
1.516503 14.993058
0.926844 15.310075
0.581945 15.300229
0.310509 15.221799
0.392569 15.263623
0.589066 15.171899
0.732460 15.121515
0.701950 14.964822
0.670310 14.931825
0.692628 16.078180
1.061875 17.088787
1.435867 18.042513
2.327550 19.170985
3.441347 20.082472
4.535764 20.225711
5.402055 21.579377
6.986139 21.904519
7.449576 22.306032
8.505514 22.149334
8.479214 22.547715
7.302233 20.176509
5.775397 17.720414
4.928394 15.197691
3.395129 12.730324
1.980361 10.337012
1.605332 11.411975
0.997164 12.526808
0.207145 12.621889
-0.045581 12.737803
-0.187738 12.731275
-0.358938 12.613677
-0.374660 12.524438
-0.460214 12.402384
-0.506264 12.255789
-0.567593 12.273245
-0.546596 12.185120
-0.551626 12.478170
-0.526033 12.728980
-0.502438 12.989870
-0.474115 13.254454
-0.238613 15.392185
1.423191 17.430404
2.043263 19.469048
3.163662 21.497778
4.676073 22.546646
5.906875 24.626813
6.957228 24.251261
8.512430 23.875059
11.017105 23.369817
10.450595 23.437950
9.511264 20.619761
10.293751 18.210431
8.821911 15.605132
5.402771 12.929859
3.660865 10.166942
2.295206 10.106722
1.922912 10.363541
1.960976 10.353201
2.420881 10.260554
2.614881 10.181792
2.736937 10.112282
2.862665 10.079104
2.889036 10.078455
2.925129 10.067612
2.934068 10.084131
2.968146 10.117221
3.021933 10.113177
3.128134 10.149473
3.227234 10.162394
3.252846 10.142867
3.341396 10.185386
3.418083 10.129874
3.338576 10.256179
3.403398 10.296998
3.481834 10.446261
3.447659 10.479297
3.482082 10.345402
3.504526 10.256302
3.371392 10.140637
3.388416 10.149200
3.310405 10.263357
3.272065 10.097947
3.770515 10.125044
4.031239 10.342810
4.314066 10.380290
4.605893 10.214908
4.755551 10.813126
4.522114 10.843579
4.449844 11.660369
4.025597 12.233115
3.742395 12.701343
2.104188 12.740477
0.578017 12.345627
-0.641632 12.429296
-2.193751 12.079854
-3.940274 11.593191
-3.541723 11.768674
-3.083931 11.548237
-2.964534 10.845491
-2.541820 11.609834
-2.597038 11.111515
-1.070369 11.849195
-0.324859 11.298059
0.462387 11.387064
1.120509 11.396071
1.716169 10.681689
2.362041 10.904320
3.299252 10.390616
4.027017 10.464662
4.811699 10.700181
5.207722 10.116073
6.122816 10.428615
6.493897 9.482343
6.612651 9.221471
6.641294 8.911996
7.114875 8.123017
7.276544 7.640995
6.627188 7.505745
6.286114 7.559476
5.601377 7.851392
4.321243 7.248287
3.937038 7.018596
3.494032 6.334118
3.087017 5.241975
2.374558 4.028294
2.252251 3.479892
1.988592 2.939765
1.422795 2.258785
0.782046 1.232318
0.631026 0.672505
0.356525 0.466639
-0.746925 -0.067693
0.060940 -0.525286
0.547483 -0.537508
1.354317 -0.511441
2.204050 -0.157095
2.849228 0.739570
3.705273 1.954324
4.460179 2.975890
5.022245 3.767012
5.487048 4.590442
6.057574 5.784289
6.083369 6.449273
6.200640 7.284052
6.481109 7.948987
6.946557 8.800813
7.128104 8.995827
7.895227 9.273255
8.632040 9.475980
9.242733 9.501445
10.028400 9.375211
10.631278 9.374181
10.882106 10.007921
10.735052 10.051553
10.548367 9.687186
10.749393 9.569141
11.426553 10.142114
12.082513 10.794818
12.730983 11.511815
14.159649 11.847231
15.369537 11.525190
16.071344 11.021335
15.599616 11.329802
15.932768 11.205799
16.899708 11.037869
17.618676 11.620217
17.797382 12.180283
18.544064 12.503933
18.424475 12.372379
18.617471 12.133836
19.158309 12.278798
18.295363 12.017277
17.383181 11.863333
17.049134 11.492290
16.564841 10.816185
15.891628 9.894214
15.262787 9.429917
14.797362 8.959657
14.243866 9.080430
14.344678 8.832440
14.043504 8.563376
13.409932 8.489962
13.327103 8.522002
12.694468 9.236879
12.442173 9.354110
12.407174 8.952381
12.526528 9.499054
12.327497 9.016851
12.065840 8.735025
12.034683 8.237957
11.848091 7.814820
11.823661 7.756181
10.926201 7.078998
9.490499 6.268320
8.158910 5.733152
6.713420 5.083882
5.343569 4.312240
6.815285 3.590385
7.065434 2.690711
7.490030 1.623087
7.876496 0.660687
7.871589 0.382878
7.663917 -0.033770
7.757782 -0.132939
7.768600 -0.489256
7.610163 -0.154190
6.977198 0.481085
7.714329 1.151165
8.109520 2.704499
9.092836 3.136076
9.814865 3.642717
10.378596 4.076490
10.297747 4.857236
10.532460 5.575277
10.892821 6.517186
11.716140 6.544273
11.233353 7.516789
10.089356 7.702027
9.919896 8.495397
10.500609 8.958974
10.478362 9.619206
11.502371 9.716305
11.474166 9.701762
11.756432 9.691008
11.669835 9.719374
11.732070 9.616904
11.499993 9.636993
11.636585 9.475253
11.518914 9.380408
11.250696 9.158521
10.781267 9.019403
11.448484 8.835944
11.309535 9.007119
11.572650 8.767735
11.798484 8.450233
11.657650 8.235370
10.902845 8.118452
11.202822 8.327467
10.900202 8.369835
10.314826 8.542469
10.396194 8.531764
9.996748 8.776310
9.882901 8.908657
10.168249 9.216768
9.783164 9.534442
10.163191 9.536245
10.398418 9.706683
10.266555 9.622505
10.760670 9.719103
11.252741 9.613225
11.650179 9.468729
11.540735 9.366476
11.321221 9.406799
11.045046 9.675678
11.009799 10.020264
11.175504 10.319182
11.353985 10.507198
11.200311 10.704271
10.760048 11.040967
10.560572 11.220878
10.513230 10.620146
9.834766 10.746680
9.900369 10.405397
9.620380 10.663328
9.611525 10.964429
9.266979 11.487468
9.164260 11.743180
9.220722 11.966219
9.239902 11.988549
9.439018 12.072193
9.502463 12.146531
9.587824 12.314213
9.575191 12.506460
9.596082 12.618271
9.842973 12.647820
10.002592 12.736574
10.110423 12.935221
10.129561 13.139735
10.135171 13.202056
10.435469 13.359859
10.295185 13.539925
10.290047 13.702010
8.823298 13.448487
7.355804 13.283211
6.483804 12.999984
5.705075 12.778921
5.458181 12.804305
6.206542 12.755196
6.293039 12.658280
6.632466 12.350112
6.708164 12.383686
9.058309 12.587567
11.213496 12.394746
13.476704 12.416234
14.984552 12.662853
15.897049 13.086947
16.082167 12.752092
15.950719 12.623040
15.938153 12.612276
15.940341 12.577728
15.910750 12.576698
15.310988 12.625017
14.715773 12.572335
14.439106 12.479167
14.187124 12.526369
14.155473 12.659669
14.028974 12.658635
13.946532 12.537189
14.113737 12.654940
13.981691 12.726939
14.091769 12.787914
14.157101 12.743274
14.474405 12.903505
14.796018 13.072861
14.736751 13.263709
14.738916 13.619567
15.074009 13.674308
15.042997 13.629613
15.423789 13.692396
15.346809 13.821095
15.419180 14.074688
15.585947 14.065492
15.509779 13.951977
15.897394 14.038603
16.065003 14.123387
16.235177 14.354041
15.889133 14.554345
15.812800 14.663985
15.930826 14.817763
15.882152 14.935182
15.854207 15.401734
15.593820 15.638070
15.563080 16.020796
15.127525 16.350012
14.879912 16.813031
15.250163 17.251890
15.088849 17.479307
14.771311 17.721320
14.786104 17.840401
14.303247 17.977980
14.208896 18.160556
14.140767 17.814333
13.801948 17.833733
13.956537 17.502257
14.020735 17.481644
14.089540 17.509330
13.869718 17.459522
13.718795 17.450892
13.507630 17.347257
13.561136 17.252433
13.773517 17.334595
14.089130 17.135757
14.201925 16.926244
14.206605 16.737637
14.104744 16.891003
14.310344 17.500650
14.106852 17.628344
13.905387 17.665432
13.535060 17.680421
13.506931 17.486833
13.521855 17.328911
12.800970 17.014088
12.250772 16.908069
11.262273 17.008207
10.527279 17.089373
10.126157 17.232412
11.149060 16.871249
12.685569 17.662043
13.906585 17.646317
14.221849 17.188188
14.582135 16.866726
16.314518 17.117068
18.254873 15.795766
20.154698 15.788534
21.491200 16.033478
22.799026 16.131449
23.442623 15.311781
22.593933 15.486208
21.963119 15.554117
21.476958 15.342413
21.516007 15.394063
21.471272 15.347684
21.306729 15.288418
21.291889 15.345366
21.325405 15.413656
21.238955 15.386585
21.235392 15.432887
21.199325 15.412199
21.269469 15.435715
21.631511 15.533548
21.908404 15.708245
22.126570 15.823266
22.513829 15.985421
22.579796 15.899642
22.937092 16.013621
23.260179 16.119880
23.661885 16.351601
23.935696 16.230217
24.147098 15.826323
24.397467 15.701925
24.911441 15.746309
25.416611 15.217465
25.643554 15.087750
25.876524 15.207908
25.929745 15.493880
26.211949 15.449731
26.540443 15.178605
26.807635 15.248257
27.139987 15.314450
27.479385 15.290878
28.100825 15.423856
28.459518 15.076883
28.715855 15.240409
28.882486 15.411063
29.014934 15.378654
29.079046 15.506325
29.137578 15.748148
29.993553 15.718839
30.315696 15.159041
30.709435 15.350667
30.807861 15.434254
30.502505 15.128375
30.257413 14.838600
29.711557 14.470027
29.244216 13.893108
28.813883 13.535657
28.477381 13.248719
27.985167 13.370961
27.552213 13.347343
26.840553 13.104158
26.430327 13.102362
26.808320 13.257181
26.240041 13.599756
25.768023 13.930426
25.303342 14.286090
24.979961 14.791525
23.325311 14.180657
23.028445 14.395975
22.754642 14.994958
22.220688 15.446110
21.898612 16.005012
20.541070 15.378949
20.130268 15.869481
20.057767 15.875717
19.953874 16.085572
20.035010 16.049860
19.528308 15.396178
19.597016 15.133517
19.557319 15.223223
19.663725 14.981034
19.575623 15.027559
18.951522 14.888753
18.901256 15.031552
18.765640 15.320333
18.639329 15.325386
18.722664 15.335372
18.308010 15.146478
18.400396 14.443337
18.554782 14.789783
18.555513 15.107218
18.535433 14.952093
18.227511 14.781120
18.347476 14.641227
18.543013 14.984103
18.756340 15.113111
18.256864 15.256277
17.652676 15.346190
17.519306 15.074911
17.520762 15.009773
17.273419 14.882414
16.770416 14.782057
16.564191 14.752384
16.330007 14.608787
16.362357 14.620159
15.993815 14.410278
15.745411 14.369747
15.635704 14.344224
15.407082 14.324823
15.550442 14.362913
15.473830 14.554165
15.304381 14.367612
15.274159 14.357350
15.053807 14.438513
15.187775 14.470198
15.172315 14.534116
14.907037 14.439487
14.831985 14.328850
14.522548 14.495514
14.499663 14.421276
14.452080 14.297420
14.183105 14.125570
14.336880 13.966340
14.151731 14.053656
14.113062 14.094124
14.056042 14.032241
13.801309 13.956149
13.656554 13.823530
13.577027 13.941041
13.584261 13.848777
13.487619 13.774620
13.513329 13.618213
13.435432 13.458329
13.396177 13.463328
13.518968 13.391925
13.511077 13.281838
13.548585 13.347398
13.449170 13.246404
13.316835 13.368688
13.294765 13.279228
13.118142 13.168731
13.024324 12.755825
12.792240 12.308307
12.342330 11.661870
12.008043 11.224826
11.635540 10.841354
11.423305 10.598113
11.318473 10.495892
10.629539 10.499789
10.518699 10.298166
10.532454 10.050433
10.707651 9.571192
10.707454 9.111987
10.270550 8.957687
9.732546 8.816443
9.401373 8.389788
10.053461 8.276373
10.383045 7.908252
10.848732 8.030863
10.364797 8.052501
10.646437 8.456370
10.540927 8.626228
9.983403 8.652269
9.754828 8.770496
9.651754 8.961123
9.567011 9.655941
8.979251 10.162007
9.303642 10.456369
9.019792 10.829068
8.993443 11.306114
8.947462 11.621581
7.588610 12.013207
7.539189 12.455410
7.069456 13.015596
6.819959 13.348474
6.678044 14.040512
6.574510 14.348843
6.060668 14.693182
6.475542 14.793897
6.485324 14.881721
6.278323 14.733721
6.227139 14.619231
6.592512 14.638504
6.680931 14.711725
6.605899 14.900492
6.586010 14.920976
6.655259 14.957144
6.634777 14.940841
6.601584 14.991038
6.497385 15.239271
6.544581 15.277833
6.763063 15.246879
6.779121 15.152392
6.658389 15.176068
6.610064 15.255918
6.635617 15.241467
6.779385 15.327326
6.743991 15.358059
6.884292 15.222629
6.849964 15.134326
7.026428 15.057194
7.213974 14.926106
7.076726 14.883694
7.043524 14.701113
7.012953 14.688279
6.979716 14.698918
6.892001 14.910888
6.879177 15.002379
6.702203 15.045106
6.804373 15.106081
6.855042 15.259339
6.878171 15.279330
7.012136 15.337144
7.159180 15.191146
7.298189 15.140809
7.317304 14.983360
7.653697 14.849745
7.797151 14.831057
8.000883 14.579395
7.757974 14.545631
7.444005 14.543816
6.888325 14.564428
6.770346 14.570208
6.614754 14.711500
6.617649 14.725143
6.591577 14.749340
6.740120 14.783256
6.999843 14.812969
7.300934 14.732183
7.312854 14.625354
7.320073 14.549266
7.312537 14.340914
7.421049 14.289743
7.509089 14.390826
7.488287 14.496466
7.390767 14.564221
7.591025 14.449365
7.606223 14.502940
7.765598 14.599566
8.142012 14.490910
8.009239 14.452260
8.216823 14.239543
8.134472 14.324845
8.067672 14.704707
7.922434 14.944306
8.023745 15.207878
7.558467 15.452993
7.800461 15.524972
7.747297 15.612287
7.843235 15.695531
7.629941 15.591038
7.610317 15.635524
7.576793 15.638444
7.309440 15.719380
7.545377 15.789217
7.551342 16.093009
7.566340 16.280534
7.872576 16.319081
7.894197 16.256329
7.661540 16.110109
7.578542 16.030159
7.612831 16.036871
7.474159 16.070165
7.529952 15.941329
7.421969 15.691918
6.816198 15.551131
6.780240 15.255067
6.414327 15.081693
6.065872 15.024365
5.935245 15.132089
5.486359 15.140175
5.259701 15.142934
5.084989 15.109195
4.880247 15.418109
4.485018 15.889769
4.126950 16.335483
3.552166 16.632595
3.525656 16.703284
3.995677 15.763811
4.159184 15.451059
4.456489 15.030960
5.017194 14.986165
5.000568 14.428770
4.580811 14.057206
4.812861 13.975840
4.734542 13.998294
4.591536 14.226991
4.158015 14.075596
3.683987 13.827736
3.661171 13.829556
3.966643 13.442925
4.109411 13.213702
4.001688 12.856359
3.526012 12.714705
2.040380 12.460150
1.321200 13.050524
0.136633 13.606274
-0.882090 14.965375
-1.891059 14.467755
-1.594861 14.998766
-1.203666 14.775947
-0.546825 14.669615
0.302101 13.823819
1.244114 14.683396
1.524631 14.314678
1.628271 14.244151
1.731063 14.677399
1.896286 14.535793
2.167475 14.881214
2.150822 15.353507
1.974634 15.059551
1.690427 15.095689
1.762150 15.935069
1.699889 15.646244
1.533436 16.065109
1.599508 16.684470
1.838394 17.335345
1.967149 17.223349
1.800685 16.705498
1.636803 16.362570
1.174886 16.009464
0.763471 15.821203
0.464693 15.629359
0.162537 15.157669
0.285864 15.381686
0.209617 16.013562
0.058640 16.128757
-0.016495 16.045983
-0.236244 15.880867
-0.565449 15.246181
-0.313113 14.783428
-0.687849 14.181908
-2.116489 15.462252
-2.832119 14.450728
-2.849340 14.166410
-3.283195 13.798649
-3.293828 13.545447
-3.303924 13.292827
-3.314052 13.040188
-3.317294 13.120950
-3.323878 13.201784
-3.327134 13.282577
-3.330337 13.363365
-3.333580 13.444130
-3.345642 13.458072
-3.358296 13.474539
-3.370982 13.491001
-3.383652 13.507408
-3.398093 13.490390
-3.412459 13.473643
-3.426862 13.456658
-3.441228 13.439684
-3.455664 13.422649
-3.488933 13.457483
-3.522474 13.492523
-3.555711 13.527379
-3.589017 13.562207
-3.622369 13.597035
-3.625589 13.595055
-3.630613 13.595508
-3.633827 13.593547
-3.637078 13.591644
-3.640258 13.589666
-3.630659 13.579331
-3.621620 13.569946
-3.612005 13.559645
-3.602390 13.549355
-3.592771 13.538965
-3.583070 13.528710
-3.583724 13.526755
-3.584578 13.524831
-3.585208 13.522926
-3.585869 13.520965
-3.586576 13.519067
-3.587208 13.517081
-3.588576 13.518255
-3.590066 13.519645
-3.591597 13.521033
-3.593141 13.522423
-3.594670 13.523806
-3.595317 13.525226
-3.596273 13.526312
-3.596974 13.527685
-3.597643 13.529062
-3.598280 13.530463
-3.600650 13.514312
-3.603156 13.497993
-3.605548 13.481840
-3.607878 13.465656
-3.610290 13.449558
-3.591216 13.445953
-3.571925 13.442332
-3.552842 13.438721
-3.533741 13.435108
-3.514613 13.431528
-3.500664 13.418707
-3.486586 13.406018
-3.472654 13.393224
-3.458694 13.380410
-3.444755 13.367640
-3.430810 13.354788
-3.432312 13.359511
-3.433931 13.364101
-3.435433 13.368847
-3.437025 13.373617
-3.438512 13.378381
-3.441759 13.377237
-3.445115 13.376028
-3.448361 13.374883
-3.451577 13.373781
-3.454806 13.372647
-3.451196 13.379036
-3.447551 13.385453
-3.443962 13.391894
-3.440339 13.398305
-3.436701 13.404710
-3.434825 13.402802
-3.432883 13.400953
-3.431012 13.398985
-3.429077 13.397057
-3.427171 13.395063
-3.420119 13.389807
-3.413056 13.384303
-3.405978 13.379020
-3.398905 13.373756
-3.391845 13.368403
-3.395050 13.369767
-3.398321 13.371040
-3.401579 13.372451
-3.404884 13.373860
-3.408092 13.375202
-3.413892 13.384020
-3.419648 13.392894
-3.425490 13.401844
-3.431268 13.410764
-3.437057 13.419635
-3.437725 13.419404
-3.438332 13.419177
-3.439004 13.418881
-3.439649 13.418641
-3.440307 13.418353
-3.434092 13.398835
-3.427903 13.379250
-3.421663 13.359793
-3.415452 13.340320
-3.409263 13.320823
-3.409055 13.320516
-3.408763 13.320278
-3.408544 13.320003
-3.408349 13.319711
-3.408210 13.319470
-3.414004 13.321727
-3.419814 13.324051
-3.425615 13.326261
-3.431461 13.328501
-3.437251 13.330734
-3.433680 13.331299
-3.430005 13.331836
-3.426401 13.332388
-3.422736 13.332952
-3.419107 13.333549
-3.415542 13.334987
-3.411981 13.336149
-3.408353 13.337508
-3.404741 13.338914
-3.401070 13.340310
-3.401763 13.342575
-3.402398 13.344625
-3.403070 13.346849
-3.403692 13.349088
-3.404351 13.351334
-3.402456 13.353491
-3.400527 13.355863
-3.398565 13.358078
-3.396685 13.360286
-3.394797 13.362562
-3.398014 13.368157
-3.401292 13.373685
-3.404510 13.379351
-3.407753 13.384906
-3.411021 13.390457
-3.409105 13.392719
-3.407151 13.394839
-3.405231 13.397109
-3.403332 13.399351
-3.401421 13.401637
-3.394394 13.398010
-3.387441 13.394306
