8.951543 -3.035579 -143.556151
9.156428 -3.129089 -142.316581
9.156428 -3.129089 -142.316581
9.156428 -3.129089 -142.316581
9.156428 -3.129089 -142.316581
9.156428 -3.129089 -142.316581
9.275883 -3.224731 -141.333048
9.275883 -3.224731 -141.333048
9.275883 -3.224731 -141.333048
9.275883 -3.224731 -141.333048
9.275883 -3.224731 -141.333048
9.339046 -3.311109 -140.485585
9.339046 -3.311109 -140.485585
9.339046 -3.311109 -140.485585
9.339046 -3.311109 -140.485585
9.339046 -3.311109 -140.485585
9.441627 -3.263889 -139.845869
9.441627 -3.263889 -139.845869
9.441627 -3.263889 -139.845869
9.441627 -3.263889 -139.845869
9.497354 -3.275000 -139.342157
9.497354 -3.275000 -139.342157
9.497354 -3.275000 -139.342157
9.497354 -3.275000 -139.342157
9.497354 -3.275000 -139.342157
9.514002 -3.337007 -138.932687
9.514002 -3.337007 -138.932687
9.514002 -3.337007 -138.932687
9.514002 -3.337007 -138.932687
9.514002 -3.337007 -138.932687
9.514499 -3.366681 -138.510813
9.514499 -3.366681 -138.510813
9.514499 -3.366681 -138.510813
9.514499 -3.366681 -138.510813
9.514499 -3.366681 -138.510813
9.511242 -3.416576 -138.228412
9.511242 -3.416576 -138.228412
9.511242 -3.416576 -138.228412
9.511242 -3.416576 -138.228412
9.511242 -3.416576 -138.228412
9.499045 -3.497088 -138.104267
9.499045 -3.497088 -138.104267
9.499045 -3.497088 -138.104267
9.499045 -3.497088 -138.104267
9.499045 -3.497088 -138.104267
9.458593 -3.640901 -137.925493
9.458593 -3.640901 -137.925493
9.458593 -3.640901 -137.925493
9.458593 -3.640901 -137.925493
9.458593 -3.640901 -137.925493
9.458593 -3.640901 -137.925493
1.817936 -11.322432 -140.304257
1.817936 -11.322432 -140.304257
1.817936 -11.322432 -140.304257
1.817936 -11.322432 -140.304257
1.817936 -11.322432 -140.304257
1.817936 -11.322432 -140.304257
-6.036584 -10.996366 -135.354433
-6.036584 -10.996366 -135.354433
-6.036584 -10.996366 -135.354433
-6.036584 -10.996366 -135.354433
-6.036584 -10.996366 -135.354433
-8.055358 -11.241217 -132.432082
-8.055358 -11.241217 -132.432082
-8.055358 -11.241217 -132.432082
-8.055358 -11.241217 -132.432082
-8.055358 -11.241217 -132.432082
-2.911038 -4.720446 -127.399229
-2.911038 -4.720446 -127.399229
-2.911038 -4.720446 -127.399229
-2.911038 -4.720446 -127.399229
-2.911038 -4.720446 -127.399229
-1.184852 -1.698996 -121.464642
-1.184852 -1.698996 -121.464642
-1.184852 -1.698996 -121.464642
-1.184852 -1.698996 -121.464642
-1.184852 -1.698996 -121.464642
-0.339903 1.320030 -119.156584
-0.339903 1.320030 -119.156584
-0.339903 1.320030 -119.156584
-0.339903 1.320030 -119.156584
-0.339903 1.320030 -119.156584
13.898197 3.612451 -117.349808
13.898197 3.612451 -117.349808
13.898197 3.612451 -117.349808
13.898197 3.612451 -117.349808
13.898197 3.612451 -117.349808
32.583957 7.368694 -112.171370
32.583957 7.368694 -112.171370
32.583957 7.368694 -112.171370
32.583957 7.368694 -112.171370
32.583957 7.368694 -112.171370
33.635997 7.908031 -111.705497
33.635997 7.908031 -111.705497
33.635997 7.908031 -111.705497
33.635997 7.908031 -111.705497
33.635997 7.908031 -111.705497
29.734826 7.018030 -113.277964
29.734826 7.018030 -113.277964
29.734826 7.018030 -113.277964
29.734826 7.018030 -113.277964
29.734826 7.018030 -113.277964
6.769575 4.407095 -115.341104
6.769575 4.407095 -115.341104
6.769575 4.407095 -115.341104
6.769575 4.407095 -115.341104
6.769575 4.407095 -115.341104
4.077385 2.809589 -115.637288
4.077385 2.809589 -115.637288
4.077385 2.809589 -115.637288
4.077385 2.809589 -115.637288
4.077385 2.809589 -115.637288
3.957853 3.021521 -115.451439
3.957853 3.021521 -115.451439
3.957853 3.021521 -115.451439
3.957853 3.021521 -115.451439
3.957853 3.021521 -115.451439
3.268220 3.532928 -115.997991
3.268220 3.532928 -115.997991
3.268220 3.532928 -115.997991
3.268220 3.532928 -115.997991
3.268220 3.532928 -115.997991
19.422896 4.777710 -115.393068
19.422896 4.777710 -115.393068
19.422896 4.777710 -115.393068
19.422896 4.777710 -115.393068
19.422896 4.777710 -115.393068
30.601577 5.195922 -116.254738
30.601577 5.195922 -116.254738
30.601577 5.195922 -116.254738
30.601577 5.195922 -116.254738
30.601577 5.195922 -116.254738
31.137320 5.154950 -117.182687
31.137320 5.154950 -117.182687
31.137320 5.154950 -117.182687
31.137320 5.154950 -117.182687
31.137320 5.154950 -117.182687
29.668364 5.040874 -118.024767
29.668364 5.040874 -118.024767
29.668364 5.040874 -118.024767
29.668364 5.040874 -118.024767
29.668364 5.040874 -118.024767
15.897378 3.119780 -119.073229
15.897378 3.119780 -119.073229
15.897378 3.119780 -119.073229
15.897378 3.119780 -119.073229
15.897378 3.119780 -119.073229
5.428794 1.788693 -119.582652
5.428794 1.788693 -119.582652
5.428794 1.788693 -119.582652
5.428794 1.788693 -119.582652
5.428794 1.788693 -119.582652
1.668645 1.269583 -119.624398
1.668645 1.269583 -119.624398
1.668645 1.269583 -119.624398
1.668645 1.269583 -119.624398
1.668645 1.269583 -119.624398
1.668645 1.269583 -119.624398
5.485271 1.761636 -118.882475
5.485271 1.761636 -118.882475
5.485271 1.761636 -118.882475
5.485271 1.761636 -118.882475
24.205583 5.260605 -118.568095
24.205583 5.260605 -118.568095
24.205583 5.260605 -118.568095
24.205583 5.260605 -118.568095
24.205583 5.260605 -118.568095
24.205583 5.260605 -118.568095
26.228454 4.819985 -119.748420
26.228454 4.819985 -119.748420
26.228454 4.819985 -119.748420
26.228454 4.819985 -119.748420
11.741451 1.982186 -121.085321
11.741451 1.982186 -121.085321
11.741451 1.982186 -121.085321
11.741451 1.982186 -121.085321
11.741451 1.982186 -121.085321
9.709578 2.529095 -120.854146
9.709578 2.529095 -120.854146
9.709578 2.529095 -120.854146
9.709578 2.529095 -120.854146
9.709578 2.529095 -120.854146
8.680875 2.593026 -120.581225
8.680875 2.593026 -120.581225
8.680875 2.593026 -120.581225
8.680875 2.593026 -120.581225
8.680875 2.593026 -120.581225
8.680875 2.593026 -120.581225
8.524321 2.861763 -120.345092
8.524321 2.861763 -120.345092
8.524321 2.861763 -120.345092
8.524321 2.861763 -120.345092
8.524321 2.861763 -120.345092
8.399695 2.433400 -120.018459
8.399695 2.433400 -120.018459
8.399695 2.433400 -120.018459
8.399695 2.433400 -120.018459
8.399695 2.433400 -120.018459
8.237015 2.738011 -120.087321
8.237015 2.738011 -120.087321
8.237015 2.738011 -120.087321
8.237015 2.738011 -120.087321
8.237015 2.738011 -120.087321
6.910689 3.317774 -119.644233
6.910689 3.317774 -119.644233
6.910689 3.317774 -119.644233
6.910689 3.317774 -119.644233
6.910689 3.317774 -119.644233
4.153164 -1.296543 -121.035023
4.153164 -1.296543 -121.035023
4.153164 -1.296543 -121.035023
4.153164 -1.296543 -121.035023
4.153164 -1.296543 -121.035023
2.021821 -8.507153 -125.315557
2.021821 -8.507153 -125.315557
2.021821 -8.507153 -125.315557
2.021821 -8.507153 -125.315557
2.021821 -8.507153 -125.315557
1.493459 -4.989346 -126.680530
1.493459 -4.989346 -126.680530
1.493459 -4.989346 -126.680530
1.493459 -4.989346 -126.680530
1.493459 -4.989346 -126.680530
2.444029 -3.005290 -126.908125
2.444029 -3.005290 -126.908125
2.444029 -3.005290 -126.908125
2.444029 -3.005290 -126.908125
2.794567 -0.457195 -127.849434
2.794567 -0.457195 -127.849434
