-2.398657 2.264988 -72.056918
-3.717462 0.300478 -56.811345
-3.717462 0.300478 -56.811345
-3.717462 0.300478 -56.811345
-3.717462 0.300478 -56.811345
-3.717462 0.300478 -56.811345
-2.929046 1.400369 -43.921624
-2.929046 1.400369 -43.921624
-2.929046 1.400369 -43.921624
-2.929046 1.400369 -43.921624
-2.929046 1.400369 -43.921624
-2.312094 3.049534 -31.317073
-2.312094 3.049534 -31.317073
-2.312094 3.049534 -31.317073
-2.312094 3.049534 -31.317073
-2.312094 3.049534 -31.317073
-2.566122 3.869522 -18.847910
-2.566122 3.869522 -18.847910
-2.566122 3.869522 -18.847910
-2.566122 3.869522 -18.847910
-2.566122 3.869522 -18.847910
-2.566122 3.869522 -18.847910
-2.567673 3.338983 -7.908726
-2.567673 3.338983 -7.908726
-2.567673 3.338983 -7.908726
-2.567673 3.338983 -7.908726
-2.567673 3.338983 -7.908726
-1.282250 -5.855048 -1.681188
-1.282250 -5.855048 -1.681188
-1.282250 -5.855048 -1.681188
-1.282250 -5.855048 -1.681188
0.355583 -16.576896 -3.146054
0.355583 -16.576896 -3.146054
0.355583 -16.576896 -3.146054
0.355583 -16.576896 -3.146054
0.355583 -16.576896 -3.146054
-4.412613 -25.044664 -11.366911
-4.412613 -25.044664 -11.366911
-4.412613 -25.044664 -11.366911
-4.412613 -25.044664 -11.366911
-4.412613 -25.044664 -11.366911
-8.082077 -31.716779 -20.585546
-8.082077 -31.716779 -20.585546
-8.082077 -31.716779 -20.585546
-8.082077 -31.716779 -20.585546
-8.082077 -31.716779 -20.585546
-10.026803 -39.309129 -28.490823
-10.026803 -39.309129 -28.490823
-10.026803 -39.309129 -28.490823
-10.026803 -39.309129 -28.490823
-10.026803 -39.309129 -28.490823
-11.453360 -48.656984 -34.491144
-11.453360 -48.656984 -34.491144
-11.453360 -48.656984 -34.491144
-11.453360 -48.656984 -34.491144
-11.453360 -48.656984 -34.491144
-10.124973 -53.929572 -40.259522
-10.124973 -53.929572 -40.259522
-10.124973 -53.929572 -40.259522
-10.124973 -53.929572 -40.259522
-10.124973 -53.929572 -40.259522
-10.124973 -53.929572 -40.259522
-8.894663 -51.465318 -46.573189
-8.894663 -51.465318 -46.573189
-8.894663 -51.465318 -46.573189
-8.894663 -51.465318 -46.573189
-8.894663 -51.465318 -46.573189
-7.839486 -49.470005 -49.945113
-7.839486 -49.470005 -49.945113
-7.839486 -49.470005 -49.945113
-7.839486 -49.470005 -49.945113
-7.839486 -49.470005 -49.945113
-7.784655 -49.801416 -53.260586
-7.784655 -49.801416 -53.260586
-7.784655 -49.801416 -53.260586
-7.784655 -49.801416 -53.260586
