0.000228 -0.000545
0.001054 -0.000410
0.002504 -0.000252
0.002650 0.000043
0.003501 -0.000247
0.004510 -0.000262
0.006062 1.259020
0.007873 2.518686
0.009361 3.778324
0.007450 5.038014
-0.712382 6.136210
-0.585233 6.110290
5.143032 8.023872
6.475270 6.904761
5.794970 7.870030
5.822200 6.985602
5.924110 6.261140
6.216009 5.678857
6.659344 4.842869
6.564416 4.366816
6.377693 4.430509
6.009124 4.623948
5.885225 4.775777
5.835579 4.337054
6.403111 3.490819
6.504766 3.680010
6.358202 3.557842
6.121788 3.405503
5.615921 3.621009
5.430579 3.501676
5.344788 2.981555
5.368100 2.816279
5.364089 2.459904
5.463420 2.381833
5.483372 2.639980
5.468338 2.705424
5.491962 2.724853
5.526026 2.870918
5.513253 2.938721
5.548539 2.903001
5.592194 3.013337
5.612663 3.079164
5.176007 2.923596
4.878751 2.984587
4.753479 3.039363
4.592621 3.020070
4.483414 3.002978
4.540070 2.918018
4.661234 2.952337
4.698095 3.004344
5.065462 2.945212
4.299153 3.006378
4.487498 2.780829
4.230998 2.958179
4.761095 3.958214
5.591488 4.518219
5.508382 4.821421
6.884564 5.625092
7.045818 6.371525
8.173306 6.362817
9.733874 6.396434
10.364226 6.768897
12.153893 7.571450
12.729895 7.879121
14.353713 8.096978
14.736670 8.426491
16.306300 8.360028
17.191091 8.393294
18.875559 8.213577
19.247461 8.163194
20.363073 8.156335
23.155753 8.176794
24.357108 8.184320
24.921281 8.061186
25.164734 7.938653
23.846104 7.967764
22.982541 7.733187
23.157987 7.589054
23.160359 7.454120
22.253402 7.272185
21.551655 7.099673
20.969903 6.922386
19.149449 6.770008
18.574968 6.634712
17.312184 5.748279
16.991095 5.216618
15.619609 4.375454
15.117790 4.187698
12.834650 4.321951
11.807535 4.649767
10.142336 4.417255
7.133699 4.829267
5.559349 4.615885
3.389885 3.848285
1.550743 3.937990
-0.428203 4.020358
-1.766221 4.483924
-2.964712 4.846299
-3.597851 5.211227
-3.394870 6.833421
-3.664638 8.143722
-3.896416 8.243082
-4.469795 6.867896
-4.630504 5.280583
-4.681846 5.213063
-4.780812 4.054659
-5.371664 3.371320
-5.272758 3.928255
-5.022980 3.468816
-4.837336 3.864207
-4.592954 4.536953
-4.729932 4.453501
-5.034573 4.187949
-5.188318 3.969436
-5.214049 4.383706
