-0.000415 -0.000130
-0.000859 -0.000182
-0.001313 -0.000305
-0.001068 -0.001024
-0.001601 -0.001095
-0.002076 -0.001164
-0.002621 -0.001238
-0.002287 -0.000512
-0.001215 -0.000221
-0.000846 0.000568
-0.000516 0.001295
-0.000167 0.002051
0.000133 0.001951
0.001211 0.001569
0.001574 0.001491
0.001956 0.001394
0.002299 0.001294
0.002658 0.002070
0.003599 0.002834
0.003907 0.003551
0.004334 0.004343
0.004737 0.005088
0.005090 0.005841
0.006303 0.004082
0.007879 0.002485
0.009062 0.000701
0.010329 -0.001051
0.011545 -0.002795
0.013618 -0.002065
0.015691 -0.000982
0.017816 -0.000219
0.019903 0.000533
0.021980 0.001282
0.195819 -0.381526
0.372937 -0.758264
0.546796 -1.141070
0.720644 -1.523725
0.958493 -1.785857
1.222326 -1.775394
0.407049 -3.074331
3.148031 -0.097198
3.937244 0.082479
3.863108 0.326892
4.065157 0.882123
4.163860 2.283927
3.705334 2.937768
3.155921 3.260450
2.630413 3.652371
2.010920 3.916914
2.290761 4.070042
2.834364 4.158290
2.808074 3.382225
2.864279 2.616786
2.596570 2.673492
2.743739 2.293565
3.093070 2.222030
3.199426 2.142696
3.329538 2.482027
3.069719 2.597057
3.114943 2.675912
3.036059 2.514542
3.021218 2.427411
2.579349 2.088142
2.621491 2.035005
2.973697 2.068237
3.274632 2.450927
3.402406 2.746627
3.464816 2.884293
3.744767 2.811596
3.839841 2.951220
3.545494 2.737960
3.962137 2.737783
3.855868 2.633595
4.125309 2.512580
4.024332 2.323291
3.993862 2.253653
4.001210 2.287469
3.835777 2.134187
3.668875 2.019294
3.596009 1.825913
3.726786 1.735252
3.719497 1.719942
3.982638 1.751758
4.066278 1.800793
4.147518 1.871052
4.128234 1.846731
4.155933 1.871660
4.054165 1.847943
4.084088 1.827077
4.040650 1.757880
4.098963 1.662681
3.995433 1.649263
3.940657 1.648953
3.771401 1.539888
3.505517 1.508506
3.202849 1.646881
2.848573 1.702588
2.341348 1.475486
1.812019 1.051052
0.961951 0.337022
0.068634 -0.498041
-0.678179 -1.192271
-1.339928 -1.721530
-1.933267 -2.425282
-2.788840 -2.946979
-3.848263 -4.294671
-4.795623 -5.196252
-5.513626 -5.932347
-6.220661 -6.439154
-6.935078 -7.336438
-7.202214 -7.981287
-7.626047 -8.432223
-7.997217 -9.061175
-8.258797 -9.646875
-8.303462 -10.648905
-9.097409 -11.475463
-9.516537 -12.080035
-9.782658 -12.525800
-10.049414 -13.064517
-10.373738 -13.404290
-10.402502 -13.558467
-10.482271 -13.452778
-10.450553 -13.353285
-10.621369 -13.376539
-10.499798 -13.307376
-10.649191 -13.347606
-10.531776 -12.921829
-10.743418 -12.747074
-11.387325 -12.569530
-11.139637 -11.970857
-11.106431 -11.874991
-11.216404 -11.594104
-11.444413 -11.441255
-11.306045 -10.949149
-11.029055 -10.395117
-10.932010 -10.034202
-11.127523 -9.694156
-11.115478 -8.875264
-10.947506 -8.307191
-10.936013 -7.577154
-11.133668 -6.919798
-11.290445 -6.338453
-11.407673 -5.727080
-11.467762 -5.219271
-11.672741 -4.800513
-12.227488 -4.754113
-12.089668 -4.243639
-11.992345 -3.679179
-11.831468 -3.247078
-11.723689 -2.679508
-12.571554 -1.985167
-12.328931 -1.490733
-12.288602 -1.111369
-12.246216 -0.468632
-12.429249 -0.387803
-12.802597 0.753363
-12.810395 0.903355
-12.881760 1.161493
-12.807719 1.211063
-12.776256 1.380301
-12.796638 1.806094
-12.748472 1.740916
-12.634239 1.802851
-12.540899 1.900813
-12.494645 1.900269
-12.571277 2.158954
-12.517779 2.136118
-12.394065 2.137701
-12.484772 2.284577
-12.517160 2.040400
-12.152017 1.863993
-11.804777 1.892047
-11.216544 2.021653
-11.131713 2.081438
-10.841502 2.528411
-10.584916 2.391677
-10.952056 2.398238
-10.859326 2.321756
-10.317469 1.471651
-10.005150 1.561303
-10.053786 2.330980
-9.859587 2.590810
-9.485372 2.136491
-9.066205 1.871480
-8.966748 2.043193
-9.522031 1.925989
-9.801567 2.450949
-10.124573 2.918301
-9.878221 2.306428
-10.342475 2.767056
-10.808394 3.523091
-10.980865 3.492509
-11.454101 4.118127
-11.670257 4.101468
-11.377114 3.525348
-11.403711 3.742410
-11.346779 3.772880
-10.978173 2.989109
-10.961606 2.868387
-11.046068 3.359480
-10.866860 2.904617
-10.650976 2.594705
-10.658675 2.714232
-11.093749 3.374348
-11.422744 3.502105
-11.811792 3.589751
-12.145055 3.869258
-12.501909 3.728944
-12.812287 4.013394
-13.440171 4.532791
-14.007497 4.331477
-14.161911 4.685051
-14.643506 5.915621
-14.725685 5.607204
-14.684796 6.125793
-15.020303 6.639253
-15.476559 7.174281
-16.260203 7.197224
-16.709173 6.839590
-16.765539 7.265574
-16.981258 6.699418
-16.921982 6.842056
-17.072230 6.532590
-17.198552 6.355479
-17.256192 6.206927
-17.351910 6.007852
-17.290122 5.890672
-17.087893 5.994226
-17.650760 5.547877
-18.099117 5.414856
-18.050926 5.481902
-18.186451 5.512915
-18.567529 5.520906
-18.650522 5.494233
-19.790131 5.188027
-21.075952 4.172286
-22.391424 3.350507
-23.677928 2.860352
-25.075193 2.107144
-25.764600 1.493960
-26.100839 0.549677
-26.493363 -0.094696
-26.953556 -0.710913
-27.617924 -1.483446
-28.062015 -2.344789
-28.023990 -2.806416
-28.189868 -3.343756
-28.395339 -4.001327
-29.151036 -3.609018
-29.369725 -4.388214
-29.822216 -5.537014
-30.089776 -6.166075
-30.323038 -6.966550
-30.490028 -7.394872
-30.422803 -7.291611
-30.679888 -7.368525
-30.672271 -7.135649
-30.686497 -6.916994
-30.785616 -6.885726
-30.487823 -6.662344
-30.411048 -6.486113
-30.212441 -6.093506
-30.260147 -5.340619
-30.352508 -4.723075
-30.206620 -4.011676
-30.616906 -3.434802
-30.735043 -2.827444
-30.814631 -2.340494
-30.847559 -1.980153
-30.794553 -1.201017
-30.537739 -0.580961
-30.406314 0.028728
-30.314009 0.896639
-30.140302 1.398320
-30.351618 2.226888
-30.582219 2.608737
-30.826128 3.247586
-30.984980 3.786968
-31.231264 4.397842
-31.035394 4.718399
-30.912252 4.887515
-30.884042 5.195698
-30.661511 5.469930
-30.415785 5.941659
-30.542037 6.423250
-31.742912 6.743341
-31.685541 7.208553
-31.727249 7.476910
-31.771634 7.866202
-32.686203 7.826514
-33.923559 7.773011
-34.990941 7.578449
-35.968142 6.865789
-36.834540 5.902973
-37.865262 5.254784
-39.139838 3.039856
-39.796345 2.224522
-40.456168 1.192482
-41.175789 0.341106
-40.779927 -0.747443
-40.549534 -0.904992
-39.991711 -1.453447
-39.251718 -2.198320
-39.145979 -1.931179
-38.768126 -2.125293
-38.898132 -2.138565
-38.597935 -1.909649
-38.302664 -2.134136
-38.188968 -1.866916
-38.195993 -1.590824
-38.919743 -1.106495
-38.808243 -0.780505
-39.106466 -0.439805
-39.465942 -0.028701
-39.433976 0.381113
-39.139686 0.853908
-38.769640 1.391918
-38.737336 2.450942
-38.534169 2.951663
-39.051834 3.523186
-39.476400 3.798217
-39.615309 4.080992
-39.823735 4.491418
-39.913864 5.026537
-40.094475 5.412575
-41.554635 5.283441
-41.458303 5.402015
-41.422797 5.565718
-41.460146 5.686958
-41.713712 5.992853
-42.818619 6.255504
-42.955569 6.432504
-42.936459 6.505729
-42.804264 6.511108
-42.724489 6.605437
-43.664670 6.963562
-43.626380 6.996050
-43.664419 7.077508
-43.714678 7.142459
-43.713186 7.227040
-43.696158 7.153013
-44.125618 7.487459
-44.174968 7.451518
-44.124942 7.490483
-44.086757 7.374367
-44.054507 7.377922
-44.196232 7.872181
-44.149776 7.729453
-44.115363 7.727607
-44.093844 7.755083
-44.367464 7.568802
-44.746508 7.527686
-44.973852 7.300557
-45.300384 7.183443
-45.807054 6.933858
-46.658288 6.235968
-47.533645 5.479513
-48.615659 4.742981
-50.371712 3.726534
-51.431824 3.211707
-52.356015 2.456401
-53.190811 1.868835
-53.669893 0.892168
-54.154226 0.073277
-54.545993 -0.656804
-54.952235 -1.371746
-54.873043 -2.094616
-54.986040 -3.183140
-55.226831 -3.853030
-55.682031 -4.469088
-55.865411 -5.131457
-55.605996 -5.455919
-55.862720 -5.430178
-55.878497 -4.948882
-55.958948 -4.356453
-54.929930 -3.455050
-54.497037 -2.922557
-54.016818 -1.829804
-53.097703 -0.874711
-52.550974 0.203736
-52.590213 1.719393
-52.686390 2.456445
-52.454002 2.802037
-52.204514 3.453986
-51.869588 3.851869
-52.072694 4.653833
-53.335177 5.244226
-53.686518 5.654086
-53.719580 5.781365
-53.567537 5.887390
-53.423197 5.992575
-53.943924 6.353353
-53.811140 6.461650
-53.836802 6.584517
-53.762231 6.555632
-53.735487 6.604302
-53.943297 6.813731
-54.001440 6.905725
-54.095691 6.964963
-54.213959 6.900821
-54.355923 6.867386
-54.769529 7.096725
-54.878845 6.926076
-55.041411 6.881515
-55.158374 6.841170
-55.034608 6.810832
-55.159986 6.871306
-55.167801 6.841360
-55.099217 6.821431
-55.116446 6.768562
-55.014075 6.723666
-55.196744 6.735909
-55.223083 6.703508
-55.231904 6.600254
-55.172127 6.528429
-55.079351 6.467144
-54.958995 6.458159
-54.949045 6.478836
-54.924940 6.509323
-54.909087 6.463926
-54.871366 6.448235
-54.898588 6.385430
-54.854143 6.441054
-55.017769 6.378481
-54.882529 6.312774
-54.850990 6.275636
-54.935531 6.367066
-55.038429 6.400530
-55.105272 6.413465
-55.008540 6.428742
-54.952039 6.337649
-54.962532 7.159171
-54.888500 7.770528
-54.592812 8.370320
-54.495492 8.903337
-54.342643 9.218407
-53.503580 9.697774
-52.816989 10.509931
-51.698913 11.012660
-50.860862 11.699927
-49.927644 12.119712
-48.990038 12.104479
-48.476655 12.785983
-47.433289 13.363828
-46.412871 13.644193
-44.924311 13.659691
-43.457710 13.365596
-42.251033 13.487488
-40.406938 13.396978
-39.767872 13.360380
-39.525711 13.341182
-39.182378 13.274571
-38.903118 13.271646
-39.202468 13.397921
-39.274577 13.462598
-39.381025 13.633173
-39.572746 12.921775
-40.811522 12.127441
-41.477218 11.462030
-43.009309 10.890496
-45.664888 10.380588
-47.135160 9.817909
-49.050190 9.186558
-50.966557 8.844470
-52.433584 8.303458
-53.080683 7.679741
-54.419941 6.943204
-55.164877 6.394649
-56.987297 6.833831
-57.353527 6.539502
-58.199976 6.604577
-58.685999 6.230619
-59.314349 6.305352
-59.922829 6.641764
-60.435037 6.780319
-60.753909 6.707392
-60.906987 6.690571
-61.247874 6.783112
-61.403148 6.976003
-61.516270 6.984150
-61.471367 7.022481
-61.469920 7.020426
-61.316961 7.062762
-61.377865 7.284652
-61.189295 7.291393
-61.045772 7.333886
-60.941338 7.402825
-61.026585 7.473230
-61.049134 7.512627
-61.090067 7.556188
-61.258018 7.635965
-61.243629 7.603517
-61.172400 7.609696
-60.815470 7.442608
-60.344820 7.435854
-60.036758 7.452114
-60.485184 7.225306
-60.630639 7.234940
-61.540672 7.177363
-61.806980 7.248843
-61.640163 7.447257
-61.333023 7.691536
-61.766102 7.651837
-61.931438 7.358455
-62.077050 6.314957
-62.398600 6.065221
-61.918435 6.313412
-61.823985 6.570848
-61.744183 6.953005
-61.718748 7.479075
-61.680320 7.853441
-61.921307 7.971581
-62.166874 7.967799
-62.375416 8.512860
-62.373172 8.874141
-62.074873 9.434538
-61.971771 9.894850
-61.761390 10.409784
-61.204007 11.025062
-60.324949 12.047098
-59.154978 12.732501
-57.618751 13.696332
-56.167408 13.528716
-55.479386 14.431585
-54.054002 14.945395
-52.351803 15.433656
-50.800013 15.998400
-48.160351 15.983232
-46.028308 16.595152
-43.153570 16.688368
-41.970012 17.118785
-40.115732 17.558511
-38.846515 16.936301
-39.015488 16.145492
-39.582858 15.696287
-41.725658 15.437432
-42.952788 15.100864
-47.838325 14.596410
-52.861312 13.043730
-52.170850 10.595511
-54.609635 10.275263
-56.181900 8.696625
-58.509087 7.864205
-59.217183 7.622628
-60.784299 7.899681
-61.415261 7.378555
-62.150496 7.062291
-62.946777 6.621447
-63.324667 6.522567
-64.071158 6.663014
-64.503965 6.603111
-64.668386 6.518831
-65.020062 6.412456
-65.080780 6.482736
-65.357912 6.626636
-65.380992 6.689097
-65.436056 6.792120
-65.505722 6.843307
-65.358779 6.690972
-65.525194 6.566935
-65.654928 6.187744
-65.472431 5.909883
-65.360034 5.867776
-65.518313 6.199388
-65.501746 6.465726
-65.426057 6.524112
-65.298650 6.531207
-65.105331 6.441539
-65.060705 6.617463
-65.117972 6.914401
-65.054783 7.122734
-65.032184 7.316123
-64.677256 7.503496
-64.647897 7.554524
-64.583014 7.484961
-64.772891 7.366497
-64.828877 7.199738
-64.906263 7.047568
-64.945145 7.198665
-65.027510 7.276633
-65.093036 7.439347
-65.302776 7.511378
-65.287232 7.497620
-65.392129 7.427870
-65.353383 7.295380
-65.353819 7.217745
-65.345394 7.163862
-65.366494 7.182716
-65.251971 8.717130
-65.091852 10.002798
-64.526941 11.251322
-63.854832 12.423650
-62.756220 13.350006
-59.492319 14.521583
-57.994694 14.705650
-56.546565 14.281055
-55.274202 14.644514
-53.773446 15.167275
-51.131192 16.444330
-48.495934 16.929940
-46.454527 17.435080
-45.000620 18.167896
-42.060820 18.397729
-40.252148 18.954502
-38.649871 18.901219
-38.310020 18.985786
-37.562279 19.013501
-37.390732 16.862147
-38.034839 13.922350
-40.234760 12.346788
-41.837416 10.540564
-41.059972 7.991941
-45.310813 7.796689
-41.778572 7.109128
-42.802424 6.680256
-44.582459 5.772845
-45.853774 5.123597
-46.603444 4.720853
-47.225474 5.014143
-47.751096 4.811479
-48.338028 4.588437
-48.939823 4.175937
-49.122229 3.994648
-49.526496 4.039924
-49.821110 3.862433
-50.074330 3.646524
-50.417336 3.416124
-50.801046 3.251615
-51.145449 3.343290
-51.051114 3.376311
-50.888151 3.440168
-50.707708 3.501121
-50.564707 3.586988
-50.329265 3.664026
-50.172145 3.703021
-49.996662 3.802863
-49.755072 3.906556
-49.593831 3.966086
-49.485993 4.027532
-49.496277 4.025622
-49.489489 4.022827
-49.476909 4.011484
-49.577965 3.966596
-49.649129 4.059480
-49.524156 4.065836
-49.373626 3.945331
-49.229981 3.921005
-49.332972 3.843862
-49.374644 3.685829
-49.443925 3.621789
-49.341360 3.783690
-49.316862 3.864776
-49.217283 3.829634
-49.177734 3.773158
-49.224965 3.800525
-49.104947 3.827571
-48.979914 3.886053
-48.405911 3.744755
-48.360554 3.579196
-48.184897 3.238969
-47.806897 3.422764
-47.551564 3.170888
-46.773981 3.472391
-46.446168 3.505620
-46.135720 3.607369
-45.784250 3.757017
-45.285016 3.773660
-44.403313 4.149647
-44.097143 4.123021
-43.846436 4.212401
-43.612217 4.222813
-43.331716 4.351570
-42.096999 5.068336
-42.073066 5.063217
-41.936241 5.257486
-41.927571 5.337001
-41.578286 5.478660
-40.540809 6.415342
-40.292149 6.601149
-40.212424 6.667484
-40.188398 6.878622
-40.261246 6.985071
-40.472021 6.670565
-40.613635 6.144293
-40.798298 5.655121
-40.996294 5.200547
-41.283154 4.769816
-41.985062 3.825830
-42.285901 3.579079
-42.532111 3.241689
-42.481466 2.775731
-42.594714 2.290237
-43.361363 1.053288
-43.482899 0.696749
-43.600831 0.482062
-43.733302 0.309447
-43.821646 0.308149
-44.901881 0.497573
-44.993540 0.531561
-45.015936 0.611529
-45.135930 0.693109
-44.944018 0.930970
-45.715763 1.312353
-46.088422 1.264986
-46.390175 1.140680
-46.615796 1.249377
-46.760766 1.244785
-47.328824 1.801733
-47.270777 1.925343
-47.171073 2.071518
-47.133822 2.181110
-46.926389 2.260264
-46.607313 2.356741
-46.336937 2.581080
-45.828156 2.867624
-45.369419 3.121776
-44.909678 3.269928
-44.451850 3.491304
-44.205077 3.692387
-43.904659 3.746478
-43.559283 3.817383
-43.122568 3.889007
-42.668674 3.944851
-42.280815 3.944391
-41.905300 3.897241
-41.721099 3.881801
-41.570355 3.836743
-41.210934 3.714542
-40.757519 3.411960
-40.664547 3.414414
-40.663927 3.505769
-40.474907 3.578929
-40.411528 3.392747
-39.833768 3.347877
-39.990635 3.307968
-40.304449 3.429686
-40.685545 3.275518
-41.203060 3.144308
-42.002600 3.257239
-42.286762 3.127027
-42.716681 2.960600
-43.209459 2.871576
-44.568902 3.660488
-44.857438 3.607739
-45.322456 3.601250
-45.600386 3.526565
-45.978217 3.472717
-46.066829 3.466601
-46.303628 3.654573
-46.334536 3.730142
-46.234477 3.797739
-46.159880 3.879320
-45.863465 4.018161
-45.313807 4.097863
-44.960423 4.245197
-44.527264 4.302926
-44.130591 4.392226
-43.749992 4.383537
-43.231855 4.253110
-42.953803 4.188102
-42.569605 4.123926
-42.285220 4.081920
-42.032331 4.161422
-41.595203 4.424122
-41.459315 4.582433
-41.317392 4.739765
-41.246715 4.805591
-41.139787 4.947462
-41.058431 4.885810
-40.828847 4.842159
-40.926503 4.806422
-40.872278 4.842277
-41.061896 4.767252
-41.352208 4.828991
-41.820594 4.774103
-42.294976 4.748173
-42.763039 4.728720
-43.152155 4.683018
-43.860142 4.796677
-44.105493 4.650840
-44.430783 4.592692
-44.629937 4.592216
-44.812380 4.612124
-44.732743 4.650340
-44.772382 4.734439
-44.641744 4.634600
-44.580048 4.599294
-44.649556 4.490591
-44.895476 3.584295
-45.269204 2.618254
-45.913412 1.682222
-46.202575 0.681465
-46.871282 -0.329901
-47.292836 -0.388015
-47.403250 -0.507905
-47.605440 -0.873270
-47.632811 -0.964239
-47.556156 -1.147209
-47.860986 -1.117913
-48.173908 -0.917577
-48.583856 -0.726185
-48.898135 -0.838060
-48.801350 -0.766369
-48.656955 -0.897033
-48.377922 -0.669669
-48.700446 -0.855260
-49.068076 -0.680034
-49.026255 -0.674130
-48.305502 -0.538669
-47.726051 -0.378132
-47.388452 0.110215
-47.734305 0.894232
-47.387257 1.419156
-47.005485 1.627761
-46.754457 1.845596
-46.582533 2.394499
-46.572007 2.878495
-46.744223 3.321882
-46.364215 4.066201
-45.964204 4.957768
-46.324346 5.799653
-46.197267 6.550610
-45.863224 6.915430
-45.775272 6.903497
-45.827684 6.937008
-46.136903 6.645811
-46.416927 6.358518
-46.688063 6.056264
-46.750273 6.311614
-47.311059 6.229217
-48.076945 6.042536
-49.070340 5.969835
-49.797816 5.901402
-48.659806 5.818766
-47.562285 5.363730
-46.587277 5.176551
-45.987159 4.922267
-45.067390 5.698620
-44.156133 5.378124
-43.685904 4.815279
-43.675468 4.905656
-43.624604 5.041326
-44.296189 6.055279
-44.280115 6.292239
-45.039163 6.606885
-45.177135 6.985542
-45.858580 7.575290
-45.631567 6.996310
-45.791996 6.955220
-46.061539 6.993051
-46.370780 6.981464
-46.409593 6.644415
-46.648847 6.359842
-46.650671 5.966908
-46.902495 5.917337
-46.929637 5.741823
-47.071753 5.731461
-47.217232 5.643187
-47.331453 5.548624
-47.477990 5.490388
-47.644952 5.471652
-47.812369 5.400097
-48.049196 5.346036
-48.062320 5.276919
-48.172097 5.224731
-48.121920 5.225606
-48.275802 5.300713
-48.233732 5.226441
-48.251322 5.182615
-48.222259 5.087905
-48.259288 4.933340
-48.076444 4.677507
-48.008067 4.598405
-48.035182 4.439230
-47.994322 4.294550
-47.858977 4.115791
-47.865824 3.945687
-48.097562 3.857680
-48.173435 3.737125
-48.069076 3.669825
-48.264544 3.900446
-48.084960 3.726642
-48.244518 3.779234
-48.099737 3.540308
-48.172013 3.501366
-48.341727 3.516973
-48.351583 3.300229
-48.349543 3.299879
-48.328632 3.239339
-48.354276 3.315476
-48.335600 3.274639
-48.256353 3.245025
-48.269111 3.355993
-48.305076 3.377326
-48.299175 3.341396
-48.519907 3.512281
-48.593301 3.593374
-48.684427 3.698591
-48.851081 3.840852
-48.775634 3.837176
-48.936512 3.905083
-48.887533 3.692439
-48.916240 3.552696
-49.020596 3.434129
-48.535238 3.169143
-48.487438 3.461226
-48.550856 3.794842
-48.347467 3.930164
-48.334842 4.305795
-48.620154 5.024109
-48.736033 6.263810
-48.844854 7.363498
-49.125444 7.825041
-48.901944 7.614773
-49.357626 7.575202
-49.546695 7.554442
-50.511147 6.839481
-51.078681 6.226679
-51.221745 7.646008
-52.711734 7.430554
-53.203734 7.943859
-54.056752 8.495884
-54.442915 9.013522
-54.808909 9.566307
-55.168157 10.108732
-55.203201 10.537448
-55.251280 10.965828
-55.285282 11.395294
-55.319248 11.824738
-55.353240 12.254174
-55.362296 12.281664
-55.370270 12.309000
-55.379389 12.336485
-55.388468 12.363945
-55.397556 12.391437
-55.406624 12.418909
-55.498184 12.749735
-55.590552 13.084734
-55.682942 13.419751
-55.775310 13.754760
-55.867671 14.089796
-55.877608 14.159885
-55.886446 14.226770
-55.896418 14.296873
-55.906344 14.366987
-55.916238 14.437107
-55.926203 14.507207
-55.927538 14.540327
-55.929754 14.574490
-55.931916 14.608698
-55.934128 14.642851
-55.936329 14.677056
-55.937717 14.675288
-55.938251 14.672845
-55.939615 14.671091
-55.940980 14.669322
-55.941473 14.664232
-55.941433 14.659386
-55.941927 14.654284
-55.942419 14.649188
-55.942903 14.644087
-55.943366 14.638991
-55.947945 14.663603
-55.952732 14.687758
-55.957518 14.711906
-55.962316 14.736040
-55.967102 14.760194
-55.973619 14.781828
-55.980040 14.803855
-55.986571 14.825481
-55.993084 14.847132
-55.999600 14.868758
-55.997509 14.887068
-55.995298 14.905533
-55.993219 14.923837
-55.991134 14.942131
-55.989078 14.960428
-55.987867 14.971210
-55.986528 14.982172
-55.985315 14.992948
-55.984051 15.003743
-55.982833 15.014502
-55.983316 15.025293
-55.983623 15.036149
-55.984252 15.046885
-55.984721 15.057681
-55.985155 15.068478
-55.985623 15.082613
-55.986130 15.096631
-55.986649 15.110741
-55.987211 15.124826
-55.987678 15.138985
-55.987291 15.143926
-55.986860 15.148773
-55.986509 15.153715
-55.986171 15.158625
-55.985764 15.163542
-55.985409 15.168494
-55.985031 15.173439
-55.984410 15.174277
-55.984056 15.174983
-55.983767 15.175719
-55.983323 15.176486
-55.982993 15.177228
-55.982598 15.178001
-55.982239 15.178759
-55.980170 15.178658
-55.978223 15.178562
-55.976113 15.178488
-55.974048 15.178397
-55.971745 15.178380
-55.969579 15.178316
-55.967624 15.178203
-55.966031 15.170737
-55.965337 15.161112
-55.964056 15.153556
-55.962781 15.145901
-55.961476 15.138394
-55.960292 15.130765
-55.959114 15.123259
