-0.001335 -0.001287
-0.002626 -0.002780
-0.003943 -0.004213
-0.005049 -0.005961
-0.006352 -0.007467
-0.007613 -0.008813
-0.008993 -0.010306
-0.009471 -0.009166
-0.009915 -0.008272
-0.010400 -0.007218
-0.010867 -0.006110
-0.011273 -0.005013
-0.003181 0.002693
0.004849 0.010393
0.012974 0.018183
0.021095 0.025917
0.029273 0.033770
0.037407 0.041501
-0.369298 -0.576640
-0.784829 -1.189630
-1.191472 -1.807745
-1.598141 -2.425841
-2.004732 -3.043790
-2.524257 -2.868773
-8.542977 -6.239099
-7.250614 -4.769046
-7.526390 -4.528991
-8.645434 -4.913737
-8.474778 -4.645428
-7.984738 -4.482930
-8.095820 -3.863546
-7.763111 -3.325089
-7.540870 -2.749740
-7.583513 -2.027446
-7.825352 -2.306461
-8.293968 -2.711977
-8.543247 -3.137079
-8.565293 -3.116988
-8.533588 -3.257461
-8.496030 -3.514038
-8.514992 -3.511738
-8.633438 -3.540608
-8.683097 -3.580112
-8.771986 -3.707773
-8.834343 -3.798800
-9.004158 -3.849415
-9.055905 -3.976880
-9.097573 -4.042166
-7.992205 -4.569614
-5.188959 -6.451665
-3.796006 -7.778106
-2.422947 -8.556379
-1.108590 -9.534675
0.376516 -9.978514
1.898099 -11.186083
2.566078 -12.136415
3.025010 -13.627713
3.734853 -14.604578
4.119316 -16.285870
4.446970 -16.697399
4.768872 -18.033150
4.802086 -18.421655
4.779420 -18.695176
2.462749 -18.568657
-0.425249 -15.977268
-3.070691 -14.411437
-7.708683 -14.516179
-10.534719 -12.470112
-10.919545 -9.275689
-11.639896 -8.450104
-12.190854 -8.040866
-12.796137 -7.552217
-13.550473 -7.677469
-13.867285 -7.680679
-14.108418 -7.544886
-14.048875 -7.610561
-14.132512 -7.548473
-14.253929 -7.511707
-14.317996 -7.528057
-14.372082 -7.522277
-14.545228 -7.392068
-14.766631 -7.134707
-13.732856 -7.205093
-12.580519 -7.509678
-11.249892 -8.371953
-10.121905 -8.947854
-8.904147 -9.941489
-7.524143 -10.608799
-5.988186 -11.456556
-4.901257 -12.208950
-3.754947 -13.322751
-2.175640 -15.242021
-1.137367 -16.901042
-0.612144 -17.065508
0.306509 -18.307532
0.907241 -19.120269
1.259227 -20.422472
1.423659 -20.691326
1.813239 -21.741058
1.801507 -21.791766
1.951040 -21.751002
0.119628 -21.660877
-1.960981 -20.448563
-4.069169 -19.574690
-7.300594 -17.064726
-10.871861 -14.803393
-13.178785 -14.649540
-16.842734 -17.082011
-21.925620 -24.028172
-22.515429 -23.458586
-23.176792 -23.419634
-23.565297 -23.838892
-24.034705 -23.965895
-24.118293 -23.932136
-24.455377 -23.849817
-24.543966 -23.852206
-24.688736 -23.975087
-24.602811 -24.054824
-24.660142 -24.181090
-24.685541 -24.290997
-24.577706 -24.429820
-24.602247 -24.504939
-24.588052 -24.525081
-24.514353 -24.588215
-24.355282 -24.777597
-24.269010 -24.988151
-22.651665 -26.116668
-21.352590 -26.817603
-19.915804 -27.543512
-18.379798 -28.266123
-17.979238 -28.877444
-17.359252 -29.643077
-17.075757 -31.937434
-16.615478 -33.238316
-16.633126 -33.186744
-16.096377 -33.460876
-15.776125 -33.136243
-15.486787 -33.877926
-15.216663 -34.592750
-14.921360 -35.480032
-14.725281 -35.686562
-16.374046 -35.381413
-18.127317 -34.427709
-20.423942 -33.290371
-22.965500 -31.360812
-25.557103 -29.927437
-26.747129 -28.687115
-33.247109 -29.587911
-36.037064 -32.431555
-41.373179 -34.634443
-42.253664 -34.212902
-42.585146 -34.253583
-43.227442 -33.881238
-43.485035 -33.619643
-43.768920 -33.185817
-43.716387 -32.816590
-43.623172 -32.825883
-43.601476 -32.830078
-43.690567 -32.940012
-43.380635 -32.810515
-43.228167 -32.737331
-43.152277 -32.877939
-43.159408 -33.030893
-43.163195 -33.114543
-43.079942 -33.149080
-40.799259 -33.434523
-38.583865 -34.059043
-36.295740 -34.499106
-33.456799 -35.818158
-31.152315 -37.071988
-30.331278 -37.657921
-27.454125 -38.130340
-27.329660 -39.223388
-26.774867 -40.068358
-25.570121 -40.834712
-25.045329 -40.549842
-24.629324 -41.326211
-24.313274 -42.006610
-23.761797 -41.939353
-23.639010 -41.553686
-24.907842 -40.516416
-26.143594 -40.209599
-27.502363 -38.876922
-29.014469 -37.863068
-30.899716 -36.313558
-32.527862 -35.289304
-34.401398 -34.291963
-33.337233 -31.204898
-34.088480 -29.349043
-34.742960 -28.979241
-35.168605 -28.809850
-35.879172 -28.860664
-35.967296 -28.776608
-36.088128 -28.778475
-36.443330 -26.696158
-36.114867 -25.316023
-34.671469 -23.052251
-33.520310 -22.316653
-32.720062 -20.025689
-31.403151 -19.909577
-30.756108 -19.323545
-30.866091 -18.720371
-28.918416 -17.592887
-28.314637 -16.671294
-28.174787 -16.299927
-28.461254 -16.093504
-28.192261 -15.712616
-27.427332 -15.412714
-27.187418 -15.278607
-27.651203 -18.262374
-28.257628 -20.598653
-29.987508 -24.444478
-29.522950 -27.538297
-30.271482 -30.632646
-30.265392 -30.831451
-32.097924 -30.645841
-32.889198 -31.066098
-33.715834 -31.202662
-34.195982 -31.520063
-34.621127 -31.778923
-34.886757 -32.311116
-35.178549 -32.708445
-35.275294 -32.526026
-35.419745 -32.446241
-35.552202 -32.465241
-35.488196 -32.508093
-35.475161 -32.786134
-35.620940 -32.988654
-35.782220 -33.157837
-35.894582 -33.377313
-36.138785 -33.309565
-36.394154 -33.291179
-36.787814 -33.183513
-37.060739 -33.103020
-37.076791 -32.790873
-36.624954 -31.578217
-36.132665 -30.496805
-35.594193 -29.379779
-34.267820 -28.025055
-32.725889 -27.194960
-31.267016 -25.785698
-31.394948 -24.759736
-28.466568 -23.051083
-28.667944 -21.517809
-27.765591 -20.187026
-25.600632 -19.704957
-23.810917 -19.016543
-23.146367 -18.658788
-22.416238 -18.184798
-21.773368 -17.831498
-21.503005 -17.498826
-22.024922 -17.157793
-22.564444 -16.978039
-23.304769 -16.868592
-24.547623 -16.874229
-27.012605 -17.201864
-26.788514 -18.789472
-26.951317 -19.535873
-26.454158 -20.485880
-27.433820 -21.604233
-29.138470 -22.976503
-29.875102 -22.490245
-30.553308 -21.505851
-30.952559 -20.518057
-30.696249 -19.662114
-29.722978 -18.881697
-28.059277 -17.537703
-26.159937 -16.192172
-24.288756 -14.155197
-23.372312 -12.623955
-21.827237 -11.203079
-21.540888 -11.012695
-21.456161 -11.269576
-20.108817 -11.428700
-19.146336 -11.501881
-19.257784 -11.379184
-19.163730 -11.377035
-18.934859 -11.305559
-18.550775 -11.409483
-18.223227 -11.523453
-18.208485 -11.573954
-18.610235 -14.440511
-19.131946 -17.074062
-21.364339 -19.609218
-21.717733 -22.626618
-21.846051 -25.157101
-22.398557 -27.730922
-23.857090 -27.344619
-25.110149 -26.904443
-25.859151 -26.217415
-25.544598 -25.655889
-24.615883 -23.876457
-23.436211 -22.473748
-21.826472 -20.500135
-19.663421 -19.071388
-17.478448 -17.473646
-16.918178 -17.792474
-16.578512 -17.952960
-17.038314 -17.738709
-15.591214 -17.860581
-14.244997 -17.804474
-14.053240 -18.286867
-14.604453 -19.028833
-15.028386 -19.523525
-15.316907 -20.045050
-16.572725 -20.619898
-18.539839 -21.861945
-18.736398 -22.849298
-18.628230 -24.245578
-19.992001 -25.368598
-20.443216 -26.284073
-21.943481 -26.861123
-23.285260 -27.017551
-24.172684 -27.129307
-24.794231 -27.312320
-25.263460 -27.627811
-25.602696 -27.809123
-25.879114 -27.913626
-26.518621 -28.039071
-26.821073 -28.119185
-27.114269 -28.331883
-26.059391 -28.777037
-24.916555 -29.272655
-23.879958 -29.676495
-22.883297 -30.231859
-21.797806 -31.237292
-20.648420 -32.700384
-19.413955 -33.863784
-17.086676 -34.761709
-15.380916 -35.483601
-13.754804 -36.444774
-12.592898 -37.727881
-12.824798 -39.489336
-13.123514 -40.434300
-12.842654 -42.657015
-12.840987 -42.392187
-12.883559 -41.890722
-13.457190 -41.120820
-14.653568 -38.545701
-15.467716 -37.786825
-16.435842 -35.723088
-17.337503 -34.353352
-18.999007 -32.033542
-21.167177 -30.154411
-22.536737 -28.529475
-23.357528 -25.713327
-24.574141 -24.466205
-25.665457 -23.788557
-26.630965 -22.785929
-27.604396 -22.325944
-29.268129 -21.299346
-31.123342 -21.220988
-31.913249 -21.285233
-32.167783 -21.408510
-32.836725 -21.393124
-33.164898 -21.552581
-33.826145 -21.718457
-33.608741 -21.725816
-32.691629 -21.946068
-32.600912 -22.273552
-32.734345 -22.400365
-32.675674 -22.513303
-32.434658 -22.542668
-31.961282 -22.415659
-31.997289 -22.421620
-31.871730 -22.314508
-30.955702 -22.652704
-29.360660 -22.872391
-28.123702 -23.320155
-26.382635 -24.289076
-25.232480 -24.731312
-23.773824 -25.225571
-21.591083 -24.035398
-20.175830 -23.902659
-17.591765 -24.827623
-16.058568 -25.072691
-13.864217 -25.532808
-13.155395 -25.919049
-10.701428 -26.992256
-8.287905 -27.825385
-6.444211 -28.169212
-5.964726 -28.338728
-5.260230 -28.822827
-4.313524 -29.150299
-4.554376 -29.287701
-4.536283 -29.432177
-5.305439 -29.350086
-6.086558 -29.136772
-6.701790 -29.101684
-7.797903 -28.900911
-8.982657 -28.576431
-12.385847 -27.498217
-14.675612 -27.218496
-17.888755 -27.025532
-19.844388 -26.922615
-22.703597 -26.682552
-24.796501 -28.857074
-26.264635 -30.171308
-28.527553 -29.932413
-32.595666 -28.479136
-35.646820 -25.794619
-36.936954 -26.316216
-37.691058 -26.598515
-38.660624 -26.600227
-39.995907 -27.877202
-40.623952 -27.942486
-40.947849 -28.226816
-41.590096 -28.079802
-41.893856 -27.653075
-42.071214 -27.414402
-42.150285 -26.864037
-41.832603 -26.700215
-41.732157 -26.032183
-41.600136 -24.979384
-41.546971 -23.915576
-41.603210 -22.366335
-41.382785 -21.940023
-40.748390 -20.167687
-40.711453 -18.725042
-40.844127 -16.953502
-40.582351 -14.837667
-40.088228 -13.268378
-39.678423 -11.483157
-39.252563 -9.745896
-38.646461 -7.630690
-38.186182 -6.342764
-37.905807 -5.355156
-37.294551 -4.043804
-36.522264 -2.863687
-36.038991 -1.714913
-35.163392 -0.254779
-34.503088 1.484052
-33.942060 3.175967
-32.864918 5.248442
-31.856916 6.220804
-31.332704 5.898814
-32.181633 5.142395
-32.851986 4.274766
-34.411085 3.001572
-35.221940 2.114505
-35.708058 0.619168
-36.933521 -0.505394
-38.550597 -3.459345
-39.380207 -5.314273
-40.106089 -7.100433
-41.133457 -8.866966
-42.242378 -9.760828
-43.595791 -11.307945
-44.428902 -12.729859
-46.015505 -14.395768
-47.361736 -15.900903
-47.846395 -16.631666
-48.372723 -17.064123
-49.122001 -18.042147
-49.663633 -18.618010
-50.519497 -19.214738
-51.540473 -19.473531
-52.423880 -19.744717
-53.043969 -20.150465
-53.495602 -20.475108
-53.843894 -20.642799
-54.010116 -20.617736
-54.249515 -20.679658
-54.351830 -20.786716
-54.584909 -20.867730
-54.682220 -20.898576
-54.673798 -20.913188
-54.571917 -20.927176
-54.518761 -20.999650
-54.505456 -21.011043
-53.902412 -20.885241
-53.284142 -21.052015
-52.768727 -21.270019
-52.371701 -21.905893
-51.442339 -22.461404
-50.362985 -23.412196
-49.286646 -24.259282
-48.263243 -25.074733
-47.221904 -25.972412
-46.926028 -26.922716
-46.215954 -27.494530
-45.834921 -28.306159
-45.153000 -28.645130
-43.909926 -29.372259
-42.934345 -29.703162
-42.686009 -30.572798
-41.916176 -31.471859
-40.888786 -31.910037
-39.603104 -33.281334
-38.638458 -34.142101
-37.856933 -35.217854
-36.998029 -35.338679
-36.194848 -36.193742
-35.336867 -37.106965
-34.633146 -38.043226
-34.664021 -37.810919
-34.852990 -37.699940
-34.902988 -37.955496
-34.987369 -37.965682
-35.387475 -37.159254
-36.735175 -36.130751
-38.692533 -34.514684
-40.272920 -33.525377
-41.822725 -32.543613
-44.315136 -30.920395
-47.099567 -29.657435
-47.206516 -25.898353
-49.035686 -25.294801
-51.095369 -24.779474
-52.658984 -24.312556
-54.919607 -24.190908
-55.971211 -23.925411
-57.724398 -23.080814
-59.068958 -22.259021
-60.619469 -20.637573
-60.760643 -20.450004
-60.944515 -20.418966
-60.982385 -20.097527
-60.924563 -19.869237
-60.946832 -19.772789
-61.010915 -19.697672
-61.131105 -19.565415
-61.106437 -19.338426
-61.030781 -19.197457
-61.029040 -19.115633
-59.642218 -19.430410
-58.004115 -19.973804
-56.275710 -20.500186
-54.553665 -21.508957
-52.317098 -22.797924
-50.487124 -23.744732
-49.122832 -24.277108
-47.865824 -24.844448
-46.445500 -25.409224
-44.914945 -26.109781
-43.538312 -26.583560
-42.539904 -27.251990
-42.480034 -29.128807
-41.171172 -30.693719
-39.923553 -31.585326
-38.507597 -33.243755
-37.398830 -34.244189
-36.031569 -35.102399
-35.024437 -35.783539
-33.200833 -36.917231
-32.222463 -37.338593
-31.517753 -37.425322
-31.586292 -37.659053
-31.552635 -37.883912
-31.743886 -37.897584
-32.148538 -37.683086
-32.678916 -37.294355
-34.996387 -35.749164
-36.845538 -33.887929
-39.976295 -31.835177
-42.322531 -30.790744
-44.403905 -29.789400
-46.938820 -30.885189
-48.595931 -29.486142
-51.338214 -25.835428
-52.943315 -25.512382
-54.776470 -25.251774
-55.592930 -24.985844
-57.006621 -24.950293
-57.765652 -25.021445
-58.807208 -25.069292
-59.642121 -24.958586
-58.777899 -25.216307
-58.317400 -26.330796
-58.117582 -26.807574
-58.592173 -27.579078
-58.681987 -29.126549
-58.662271 -29.492469
-61.270620 -28.684544
-61.187041 -28.867935
-61.095203 -29.042323
-61.014633 -29.240455
-60.923870 -29.364268
-60.828938 -29.481248
-60.737509 -29.602986
-60.646066 -29.724767
-60.554676 -29.846451
-60.550796 -29.849554
-60.559465 -29.851952
-60.555740 -29.855133
-60.551806 -29.858093
-60.548115 -29.861102
-60.547699 -29.865826
-60.550739 -29.869686
-60.550398 -29.874453
-60.550012 -29.879374
-60.549552 -29.884100
-60.550019 -29.886403
-60.542374 -29.888764
-60.542835 -29.890851
-60.543313 -29.893191
-60.543750 -29.895324
-60.546810 -29.890122
-60.549472 -29.884511
-60.552497 -29.879219
-60.555517 -29.873899
-60.558585 -29.868740
-60.559033 -29.866752
-60.565197 -29.861577
