-0.000588 -0.000831
-0.000571 -0.000872
-0.000390 -0.000838
-0.000690 -0.000794
-0.000826 -0.001078
-0.000536 -0.000908
-0.000729 -0.001988
-0.000725 -0.001774
-0.000655 -0.002112
-0.000668 -0.001841
-0.001013 -0.002133
-0.000714 -0.002220
-0.000841 -0.003476
-0.000783 -0.003239
-0.000746 -0.003267
-0.000706 -0.003358
-0.000314 -0.003146
-0.000584 -0.002587
-0.001139 -0.003173
-0.000968 -0.003383
-0.000617 -0.003254
-0.000428 -0.003480
-0.000097 -0.002944
-0.000395 -0.003015
-0.000552 -0.003251
-0.000474 -0.003411
-0.000101 -0.003078
-0.000084 -0.002767
0.000018 -0.003148
-0.000026 -0.003326
-0.000138 -0.003182
-0.000559 -0.003695
-0.000606 -0.003332
-0.000543 -0.003288
-0.000066 -0.003463
-0.000428 -0.003677
0.000001 -0.003626
0.000022 -0.003605
-0.000040 -0.003426
-0.000092 -0.003216
0.000070 -0.002861
-0.000211 -0.002846
0.000123 -0.003138
0.000334 -0.003246
0.000361 -0.003194
0.000296 -0.002981
0.000199 -0.003129
-0.000113 -0.003343
-0.000389 -0.003683
-0.000231 -0.003825
-0.000235 -0.003798
-0.000088 -0.003192
-0.000008 -0.003398
-0.000084 -0.003393
0.000245 -0.003832
0.000260 -0.003623
0.000240 -0.003438
0.000306 -0.003603
0.000247 -0.003260
0.000251 -0.003496
0.000330 -0.003238
0.000553 -0.003059
0.000364 -0.003267
0.000705 -0.003150
0.000471 -0.003387
0.000440 -0.003380
0.000550 -0.003033
0.000406 -0.003068
0.000609 -0.003435
0.000535 -0.003507
0.000433 -0.003422
0.000549 -0.003221
0.000914 -0.003218
0.001333 -0.003190
0.001036 -0.003072
0.001094 -0.003204
0.000619 -0.002969
0.000773 -0.002928
0.000708 -0.002911
0.000671 -0.003130
0.001126 -0.003287
0.000579 -0.003518
0.000705 -0.003767
0.001036 -0.003700
0.000822 -0.003597
0.001197 -0.003338
0.001309 -0.003793
0.001198 -0.003602
0.001419 -0.003236
0.001398 -0.003510
0.001251 -0.003508
0.001182 -0.003388
0.001225 -0.003214
0.001367 -0.003315
0.001490 -0.003214
0.001376 -0.003133
0.001277 -0.003408
0.001228 -0.003027
0.000897 -0.003361
0.001401 -0.003099
0.001165 -0.003511
0.001102 -0.003584
0.000935 -0.003616
0.000911 -0.003697
0.000437 -0.003559
0.000334 -0.003023
0.000028 -0.002991
-0.000086 -0.003188
0.000339 -0.003378
0.000547 -0.003063
0.000374 -0.002996
0.000336 -0.002897
0.000301 -0.002740
0.000338 -0.003115
0.000255 -0.003169
0.000315 -0.003510
0.000301 -0.003238
0.000135 -0.003252
0.000330 -0.003468
0.000216 -0.003206
0.000399 -0.002956
0.000344 -0.003225
0.000224 -0.002708
0.000541 -0.002562
0.000492 -0.002559
0.000922 -0.002750
0.000707 -0.002753
0.000247 -0.002473
0.000504 -0.002530
0.000474 -0.002580
0.000471 -0.002735
0.000737 -0.002642
0.000405 -0.002840
0.000549 -0.002919
0.000483 -0.002845
0.000485 -0.002872
0.000474 -0.002771
0.000363 -0.002963
0.000739 -0.003005
0.000957 -0.002805
0.000813 -0.003032
0.000730 -0.003144
0.001025 -0.003259
0.000926 -0.003053
0.000624 -0.002986
0.000894 -0.003069
0.001130 -0.003282
0.001411 -0.003162
0.001756 -0.003046
0.002068 -0.002734
0.002257 -0.002908
0.001881 -0.003195
0.001866 -0.002872
0.001949 -0.003234
0.002246 -0.002886
0.002255 -0.002838
0.002033 -0.003094
0.002254 -0.002828
0.002258 -0.002798
0.002241 -0.003108
0.002121 -0.003669
0.002002 -0.003556
0.001887 -0.003411
0.001709 -0.003320
0.001851 -0.003388
0.001805 -0.003129
0.001834 -0.003277
0.002072 -0.003026
0.002038 -0.003167
0.001868 -0.002993
0.001692 -0.003589
0.002104 -0.003932
0.002030 -0.003705
0.002037 -0.003754
0.001954 -0.003983
0.001950 -0.004186
0.001881 -0.004317
0.001944 -0.004032
0.001549 -0.004169
0.001529 -0.004121
0.001703 -0.003972
0.001574 -0.004285
0.001995 -0.004100
0.001670 -0.004538
0.001779 -0.004625
0.001490 -0.004643
0.001528 -0.004758
0.001784 -0.004666
0.002010 -0.004497
0.002063 -0.005006
0.002070 -0.005091
0.002380 -0.004998
0.002382 -0.004995
0.002631 -0.004889
0.002496 -0.005320
0.002757 -0.004839
0.002804 -0.004903
0.002779 -0.004927
0.002530 -0.005064
0.002225 -0.005125
0.002142 -0.005069
0.002774 -0.005339
0.002411 -0.005315
0.002284 -0.005006
0.002422 -0.005486
0.001879 -0.004996
0.001979 -0.004665
0.001978 -0.004394
0.001900 -0.004464
0.002027 -0.004708
0.001984 -0.004443
0.002174 -0.004620
0.001994 -0.004838
0.001960 -0.004926
0.002015 -0.004722
0.001695 -0.004826
0.001896 -0.004752
0.001745 -0.004699
0.001790 -0.004387
0.001823 -0.004401
0.001967 -0.004138
0.001968 -0.004380
0.001747 -0.004459
0.001852 -0.004467
0.001557 -0.004477
0.001048 -0.004787
0.001000 -0.004882
0.000832 -0.005053
0.000869 -0.005122
0.000796 -0.004824
0.000559 -0.004110
0.000225 -0.004189
0.000125 -0.004113
-0.000202 -0.004299
-0.000354 -0.003942
-0.000024 -0.003997
0.000188 -0.003487
-0.000026 -0.003523
0.000338 -0.003608
0.000131 -0.003484
-0.000044 -0.003927
0.000047 -0.003529
0.000395 -0.003311
0.000202 -0.003467
0.000523 -0.003422
0.000637 -0.003963
0.000699 -0.003917
0.000473 -0.003572
0.000329 -0.003553
0.000368 -0.003782
0.000676 -0.003955
0.000479 -0.004114
0.000732 -0.003800
0.000526 -0.004289
0.000556 -0.004376
0.000557 -0.004550
0.000541 -0.004567
0.000594 -0.004455
0.000477 -0.004248
0.000492 -0.004361
0.000883 -0.004408
0.001243 -0.004138
0.001184 -0.003987
0.001197 -0.003914
0.000957 -0.004114
0.000808 -0.003929
0.000904 -0.003918
0.000628 -0.004154
0.000732 -0.004141
0.000980 -0.004402
0.000951 -0.004246
0.001206 -0.003794
0.001337 -0.003728
0.000964 -0.003027
0.001023 -0.003259
0.000940 -0.003417
0.000723 -0.003579
0.000783 -0.003263
0.000836 -0.003492
0.000482 -0.002965
-0.000028 -0.002900
0.000425 -0.003079
0.000574 -0.003126
0.000656 -0.003059
0.000216 -0.003021
-0.000078 -0.002525
0.000152 -0.002736
0.000270 -0.002600
0.000158 -0.002369
0.000409 -0.002118
0.000183 -0.002224
0.000079 -0.002505
-0.000176 -0.001904
-0.000233 -0.001888
-0.000338 -0.002028
-0.000554 -0.002286
-0.000706 -0.002331
-0.000671 -0.002347
-0.000479 -0.002137
-0.000546 -0.002250
-0.000530 -0.002281
-0.000548 -0.002498
-0.000613 -0.002300
-0.000718 -0.002392
-0.006253 -0.006779
-1.947722 0.865654
-5.422160 9.314931
-4.287466 9.256955
-3.794610 8.962843
-3.724684 8.850352
-3.974758 10.356515
-3.772426 9.603187
-1.790276 8.164463
-0.769081 5.952549
-0.767222 5.953113
-0.768594 5.953377
-0.770150 5.952937
-0.768774 5.948991
-0.768731 5.949004
-0.768587 5.949032
-0.768989 5.949001
-0.769014 5.948982
-0.768934 5.948990
-0.769067 5.948698
-0.769069 5.948703
-0.769015 5.948699
-0.769063 5.948697
-0.769046 5.948699
-0.769061 5.948701
-0.769536 5.948437
-0.632950 5.896024
-0.067027 5.700924
0.318064 5.645735
-0.137173 5.547116
-0.350992 5.491418
-0.336665 5.492420
-0.342492 5.490355
-0.339073 5.489529
-0.338965 5.489661
-0.339037 5.489670
-0.338936 5.489654
-0.339020 5.489674
-0.340782 5.486837
-0.340824 5.486864
-0.340944 5.486873
-0.340948 5.486840
-0.340693 5.486904
-0.341093 5.486905
-0.342515 5.485185
-0.342400 5.485198
-0.342541 5.485194
-0.342565 5.485226
