2.976625 -8.009027 -148.925172
2.976625 -8.009027 -148.925172
-8.322529 -6.461004 -139.228093
-8.322529 -6.461004 -139.228093
-8.322529 -6.461004 -139.228093
-8.322529 -6.461004 -139.228093
-8.322529 -6.461004 -139.228093
-3.345130 0.289879 -117.788142
-3.345130 0.289879 -117.788142
-3.345130 0.289879 -117.788142
-3.345130 0.289879 -117.788142
-3.345130 0.289879 -117.788142
-0.739754 -0.328323 -114.436111
-0.739754 -0.328323 -114.436111
-0.739754 -0.328323 -114.436111
-0.739754 -0.328323 -114.436111
-0.739754 -0.328323 -114.436111
-0.739754 -0.328323 -114.436111
-0.408063 1.251831 -109.715398
-0.408063 1.251831 -109.715398
-0.408063 1.251831 -109.715398
-0.408063 1.251831 -109.715398
8.263047 3.062654 -103.801513
8.263047 3.062654 -103.801513
8.263047 3.062654 -103.801513
8.263047 3.062654 -103.801513
8.263047 3.062654 -103.801513
23.819691 6.926871 -94.814555
23.819691 6.926871 -94.814555
23.819691 6.926871 -94.814555
23.819691 6.926871 -94.814555
23.819691 6.926871 -94.814555
23.819691 6.926871 -94.814555
24.862730 10.368786 -84.839351
24.862730 10.368786 -84.839351
24.862730 10.368786 -84.839351
24.862730 10.368786 -84.839351
25.386211 13.092026 -74.384961
25.386211 13.092026 -74.384961
25.386211 13.092026 -74.384961
25.386211 13.092026 -74.384961
25.386211 13.092026 -74.384961
14.309661 15.024229 -64.229712
14.309661 15.024229 -64.229712
14.309661 15.024229 -64.229712
14.309661 15.024229 -64.229712
-2.942876 7.317690 -68.143015
-2.942876 7.317690 -68.143015
-2.942876 7.317690 -68.143015
-2.942876 7.317690 -68.143015
-2.942876 7.317690 -68.143015
-1.862411 5.543738 -69.241275
-1.862411 5.543738 -69.241275
-1.862411 5.543738 -69.241275
-1.862411 5.543738 -69.241275
-1.862411 5.543738 -69.241275
-1.004433 4.047054 -68.954031
-1.004433 4.047054 -68.954031
-1.004433 4.047054 -68.954031
-1.004433 4.047054 -68.954031
-1.004433 4.047054 -68.954031
20.598035 8.453373 -58.872051
20.598035 8.453373 -58.872051
20.598035 8.453373 -58.872051
20.598035 8.453373 -58.872051
20.598035 8.453373 -58.872051
23.907749 11.974133 -47.851506
23.907749 11.974133 -47.851506
23.907749 11.974133 -47.851506
23.907749 11.974133 -47.851506
21.508250 13.823379 -37.909438
21.508250 13.823379 -37.909438
21.508250 13.823379 -37.909438
21.508250 13.823379 -37.909438
-0.042315 7.769090 -37.515944
-0.042315 7.769090 -37.515944
-0.042315 7.769090 -37.515944
-0.042315 7.769090 -37.515944
-0.042315 7.769090 -37.515944
3.367011 -9.457076 -42.576199
3.367011 -9.457076 -42.576199
3.367011 -9.457076 -42.576199
3.367011 -9.457076 -42.576199
3.367011 -9.457076 -42.576199
2.109740 -29.948290 -53.846544
2.109740 -29.948290 -53.846544
2.109740 -29.948290 -53.846544
2.109740 -29.948290 -53.846544
2.109740 -29.948290 -53.846544
-0.058493 -30.604807 -61.243315
-0.058493 -30.604807 -61.243315
-0.058493 -30.604807 -61.243315
-0.058493 -30.604807 -61.243315
-0.058493 -30.604807 -61.243315
-0.113837 -3.101803 -71.102645
-0.113837 -3.101803 -71.102645
-0.113837 -3.101803 -71.102645
-0.113837 -3.101803 -71.102645
-0.113837 -3.101803 -71.102645
2.605771 -0.455723 -72.832800
2.605771 -0.455723 -72.832800
2.605771 -0.455723 -72.832800
2.605771 -0.455723 -72.832800
2.605771 -0.455723 -72.832800
25.562225 7.819027 -57.774344
25.562225 7.819027 -57.774344
25.562225 7.819027 -57.774344
25.562225 7.819027 -57.774344
25.562225 7.819027 -57.774344
24.805603 11.482041 -45.488797
24.805603 11.482041 -45.488797
24.805603 11.482041 -45.488797
24.805603 11.482041 -45.488797
24.805603 11.482041 -45.488797
0.987338 4.998135 -35.674505
0.987338 4.998135 -35.674505
0.987338 4.998135 -35.674505
0.987338 4.998135 -35.674505
0.987338 4.998135 -35.674505
6.336492 2.427096 -34.926664
6.336492 2.427096 -34.926664
6.336492 2.427096 -34.926664
6.336492 2.427096 -34.926664
6.336492 2.427096 -34.926664
6.336492 2.427096 -34.926664
27.113939 6.825694 -28.285393
27.113939 6.825694 -28.285393
27.113939 6.825694 -28.285393
27.113939 6.825694 -28.285393
27.113939 6.825694 -28.285393
3.515072 0.467539 -32.754944
3.515072 0.467539 -32.754944
3.515072 0.467539 -32.754944
3.515072 0.467539 -32.754944
3.515072 0.467539 -32.754944
5.636627 -26.787085 -44.095630
5.636627 -26.787085 -44.095630
5.636627 -26.787085 -44.095630
5.636627 -26.787085 -44.095630
5.636627 -26.787085 -44.095630
5.636627 -26.787085 -44.095630
4.001897 -17.623042 -53.760983
4.001897 -17.623042 -53.760983
4.001897 -17.623042 -53.760983
4.001897 -17.623042 -53.760983
4.001897 -17.623042 -53.760983
4.087831 -3.425946 -62.995463
4.087831 -3.425946 -62.995463
4.087831 -3.425946 -62.995463
4.087831 -3.425946 -62.995463
4.087831 -3.425946 -62.995463
4.087831 -3.425946 -62.995463
1.552133 -0.453745 -76.623152
1.552133 -0.453745 -76.623152
1.552133 -0.453745 -76.623152
1.552133 -0.453745 -76.623152
1.552133 -0.453745 -76.623152
3.237190 1.571098 -87.056307
3.237190 1.571098 -87.056307
3.237190 1.571098 -87.056307
3.237190 1.571098 -87.056307
3.237190 1.571098 -87.056307
1.053418 -9.206696 -100.586932
1.053418 -9.206696 -100.586932
1.053418 -9.206696 -100.586932
1.053418 -9.206696 -100.586932
1.053418 -9.206696 -100.586932
0.986116 -9.029136 -107.306213
0.986116 -9.029136 -107.306213
0.986116 -9.029136 -107.306213
0.986116 -9.029136 -107.306213
0.986116 -9.029136 -107.306213
0.986116 -9.029136 -107.306213
1.207074 -8.932871 -112.457883
1.207074 -8.932871 -112.457883
1.207074 -8.932871 -112.457883
1.207074 -8.932871 -112.457883
1.207074 -8.932871 -112.457883
1.525885 -8.824289 -116.327315
1.525885 -8.824289 -116.327315
1.525885 -8.824289 -116.327315
1.525885 -8.824289 -116.327315
1.525885 -8.824289 -116.327315
1.827009 -8.775284 -119.153115
1.827009 -8.775284 -119.153115
1.827009 -8.775284 -119.153115
1.827009 -8.775284 -119.153115
1.827009 -8.775284 -119.153115
2.157050 -8.747591 -121.224779
2.157050 -8.747591 -121.224779
2.157050 -8.747591 -121.224779
2.157050 -8.747591 -121.224779
2.157050 -8.747591 -121.224779
2.442506 -8.690234 -122.696084
2.442506 -8.690234 -122.696084
2.442506 -8.690234 -122.696084
2.442506 -8.690234 -122.696084
2.442506 -8.690234 -122.696084
2.442506 -8.690234 -122.696084
2.663527 -8.688751 -123.709561
2.663527 -8.688751 -123.709561
2.663527 -8.688751 -123.709561
2.663527 -8.688751 -123.709561
2.663527 -8.688751 -123.709561
2.663527 -8.688751 -123.709561
2.848709 -8.627173 -124.438506
2.848709 -8.627173 -124.438506
2.848709 -8.627173 -124.438506
2.848709 -8.627173 -124.438506
2.848709 -8.627173 -124.438506
2.986441 -8.611725 -124.974608
2.986441 -8.611725 -124.974608
2.986441 -8.611725 -124.974608
2.986441 -8.611725 -124.974608
2.986441 -8.611725 -124.974608
2.986441 -8.611725 -124.974608
3.085822 -8.591447 -125.354025
3.085822 -8.591447 -125.354025
3.085822 -8.591447 -125.354025
3.085822 -8.591447 -125.354025
3.085822 -8.591447 -125.354025
3.085822 -8.591447 -125.354025
3.153074 -8.588078 -125.615416
3.153074 -8.588078 -125.615416
3.153074 -8.588078 -125.615416
3.153074 -8.588078 -125.615416
3.153074 -8.588078 -125.615416
3.243172 -8.552939 -125.699714
3.243172 -8.552939 -125.699714
3.243172 -8.552939 -125.699714
3.243172 -8.552939 -125.699714
3.243172 -8.552939 -125.699714
3.305135 -8.526919 -125.753728
3.305135 -8.526919 -125.753728
3.305135 -8.526919 -125.753728
3.305135 -8.526919 -125.753728
3.305135 -8.526919 -125.753728
3.314980 -8.525861 -125.927938
3.314980 -8.525861 -125.927938
