-0.000798 0.001337
-0.001574 0.002683
1.366533 -0.438943
2.725776 -0.863930
4.098761 -1.289845
5.472904 -1.718475
6.945554 -2.119470
7.795977 -2.781562
10.992657 0.931702
13.106112 1.507918
9.888169 3.284535
10.820919 4.538670
11.308932 4.292680
11.328881 3.822292
11.290440 3.635211
11.018440 3.322240
10.832703 3.272444
10.580426 3.061678
10.323681 3.145317
10.121833 3.326424
9.845757 2.716613
9.559521 2.225859
9.137991 1.790737
8.128874 1.243853
7.015800 0.691557
5.797067 -0.162084
4.042418 -1.490031
3.489018 -2.038335
4.642622 -4.017454
4.799195 -5.242727
5.408245 -5.605656
6.870459 -6.737716
6.887762 -7.083165
3.238195 -8.079094
3.089437 -8.376633
2.810917 -8.845629
2.718977 -9.025707
2.819374 -9.521537
2.775641 -9.668319
2.938310 -10.311391
2.962238 -10.896773
2.774866 -10.869953
4.354106 -10.382475
5.254307 -9.123590
6.431476 -8.442134
7.239667 -6.736085
8.926382 -3.107834
8.046529 -1.560242
15.854083 -2.806456
23.173828 -5.615847
22.787622 -4.444924
22.611459 -4.136494
22.519831 -4.170136
22.317378 -4.232276
22.297396 -4.170366
22.337974 -4.098030
22.388392 -4.078246
22.337818 -4.203652
22.270464 -4.149787
22.256581 -3.963114
22.251041 -4.001092
22.341113 -5.088877
22.144913 -7.086167
21.725284 -16.418662
22.181600 -17.245691
22.253756 -18.017012
22.932194 -18.848060
23.531589 -19.342331
23.895130 -19.900982
23.928816 -20.261887
24.820899 -20.983216
25.392182 -20.564202
25.711842 -20.216973
25.915831 -19.700511
25.989048 -18.619462
25.108396 -14.844828
23.221402 -20.535450
24.650344 -19.581773
23.631670 -18.650680
23.149518 -16.292959
23.194820 -13.970340
23.134748 -11.261058
22.975039 -8.594650
20.793628 -7.529247
22.097738 -6.088252
22.892829 -5.773336
23.342195 -5.169337
23.366301 -4.711381
23.653095 -3.959685
24.148608 -4.021811
24.569761 -4.285898
24.598536 -4.731981
24.602652 -5.090097
24.555557 -5.514668
23.924597 -6.538321
23.402177 -7.307637
22.385431 -8.554233
21.740909 -9.580422
21.392126 -10.856030
19.510260 -10.352649
18.154416 -10.172249
17.035880 -9.985379
16.094670 -9.680358
15.241124 -9.422178
13.938102 -11.583172
15.976226 -12.949363
16.302210 -13.169532
16.738198 -12.613271
16.748568 -13.389525
17.002665 -13.648751
17.223101 -12.790613
17.122275 -12.423302
17.125147 -12.196826
16.839520 -11.498729
17.180060 -10.473552
16.725730 -7.334564
14.065891 -4.206630
15.858346 -2.793850
16.991577 -1.615897
13.073347 -1.511750
8.757627 -2.497415
5.068544 -3.067856
1.611713 -3.984007
-1.112074 -5.495070
-3.340003 -7.809633
-2.908211 -8.054782
-2.693912 -8.871990
-2.798128 -8.133989
-3.071473 -8.131408
-3.184150 -8.375467
-3.595792 -8.671105
-4.616580 -7.015264
-6.257935 -4.387261
-7.240878 -0.882727
-3.185774 2.012783
-4.095266 3.427692
-5.243619 4.914504
-5.567846 6.852327
-6.054647 9.848875
-5.114429 12.271464
-4.002081 14.112184
-3.062727 11.389089
-3.052566 7.865416
-3.154436 4.284138
-2.403256 0.504031
-3.244569 -3.611499
-4.986954 -5.040179
-5.465798 -5.274045
-6.385410 -5.847690
-7.102904 -6.342950
-7.741170 -7.052632
-8.391271 -7.675157
-8.917912 -7.711296
-9.675548 -8.069540
-10.205047 -8.209492
-10.845737 -8.249676
-11.123961 -8.627465
-10.538132 -8.305417
-10.147363 -8.053019
-9.624930 -7.751116
-9.107281 -7.445107
-8.591062 -7.137940
-8.591874 -7.134102
-8.590071 -7.135097
-8.590837 -7.131172
-8.591708 -7.127411
-8.592463 -7.123498
-8.565818 -7.168166
-8.538647 -7.214009
-8.511954 -7.258605
-8.485252 -7.303253
-8.458581 -7.347919
-8.431920 -7.392577
-8.426703 -7.382034
-8.421372 -7.370759
-8.416123 -7.360217
-8.410940 -7.349708
-8.405704 -7.339155
-8.408248 -7.340352
-8.408545 -7.341697
-8.411064 -7.342887
-8.413518 -7.343958
-8.416022 -7.345097
-8.415950 -7.345397
-8.417858 -7.345927
-8.417876 -7.346264
-8.417762 -7.346608
-8.417718 -7.346885
-8.416802 -7.346410
-8.417472 -7.342774
-8.416549 -7.342279
-8.415620 -7.341755
-8.414697 -7.341255
-8.413785 -7.340762
-8.412996 -7.340300
-8.412121 -7.339831
-8.411218 -7.339381
-8.410346 -7.338948
-8.409403 -7.338428
-8.409263 -7.336974
-8.408746 -7.337313
-8.408668 -7.335953
-8.408614 -7.334624
-8.408587 -7.333323
-8.408532 -7.332004
-8.404183 -7.334860
-8.399302 -7.339178
-8.394968 -7.342044
-8.390631 -7.344930
-8.386249 -7.347733
-8.387053 -7.347236
-8.387659 -7.347523
-8.388440 -7.347006
-8.389250 -7.346523
-8.390049 -7.345991
-8.390851 -7.345526
-8.389060 -7.343325
-8.387305 -7.341271
-8.385548 -7.339133
-8.383780 -7.336977
-8.381943 -7.334733
-8.380217 -7.332624
-8.378432 -7.329640
-8.376590 -7.326618
-8.374782 -7.323585
-8.373055 -7.320645
-8.371284 -7.317625
-8.375546 -7.317168
-8.379805 -7.316850
-8.384001 -7.316308
-8.388301 -7.315899
-8.392532 -7.315382
-8.391647 -7.316549
-8.390754 -7.317845
-8.389860 -7.319045
-8.388966 -7.320217
-8.388006 -7.321354
-8.387103 -7.320874
-8.386047 -7.320317
