0.006990 -0.005952
0.011836 -0.012525
0.029041 -0.024731
0.057251 -0.041329
0.085556 -0.054552
0.113157 -0.057449
0.121566 -0.052933
0.141892 -0.050805
0.172638 -0.053422
0.193040 -0.053575
0.425869 0.176804
0.656635 0.407521
0.915219 0.625633
1.160467 0.844057
1.397636 1.067212
1.406377 1.085438
1.414124 1.100254
1.429163 1.112442
1.438602 1.125716
1.448642 1.140004
1.471293 1.120751
1.473320 1.117262
1.471720 1.114530
1.467768 1.115502
1.462246 1.120065
1.460373 1.125827
1.460039 1.128885
1.458686 1.128793
1.457104 1.132457
1.458342 1.133320
1.463277 1.129339
1.474221 1.126714
1.480112 1.126472
1.482685 1.125485
1.485250 1.126350
1.494897 1.124020
1.491854 1.124781
1.495134 1.123327
1.501071 1.121036
1.502976 1.119755
1.507789 1.119631
1.512341 1.120206
1.511616 1.119434
1.519342 1.117343
1.520722 1.118387
1.523066 1.120436
1.527804 1.118275
1.524393 1.120555
1.530838 1.119151
1.536141 1.119067
1.543556 1.110737
1.549221 1.111136
1.541696 1.120985
1.525765 1.131524
1.522715 1.131571
1.524823 1.130883
1.547950 1.115911
1.552984 1.110204
1.562439 1.109114
1.566404 1.112187
1.573503 1.110193
1.567490 1.231338
1.544031 1.363295
1.528744 1.501854
1.476870 1.681205
1.448042 1.834661
1.269833 2.733771
1.303438 3.753186
1.115784 4.706879
-0.794501 5.759841
-0.966582 6.828537
-0.302974 7.173390
0.035767 7.577552
0.133300 7.781103
0.336860 7.892191
0.480256 8.173050
0.469567 8.395743
0.582020 8.727381
0.698897 8.910375
0.828389 9.149858
1.398181 9.520560
1.768963 9.820334
1.882906 10.174613
2.350568 10.627448
2.492138 10.951838
2.715358 11.260527
2.727368 11.271924
2.802516 11.439617
2.637675 11.695521
2.205882 11.880690
2.100574 11.982608
1.838673 11.860808
1.634602 11.786993
1.250271 11.729270
1.083218 11.450168
0.738718 11.317896
0.684632 11.385966
0.224104 11.141546
-0.296517 10.979047
-1.209973 10.979189
-1.645564 11.237150
-1.809093 11.430265
-2.139856 11.561279
-2.910045 11.665407
-3.316766 11.742549
-3.786465 11.705616
-4.395616 11.756467
-4.464975 11.837001
-4.277272 11.827053
-4.097445 11.843116
-3.680983 11.927541
-3.498999 11.947701
-3.448916 11.931946
-3.364070 11.958576
-2.771533 12.135258
-2.287662 12.274219
-1.491740 12.334978
-1.442266 12.436892
-1.321998 12.706792
-1.248231 12.729627
-1.248025 12.738943
-1.147113 12.816412
-1.062191 12.879072
-1.075203 12.881529
-1.083243 12.913412
-1.087989 12.937399
-1.110157 12.963065
-1.099361 13.019676
-1.088503 13.071313
-1.106126 13.062579
-1.106101 13.073001
-1.113998 13.065034
-1.129805 13.045304
-1.114008 13.090773
-1.114338 13.061829
-1.110352 12.978708
-1.094750 12.982696
-1.092820 12.967243
-1.109472 12.929738
-1.112602 12.930122
-1.101104 12.960753
-1.098399 12.960738
-1.102234 12.943086
-1.095452 12.967928
-1.067206 13.089713
-1.024619 13.227281
-1.009560 13.312395
-0.983489 13.444035
-0.930832 13.640003
-0.816185 14.028388
-0.635702 14.593300
-0.568477 14.893173
-0.474986 15.225054
-0.338328 15.482792
-0.136645 16.050427
0.098944 16.483256
0.383024 16.906361
0.383713 17.057513
0.413047 17.149250
0.386895 17.137510
0.383915 17.109893
0.401450 17.155440
0.469368 17.319812
0.457710 17.232317
0.403535 17.103446
0.485937 17.058683
0.684148 17.093805
0.664321 17.004401
0.651915 16.958957
0.666565 16.988635
0.670231 17.003842
0.654645 16.959529
0.683448 16.974255
0.709236 17.006968
0.692802 17.039922
0.731203 17.087400
1.034674 17.210489
1.075563 17.241452
1.078152 17.266260
1.065533 17.265663
1.065998 17.277551
1.057859 17.267386
1.058901 17.276069
1.046630 17.262422
1.039178 17.252531
1.040967 17.286338
1.079668 17.297514
1.159381 17.275530
1.144201 17.244805
1.156272 17.214780
1.154351 17.227452
1.157131 17.249602
1.182153 17.269024
1.186025 17.271641
1.205462 17.326890
1.199096 17.361117
1.189723 17.365369
1.325210 17.466891
1.322920 17.464491
1.293579 17.448759
1.285582 17.434184
1.289691 17.456890
1.278620 17.438995
1.256009 17.395809
1.266813 17.409733
1.284489 17.421067
1.243640 17.418885
1.253620 17.431708
1.319145 17.485455
1.359138 17.503546
1.370951 17.487878
1.379351 17.515635
1.369022 17.497683
1.354635 17.473033
1.341981 17.467090
1.335684 17.494339
1.316378 17.464126
1.283093 17.434404
1.296745 17.444858
1.306430 17.489272
1.287830 17.504577
1.297759 17.531646
1.295771 17.541146
1.312379 17.567211
1.318469 17.594825
1.311524 17.610947
1.317370 17.645212
1.307724 17.678168
1.345503 17.727829
1.318676 17.775343
1.312548 17.772700
1.339964 17.821483
1.317660 17.786519
1.294641 17.685904
1.303683 17.666053
1.312361 17.658528
1.314520 17.641512
1.289326 17.580805
1.321840 17.598477
1.323843 17.618791
1.297028 17.586788
1.309448 17.596675
1.311348 17.601097
1.314964 17.597827
1.302009 17.582777
1.289957 17.568489
1.302660 17.610482
1.308063 17.630999
1.315683 17.668731
1.356826 17.676913
1.375120 17.696400
1.089031 17.527708
1.150799 17.518882
1.166833 17.652739
1.066752 17.594570
1.029124 17.530438
1.073205 17.623173
1.081237 17.640306
1.081444 17.639296
1.067001 17.633059
1.101442 17.706679
1.038669 17.788928
0.866649 17.770157
0.860598 17.837114
0.860424 17.869018
0.879166 17.844942
0.855066 17.773236
0.832115 17.681144
0.832956 17.671733
0.821230 17.663386
0.801739 17.619329
0.797504 17.594465
0.771274 17.578276
0.781156 17.624568
0.788955 17.661981
0.871299 17.956315
1.095338 18.610587
1.212291 18.913840
1.390228 19.308138
1.455914 19.619000
1.728626 20.197611
1.850601 20.676242
1.995344 21.165413
2.033650 21.686299
2.045220 22.190764
1.741185 22.340124
1.686472 22.431878
1.792630 22.789218
1.891301 23.081946
1.914599 23.642175
1.966639 24.001153
1.975555 24.437837
1.598958 24.891414
1.417154 24.991399
1.393515 25.080890
1.425878 24.991549
1.336483 24.925852
1.232309 24.831645
1.133056 24.564093
1.117741 24.523421
1.133692 24.543079
1.116743 24.541598
1.091146 24.517930
1.111983 24.564588
1.133962 24.606905
1.148629 24.616217
1.162917 24.629100
1.162272 24.614239
1.191191 24.637495
1.227276 24.572168
1.254725 24.581870
1.161353 24.588533
1.155803 24.595437
1.166121 24.629161
1.168059 24.648455
1.171144 24.674252
1.128496 24.668411
1.144803 24.677654
1.135587 24.665169
1.148313 24.726606
1.120990 24.795469
1.060990 24.830384
1.251964 24.981034
1.472940 25.140832
1.848238 25.267689
2.156066 25.525127
3.568707 25.895280
4.063946 25.904836
4.011387 25.769291
3.992005 25.898030
4.221502 26.075412
4.399935 26.266293
3.759826 26.467126
3.201780 26.831067
2.347903 27.080486
2.375391 26.899192
2.635071 26.849785
2.579074 26.843726
2.449395 26.821098
2.422329 26.702124
2.435071 26.726528
2.458161 26.822084
2.261075 26.742817
2.257614 26.808697
2.305905 26.979192
2.308480 27.014457
2.337426 27.013735
2.146233 26.986480
2.022097 27.002201
1.719430 27.020908
1.660582 27.016483
1.755104 26.968493
1.670177 26.778510
1.559628 26.662442
1.593850 26.619525
1.662318 26.620304
1.659304 26.574922
1.687674 26.557064
1.689448 26.552062
1.659814 26.533272
2.071164 26.636700
2.118351 26.656054
1.999219 26.605207
1.984168 26.589961
1.983618 26.601260
1.985019 26.621433
1.950217 26.649654
1.889942 26.664460
1.877480 26.732911
1.850269 26.768212
2.102140 26.931870
2.133896 26.933411
1.907252 26.921111
1.892985 26.999242
1.854048 26.986996
1.743366 26.962173
1.497779 26.955082
1.540748 26.968519
1.407743 26.976186
1.296876 26.958136
1.245274 26.931415
1.161164 26.743721
1.139159 26.681513
1.175910 26.711388
1.150947 26.636049
1.114099 26.505171
1.115311 26.498016
1.132623 26.455500
1.147886 26.424194
1.199759 26.369099
1.178645 26.274831
1.218240 26.224660
1.560220 26.261915
2.072928 26.226179
2.116086 26.246771
1.977620 26.272019
1.950518 26.244570
1.974891 26.184074
1.906284 26.165195
1.879971 26.170433
1.887935 26.206767
1.862130 26.182101
1.937105 26.308487
1.876253 26.372617
1.703178 26.319818
1.701609 26.354939
1.523486 26.298444
1.339552 26.066388
1.025910 25.739457
1.107305 25.691421
1.084851 25.576485
0.888517 25.291299
0.823230 25.057894
0.793362 24.960318
0.776423 24.761597
0.750679 24.625423
0.781694 24.617529
0.779045 24.578006
0.763854 24.507889
0.848584 24.522926
0.782151 24.501904
0.795754 24.526002
0.805701 24.559925
0.807875 24.555718
0.809449 24.539439
0.808164 24.538492
0.821042 24.553455
0.789243 24.575347
0.818528 24.556784
0.830739 24.566259
0.787970 24.591033
0.815053 24.645686
0.808888 24.706114
0.803683 24.754982
0.808276 24.817260
0.806107 24.860577
0.642416 24.865457
0.494375 24.823746
0.355556 24.853498
0.375911 24.853563
0.333470 24.825793
0.309958 24.816798
0.332638 24.825042
0.327589 24.797311
0.473158 24.858816
0.445994 24.717124
0.389323 24.668277
0.404604 24.675464
0.453472 24.691620
0.394700 24.672846
0.367568 24.664705
0.360701 24.628024
0.383863 24.636695
0.391835 24.639040
0.381522 24.581769
0.343461 24.480119
0.306717 24.449792
0.284112 24.284003
0.332835 24.303336
0.311083 24.337222
0.201765 24.371224
0.273093 24.437452
0.180004 24.454681
0.105978 24.392062
0.115532 24.291544
0.147888 24.310380
0.167107 24.291221
-0.008838 24.099599
-0.160232 23.933161
-0.278319 23.735082
-0.390996 23.394022
-0.753229 21.962535
-0.969810 20.402661
-1.798229 18.990511
-2.471716 17.695726
-3.979455 16.269489
-4.982484 15.636350
-4.867244 14.894483
-4.850788 13.941256
-4.910328 13.652170
-4.935054 13.285456
-4.786855 12.732192
-4.493839 11.934104
-4.448105 11.509324
-4.330834 11.071798
-4.377283 10.706416
-4.442203 10.348271
-4.419489 10.329848
-4.362176 10.291029
-4.344540 10.274815
-4.343531 10.263746
-4.340881 10.261271
-4.319678 10.250813
-4.303601 10.246802
-4.300892 10.242429
-4.298907 10.240967
-4.288667 10.238454
-4.288486 10.239051
-4.290363 10.237884
-4.290534 10.238730
-4.293100 10.239684
-4.307428 10.220042
