-0.000710 0.000606
-0.001432 0.001179
-0.001283 0.000945
-0.000940 0.000763
-0.000788 0.000535
-0.000643 0.000278
-0.000506 0.000026
-0.002063 0.001481
-0.004457 0.004218
-0.006029 0.005651
-0.007611 0.007053
-0.009172 0.008505
-0.010763 0.009887
-0.010597 0.009670
-0.011052 0.010606
-0.010975 0.010374
-0.010781 0.010093
-0.010610 0.009866
-0.011344 0.009680
-0.012064 0.009646
-0.012758 0.009379
-0.013519 0.009170
-0.014209 0.008920
-0.014916 0.009513
-0.015376 0.010196
-0.016099 0.010820
-0.016791 0.011426
-0.017521 0.012002
-0.018240 0.012590
-0.017237 0.012333
-0.016006 0.012081
-0.015007 0.011832
-0.014015 0.011592
-0.013026 0.011369
-0.012022 0.011962
-0.010739 0.012641
-0.009727 0.013257
-0.008691 0.013813
-0.007711 0.014421
-0.007555 0.015828
-0.007237 0.017269
-0.007094 0.018719
-0.006928 0.020128
-0.006784 0.021579
-0.006665 0.021337
-0.006358 0.021125
-0.006244 0.020878
-0.006082 0.020645
-0.005933 0.020397
-0.006669 0.020981
-0.007351 0.021564
-0.008068 0.022192
-0.008759 0.022817
-0.009458 0.023384
-0.009315 0.022300
-0.009112 0.021281
-0.008952 0.020186
-0.008846 0.019071
-0.008632 0.017991
-0.010269 0.017743
-0.011863 0.017510
-0.013417 0.017280
-0.015001 0.017015
-0.016571 0.016768
-0.018132 0.017382
-0.019628 0.017947
-0.021194 0.018497
-0.022768 0.019113
-0.023518 0.018845
-0.024368 0.018642
-0.025068 0.018391
-0.025769 0.018146
-0.026514 0.017920
-0.026341 0.016819
-0.026130 0.015796
-0.025981 0.014732
-0.025847 0.013636
-0.025672 0.012592
-0.025562 0.013130
-0.025374 0.013723
-0.025237 0.014359
-0.025110 0.014936
-0.024964 0.015517
-0.025668 0.016979
-0.026373 0.018321
-0.027070 0.019737
-0.027791 0.021169
-0.026788 0.021743
-0.025803 0.022371
-0.024793 0.022940
-0.023800 0.023545
-0.022761 0.024148
-0.024321 0.026396
-0.025877 0.028687
-0.027458 0.030948
-0.029028 0.033213
-0.030578 0.035472
-0.031308 0.035219
-0.032094 0.035006
-0.032798 0.034744
-0.033493 0.034504
-0.034226 0.034271
-0.034953 0.034031
-0.035660 0.033788
-0.036333 0.033541
-0.037053 0.033283
-0.037774 0.033041
-0.038468 0.032789
-0.038345 0.033383
-0.038162 0.033960
-0.038017 0.034549
-0.037881 0.035124
-0.037734 0.035727
-0.037605 0.036310
-0.038175 0.036846
-0.038035 0.037454
-0.037873 0.038051
-0.037752 0.038658
-0.035856 0.037561
-0.033831 0.036447
-0.031992 0.035410
-0.030118 0.034317
-0.028212 0.033207
-0.029805 0.032141
-0.031302 0.031048
-0.032849 0.029954
-0.034428 0.028862
-0.036030 0.027783
-0.036709 0.027520
-0.037266 0.027328
-0.037978 0.027054
-0.038686 0.026815
-0.039439 0.026593
-0.039245 0.026323
-0.039070 0.026105
-0.038919 0.025850
-0.038785 0.025609
-0.038615 0.025364
-0.038491 0.025122
-0.038181 0.024847
-0.038042 0.024597
-0.037915 0.024372
-0.037749 0.024190
-0.036758 0.023876
-0.035749 0.023619
-0.034723 0.023373
-0.033736 0.023113
-0.032709 0.022864
-0.031719 0.021794
-0.030766 0.020679
-0.029748 0.019567
-0.028745 0.018464
-0.027735 0.017422
-0.026746 0.018834
-0.025621 0.020342
-0.024664 0.021805
-0.023601 0.023209
-0.022609 0.024623
-0.021594 0.026039
-0.022403 0.026628
-0.023139 0.027202
-0.023844 0.027811
-0.024535 0.028397
-0.025273 0.028979
-0.025995 0.030415
-0.026716 0.031839
-0.027434 0.033272
-0.028148 0.034694
-0.028864 0.036139
-0.028718 0.035879
-0.028618 0.035616
-0.028449 0.035349
-0.028315 0.035104
-0.028163 0.034876
-0.028024 0.035447
-0.027863 0.036031
-0.027745 0.036619
-0.027588 0.037214
-0.027450 0.037793
-0.027292 0.036707
-0.027155 0.035661
-0.027000 0.034579
-0.026846 0.033477
-0.026679 0.032435
-0.028292 0.032971
-0.029805 0.033609
-0.031347 0.034189
-0.032912 0.034802
-0.034493 0.035391
-0.033473 0.034297
-0.032368 0.033268
-0.031356 0.032193
-0.030340 0.031124
-0.029351 0.030017
-0.028319 0.028928
-0.027340 0.030355
-0.026127 0.031615
-0.025114 0.033060
-0.024065 0.034438
-0.023116 0.035837
-0.024658 0.036477
-0.026282 0.037104
-0.027817 0.037710
-0.029423 0.038292
-0.030980 0.038899
-0.032540 0.039488
-0.032399 0.039220
-0.032149 0.038921
-0.031958 0.038710
-0.031802 0.038442
-0.031649 0.038195
-0.031535 0.037955
-0.031447 0.037748
-0.031288 0.037490
-0.031157 0.037317
-0.030995 0.037001
-0.030849 0.036754
-0.031756 0.036523
-0.032484 0.036283
-0.033189 0.036063
-0.033913 0.035826
-0.034624 0.035567
-0.035369 0.036172
-0.036254 0.036817
-0.036973 0.037374
-0.037692 0.037936
-0.038420 0.038562
-0.039085 0.037479
-0.039879 0.036461
-0.040659 0.035391
-0.041333 0.034265
-0.042027 0.033194
-0.042762 0.032111
-0.041781 0.031860
-0.040885 0.031621
-0.039884 0.031372
-0.038882 0.031135
-0.037896 0.030876
-0.037751 0.032300
-0.037527 0.033773
-0.037373 0.035205
-0.037224 0.036662
-0.037051 0.038104
-0.036921 0.038696
-0.036849 0.039218
-0.036724 0.039845
-0.036566 0.040418
-0.036429 0.041006
-0.037146 0.040749
-0.037852 0.040485
-0.038563 0.040233
-0.039266 0.040000
-0.040004 0.039765
-0.040737 0.039534
-0.041586 0.039373
-0.042280 0.039116
-0.043012 0.038895
-0.043724 0.038652
-0.044429 0.039241
-0.045169 0.039802
-0.045877 0.040388
-0.046566 0.040988
-0.047287 0.041571
-0.047997 0.042164
-0.046984 0.041916
-0.045971 0.041663
-0.044986 0.041397
-0.043981 0.041152
-0.042965 0.040915
-0.041957 0.040674
-0.040862 0.040423
-0.039835 0.040225
-0.038830 0.039944
-0.037841 0.039705
-0.037678 0.041959
-0.037536 0.044230
-0.037388 0.046499
-0.037241 0.048777
-0.037066 0.051032
-0.036921 0.053296
-0.037553 0.053061
-0.038264 0.052806
-0.038964 0.052555
-0.039677 0.052331
-0.040405 0.052120
-0.041130 0.050188
-0.041788 0.048291
-0.042516 0.046383
-0.043220 0.044478
-0.043927 0.042537
-0.046369 0.042298
-0.048630 0.042015
-0.051037 0.041786
-0.053505 0.041552
-0.055928 0.041314
-0.058354 0.041048
-0.059024 0.042532
-0.059761 0.044020
-0.060488 0.045443
-0.061185 0.046866
-0.061884 0.048308
-0.060873 0.046373
-0.060062 0.044516
-0.059084 0.042575
-0.058041 0.040701
-0.057064 0.038781
-0.059507 0.040251
-0.061955 0.041609
-0.064401 0.043079
-0.066802 0.044518
-0.065815 0.045070
-0.064821 0.045618
-0.063810 0.046228
-0.062800 0.046810
-0.061800 0.047410
-0.060755 0.046342
-0.059769 0.045250
-0.058761 0.044156
-0.057775 0.043073
-0.056763 0.042019
-0.055742 0.040904
-0.054658 0.040620
-0.053642 0.040374
-0.052664 0.040112
-0.051644 0.039869
-0.050648 0.039626
-0.049683 0.040245
-0.048635 0.040880
-0.047613 0.041498
-0.046626 0.042052
-0.045642 0.042638
-0.045471 0.043225
-0.045385 0.043870
-0.045205 0.044456
-0.045058 0.045082
-0.044886 0.045677
-0.045623 0.044565
-0.046534 0.043489
-0.047278 0.042395
-0.047942 0.041326
-0.048648 0.040268
-0.049393 0.039155
-0.050127 0.038897
-0.050837 0.038702
-0.051563 0.038473
-0.052256 0.038260
-0.053006 0.038014
-0.054505 0.038638
-0.056193 0.039317
-0.057706 0.039958
-0.059272 0.040528
-0.060868 0.041123
-0.062414 0.042562
-0.064024 0.043954
-0.065576 0.045368
-0.067134 0.046784
-0.068720 0.048205
-0.070322 0.049649
-0.071835 0.050277
-0.073440 0.050911
-0.075021 0.051543
-0.076561 0.052105
-0.078140 0.052727
-0.077991 0.051615
-0.078060 0.050490
-0.077881 0.049386
-0.077764 0.048314
-0.077604 0.047260
-0.076561 0.048654
-0.075464 0.050109
-0.074457 0.051555
-0.073442 0.052909
-0.072499 0.052627
-0.071463 0.052380
-0.070461 0.052073
-0.069470 0.051881
-0.068457 0.051606
-0.069140 0.051346
-0.069873 0.051089
-0.070583 0.050866
-0.071282 0.050616
-0.072860 0.051219
-0.074399 0.051806
-0.075992 0.052380
-0.077576 0.053033
-0.077390 0.053599
-0.077206 0.054255
-0.077060 0.054882
-0.076912 0.055451
-0.076737 0.056067
-0.077473 0.056625
-0.078346 0.057266
-0.079075 0.057835
-0.079782 0.058460
-0.080498 0.059051
-0.081220 0.060489
-0.081744 0.061909
-0.082442 0.063316
-0.083181 0.064793
-0.083846 0.066192
-0.082854 0.065960
-0.081793 0.065725
-0.080785 0.065475
-0.079812 0.065241
-0.078791 0.064971
-0.077738 0.065564
-0.076580 0.066101
-0.075580 0.066671
-0.074579 0.067255
-0.073553 0.067863
-0.072553 0.068471
-0.073287 0.069892
-0.073788 0.071307
-0.074494 0.072733
-0.075229 0.074142
-0.075933 0.075577
-0.075797 0.075368
-0.075629 0.075104
-0.075485 0.074818
-0.075350 0.074580
-0.075199 0.074338
-0.083648 0.057394
-0.094569 0.040301
-0.103034 0.023254
-0.111466 0.006313
-0.119926 -0.010684
0.443517 0.507178
1.007230 1.023134
0.189014 9.916029
0.596887 10.734348
2.624642 8.961435
3.619228 7.382938
4.671139 7.167121
3.516730 5.835397
2.771086 5.089962
0.606714 4.612573
0.545978 5.579166
0.070471 4.947274
-0.022271 5.534398
1.072156 6.670969
2.177182 7.803744
2.201438 7.385486
2.339303 6.917797
2.175502 6.397108
2.288503 6.029715
2.112766 5.954591
2.081569 6.024035
2.232566 6.961679
3.138193 7.900261
3.381454 8.709193
3.683283 9.649518
4.312264 10.815879
4.698636 12.212334
5.356578 13.784207
6.345728 15.654741
7.051779 17.207329
7.785435 19.032859
8.592074 20.178044
8.955882 21.079035
9.468836 21.965245
9.809479 22.624867
10.250223 23.184994
10.155254 22.733731
9.724763 22.391597
9.484698 21.675479
9.094671 21.049479
8.335276 19.705812
7.545439 18.632503
6.060141 18.835651
4.666793 17.922269
3.788470 17.286593
2.725820 16.234912
1.854208 15.706735
0.947618 15.209265
0.137792 14.499969
-0.735680 13.987297
-1.317101 13.523167
-2.229664 12.664068
-2.645793 14.654326
-2.428546 16.541953
-1.591035 19.312751
-0.338499 21.828223
0.693019 24.161937
1.996513 24.379053
2.331870 24.710582
2.846867 24.090644
3.977775 24.224732
4.830889 24.389289
4.494217 22.676925
1.905551 24.851013
1.201566 23.109280
1.331551 22.225529
-0.526645 20.384526
-0.692229 20.336295
-1.643862 20.094656
-2.002004 20.237811
-2.202263 20.164394
-1.924823 21.790338
-1.857120 22.405341
-1.978372 22.932371
-2.054653 23.536325
-2.130939 24.140264
-2.207203 24.744189
-2.283508 25.348119
-2.272207 25.359574
-2.262052 25.365933
-2.250722 25.377400
-2.239414 25.388877
-2.228094 25.400369
-2.226208 25.401837
-2.225576 25.402455
-2.223632 25.404000
-2.221844 25.405301
-2.220040 25.406600
-2.218260 25.407858
-2.217871 25.407095
-2.216887 25.406835
-2.215937 25.406522
-2.214949 25.406269
-2.213905 25.406052
-2.217167 25.403358
-2.218989 25.401482
-2.222241 25.398814
-2.225516 25.396109
-2.228814 25.393331
-2.221791 25.400584
-2.215722 25.409663
-2.208725 25.416894
-2.201640 25.424270
-2.206651 25.416538
-2.213273 25.408700
-2.218281 25.400897
-2.223316 25.393173
-2.228329 25.385413
-2.241931 25.371756
-2.256238 25.357965
-2.269848 25.344348
-2.283411 25.330741
-2.296996 25.317194
-2.293366 25.319352
-2.290023 25.321547
-2.286546 25.323719
-2.282832 25.326188
-2.279102 25.328411
-2.279174 25.328168
-2.279060 25.327608
-2.278913 25.327413
-2.278812 25.327117
-2.278708 25.326711
-2.278542 25.326486
-2.279293 25.325863
-2.280162 25.325460
-2.280852 25.325178
-2.281568 25.324947
-2.282341 25.324676
-2.287176 25.316657
-2.292139 25.309017
-2.297051 25.301300
-2.302010 25.293476
-2.300243 25.293159
-2.298446 25.292782
-2.296565 25.292594
-2.294665 25.292292
-2.292870 25.291950
-2.291050 25.291811
-2.289136 25.291692
-2.288121 25.293951
-2.287093 25.296133
-2.286131 25.298315
-2.285095 25.300623
-2.284054 25.302988
-2.285600 25.302800
-2.287220 25.302399
-2.288886 25.302026
-2.290440 25.301809
-2.289419 25.302427
-2.288341 25.303061
-2.287482 25.303483
-2.286532 25.303995
-2.285550 25.304543
-2.284670 25.304967
-2.281907 25.306216
-2.279304 25.307457
-2.276585 25.308913
-2.273798 25.310406
-2.271148 25.311753
-2.268358 25.313201
-2.269105 25.313687
-2.269783 25.314408
-2.270527 25.314958
-2.271243 25.315625
-2.271900 25.316168
-2.272663 25.316733
-2.271763 25.318006
-2.270726 25.319526
-2.269765 25.321005
-2.268752 25.322426
-2.267718 25.323867
-2.266710 25.325239
-2.265776 25.326613
-2.270761 25.323872
-2.275821 25.321271
-2.280817 25.318523
-2.285818 25.315808
-2.290856 25.313010
-2.295790 25.310375
-2.300728 25.307668
-2.298861 25.307425
-2.297117 25.307205
-2.295192 25.307019
-2.293308 25.306818
-2.291560 25.306404
-2.289628 25.306235
-2.287770 25.306022
-2.287572 25.306680
-2.287441 25.307142
-2.287243 25.307794
-2.287199 25.308308
-2.287230 25.308699
-2.287075 25.309257
-2.286014 25.310693
-2.285058 25.311968
-2.284097 25.313332
-2.283090 25.314833
-2.282062 25.316275
-2.282777 25.316890
-2.283445 25.317472
-2.284234 25.318000
-2.284984 25.318452
-2.285702 25.319223
-2.286359 25.319747
-2.287078 25.320378
-2.288811 25.319447
-2.290429 25.318277
-2.291991 25.317339
-2.293605 25.316162
-2.295280 25.314953
-2.296912 25.313770
-2.297585 25.313633
-2.297979 25.313697
-2.298748 25.313486
-2.299418 25.313327
-2.300140 25.313029
-2.301045 25.312554
-2.304297 25.308189
-2.307628 25.303700
-2.310876 25.299344
-2.314153 25.294937
-2.317467 25.290424
-2.320829 25.285992
-2.324011 25.281670
-2.329105 25.280464
-2.334084 25.279398
-2.339057 25.278368
-2.343973 25.277476
-2.348960 25.276366
-2.353994 25.275271
-2.355487 25.273432
-2.357178 25.271537
-2.358651 25.269681
-2.360237 25.267847
-2.361855 25.265787
-2.363273 25.264064
-2.364884 25.262159
-2.367318 25.258577
-2.369776 25.255021
-2.372266 25.251369
-2.374650 25.247802
-2.377194 25.244113
-2.378552 25.244022
-2.380198 25.243732
-2.381704 25.243513
-2.383240 25.243327
-2.384896 25.242915
-2.386619 25.242427
-2.388204 25.241388
-2.389696 25.240335
-2.391196 25.239305
-2.392755 25.238296
-2.394293 25.237209
-2.395807 25.236138
-2.397383 25.235069
-2.397351 25.235525
-2.397279 25.236100
-2.397084 25.236723
-2.397076 25.237234
-2.396967 25.237781
-2.395916 25.239301
-2.394894 25.240698
-2.393953 25.242081
-2.392902 25.243534
-2.391909 25.245001
-2.390890 25.246451
-2.388993 25.246243
-2.387076 25.246068
-2.385262 25.245764
-2.383448 25.245375
-2.381611 25.245195
-2.379697 25.245017
-2.377926 25.244674
-2.376011 25.246962
-2.374435 25.249386
-2.372577 25.251538
-2.370658 25.253975
-2.368840 25.256115
-2.366905 25.258471
-2.366867 25.258931
-2.366688 25.259584
-2.366580 25.260152
-2.366430 25.260745
-2.366331 25.261295
-2.366170 25.261887
-2.364306 25.261642
-2.362375 25.261321
-2.360470 25.261071
-2.358645 25.260820
-2.356789 25.260565
-2.354956 25.260320
-2.353137 25.260016
-2.353870 25.261515
-2.354581 25.262913
-2.355326 25.264318
-2.356007 25.265794
-2.356769 25.267127
-2.357437 25.268578
-2.356463 25.269991
-2.355493 25.271373
-2.354600 25.272707
-2.353668 25.274048
-2.352539 25.275675
-2.351540 25.277072
-2.350474 25.278594
-2.349521 25.279129
-2.348524 25.279685
-2.347500 25.280249
-2.346449 25.280936
-2.345432 25.281512
-2.344491 25.282007
-2.343542 25.282513
-2.342486 25.283163
-2.341476 25.283755
-2.340409 25.284460
-2.339476 25.284929
-2.338353 25.285697
-2.340806 25.283722
-2.343168 25.281881
-2.345657 25.279848
-2.348126 25.277846
-2.350565 25.275934
-2.352981 25.273984
-2.350211 25.276371
-2.347498 25.278613
-2.344804 25.280851
-2.342127 25.283044
-2.339281 25.285498
-2.336715 25.287640
-2.333879 25.290040
-2.334697 25.290531
-2.335267 25.291302
-2.336013 25.291841
-2.336765 25.292381
-2.337463 25.292958
-2.338122 25.293622
-2.338837 25.293376
-2.339549 25.293210
-2.340279 25.292937
-2.340996 25.292665
-2.341733 25.292400
-2.342491 25.292121
-2.343281 25.291783
-2.343184 25.292269
-2.343273 25.292965
-2.342955 25.293789
-2.343001 25.294120
-2.342902 25.294619
-2.342775 25.295177
-2.342638 25.294038
-2.342508 25.292893
-2.342427 25.291756
-2.342248 25.290689
-2.342124 25.289561
-2.342009 25.288451
-2.341810 25.287492
-2.339977 25.288031
-2.338095 25.288615
-2.336203 25.289248
-2.334418 25.289778
-2.332567 25.290300
-2.330675 25.290921
-2.328807 25.291519
-2.326927 25.292269
-2.325097 25.292897
-2.323209 25.293444
-2.321381 25.293991
-2.319517 25.294636
-2.317645 25.295201
-2.317456 25.292502
-2.317254 25.289851
-2.317109 25.287142
-2.317050 25.284303
-2.316826 25.281555
-2.316820 25.278675
-2.316665 25.275908
-2.306244 25.290645
-2.295835 25.305369
-2.285387 25.320182
-2.274913 25.334974
-2.264359 25.349928
-2.253995 25.364614
-2.233285 25.385271
-2.212523 25.405943
-2.191723 25.426686
-2.171025 25.447228
-2.150235 25.467930
-2.129468 25.488554
-2.108675 25.509247
-2.108467 25.509953
-2.108291 25.510506
-2.108187 25.511082
-2.108088 25.511625
-2.107819 25.512288
-2.107680 25.512956
-2.107566 25.513472
-2.109174 25.514025
-2.110689 25.514656
-2.112232 25.515270
-2.113821 25.515850
-2.115423 25.516371
-2.117036 25.516984
-2.118656 25.517537
-2.117626 25.518156
-2.116608 25.518761
-2.115577 25.519324
-2.114574 25.519932
-2.113534 25.520645
-2.112607 25.521121
-2.111514 25.521784
-2.110622 25.522285
-2.109669 25.522851
-2.108730 25.523349
-2.107713 25.523976
-2.106736 25.524469
-2.105644 25.525194
-2.104681 25.525689
-2.102749 25.526363
-2.100882 25.526905
-2.099139 25.527386
-2.097211 25.528078
-2.095390 25.528612
-2.093615 25.529073
-2.091778 25.529631
-2.091681 25.530184
-2.091505 25.530675
-2.091369 25.531300
-2.091214 25.531820
-2.091151 25.532316
-2.090983 25.532984
-2.090758 25.533693
-2.090487 25.534420
-2.090342 25.535008
-2.090177 25.535554
-2.090014 25.536233
-2.089834 25.536844
-2.089727 25.537467
-2.089564 25.537210
-2.089349 25.536963
-2.089189 25.536800
-2.089029 25.536532
-2.088854 25.536316
-2.088739 25.536005
-2.088544 25.535818
-2.089379 25.535373
-2.090137 25.535050
-2.090792 25.534920
-2.091576 25.534513
-2.092264 25.534289
-2.093033 25.533974
-2.091955 25.535495
-2.090967 25.536893
-2.090015 25.538298
-2.089041 25.539641
-2.088037 25.541040
-2.087053 25.542427
-2.086096 25.543850
-2.085963 25.544374
-2.085724 25.545094
-2.085655 25.545538
-2.085433 25.546241
-2.085304 25.546727
-2.085150 25.547411
-2.085887 25.547080
-2.086632 25.546720
-2.087374 25.546507
-2.088052 25.546198
-2.088841 25.545912
-2.089547 25.545724
-2.090174 25.545600
-2.091771 25.546146
-2.093305 25.546816
-2.094945 25.547266
-2.096569 25.547866
-2.098054 25.548492
-2.099690 25.548959
-2.101336 25.549565
-2.102874 25.550053
-2.104432 25.550752
-2.105973 25.551369
-2.107567 25.551830
-2.109097 25.552416
-2.110657 25.553065
-2.112190 25.554563
-2.113693 25.555961
-2.115236 25.557343
-2.116934 25.558703
-2.118385 25.560294
-2.119972 25.561744
-2.118959 25.562271
-2.117795 25.562878
-2.116755 25.563648
-2.115863 25.564079
-2.114806 25.564692
-2.113814 25.565222
-2.112793 25.565776
-2.112616 25.567289
-2.112406 25.568708
-2.112364 25.569975
-2.112225 25.571428
-2.112150 25.572679
-2.112004 25.574150
-2.111806 25.574051
-2.111766 25.573763
-2.111539 25.573537
-2.111445 25.573268
-2.111301 25.573026
-2.111141 25.572753
-2.111036 25.572419
-2.111818 25.573787
-2.112420 25.575416
-2.113139 25.576821
-2.113814 25.578312
-2.114536 25.579707
-2.115224 25.581189
-2.115962 25.581724
-2.116690 25.582331
-2.117303 25.583080
-2.118049 25.583616
-2.118797 25.584162
-2.119498 25.584794
-2.120306 25.585207
-2.120953 25.585980
-2.121770 25.586479
-2.122353 25.587195
-2.123086 25.587665
-2.123830 25.588189
-2.124586 25.588738
-2.125205 25.589462
-2.127704 25.590750
-2.130077 25.592261
-2.132650 25.593600
-2.134997 25.595133
-2.137475 25.596485
-2.139919 25.597865
-2.138057 25.598419
-2.136214 25.598948
-2.134283 25.599650
-2.132414 25.600225
-2.130557 25.600927
-2.128702 25.601452
-2.126756 25.602058
-2.127605 25.603398
-2.128341 25.604601
-2.129061 25.606170
-2.129711 25.607648
-2.130486 25.609025
-2.131225 25.610401
-2.130980 25.611141
-2.130785 25.611795
-2.130666 25.612256
-2.130573 25.612794
-2.130441 25.613484
-2.130151 25.614197
-2.129965 25.614911
-2.130649 25.616187
-2.131384 25.617556
-2.132306 25.618645
-2.132958 25.620074
-2.133637 25.621404
-2.134529 25.622773
-2.135421 25.623247
-2.136039 25.624004
-2.136886 25.624538
-2.137532 25.625270
-2.138473 25.625553
-2.138937 25.626431
-2.139773 25.626947
-2.138663 25.626400
-2.137893 25.625972
-2.136914 25.625746
-2.135948 25.625404
-2.134885 25.625253
-2.133819 25.624904
-2.132665 25.624902
-2.132402 25.624724
-2.132352 25.624541
-2.132202 25.624314
-2.132366 25.623521
-2.132068 25.623426
-2.131670 25.623496
-2.131599 25.623205
-2.132257 25.622868
-2.132923 25.622889
-2.133808 25.622320
-2.134664 25.622056
-2.135399 25.621603
-2.136107 25.621492
-2.136234 25.621841
-2.136237 25.622625
-2.135847 25.623228
-2.135766 25.623912
-2.135713 25.624563
-2.135557 25.625154
-2.135502 25.625622
-2.135458 25.625205
-2.135300 25.624904
-2.134994 25.624867
-2.134826 25.624692
-2.134672 25.624332
-2.134573 25.624056
-2.134396 25.624771
-2.134266 25.625347
-2.134171 25.625922
-2.133954 25.626559
-2.133870 25.627105
-2.133831 25.627580
-2.134534 25.628065
-2.135314 25.628616
-2.136124 25.629053
-2.136833 25.629635
-2.137441 25.630364
-2.138058 25.630846
-2.138940 25.632251
-2.139504 25.633784
-2.140385 25.635044
-2.140976 25.636609
-2.141698 25.638076
-2.142558 25.639278
-2.143228 25.640734
-2.142228 25.641282
-2.141208 25.641800
-2.140217 25.642278
-2.139268 25.642926
-2.138304 25.643577
-2.137378 25.643979
-2.136380 25.644545
-2.135298 25.645061
-2.134245 25.645684
-2.133093 25.646332
-2.132203 25.646895
-2.131245 25.647385
-2.130235 25.648013
-2.130901 25.647827
-2.131660 25.647493
-2.132504 25.647106
-2.133132 25.647088
-2.133955 25.646743
-2.134621 25.646608
-2.135390 25.646268
-2.134392 25.644390
-2.133548 25.642208
-2.132655 25.640162
-2.131667 25.638140
-2.130662 25.636284
-2.129609 25.634358
-2.130251 25.635099
-2.130867 25.635752
-2.131525 25.636248
-2.132196 25.636952
-2.132936 25.637431
-2.133699 25.637917
-2.133565 25.639441
-2.133394 25.640958
-2.133285 25.642360
-2.133111 25.643905
-2.132949 25.645389
-2.132816 25.646697
-2.132612 25.648214
-2.133566 25.647629
-2.134325 25.647519
-2.135027 25.647183
-2.135761 25.646865
-2.136557 25.646355
-2.137207 25.646255
-2.136224 25.645938
-2.135292 25.645597
-2.134366 25.645277
-2.133222 25.645266
-2.132168 25.645040
-2.131247 25.644699
-2.130277 25.644336
-2.130140 25.644113
-2.130145 25.643585
-2.129805 25.643661
-2.129607 25.643488
-2.129631 25.642867
-2.129425 25.642655
-2.130202 25.643128
-2.130899 25.643824
-2.131565 25.644458
-2.132379 25.645019
-2.133007 25.645753
-2.133831 25.646187
-2.134467 25.646873
-2.137874 25.646468
-2.141239 25.646279
-2.144418 25.646159
-2.147817 25.645805
-2.151127 25.645482
-2.154494 25.645148
-2.157814 25.644939
-2.157902 25.646203
-2.157663 25.647717
-2.157526 25.649097
-2.157431 25.650416
-2.157217 25.651836
-2.157021 25.653255
-2.155974 25.653979
-2.155021 25.654659
-2.154145 25.655091
-2.153315 25.655587
-2.152126 25.656273
-2.151034 25.656931
-2.149954 25.657544
-2.150905 25.657778
-2.151736 25.658316
-2.152475 25.658954
-2.153348 25.659366
-2.154085 25.659964
-2.154825 25.660631
-2.156344 25.661297
-2.157944 25.661637
-2.159654 25.662123
-2.161229 25.662660
-2.162776 25.663244
-2.164399 25.663681
-2.165957 25.664380
-2.166675 25.664889
-2.167502 25.665412
-2.168148 25.666147
-2.168897 25.666647
-2.169693 25.667312
-2.170178 25.668156
-2.170915 25.668765
-2.170772 25.669365
-2.170870 25.669825
-2.170623 25.670599
-2.170494 25.671247
-2.170464 25.671685
-2.170367 25.672276
-2.171742 25.673009
-2.173461 25.673450
-2.175068 25.674074
-2.176522 25.674696
-2.178117 25.675267
-2.179756 25.675801
-2.181315 25.676327
-2.181980 25.676031
-2.182583 25.675761
-2.183328 25.675493
-2.184157 25.675186
-2.184818 25.675113
-2.185513 25.674781
-2.185401 25.675190
-2.185029 25.676152
-2.185006 25.676592
-2.184833 25.677301
-2.184661 25.677905
-2.184424 25.678640
-2.184298 25.679191
-2.184959 25.678938
-2.185390 25.678990
-2.186151 25.678722
-2.186913 25.678356
-2.187715 25.677929
-2.188431 25.677816
-2.188160 25.679286
-2.188036 25.680705
-2.188051 25.681977
-2.187876 25.683430
-2.187727 25.684856
-2.187587 25.686393
-2.187420 25.687722
-2.188159 25.688225
-2.188728 25.688889
-2.189388 25.689497
-2.190034 25.690083
-2.190830 25.690698
-2.191494 25.691423
-2.191284 25.692844
-2.191146 25.694255
-2.191042 25.695655
-2.190907 25.697187
-2.190735 25.698715
-2.190457 25.700442
-2.190486 25.701721
-2.192857 25.700657
-2.195392 25.699407
-2.197775 25.698425
-2.200171 25.697424
-2.202712 25.696129
-2.205079 25.695213
-2.207438 25.694150
-2.208291 25.695406
-2.209010 25.696710
-2.209593 25.698193
-2.210517 25.699351
-2.211220 25.700843
-2.211874 25.702175
-2.211769 25.703789
-2.211757 25.704952
-2.211680 25.706289
-2.211415 25.707815
-2.211349 25.709184
-2.211310 25.710538
-2.211951 25.709265
-2.212772 25.708156
-2.213431 25.707104
-2.214183 25.706018
-2.215016 25.704893
-2.215837 25.703640
-2.216686 25.702503
-2.214702 25.702477
-2.212839 25.702238
-2.211046 25.701922
-2.209173 25.701676
-2.207384 25.701386
-2.205353 25.701322
-2.203602 25.700983
-2.202615 25.700789
-2.201642 25.700445
-2.200783 25.700050
-2.199769 25.699766
-2.198901 25.699432
-2.198063 25.699096
-2.197018 25.699094
-2.196058 25.698967
-2.194922 25.698885
-2.193894 25.698788
-2.192951 25.698343
-2.192038 25.698008
-2.191122 25.697639
-2.189164 25.699229
-2.187348 25.700498
-2.185459 25.702062
-2.183551 25.703528
-2.181796 25.704743
-2.179880 25.706298
-2.180718 25.707559
-2.181410 25.708971
-2.182082 25.710466
-2.182714 25.712044
-2.183376 25.713341
-2.184184 25.714706
-2.184929 25.716165
-2.185640 25.716764
-2.186351 25.717357
-2.187267 25.717657
-2.187909 25.718339
-2.188621 25.718928
-2.189238 25.719545
-2.190068 25.719946
-2.190790 25.719794
-2.191427 25.719702
-2.192297 25.719408
-2.192921 25.719212
-2.193525 25.719047
-2.194371 25.718659
-2.195010 25.718561
-2.193274 25.719170
-2.191332 25.719808
-2.189590 25.720457
-2.187616 25.721190
-2.185650 25.721792
-2.183912 25.722410
-2.184533 25.723090
-2.185235 25.723678
-2.185985 25.724156
-2.186565 25.724866
-2.187237 25.725633
-2.187918 25.726247
-2.188724 25.726792
-2.189380 25.729116
-2.190321 25.731259
-2.191181 25.733353
-2.191907 25.735535
-2.192693 25.737855
-2.193365 25.740187
-2.193965 25.742378
-2.195694 25.741149
-2.197227 25.740146
-2.198662 25.739279
-2.200447 25.738003
-2.202033 25.736775
-2.203525 25.735975
-2.202779 25.734559
-2.201644 25.733617
-2.200709 25.732487
-2.199565 25.731627
-2.198535 25.730540
-2.197247 25.729898
-2.196415 25.728571
-2.196874 25.728571
-2.197805 25.728065
-2.198330 25.728126
-2.199221 25.727641
-2.200036 25.727276
-2.200745 25.727017
-2.200693 25.728468
-2.200204 25.730171
-2.200143 25.731375
-2.199863 25.732895
-2.199748 25.734376
-2.199657 25.735631
-2.199462 25.737203
-2.200246 25.737730
-2.200793 25.738482
-2.201658 25.738946
-2.202445 25.739368
-2.203149 25.739918
-2.203801 25.740551
-2.204592 25.740998
-2.205301 25.742310
-2.206077 25.743968
-2.206622 25.745388
-2.207348 25.746733
-2.208036 25.748198
-2.208582 25.749602
-2.210503 25.749089
-2.212047 25.748814
-2.213711 25.748496
-2.215061 25.748315
-2.216875 25.747683
-2.218309 25.747654
-2.219963 25.747215
-2.219830 25.747841
-2.219622 25.748595
-2.219468 25.749272
-2.219365 25.749812
-2.219227 25.750258
-2.218786 25.751220
-2.218757 25.751668
-2.218688 25.752384
-2.218490 25.753104
-2.218521 25.753585
-2.218493 25.754172
-2.218411 25.754667
-2.218433 25.754859
-2.218191 25.755757
-2.218682 25.755639
-2.219617 25.755152
-2.220472 25.754782
-2.221277 25.754474
-2.221950 25.754163
-2.222834 25.753792
-2.225217 25.755305
-2.227768 25.756479
-2.230302 25.757836
-2.232694 25.759248
-2.235098 25.760759
-2.237584 25.762195
-2.240095 25.763373
-2.240658 25.763231
-2.241570 25.762820
-2.242071 25.762864
-2.242852 25.762423
-2.243537 25.762288
-2.244332 25.761926
-2.244140 25.762628
-2.243993 25.763172
-2.243686 25.764064
-2.243762 25.764372
-2.243512 25.765241
-2.243316 25.765837
-2.243123 25.766340
-2.243738 25.764645
-2.244568 25.762657
-2.245401 25.760659
-2.246069 25.758910
-2.246560 25.757288
-2.247280 25.755253
-2.247907 25.753364
-2.247916 25.754090
-2.247986 25.754387
-2.247818 25.755040
-2.247797 25.755415
-2.247608 25.756203
-2.247595 25.756733
-2.247423 25.757331
-2.248050 25.758942
-2.248808 25.760318
-2.249680 25.761631
-2.250415 25.762808
-2.251072 25.764196
-2.251967 25.765582
-2.252390 25.767073
-2.253103 25.765819
-2.253949 25.764785
-2.254688 25.763624
-2.255459 25.762483
-2.256097 25.761521
-2.256757 25.760598
-2.257394 25.759651
-2.258172 25.758446
-2.258939 25.757248
-2.259533 25.756397
-2.260542 25.754824
-2.261271 25.753680
-2.261897 25.752650
-2.260931 25.752435
-2.259842 25.752344
-2.258903 25.751846
-2.258098 25.751416
-2.257093 25.750990
-2.256170 25.750792
-2.254968 25.750799
-2.255660 25.751299
-2.256352 25.752143
-2.257116 25.752801
-2.257780 25.753172
-2.258433 25.754005
-2.259432 25.754381
-2.259918 25.755201
-2.260834 25.753887
-2.261559 25.752731
-2.262265 25.751685
-2.263114 25.750456
-2.263860 25.749331
-2.264586 25.748304
-2.265397 25.747081
-2.265215 25.747622
-2.265145 25.748055
-2.265167 25.748309
-2.265056 25.748866
-2.264920 25.749433
-2.264835 25.750001
-2.264688 25.750565
-2.265551 25.750210
-2.266430 25.749695
-2.267170 25.749422
-2.267844 25.749212
-2.268494 25.748997
-2.269223 25.748720
-2.269870 25.748527
-2.268868 25.749128
-2.267788 25.749710
-2.266834 25.750357
-2.265814 25.750977
-2.264723 25.751767
-2.263725 25.752392
-2.262691 25.752990
-2.264158 25.752041
-2.265724 25.751054
-2.267160 25.750095
-2.268910 25.748729
-2.270521 25.747726
-2.272083 25.746617
-2.272871 25.747973
-2.273537 25.749280
-2.274179 25.750727
-2.274942 25.752113
-2.275635 25.753543
-2.276484 25.754787
-2.277212 25.756245
-2.277052 25.755998
-2.276820 25.755795
-2.276739 25.755426
-2.276593 25.755230
-2.276533 25.754909
-2.276201 25.754843
-2.275898 25.754743
-2.275684 25.753746
-2.275572 25.752645
-2.275428 25.751548
-2.275308 25.750352
-2.275228 25.749213
-2.274934 25.748082
-2.274963 25.746791
-2.275724 25.746717
-2.276390 25.746498
-2.277070 25.746294
-2.277842 25.746017
-2.278517 25.745807
-2.279154 25.745655
-2.279888 25.747013
-2.280687 25.748444
-2.281383 25.749916
-2.282090 25.751287
-2.282942 25.752577
-2.283593 25.754072
-2.284314 25.755594
-2.285094 25.755304
-2.285804 25.755173
-2.286591 25.754826
-2.287152 25.754776
-2.287965 25.754492
-2.288583 25.754467
-2.289298 25.754072
-2.290800 25.754859
-2.292433 25.755379
-2.293896 25.756075
-2.295354 25.756720
-2.297016 25.757264
-2.298690 25.757713
-2.296793 25.756592
-2.295075 25.755325
-2.293156 25.754369
-2.291477 25.753017
-2.289495 25.751895
-2.287660 25.750864
-2.285719 25.749975
-2.286520 25.751250
-2.287232 25.752588
-2.287960 25.753943
-2.288644 25.755477
-2.289367 25.756932
-2.290098 25.758468
-2.290813 25.759841
-2.291510 25.761263
-2.292184 25.762879
-2.292886 25.764214
-2.293677 25.765749
-2.294377 25.767112
-2.294965 25.768691
-2.295694 25.769961
-2.296506 25.768730
-2.297180 25.767862
-2.297844 25.766878
-2.298428 25.765949
-2.299139 25.764741
-2.299841 25.763728
-2.300611 25.762689
-2.300484 25.762398
-2.300376 25.762055
-2.300171 25.761906
-2.300101 25.761540
-2.300009 25.761250
-2.299841 25.761012
-2.300578 25.761645
-2.301389 25.762206
-2.302160 25.762794
-2.302893 25.763333
-2.303682 25.763840
-2.304372 25.764446
-2.304279 25.763287
-2.304234 25.762267
-2.304104 25.761073
-2.303889 25.759977
-2.303811 25.758685
-2.303507 25.757787
-2.303262 25.756840
-2.303980 25.757315
-2.304732 25.757860
-2.305490 25.758344
-2.306097 25.758934
-2.306894 25.759562
-2.307550 25.760088
-2.308204 25.760879
-2.308206 25.762082
-2.308026 25.763572
-2.307800 25.764947
-2.307909 25.765921
-2.307854 25.767364
-2.307598 25.768821
-2.307533 25.770026
-2.308276 25.769862
-2.309038 25.769567
-2.309724 25.769325
-2.310285 25.769242
-2.311166 25.768914
-2.311912 25.768679
-2.312628 25.768375
-2.313393 25.768932
-2.314093 25.769572
-2.314705 25.770267
-2.315475 25.770720
-2.316221 25.771375
-2.317051 25.771824
-2.316835 25.772480
-2.316809 25.773032
-2.316634 25.773677
-2.316493 25.774196
-2.316314 25.774692
-2.316196 25.775349
-2.316222 25.775720
-2.317006 25.775392
-2.318029 25.774732
-2.318701 25.774534
-2.319372 25.774286
-2.320173 25.773874
-2.320799 25.773880
-2.321664 25.773374
-2.322439 25.772250
-2.323220 25.771093
-2.324069 25.769833
-2.324631 25.768899
-2.325310 25.767901
-2.325945 25.766804
-2.326891 25.765437
-2.327422 25.765098
-2.328064 25.765087
-2.328900 25.764673
-2.329853 25.764087
-2.330549 25.763789
-2.331245 25.763662
-2.332175 25.763025
-2.331088 25.764397
-2.330322 25.765648
-2.329340 25.767182
-2.328286 25.768796
-2.327527 25.769836
-2.326317 25.771460
-2.325508 25.772641
-2.326239 25.773236
-2.327076 25.773587
-2.327719 25.774213
-2.328326 25.774981
-2.329064 25.775597
-2.329671 25.776282
-2.330410 25.776869
-2.331213 25.776452
-2.332022 25.776252
-2.332916 25.775981
-2.333698 25.775698
-2.334510 25.775275
-2.335186 25.775189
-2.334969 25.776622
-2.335052 25.777998
-2.334878 25.779487
-2.334712 25.780911
-2.334589 25.782288
-2.334384 25.783669
-2.334347 25.785122
-2.332462 25.785666
-2.330487 25.786526
-2.328739 25.787043
-2.326848 25.787722
-2.325288 25.787893
-2.323393 25.788594
-2.321530 25.789117
-2.323054 25.789823
-2.324638 25.790476
-2.326121 25.791259
-2.327789 25.791593
-2.329360 25.792228
-2.330882 25.792862
-2.332461 25.793441
-2.331669 25.794819
-2.330558 25.796295
-2.329670 25.797614
-2.328395 25.799297
-2.327285 25.800836
-2.326345 25.802142
-2.327062 25.801978
-2.327856 25.801720
-2.328590 25.801432
-2.329250 25.801441
-2.330158 25.801049
-2.330806 25.800736
-2.331474 25.800627
-2.331315 25.801163
-2.331305 25.801910
-2.331148 25.802540
-2.330995 25.803239
-2.330770 25.803845
-2.330661 25.804275
-2.330674 25.804772
-2.332132 25.803028
-2.333822 25.800633
-2.335517 25.798462
-2.336918 25.796829
-2.338610 25.794784
-2.340357 25.792892
-2.341900 25.790924
-2.341722 25.792271
-2.341570 25.793812
-2.341505 25.795183
-2.341184 25.796777
-2.340953 25.798242
-2.340941 25.799525
-2.340998 25.799109
-2.340652 25.798947
-2.340490 25.798821
-2.340503 25.798276
-2.340323 25.798115
-2.340291 25.797686
-2.340146 25.797508
-2.341141 25.796167
-2.341780 25.795058
-2.342713 25.793859
-2.343268 25.792934
-2.343971 25.791761
-2.344556 25.790906
-2.345331 25.791390
-2.346120 25.791865
-2.346725 25.792705
-2.347585 25.793069
-2.348413 25.793604
-2.349192 25.793910
-2.349895 25.794367
-2.350638 25.794079
-2.351297 25.793953
-2.351960 25.793713
-2.352649 25.793427
-2.353353 25.793324
-2.354064 25.793073
-2.354822 25.792709
-2.356260 25.791849
-2.358073 25.790408
-2.359589 25.789507
-2.361244 25.788491
-2.362901 25.787325
-2.364394 25.786268
-2.363437 25.785922
-2.362481 25.785718
-2.361485 25.785433
-2.360343 25.785322
-2.359459 25.784939
-2.358536 25.784669
-2.357473 25.784711
-2.358298 25.784104
-2.358986 25.784047
-2.359685 25.783793
-2.360322 25.783604
-2.361066 25.783256
-2.361822 25.783149
-2.361734 25.784478
-2.361681 25.785790
-2.361570 25.787124
-2.361440 25.788561
-2.361557 25.789707
-2.361271 25.791093
-2.361035 25.791681
-2.360991 25.792133
-2.360821 25.792687
-2.360760 25.793144
-2.360582 25.793832
-2.360391 25.794443
-2.360337 25.795101
-2.360979 25.796535
-2.361877 25.797798
-2.362614 25.799344
-2.363205 25.800797
-2.363947 25.802159
-2.364685 25.803531
-2.365379 25.804941
-2.367119 25.804450
-2.368515 25.804278
-2.370263 25.804146
-2.371923 25.803878
-2.373613 25.803641
-2.375237 25.803225
-2.376918 25.802866
-2.375808 25.804672
-2.374867 25.806026
-2.373909 25.807464
-2.372912 25.808883
-2.371845 25.810399
-2.370916 25.811793
-2.369852 25.813322
-2.370481 25.813223
-2.371110 25.813093
-2.371767 25.812936
-2.372405 25.812672
-2.373150 25.812478
-2.373939 25.812091
-2.374612 25.811943
-2.375086 25.811890
-2.375796 25.811705
-2.376394 25.811539
-2.377044 25.811302
-2.377900 25.810855
-2.378502 25.810675
-2.380195 25.811128
-2.381659 25.811864
-2.383260 25.812352
-2.384797 25.813053
-2.386519 25.813403
-2.388132 25.813805
-2.389803 25.814425
-2.388864 25.814930
-2.387696 25.815671
-2.386739 25.816076
-2.385696 25.816814
-2.384694 25.817248
-2.383606 25.817883
-2.384470 25.817511
-2.385167 25.817433
-2.385901 25.817150
-2.386557 25.817056
-2.387412 25.816567
-2.388001 25.816480
-2.388833 25.816078
-2.389538 25.815907
-2.390118 25.815906
-2.390885 25.815546
-2.391575 25.815331
-2.392249 25.815175
-2.392896 25.814937
-2.393474 25.814799
-2.393484 25.816165
-2.393203 25.817759
-2.393242 25.819001
-2.393118 25.820433
-2.392757 25.822077
-2.392935 25.823513
-2.392816 25.824810
-2.391516 25.824636
-2.390635 25.824231
-2.389580 25.824013
-2.388596 25.823781
-2.387698 25.823415
-2.386786 25.823093
-2.389283 25.823607
-2.391906 25.823703
-2.394029 25.824385
-2.396699 25.824651
-2.399185 25.825509
-2.401633 25.826114
-2.404077 25.826659
-2.404703 25.826437
-2.405429 25.826396
-2.406397 25.825756
-2.406891 25.825707
-2.407610 25.825534
-2.408213 25.825388
-2.407335 25.826855
-2.406079 25.828502
-2.405083 25.829876
-2.404131 25.831376
-2.403177 25.832750
-2.402038 25.834281
-2.401015 25.835829
-2.400219 25.837075
-2.399195 25.838589
-2.398395 25.839665
-2.397130 25.841237
-2.396334 25.842854
-2.396285 25.843388
-2.396158 25.843955
-2.396056 25.844501
-2.396060 25.844955
-2.395831 25.845630
-2.395716 25.846177
-2.396547 25.846608
-2.397471 25.847050
-2.398336 25.847451
-2.399142 25.847890
-2.399758 25.848646
-2.400383 25.849230
-2.400181 25.849164
-2.400182 25.848824
-2.400024 25.848422
-2.399907 25.848057
-2.399761 25.847933
-2.399547 25.847624
-2.400302 25.847344
-2.401268 25.847141
-2.401965 25.846850
-2.402579 25.846579
-2.403555 25.845991
-2.404276 25.845782
-2.404147 25.846315
-2.403928 25.846875
-2.403873 25.847611
-2.403740 25.847931
-2.403609 25.848436
-2.403604 25.848916
-2.403600 25.849275
-2.404675 25.847079
-2.405197 25.845225
-2.405899 25.843263
-2.406868 25.841153
-2.407759 25.839105
-2.408284 25.837225
-2.408901 25.837336
-2.409761 25.836898
-2.410404 25.836792
-2.410935 25.836694
-2.411633 25.836391
-2.412353 25.836099
-2.413012 25.835845
-2.413528 25.837456
-2.414245 25.838722
-2.415012 25.840021
-2.415708 25.841499
-2.416630 25.842840
-2.417262 25.844440
-2.418371 25.845853
-2.418177 25.847406
-2.417697 25.848987
-2.417611 25.850029
-2.417369 25.851590
-2.417326 25.852994
-2.417193 25.854361
-2.416166 25.855062
-2.415186 25.855469
-2.414110 25.856137
-2.413157 25.856762
-2.412055 25.857463
-2.411157 25.857892
-2.410081 25.858480
-2.411782 25.858986
-2.413287 25.859785
-2.414865 25.860493
-2.416379 25.861145
-2.417986 25.861660
-2.419625 25.862223
-2.421178 25.862815
-2.420254 25.864199
-2.419224 25.865519
-2.418315 25.866826
-2.417330 25.868216
-2.416318 25.869633
-2.415322 25.871091
-2.415195 25.871605
-2.415045 25.872296
-2.414978 25.872828
-2.414706 25.873574
-2.414582 25.874075
-2.414489 25.874556
-2.414446 25.874997
-2.415122 25.876462
-2.415788 25.878025
-2.416400 25.879616
-2.417075 25.881088
-2.417839 25.882432
-2.418492 25.883927
-2.419221 25.885363
-2.419043 25.886014
-2.418911 25.886508
-2.418755 25.887097
-2.418534 25.887759
-2.418394 25.888362
-2.418285 25.888935
-2.418969 25.889532
-2.419518 25.890530
-2.420246 25.891071
-2.420883 25.891824
-2.421591 25.892477
-2.422254 25.893099
-2.422937 25.893691
-2.421903 25.893362
-2.420909 25.893123
-2.419904 25.892853
-2.418918 25.892647
-2.417902 25.892374
-2.416921 25.892227
-2.416047 25.891683
-2.415011 25.889917
-2.414033 25.888010
-2.413165 25.885826
-2.412119 25.883953
-2.411146 25.882023
-2.410141 25.880109
-2.409267 25.878034
-2.410780 25.880328
-2.412256 25.882576
-2.413857 25.884805
-2.415432 25.886998
-2.417020 25.889282
-2.418615 25.891509
-2.419332 25.891170
-2.420035 25.890946
-2.420776 25.890655
-2.421524 25.890302
-2.422318 25.890096
-2.423218 25.889677
-2.424066 25.889306
-2.424756 25.889933
-2.425400 25.890722
-2.426167 25.891181
-2.426841 25.891839
-2.427467 25.892569
-2.428098 25.893352
-2.428880 25.893895
-2.429696 25.895263
-2.430459 25.896624
-2.431178 25.898062
-2.431920 25.899426
-2.432587 25.900950
-2.433353 25.902260
-2.434035 25.903823
-2.434850 25.905076
-2.435713 25.906280
-2.436316 25.907928
-2.437027 25.909287
-2.437679 25.910632
-2.438480 25.912053
-2.438227 25.914419
-2.437961 25.916672
-2.437905 25.918820
-2.437633 25.921157
-2.437613 25.923301
-2.437416 25.925638
-2.437279 25.926333
-2.437214 25.926909
-2.437113 25.927383
-2.436955 25.928017
-2.436744 25.928680
-2.436751 25.929074
-2.436588 25.929678
-2.437200 25.930343
-2.437866 25.931049
-2.438555 25.931590
-2.439236 25.932178
-2.439862 25.932768
-2.440655 25.933325
-2.441287 25.933985
-2.442099 25.934480
-2.442831 25.935069
-2.443653 25.935676
-2.444259 25.936336
-2.445117 25.936754
-2.445711 25.937504
-2.443961 25.937120
-2.442159 25.936792
-2.440224 25.936689
-2.438447 25.936399
-2.436466 25.936311
-2.434670 25.936040
-2.432779 25.935822
-2.432632 25.935522
-2.432538 25.935281
-2.432281 25.935067
-2.432043 25.934889
-2.431896 25.934817
-2.430728 25.934618
-2.429774 25.934299
-2.428878 25.934169
-2.427694 25.934053
-2.426718 25.933776
-2.425725 25.933505
-2.424764 25.933137
-2.424571 25.933013
-2.424446 25.932730
-2.424362 25.932335
-2.424165 25.932152
-2.424013 25.931721
-2.423928 25.931425
-2.423717 25.931293
-2.422759 25.932569
-2.421640 25.934187
-2.420627 25.935645
-2.419780 25.936764
-2.418678 25.938457
-2.417676 25.939887
-2.418384 25.941252
-2.419001 25.942857
-2.419715 25.944257
-2.420474 25.945670
-2.421171 25.947146
-2.421804 25.948654
-2.422526 25.950076
-2.422512 25.949977
-2.422456 25.949677
-2.422231 25.949522
-2.422112 25.949415
-2.422123 25.949020
-2.421839 25.948898
-2.421703 25.950485
-2.421501 25.951892
-2.421401 25.953306
-2.421214 25.954771
-2.420983 25.956169
-2.420931 25.957537
-2.421587 25.958084
-2.422289 25.958754
-2.423205 25.959201
-2.423865 25.959794
-2.424657 25.960383
-2.425348 25.960886
-2.426085 25.962270
-2.426829 25.963542
-2.427535 25.964934
-2.428320 25.966268
-2.429124 25.967578
-2.429847 25.969021
-2.430404 25.970583
-2.431286 25.971132
-2.431859 25.971700
-2.432417 25.972368
-2.433303 25.972936
-2.433965 25.973531
-2.434623 25.974174
-2.435285 25.974931
-2.434164 25.973905
-2.433119 25.972687
-2.432061 25.971607
-2.431030 25.970604
-2.430195 25.969377
-2.429103 25.968366
-2.428131 25.967195
-2.428047 25.965976
-2.428077 25.964794
-2.428010 25.963544
-2.427794 25.962413
-2.427779 25.961340
-2.427648 25.960283
-2.427380 25.961922
-2.427291 25.963225
-2.427185 25.964700
-2.427012 25.966062
-2.426810 25.967534
-2.426744 25.968899
-2.426691 25.970178
-2.428154 25.970876
-2.429756 25.971390
-2.431375 25.971876
-2.433015 25.972473
-2.434407 25.973331
-2.436021 25.973789
-2.437669 25.974348
-2.438197 25.974283
-2.438908 25.973990
-2.439608 25.973758
-2.440342 25.973652
-2.441170 25.973058
-2.441934 25.972791
-2.442687 25.971713
-2.443491 25.970375
-2.444158 25.969502
-2.444872 25.968342
-2.445528 25.967297
-2.446225 25.966224
-2.446766 25.965184
-2.448546 25.965726
-2.450033 25.966666
-2.451687 25.967080
-2.453193 25.967865
-2.454703 25.968589
-2.456260 25.969194
-2.457946 25.969627
-2.456774 25.969613
-2.455747 25.969311
-2.454822 25.968968
-2.453695 25.968839
-2.452782 25.968529
-2.451760 25.968176
-2.450783 25.967920
-2.449895 25.967467
-2.448841 25.967298
-2.447807 25.967136
-2.446923 25.966609
-2.445959 25.966366
-2.444971 25.966073
-2.446436 25.965881
-2.448032 25.965614
-2.449638 25.965254
-2.450976 25.965200
-2.452629 25.964929
-2.454152 25.964791
-2.453970 25.964339
-2.453748 25.963942
-2.453643 25.963662
-2.453498 25.963325
-2.453487 25.962898
-2.453301 25.962749
-2.454760 25.962545
-2.456192 25.962412
-2.457763 25.962254
-2.459367 25.961935
-2.461036 25.961594
-2.462465 25.961468
-2.463874 25.961427
-2.463852 25.961670
-2.463762 25.962234
-2.463477 25.962936
-2.463533 25.963496
-2.463300 25.964075
-2.463166 25.964781
-2.462975 25.965373
-2.462874 25.965932
-2.462615 25.966683
-2.462561 25.967175
-2.462477 25.967571
-2.462177 25.968231
-2.462092 25.968802
-2.460947 25.969497
-2.459855 25.970073
-2.458891 25.970583
-2.457920 25.971223
-2.456769 25.971911
-2.455739 25.972517
-2.457276 25.973013
-2.458898 25.973603
-2.460393 25.974211
-2.462004 25.974796
-2.463627 25.975331
-2.465310 25.975875
-2.466783 25.976599
-2.467522 25.976996
-2.468235 25.977656
-2.468931 25.978227
-2.469577 25.978865
-2.470326 25.979402
-2.471035 25.980082
-2.469854 25.979996
-2.469121 25.979434
-2.468077 25.979315
-2.467079 25.978995
-2.466216 25.978476
-2.465100 25.978356
-2.464171 25.977982
-2.465684 25.977784
-2.467266 25.977597
-2.468704 25.977568
-2.470356 25.977290
-2.471833 25.977024
-2.473473 25.976667
-2.475115 25.976301
-2.475778 25.976044
-2.476547 25.975675
-2.477473 25.975276
-2.478206 25.975046
-2.478917 25.974760
-2.479694 25.974479
-2.480412 25.974187
-2.480431 25.975277
-2.480240 25.976666
-2.479991 25.978308
-2.479941 25.979586
-2.479733 25.981161
-2.479664 25.982450
-2.481143 25.982230
-2.482733 25.981891
-2.484320 25.981479
-2.485832 25.981342
-2.487420 25.981081
-2.488946 25.981005
-2.490633 25.980506
-2.491321 25.979475
-2.492095 25.978252
-2.492739 25.977241
-2.493481 25.976046
-2.494319 25.974865
-2.495118 25.973407
-2.495907 25.972029
-2.495691 25.972732
-2.495736 25.973335
-2.495598 25.973910
-2.495584 25.974383
-2.495411 25.975103
-2.495188 25.975829
-2.495119 25.976307
-2.495068 25.976071
-2.494801 25.975777
-2.494720 25.975548
-2.494418 25.975310
-2.494305 25.975036
-2.494131 25.974781
-2.494866 25.972992
-2.495754 25.970561
-2.496320 25.968889
-2.497047 25.967036
-2.497656 25.965387
-2.498256 25.963392
-2.498918 25.961530
-2.498922 25.962668
-2.498708 25.963939
-2.498480 25.965394
-2.498375 25.966759
-2.498075 25.968129
-2.498187 25.969374
-2.498007 25.970965
-2.497152 25.971391
-2.496095 25.972106
-2.495056 25.972807
-2.494253 25.973054
-2.493281 25.973564
-2.492230 25.974135
-2.492149 25.975537
-2.491906 25.977017
-2.491720 25.978431
-2.491647 25.979740
-2.491626 25.981022
-2.491415 25.982435
-2.491246 25.984064
-2.491130 25.982071
-2.490910 25.980188
-2.490616 25.978412
-2.490639 25.976267
-2.490312 25.974603
-2.490216 25.972491
-2.490179 25.970484
-2.491597 25.970241
-2.492987 25.970030
-2.494435 25.969738
-2.496045 25.969472
-2.497481 25.969548
-2.499021 25.969352
-2.499579 25.970084
-2.500290 25.970676
-2.500837 25.971391
-2.501569 25.972018
-2.502251 25.972659
-2.502843 25.973434
-2.503609 25.973947
-2.503438 25.975686
-2.503406 25.976763
-2.503216 25.978255
-2.503026 25.979655
-2.502808 25.981033
-2.502590 25.982578
-2.502441 25.983884
-2.502497 25.984988
-2.502433 25.986297
-2.502049 25.988158
-2.501944 25.989472
-2.501871 25.990784
-2.501611 25.992250
-2.501398 25.993698
-2.501415 25.995218
-2.501340 25.996580
-2.501184 25.998010
-2.501183 25.999168
-2.501074 26.000668
-2.500754 26.002160
-2.501497 26.001986
-2.502466 26.001248
-2.502907 26.001201
-2.503405 26.001264
-2.504250 26.000869
-2.504894 26.000737
-2.505677 26.001165
-2.506432 26.001664
-2.507327 26.002088
-2.507996 26.002768
-2.508780 26.003334
-2.509553 26.003818
-2.510295 26.004329
-2.509259 26.002471
-2.508124 26.000543
-2.507078 25.998715
-2.506147 25.996737
-2.505335 25.994455
-2.504266 25.992512
-2.505089 25.993109
-2.505905 25.993758
-2.506581 25.994374
-2.507212 25.995183
-2.507826 25.995805
-2.508701 25.996259
-2.509530 25.996647
-2.510247 25.996310
-2.510957 25.996192
-2.511827 25.995674
-2.512534 25.995465
-2.513366 25.995130
-2.514072 25.994973
-2.515457 25.995760
-2.517072 25.996406
-2.518825 25.996943
-2.520470 25.997447
-2.522188 25.998152
-2.523950 25.998671
-2.525530 25.999101
-2.526815 26.001678
-2.528497 26.003825
-2.530178 26.005970
-2.531646 26.008285
-2.533297 26.010378
-2.534845 26.012603
-2.535564 26.014094
-2.536296 26.015528
-2.536994 26.016935
-2.537798 26.018141
-2.538484 26.019690
-2.539249 26.021027
-2.539995 26.022248
-2.539712 26.023790
-2.539488 26.025364
-2.539528 26.026468
-2.539240 26.028029
-2.539142 26.029435
-2.538950 26.030850
-2.538809 26.032250
-2.539436 26.033738
-2.540112 26.035178
-2.540936 26.036433
-2.541716 26.037774
-2.542418 26.039242
-2.543145 26.040614
-2.543797 26.041312
-2.544529 26.041870
-2.545160 26.042627
-2.545920 26.043152
-2.546599 26.043757
-2.547260 26.044429
-2.548013 26.044959
-2.548700 26.046441
-2.549449 26.047872
-2.550221 26.049204
-2.550901 26.050650
-2.551665 26.052039
-2.552404 26.053429
-2.553073 26.054900
-2.552094 26.054797
-2.551183 26.054505
-2.550148 26.054296
-2.549102 26.054067
-2.548152 26.053774
-2.547149 26.053525
-2.547001 26.054124
-2.546941 26.054592
-2.546808 26.055147
-2.546679 26.055725
-2.546545 26.056282
-2.546435 26.056828
-2.546297 26.057394
-2.546960 26.056393
-2.547699 26.055302
-2.548444 26.054155
-2.549154 26.053064
-2.549883 26.051947
-2.550590 26.050823
-2.551239 26.049854
-2.553667 26.051265
-2.556070 26.052609
-2.558555 26.053937
-2.561055 26.055235
-2.563474 26.056703
-2.565920 26.058129
-2.568331 26.059596
-2.567502 26.060770
-2.566551 26.062212
-2.565502 26.063827
-2.564432 26.065145
-2.563490 26.066567
-2.562378 26.068240
-2.561313 26.069729
-2.561212 26.071136
-2.561013 26.072656
-2.560885 26.074084
-2.560836 26.075422
-2.560748 26.076735
-2.560553 26.078158
-2.560375 26.077136
-2.560266 26.075998
-2.560171 26.074875
-2.559980 26.073746
-2.559874 26.072606
-2.559654 26.071636
-2.559507 26.070512
-2.559349 26.072001
-2.559237 26.073413
-2.559044 26.074920
-2.558827 26.076459
-2.558774 26.077766
-2.558788 26.078969
-2.558531 26.080532
-2.559356 26.078519
-2.560106 26.076539
-2.560796 26.074671
-2.561564 26.072639
-2.562231 26.070717
-2.562983 26.068770
-2.563752 26.068423
-2.564467 26.068129
-2.565167 26.067879
-2.565868 26.067692
-2.566571 26.067409
-2.567341 26.067149
-2.565593 26.065862
-2.563561 26.064961
-2.561650 26.063916
-2.559794 26.062868
-2.558009 26.061659
-2.556198 26.060595
-2.554402 26.059571
-2.555957 26.060130
-2.557590 26.060746
-2.559286 26.061259
-2.560835 26.061901
-2.562348 26.062551
-2.563854 26.063297
-2.565450 26.063906
-2.566039 26.064681
-2.566929 26.064801
-2.567548 26.065501
-2.568276 26.066073
-2.569002 26.066597
-2.569743 26.067234
-2.570466 26.067773
-2.569436 26.068427
-2.568467 26.068941
-2.567389 26.069583
-2.566484 26.069983
-2.565399 26.070757
-2.564374 26.071370
-2.563274 26.072155
-2.564103 26.072577
-2.564864 26.073192
-2.565533 26.073875
-2.566310 26.074373
-2.567064 26.074906
-2.567776 26.075518
-2.568303 26.076183
-2.569826 26.076760
-2.571447 26.077362
-2.573043 26.077901
-2.574694 26.078380
-2.576255 26.079047
-2.577896 26.079503
-2.578547 26.080974
-2.579288 26.082352
-2.580074 26.083778
-2.580813 26.085116
-2.581508 26.086623
-2.582246 26.088010
-2.583013 26.089438
-2.581170 26.087490
-2.579265 26.085523
-2.577444 26.083482
-2.575574 26.081583
-2.573765 26.079578
-2.571873 26.077695
-2.570062 26.075596
-2.570802 26.077024
-2.571423 26.078582
-2.572056 26.079946
-2.572766 26.081400
-2.573504 26.082790
-2.574306 26.084086
-2.575113 26.083792
-2.575907 26.083434
-2.576686 26.083145
-2.577370 26.082882
-2.578174 26.082515
-2.578935 26.082206
-2.579749 26.081815
-2.577885 26.080780
-2.576018 26.079739
-2.574230 26.078575
-2.572403 26.077407
-2.570488 26.076424
-2.568672 26.075215
-2.568581 26.076553
-2.568376 26.078107
-2.568314 26.079349
-2.568095 26.080909
-2.567977 26.082195
-2.567758 26.083781
-2.567708 26.085061
-2.568602 26.086190
-2.569304 26.087687
-2.569983 26.089073
-2.570638 26.090487
-2.571389 26.091946
-2.572163 26.093276
-2.571995 26.094713
-2.571813 26.096198
-2.571670 26.097705
-2.571448 26.099273
-2.571372 26.100613
-2.571203 26.102111
-2.571024 26.103579
-2.570065 26.103303
-2.569172 26.102849
-2.568074 26.102771
-2.567017 26.102602
-2.566000 26.102404
-2.564959 26.102207
-2.563913 26.101894
-2.564725 26.101553
-2.565310 26.101442
-2.566179 26.101120
-2.566844 26.101035
-2.567634 26.100718
-2.568597 26.100111
-2.567761 26.100521
-2.566888 26.101010
-2.565936 26.101624
-2.564932 26.102187
-2.563887 26.102866
-2.562909 26.103427
-2.561918 26.104030
-2.562737 26.104471
-2.563287 26.105303
-2.563719 26.106007
-2.564487 26.106406
-2.565214 26.107121
-2.565918 26.107687
-2.566499 26.108459
-2.567218 26.107328
-2.567968 26.106238
-2.568628 26.105268
-2.569403 26.104054
-2.570182 26.102864
-2.570932 26.101692
-2.570902 26.101305
-2.570813 26.101080
-2.570653 26.100818
-2.570479 26.100592
-2.570397 26.100250
-2.570223 26.100130
-2.570230 26.099653
-2.569366 26.100915
-2.568217 26.102306
-2.567218 26.103692
-2.566144 26.105226
-2.565104 26.106612
-2.564114 26.108016
-2.563056 26.109580
-2.562070 26.111101
-2.561141 26.112339
-2.560216 26.113655
-2.559221 26.114954
-2.558351 26.116303
-2.557236 26.118009
-2.557246 26.117332
-2.557091 26.117048
-2.556964 26.116838
-2.556811 26.116569
-2.556667 26.116251
-2.556551 26.115974
-2.556347 26.115818
-2.556249 26.115529
-2.556193 26.114995
-2.556061 26.114680
-2.555888 26.114439
-2.555942 26.114073
-2.555925 26.113696
-2.554010 26.113486
-2.551977 26.113426
-2.550132 26.113184
-2.548314 26.112905
-2.546438 26.112703
-2.544576 26.112426
-2.542701 26.112189
-2.542545 26.112069
-2.542397 26.111690
-2.542291 26.111349
-2.542038 26.111194
-2.541870 26.110871
-2.541783 26.110552
-2.542326 26.111372
-2.542998 26.112049
-2.543812 26.112438
-2.544583 26.112971
-2.545352 26.113518
-2.546105 26.114072
-2.546769 26.114619
-2.545773 26.115993
-2.544772 26.117347
-2.543747 26.118748
-2.542880 26.119906
-2.541813 26.121317
-2.540929 26.122622
-2.543222 26.121664
-2.545641 26.120653
-2.548237 26.119347
-2.550614 26.118414
-2.553052 26.117238
-2.555515 26.116260
-2.557943 26.115196
-2.557789 26.115705
-2.557694 26.116229
-2.557580 26.116904
-2.557526 26.117394
-2.557260 26.118212
-2.557320 26.118469
-2.557164 26.119102
-2.557072 26.119656
-2.557011 26.120033
-2.556842 26.120826
-2.556810 26.121219
-2.556633 26.122014
-2.556427 26.122583
-2.557134 26.122340
-2.557977 26.121921
-2.558572 26.121703
-2.559415 26.121258
-2.560173 26.121072
-2.560755 26.120838
-2.560563 26.119786
-2.560399 26.118394
-2.560208 26.117322
-2.560070 26.116265
-2.560024 26.115065
-2.559942 26.113891
-2.559784 26.112903
-2.559593 26.112732
-2.559644 26.112261
-2.559578 26.112069
-2.559331 26.111860
-2.559162 26.111668
-2.558966 26.111453
-2.559033 26.111106
-2.557195 26.111695
-2.555382 26.112209
-2.553457 26.112707
-2.551574 26.113443
-2.549740 26.113873
-2.548079 26.114218
-2.549577 26.114849
-2.551152 26.115498
-2.552796 26.116020
-2.554358 26.116637
-2.556044 26.117156
-2.557527 26.117657
-2.559186 26.118246
-2.560840 26.117126
-2.562288 26.116137
-2.563973 26.114881
-2.565474 26.113776
-2.567075 26.112651
-2.568690 26.111587
-2.570243 26.112091
-2.571736 26.112978
-2.573268 26.113545
-2.574817 26.114183
-2.576382 26.114735
-2.578034 26.115208
-2.579567 26.115890
-2.581176 26.114831
-2.582763 26.113698
-2.584269 26.112638
-2.585667 26.111587
-2.587378 26.110361
-2.588974 26.109242
-2.590575 26.108086
-2.590333 26.110626
-2.590213 26.113033
-2.590149 26.115268
-2.590007 26.117477
-2.589765 26.119950
-2.589787 26.121905
-2.590428 26.123411
-2.591068 26.124884
-2.591821 26.126275
-2.592463 26.127772
-2.593167 26.129167
-2.593925 26.130616
-2.594522 26.132207
-2.595290 26.131834
-2.596133 26.131398
-2.596807 26.131175
-2.597425 26.131071
-2.598358 26.130443
-2.599002 26.130316
-2.599710 26.130039
-2.598726 26.130738
-2.597793 26.131371
-2.596693 26.132119
-2.595685 26.132778
-2.594565 26.133382
-2.593590 26.133947
-2.594276 26.133530
-2.595086 26.133201
-2.595730 26.132973
-2.596698 26.132342
-2.597298 26.132210
-2.598006 26.132064
-2.598867 26.131615
-2.599576 26.132145
-2.600198 26.132804
-2.600908 26.133444
-2.601649 26.133957
-2.602368 26.134542
-2.603037 26.135215
-2.602117 26.137352
-2.601188 26.139575
-2.600232 26.141730
-2.599067 26.144040
-2.598236 26.145983
-2.597159 26.148403
-2.596159 26.150713
-2.596934 26.150442
-2.597607 26.150098
-2.598304 26.149948
-2.599172 26.149510
-2.599862 26.149346
-2.600538 26.149123
-2.601246 26.148859
-2.600376 26.148467
-2.599351 26.148054
-2.598353 26.147800
-2.597514 26.147305
-2.596464 26.147176
-2.595440 26.146911
-2.594316 26.146833
-2.595114 26.148025
-2.596005 26.149449
-2.596765 26.150932
-2.597517 26.152293
-2.598020 26.153850
-2.598908 26.155072
-2.599663 26.154831
-2.600304 26.154756
-2.600905 26.154597
-2.601673 26.154291
-2.602475 26.154095
-2.603113 26.153902
-2.603821 26.153651
-2.604299 26.155413
-2.605194 26.156378
-2.605958 26.157713
-2.606743 26.159056
-2.607259 26.160695
-2.608025 26.162035
-2.607906 26.161843
-2.607740 26.161646
-2.607510 26.161639
-2.607275 26.161421
-2.607123 26.161126
-2.606960 26.160804
-2.606758 26.160668
-2.606499 26.160517
-2.606302 26.160251
-2.606160 26.159972
-2.606021 26.159645
-2.605825 26.159408
-2.605840 26.159064
-2.606429 26.158876
-2.607277 26.158473
-2.608091 26.158097
-2.608897 26.157775
-2.609632 26.157487
-2.610423 26.157170
-2.611030 26.157055
-2.610992 26.158263
-2.610680 26.159771
-2.610653 26.161067
-2.610451 26.162597
-2.610350 26.164007
-2.610248 26.165402
-2.610134 26.166817
-2.609017 26.167462
-2.607996 26.167962
-2.606896 26.168591
-2.605842 26.169335
-2.604795 26.169946
-2.603644 26.170638
-2.605260 26.169613
-2.606801 26.168512
-2.608369 26.167306
-2.609871 26.166252
-2.611371 26.165312
-2.612977 26.164164
-2.614477 26.163100
-2.616053 26.161175
-2.617850 26.159152
-2.619422 26.157214
-2.621033 26.155268
-2.622686 26.153216
-2.624306 26.151175
-2.625973 26.149178
-2.628303 26.149724
-2.630823 26.150159
-2.633175 26.150692
-2.635586 26.151409
-2.637987 26.152006
-2.640392 26.152624
-2.642808 26.153347
-2.642660 26.153175
-2.642538 26.152900
-2.642430 26.152674
-2.642195 26.152467
-2.641970 26.152406
-2.641834 26.152141
-2.640888 26.153466
-2.639940 26.154828
-2.638942 26.156238
-2.637930 26.157711
-2.636877 26.159220
-2.635896 26.160661
-2.634770 26.162184
-2.635595 26.161769
-2.636241 26.161712
-2.636960 26.161485
-2.637811 26.161006
-2.638578 26.160764
-2.639250 26.160747
-2.640133 26.160309
-2.640882 26.160075
-2.641635 26.159951
-2.642324 26.159814
-2.643003 26.159464
-2.643707 26.159309
-2.644477 26.159054
-2.645221 26.158752
-2.645106 26.157620
-2.645009 26.156604
-2.644908 26.155343
-2.644939 26.154298
-2.644654 26.153451
-2.644569 26.152245
-2.644401 26.151152
-2.643338 26.150049
-2.642236 26.148981
-2.641302 26.147858
-2.640291 26.146779
-2.639412 26.145718
-2.638270 26.144658
-2.639077 26.144320
-2.639794 26.144136
-2.640422 26.143962
-2.641285 26.143593
-2.641749 26.143490
-2.642619 26.143150
-2.643201 26.143001
-2.643946 26.142647
-2.644761 26.142343
-2.645380 26.142252
-2.646237 26.141695
-2.646964 26.141460
-2.647615 26.141406
-2.648502 26.140989
-2.648295 26.143329
-2.648239 26.145554
-2.648146 26.147807
-2.648229 26.149794
-2.648001 26.152085
-2.647757 26.154488
-2.647685 26.156694
-2.646687 26.156426
-2.645552 26.156286
-2.644575 26.155853
-2.643641 26.155683
-2.642510 26.155649
-2.641573 26.155324
-2.641421 26.156738
-2.641204 26.158343
-2.640897 26.159825
-2.640812 26.161132
-2.640541 26.162549
-2.640423 26.164012
-2.640231 26.165406
-2.639264 26.166010
-2.638298 26.166427
-2.637314 26.167087
-2.636449 26.167339
-2.635511 26.167849
-2.634476 26.168417
-2.635195 26.169889
-2.636012 26.171283
-2.636588 26.172879
-2.637343 26.174134
-2.638012 26.175490
-2.638806 26.176925
-2.639532 26.178372
-2.639364 26.179064
-2.639276 26.179649
-2.639153 26.180174
-2.639155 26.180572
-2.638842 26.181431
-2.639015 26.181650
-2.638853 26.182307
-2.641149 26.182927
-2.643715 26.183627
-2.645985 26.184464
-2.648412 26.185080
-2.650889 26.185473
-2.653358 26.186095
-2.655740 26.186728
-2.654674 26.185277
-2.653831 26.184175
-2.652680 26.183290
-2.651700 26.182188
-2.650675 26.181127
-2.649607 26.180219
-2.648509 26.179116
-2.647420 26.180456
-2.646433 26.181827
-2.645422 26.183274
-2.644501 26.184803
-2.643541 26.186334
-2.642759 26.187503
-2.641818 26.188979
-2.641724 26.188606
-2.641460 26.188523
-2.641344 26.188200
-2.641280 26.187861
-2.641132 26.187766
-2.640987 26.187520
-2.640920 26.187241
-2.639950 26.187791
-2.638989 26.188301
-2.638046 26.188826
-2.636907 26.189716
-2.636103 26.190090
-2.635027 26.190668
-2.634077 26.191257
-2.634595 26.191351
-2.635340 26.190973
-2.636063 26.190728
-2.636804 26.190585
-2.637594 26.190122
-2.638328 26.189921
-2.637301 26.190534
-2.636191 26.191212
-2.635224 26.191719
-2.634221 26.192336
-2.633223 26.192851
-2.632198 26.193517
-2.631205 26.194059
-2.631076 26.194756
-2.630981 26.195303
-2.630780 26.195989
-2.630698 26.196445
-2.630644 26.196933
-2.630543 26.197449
-2.630338 26.198180
-2.630244 26.198702
-2.630117 26.199150
-2.630009 26.199746
-2.629796 26.200354
-2.629645 26.200986
-2.629526 26.201470
-2.629330 26.202111
-2.629277 26.202655
-2.629053 26.203300
-2.628944 26.203909
-2.628862 26.204407
-2.628689 26.204976
-2.628547 26.205603
-2.629317 26.205392
-2.630043 26.205251
-2.630741 26.205014
-2.631338 26.204911
-2.631993 26.204514
-2.632691 26.204330
-2.632565 26.205612
-2.632505 26.207025
-2.632298 26.208450
-2.632224 26.209816
-2.631998 26.211351
-2.631889 26.212684
-2.631694 26.214236
-2.631657 26.215553
-2.631504 26.217025
-2.631283 26.218493
-2.631142 26.219883
-2.630969 26.221339
-2.630727 26.222943
-2.630483 26.224503
-2.631163 26.224326
-2.631874 26.223990
-2.632564 26.223751
-2.633315 26.223454
-2.634024 26.223228
-2.634578 26.223198
-2.635410 26.222777
-2.637809 26.220972
-2.640248 26.219068
-2.642671 26.217133
-2.645168 26.215136
-2.647663 26.213133
-2.650118 26.211263
-2.649922 26.212722
-2.649710 26.214143
-2.649501 26.215523
-2.649278 26.217080
-2.649122 26.218609
-2.649177 26.219672
-2.649026 26.221061
-2.649798 26.220712
-2.650478 26.220549
-2.651086 26.220515
-2.651846 26.220164
-2.652559 26.219959
-2.653356 26.219587
-2.653186 26.219385
-2.653073 26.219127
-2.652838 26.219014
-2.652755 26.218593
-2.652594 26.218333
-2.652416 26.218009
-2.652219 26.217896
-2.651239 26.219351
-2.650229 26.220503
-2.649176 26.221945
-2.648185 26.223352
-2.647129 26.224790
-2.646070 26.226273
-2.645085 26.227711
-2.646595 26.227453
-2.648168 26.227235
-2.649982 26.226620
-2.651396 26.226596
-2.652986 26.226390
-2.654494 26.226147
-2.655237 26.225908
-2.656039 26.225688
-2.656702 26.225429
-2.657387 26.225143
-2.658014 26.224999
-2.658681 26.224776
-2.659272 26.224730
-2.660012 26.226212
-2.660897 26.227397
-2.661543 26.228923
-2.662418 26.230279
-2.663085 26.231786
-2.663869 26.233075
-2.664625 26.231916
-2.665230 26.230932
-2.665956 26.229805
-2.666697 26.228733
-2.667389 26.227665
-2.668121 26.226619
-2.668725 26.225676
-2.668570 26.225346
-2.668420 26.225112
-2.668202 26.224855
-2.668132 26.224595
-2.668058 26.224313
-2.667906 26.224059
-2.669436 26.224528
-2.671074 26.225345
-2.672754 26.225760
-2.674268 26.226444
-2.675969 26.226910
-2.677587 26.227414
-2.679168 26.228038
-2.679874 26.228653
-2.680412 26.229364
-2.681133 26.229917
-2.681767 26.230525
-2.682662 26.230901
-2.683196 26.231746
-2.683892 26.232252
-2.684757 26.233656
-2.685437 26.235115
-2.686189 26.236438
-2.686861 26.237840
-2.687605 26.239265
-2.688419 26.240597
-2.689183 26.238461
-2.689876 26.236541
-2.690527 26.234613
-2.691263 26.232692
-2.691909 26.230899
-2.692661 26.228918
-2.693275 26.227145
-2.694870 26.226821
-2.696388 26.226650
-2.698008 26.226356
-2.699563 26.226143
-2.701066 26.225964
-2.702789 26.225525
-2.702781 26.226733
-2.702605 26.228252
-2.702461 26.229644
-2.702323 26.231021
-2.702138 26.232561
-2.702090 26.233839
-2.701970 26.235321
-2.701733 26.235166
-2.701686 26.234776
-2.701520 26.234525
-2.701354 26.234369
-2.701196 26.234011
-2.701110 26.233675
-2.700835 26.234446
-2.700619 26.234938
-2.700489 26.235522
-2.700232 26.236197
-2.700067 26.236859
-2.699926 26.237442
-2.699808 26.238004
-2.700520 26.238533
-2.701371 26.239176
-2.702046 26.239785
-2.702775 26.240433
-2.703492 26.241102
-2.704216 26.241590
-2.704943 26.242218
-2.705631 26.242017
-2.706328 26.241635
-2.707168 26.241184
-2.707816 26.241032
-2.708617 26.240607
-2.709173 26.240595
-2.710032 26.240184
-2.711582 26.239988
-2.713070 26.239840
-2.714657 26.239610
-2.716184 26.239384
-2.717675 26.239233
-2.719234 26.239004
-2.718305 26.241127
-2.717294 26.243371
-2.716288 26.245626
-2.715290 26.247901
-2.714348 26.250095
-2.713295 26.252443
-2.712221 26.254834
-2.713851 26.256169
-2.715566 26.257612
-2.717217 26.258965
-2.718844 26.260312
-2.720361 26.261866
-2.722001 26.263145
-2.721822 26.264646
-2.721577 26.266126
-2.721379 26.267561
-2.721273 26.268936
-2.721196 26.270369
-2.721165 26.271618
-2.720974 26.273054
-2.722496 26.272979
-2.724002 26.272899
-2.725604 26.272644
-2.727163 26.272329
-2.728770 26.272044
-2.730334 26.271958
-2.732042 26.271485
-2.731034 26.272076
-2.730010 26.272646
-2.729092 26.273234
-2.727904 26.273895
-2.726911 26.274487
-2.725841 26.275205
-2.724955 26.275607
-2.725596 26.275391
-2.726218 26.275343
-2.726956 26.275048
-2.727730 26.274707
-2.728440 26.274476
-2.729220 26.274185
-2.729924 26.273919
-2.728878 26.271904
-2.727962 26.269968
-2.727042 26.267939
-2.725991 26.266062
-2.724922 26.264163
-2.724010 26.262208
-2.723052 26.263649
-2.722178 26.264937
-2.721201 26.266330
-2.720154 26.267822
-2.719067 26.269376
-2.718095 26.270739
-2.717024 26.269783
-2.716116 26.268709
-2.715088 26.267506
-2.714142 26.266311
-2.713101 26.265299
-2.712140 26.264182
-2.711073 26.263142
-2.712662 26.261185
-2.714241 26.259336
-2.715777 26.257413
-2.717464 26.255409
-2.718964 26.253539
-2.720563 26.251628
-2.720468 26.251316
-2.720331 26.251080
-2.720181 26.250834
-2.719965 26.250716
-2.719846 26.250404
-2.719652 26.250236
-2.720417 26.251618
-2.721155 26.252991
-2.721827 26.254451
-2.722618 26.255790
-2.723380 26.257150
-2.724142 26.258583
-2.724830 26.260040
-2.728092 26.261496
-2.731432 26.262861
-2.734780 26.264199
-2.738092 26.265638
-2.741338 26.267108
-2.744664 26.268489
-2.743587 26.269184
-2.742531 26.269780
-2.741487 26.270379
-2.740552 26.270947
-2.739536 26.271507
-2.738547 26.272049
-2.737587 26.272662
-2.737480 26.273202
-2.737354 26.273767
-2.737076 26.274514
-2.736948 26.275093
-2.736832 26.275643
-2.736628 26.276292
-2.736479 26.276850
-2.736369 26.277419
-2.736074 26.278182
-2.735931 26.278699
-2.735796 26.279289
-2.735598 26.279961
-2.735405 26.280628
-2.710338 26.329670
-2.685250 26.378750
-2.660227 26.427784
-2.635158 26.476883
-2.610141 26.525904
-2.585049 26.574983
-2.590931 26.568051
-2.596966 26.561171
-2.602801 26.554272
-2.608739 26.547244
-2.614621 26.540281
-2.614412 26.542605
-2.614368 26.544789
-2.614221 26.547048
-2.614068 26.549338
-2.613909 26.551626
-2.613804 26.553831
-2.615426 26.551824
-2.617033 26.549890
-2.618618 26.547962
-2.620179 26.546056
-2.621716 26.544191
-2.623288 26.542276
-2.624854 26.542053
-2.626493 26.541773
-2.628032 26.541573
-2.629615 26.541344
-2.631205 26.541044
-2.632776 26.540786
-2.634359 26.540527
-2.635023 26.541202
-2.635716 26.541891
-2.636427 26.542479
-2.637173 26.543012
-2.637928 26.543547
-2.638582 26.544264
-2.639301 26.542301
-2.640145 26.540316
-2.640863 26.538435
-2.641536 26.536520
-2.642251 26.534618
-2.642995 26.532614
-2.643671 26.530754
-2.645243 26.529652
-2.646769 26.528591
-2.648306 26.527571
-2.649884 26.526479
-2.651460 26.525383
-2.652232 26.525958
-2.652923 26.526618
-2.653666 26.527185
-2.654435 26.527723
-2.655136 26.528305
-2.655847 26.528856
-2.653948 26.531159
-2.652073 26.533378
-2.650211 26.535592
-2.648327 26.537850
-2.646489 26.540105
-2.644569 26.542438
-2.642721 26.544718
-2.644190 26.545407
-2.645815 26.545870
-2.647427 26.546413
-2.648898 26.547025
-2.650606 26.547569
-2.652194 26.548098
-2.646036 26.555374
-2.639963 26.562566
-2.633766 26.569915
-2.627581 26.577220
-2.621351 26.584620
-2.615174 26.591916
-2.616747 26.591661
-2.618345 26.591396
-2.619962 26.591068
-2.621511 26.590860
-2.623144 26.590530
-2.624666 26.590371
-2.625433 26.588406
-2.626219 26.586393
-2.626888 26.584495
-2.627628 26.582551
-2.628304 26.580707
-2.629143 26.578616
-2.629836 26.576708
-2.608182 26.576395
-2.586517 26.576258
-2.564904 26.575988
-2.543287 26.575767
-2.521697 26.575449
-2.500096 26.575252
-2.501633 26.575921
-2.503158 26.576530
-2.504672 26.577227
-2.506366 26.577644
-2.507974 26.578192
-2.511239 26.575569
-2.514536 26.572818
-2.517800 26.570063
-2.521169 26.567216
-2.524455 26.564459
-2.528608 26.565069
-2.532728 26.565628
-2.536865 26.566266
-2.540945 26.566898
-2.545109 26.567452
-3.048340 25.922737
-3.550618 25.278428
-4.053840 24.633714
-4.556835 23.989326
-5.060334 23.344239
-5.064324 23.337527
-5.068644 23.330938
-5.072829 23.323837
-5.076926 23.316929
-5.081098 23.309908
-5.085310 23.303000
-5.085973 23.301912
-5.086795 23.300696
-5.087553 23.299544
-5.088289 23.298506
-5.088988 23.297468
-5.091383 23.295588
-5.093871 23.293679
-5.096239 23.291854
-5.098681 23.289979
-5.101102 23.288114
-5.103538 23.286218
-5.106042 23.284229
-5.105911 23.283927
-5.105682 23.283797
-5.105501 23.283626
-5.105232 23.283545
-5.105270 23.283036
-5.105080 23.282933
-5.104978 23.282662
-5.104847 23.283993
