-2.459739 -13.572171 -5.847278
-2.427876 -13.899794 -7.582856
-2.427876 -13.899794 -7.582856
-2.427876 -13.899794 -7.582856
-2.427876 -13.899794 -7.582856
-2.427876 -13.899794 -7.582856
-2.350092 -14.114473 -9.039660
-2.350092 -14.114473 -9.039660
-2.350092 -14.114473 -9.039660
-2.350092 -14.114473 -9.039660
-2.350092 -14.114473 -9.039660
-2.228886 -14.239804 -10.171245
-2.228886 -14.239804 -10.171245
-2.228886 -14.239804 -10.171245
-2.228886 -14.239804 -10.171245
-2.228886 -14.239804 -10.171245
-2.074244 -14.329476 -10.972517
-2.074244 -14.329476 -10.972517
-2.074244 -14.329476 -10.972517
-2.074244 -14.329476 -10.972517
-2.074244 -14.329476 -10.972517
-1.929170 -14.402670 -11.585623
-1.929170 -14.402670 -11.585623
-1.929170 -14.402670 -11.585623
-1.929170 -14.402670 -11.585623
-1.929170 -14.402670 -11.585623
-1.929170 -14.402670 -11.585623
-1.820603 -14.456865 -12.113576
-1.820603 -14.456865 -12.113576
-1.820603 -14.456865 -12.113576
-1.820603 -14.456865 -12.113576
-1.820603 -14.456865 -12.113576
-1.722533 -14.499044 -12.478707
-1.722533 -14.499044 -12.478707
-1.722533 -14.499044 -12.478707
-1.722533 -14.499044 -12.478707
-1.722533 -14.499044 -12.478707
-1.624461 -14.519357 -12.721922
-1.624461 -14.519357 -12.721922
-1.624461 -14.519357 -12.721922
-1.624461 -14.519357 -12.721922
-1.624461 -14.519357 -12.721922
-1.538815 -14.539808 -12.827201
-1.538815 -14.539808 -12.827201
-1.538815 -14.539808 -12.827201
-1.538815 -14.539808 -12.827201
-1.538815 -14.539808 -12.827201
-1.508134 -14.546894 -13.015399
-1.508134 -14.546894 -13.015399
-1.508134 -14.546894 -13.015399
-1.508134 -14.546894 -13.015399
-1.508134 -14.546894 -13.015399
-1.508134 -14.546894 -13.015399
-1.475370 -14.551339 -13.149146
-1.475370 -14.551339 -13.149146
-1.475370 -14.551339 -13.149146
-1.475370 -14.551339 -13.149146
-1.475370 -14.551339 -13.149146
-1.455542 -14.564105 -13.267836
-1.455542 -14.564105 -13.267836
-1.455542 -14.564105 -13.267836
-1.455542 -14.564105 -13.267836
-1.455542 -14.564105 -13.267836
-1.416554 -14.564275 -13.303542
-1.416554 -14.564275 -13.303542
-1.416554 -14.564275 -13.303542
-1.416554 -14.564275 -13.303542
-1.416554 -14.564275 -13.303542
-1.416554 -14.564275 -13.303542
-1.398290 -14.567095 -13.347117
-1.398290 -14.567095 -13.347117
-1.398290 -14.567095 -13.347117
-1.398290 -14.567095 -13.347117
-1.398290 -14.567095 -13.347117
-1.399449 -14.564970 -13.448179
-1.399449 -14.564970 -13.448179
-1.399449 -14.564970 -13.448179
-1.399449 -14.564970 -13.448179
-1.399449 -14.564970 -13.448179
-1.399449 -14.564970 -13.448179
-1.354321 -14.563362 -13.420718
-1.354321 -14.563362 -13.420718
-1.354321 -14.563362 -13.420718
-1.354321 -14.563362 -13.420718
-1.354321 -14.563362 -13.420718
-1.343053 -14.566980 -13.454880
-1.343053 -14.566980 -13.454880
-1.343053 -14.566980 -13.454880
-1.343053 -14.566980 -13.454880
-1.343053 -14.566980 -13.454880
-1.300820 -14.584095 -13.449328
-1.300820 -14.584095 -13.449328
-1.300820 -14.584095 -13.449328
-1.300820 -14.584095 -13.449328
-1.300820 -14.584095 -13.449328
-1.285138 -14.581578 -13.432925
-1.285138 -14.581578 -13.432925
-1.285138 -14.581578 -13.432925
-1.285138 -14.581578 -13.432925
-1.285138 -14.581578 -13.432925
-1.285138 -14.581578 -13.432925
-1.759054 -15.196346 -13.371719
-1.759054 -15.196346 -13.371719
-1.759054 -15.196346 -13.371719
-1.759054 -15.196346 -13.371719
-1.759054 -15.196346 -13.371719
-2.724729 -20.528545 -13.129715
-2.724729 -20.528545 -13.129715
-2.724729 -20.528545 -13.129715
-2.724729 -20.528545 -13.129715
-2.724729 -20.528545 -13.129715
-2.830193 -25.528199 -12.681261
-2.830193 -25.528199 -12.681261
-2.830193 -25.528199 -12.681261
-2.830193 -25.528199 -12.681261
-2.830193 -25.528199 -12.681261
-2.830193 -25.528199 -12.681261
-2.688223 -27.162766 -12.381264
-2.688223 -27.162766 -12.381264
-2.688223 -27.162766 -12.381264
-2.688223 -27.162766 -12.381264
-2.688223 -27.162766 -12.381264
-2.550721 -27.461476 -12.111379
-2.550721 -27.461476 -12.111379
-2.550721 -27.461476 -12.111379
-2.550721 -27.461476 -12.111379
-2.550721 -27.461476 -12.111379
-2.585525 -27.549145 -11.853576
-2.585525 -27.549145 -11.853576
-2.585525 -27.549145 -11.853576
-2.585525 -27.549145 -11.853576
-2.585525 -27.549145 -11.853576
-2.585525 -27.549145 -11.853576
-2.669769 -28.027709 -11.501426
-2.669769 -28.027709 -11.501426
-2.669769 -28.027709 -11.501426
-2.669769 -28.027709 -11.501426
-2.669769 -28.027709 -11.501426
-2.669769 -28.027709 -11.501426
-2.688392 -27.950326 -11.110950
-2.688392 -27.950326 -11.110950
-2.688392 -27.950326 -11.110950
-2.688392 -27.950326 -11.110950
-2.688392 -27.950326 -11.110950
-2.775855 -27.709371 -11.153468
-2.775855 -27.709371 -11.153468
-2.775855 -27.709371 -11.153468
-2.775855 -27.709371 -11.153468
-2.775855 -27.709371 -11.153468
-2.775855 -27.709371 -11.153468
-2.879536 -28.035570 -11.232196
-2.879536 -28.035570 -11.232196
-2.879536 -28.035570 -11.232196
-2.879536 -28.035570 -11.232196
-2.879536 -28.035570 -11.232196
-3.049533 -31.221218 -11.181041
-3.049533 -31.221218 -11.181041
-3.049533 -31.221218 -11.181041
-3.049533 -31.221218 -11.181041
-3.049533 -31.221218 -11.181041
-3.029636 -32.520081 -11.019602
-3.029636 -32.520081 -11.019602
-3.029636 -32.520081 -11.019602
-3.029636 -32.520081 -11.019602
-3.029636 -32.520081 -11.019602
-2.981181 -32.544718 -10.825031
-2.981181 -32.544718 -10.825031
-2.981181 -32.544718 -10.825031
-2.981181 -32.544718 -10.825031
-2.981181 -32.544718 -10.825031
-2.981181 -32.544718 -10.825031
-2.981181 -32.544718 -10.825031
-2.981181 -32.544718 -10.825031
-2.981181 -32.544718 -10.825031
-2.981181 -32.544718 -10.825031
-3.082195 -31.751739 -10.968402
-3.082195 -31.751739 -10.968402
-3.082195 -31.751739 -10.968402
-3.082195 -31.751739 -10.968402
-3.113212 -31.508202 -11.059103
-3.113212 -31.508202 -11.059103
-3.113212 -31.508202 -11.059103
-3.113212 -31.508202 -11.059103
-3.113212 -31.508202 -11.059103
-3.113212 -31.508202 -11.059103
-3.162490 -31.480537 -11.178295
-3.162490 -31.480537 -11.178295
-3.162490 -31.480537 -11.178295
-3.162490 -31.480537 -11.178295
-3.162490 -31.480537 -11.178295
-3.164225 -31.036137 -11.108441
-3.164225 -31.036137 -11.108441
-3.164225 -31.036137 -11.108441
-3.164225 -31.036137 -11.108441
-3.164225 -31.036137 -11.108441
-3.076778 -27.465931 -10.919454
-3.076778 -27.465931 -10.919454
-3.076778 -27.465931 -10.919454
-3.076778 -27.465931 -10.919454
-3.076778 -27.465931 -10.919454
-2.569792 -18.250433 -10.927831
-2.569792 -18.250433 -10.927831
-2.569792 -18.250433 -10.927831
-2.569792 -18.250433 -10.927831
-2.569792 -18.250433 -10.927831
-2.569792 -18.250433 -10.927831
-2.171053 -15.832479 -11.472716
-2.171053 -15.832479 -11.472716
-2.171053 -15.832479 -11.472716
-2.171053 -15.832479 -11.472716
-2.171053 -15.832479 -11.472716
-2.098435 -15.534476 -11.958712
-2.098435 -15.534476 -11.958712
-2.098435 -15.534476 -11.958712
-2.098435 -15.534476 -11.958712
-2.098435 -15.534476 -11.958712
-2.142719 -15.494675 -12.365686
-2.142719 -15.494675 -12.365686
-2.142719 -15.494675 -12.365686
-2.142719 -15.494675 -12.365686
-2.142719 -15.494675 -12.365686
-1.988921 -15.296969 -12.538807
-1.988921 -15.296969 -12.538807
-1.988921 -15.296969 -12.538807
-1.988921 -15.296969 -12.538807
-1.988921 -15.296969 -12.538807
-1.988921 -15.296969 -12.538807
-1.803246 -15.029222 -12.819615
-1.803246 -15.029222 -12.819615
-1.803246 -15.029222 -12.819615
-1.803246 -15.029222 -12.819615
-1.803246 -15.029222 -12.819615
-0.769247 -13.846516 -14.771983
-0.769247 -13.846516 -14.771983
-0.769247 -13.846516 -14.771983
-0.769247 -13.846516 -14.771983
-0.769247 -13.846516 -14.771983
-0.769247 -13.846516 -14.771983
0.406226 -12.608058 -17.229668
0.406226 -12.608058 -17.229668
0.406226 -12.608058 -17.229668
0.406226 -12.608058 -17.229668
0.406226 -12.608058 -17.229668
-0.311509 -13.234944 -18.117770
-0.311509 -13.234944 -18.117770
-0.311509 -13.234944 -18.117770
-0.311509 -13.234944 -18.117770
-0.311509 -13.234944 -18.117770
-0.311509 -13.234944 -18.117770
-1.264078 -14.252452 -19.244972
-1.264078 -14.252452 -19.244972
-1.264078 -14.252452 -19.244972
-1.264078 -14.252452 -19.244972
-1.264078 -14.252452 -19.244972
-0.990574 -13.974570 -19.599385
