9.413718 -7.710550 10.426325
9.413718 -7.710550 10.426325
9.413718 -7.710550 10.426325
9.413718 -7.710550 10.426325
9.413718 -7.710550 10.426325
9.549698 -7.691415 9.951070
9.549698 -7.691415 9.951070
9.549698 -7.691415 9.951070
9.549698 -7.691415 9.951070
9.549698 -7.691415 9.951070
9.549698 -7.691415 9.951070
9.648722 -7.674267 9.615183
9.648722 -7.674267 9.615183
9.648722 -7.674267 9.615183
9.648722 -7.674267 9.615183
9.648722 -7.674267 9.615183
9.648722 -7.674267 9.615183
9.743302 -7.664620 9.364467
9.743302 -7.664620 9.364467
9.743302 -7.664620 9.364467
9.743302 -7.664620 9.364467
9.743302 -7.664620 9.364467
9.743302 -7.664620 9.364467
9.743302 -7.664620 9.364467
9.807195 -7.645868 9.194023
9.807195 -7.645868 9.194023
9.807195 -7.645868 9.194023
9.807195 -7.645868 9.194023
9.807195 -7.645868 9.194023
9.807195 -7.645868 9.194023
9.856755 -7.622397 9.070904
9.856755 -7.622397 9.070904
9.856755 -7.622397 9.070904
9.856755 -7.622397 9.070904
9.856755 -7.622397 9.070904
9.882266 -7.608027 8.999887
9.882266 -7.608027 8.999887
9.882266 -7.608027 8.999887
9.882266 -7.608027 8.999887
9.882266 -7.608027 8.999887
9.882266 -7.608027 8.999887
9.901338 -7.596904 8.926646
9.901338 -7.596904 8.926646
9.901338 -7.596904 8.926646
9.901338 -7.596904 8.926646
9.901338 -7.596904 8.926646
9.901338 -7.596904 8.926646
9.901338 -7.596904 8.926646
9.921871 -7.591400 8.875593
9.921871 -7.591400 8.875593
9.921871 -7.591400 8.875593
9.921871 -7.591400 8.875593
9.921871 -7.591400 8.875593
9.921871 -7.591400 8.875593
9.932319 -7.572704 8.846195
9.932319 -7.572704 8.846195
9.932319 -7.572704 8.846195
9.932319 -7.572704 8.846195
9.932319 -7.572704 8.846195
9.943998 -7.558041 8.856503
9.943998 -7.558041 8.856503
9.943998 -7.558041 8.856503
9.943998 -7.558041 8.856503
9.943998 -7.558041 8.856503
9.943998 -7.558041 8.856503
9.943998 -7.558041 8.856503
9.951564 -7.548879 8.865847
9.951564 -7.548879 8.865847
9.951564 -7.548879 8.865847
9.951564 -7.548879 8.865847
9.951564 -7.548879 8.865847
9.951564 -7.548879 8.865847
9.954574 -7.551453 8.874698
9.954574 -7.551453 8.874698
9.954574 -7.551453 8.874698
9.954574 -7.551453 8.874698
9.954574 -7.551453 8.874698
9.954574 -7.551453 8.874698
9.950685 -7.538774 8.871833
9.950685 -7.538774 8.871833
9.950685 -7.538774 8.871833
9.950685 -7.538774 8.871833
9.950685 -7.538774 8.871833
9.950685 -7.538774 8.871833
9.950827 -7.540035 8.878499
9.950827 -7.540035 8.878499
9.950827 -7.540035 8.878499
9.950827 -7.540035 8.878499
9.950827 -7.540035 8.878499
9.950827 -7.540035 8.878499
9.944996 -7.551597 8.821036
9.944996 -7.551597 8.821036
9.944996 -7.551597 8.821036
9.944996 -7.551597 8.821036
9.944996 -7.551597 8.821036
9.944996 -7.551597 8.821036
9.948317 -7.546975 8.831591
9.948317 -7.546975 8.831591
9.948317 -7.546975 8.831591
9.948317 -7.546975 8.831591
9.948317 -7.546975 8.831591
9.948317 -7.546975 8.831591
9.948317 -7.546975 8.831591
9.949582 -7.550762 8.785791
9.949582 -7.550762 8.785791
9.949582 -7.550762 8.785791
9.949582 -7.550762 8.785791
9.949582 -7.550762 8.785791
9.949582 -7.550762 8.785791
9.961571 -7.536735 8.802045
9.961571 -7.536735 8.802045
9.961571 -7.536735 8.802045
9.961571 -7.536735 8.802045
9.961571 -7.536735 8.802045
9.961571 -7.536735 8.802045
9.954012 -7.534181 8.823411
9.954012 -7.534181 8.823411
9.954012 -7.534181 8.823411
9.954012 -7.534181 8.823411
9.954012 -7.534181 8.823411
9.954012 -7.534181 8.823411
9.959933 -7.524319 8.852257
9.959933 -7.524319 8.852257
9.959933 -7.524319 8.852257
9.959933 -7.524319 8.852257
9.959933 -7.524319 8.852257
9.959933 -7.524319 8.852257
9.959933 -7.524319 8.852257
9.959421 -7.530085 8.842115
9.959421 -7.530085 8.842115
9.959421 -7.530085 8.842115
9.959421 -7.530085 8.842115
9.959421 -7.530085 8.842115
9.959421 -7.530085 8.842115
9.959421 -7.530085 8.842115
9.956965 -7.530730 8.865978
9.956965 -7.530730 8.865978
9.956965 -7.530730 8.865978
9.956965 -7.530730 8.865978
9.956965 -7.530730 8.865978
9.958215 -7.542750 8.840209
9.958215 -7.542750 8.840209
9.958215 -7.542750 8.840209
9.958215 -7.542750 8.840209
9.958215 -7.542750 8.840209
9.958215 -7.542750 8.840209
9.958215 -7.542750 8.840209
9.949527 -7.538963 8.814846
9.949527 -7.538963 8.814846
9.949527 -7.538963 8.814846
9.949527 -7.538963 8.814846
9.949527 -7.538963 8.814846
9.949527 -7.538963 8.814846
9.946911 -7.528174 8.839915
9.946911 -7.528174 8.839915
9.946911 -7.528174 8.839915
9.946911 -7.528174 8.839915
9.946911 -7.528174 8.839915
9.946911 -7.528174 8.839915
9.940649 -7.530220 8.801489
9.940649 -7.530220 8.801489
9.940649 -7.530220 8.801489
9.940649 -7.530220 8.801489
9.940649 -7.530220 8.801489
9.940649 -7.530220 8.801489
9.941555 -7.534143 8.801028
9.941555 -7.534143 8.801028
9.941555 -7.534143 8.801028
9.941555 -7.534143 8.801028
9.941555 -7.534143 8.801028
9.941555 -7.534143 8.801028
9.941555 -7.534143 8.801028
9.951464 -7.525453 8.861573
9.951464 -7.525453 8.861573
9.951464 -7.525453 8.861573
9.951464 -7.525453 8.861573
9.951464 -7.525453 8.861573
9.951464 -7.525453 8.861573
9.949671 -7.528745 8.846669
9.949671 -7.528745 8.846669
9.949671 -7.528745 8.846669
9.949671 -7.528745 8.846669
9.949671 -7.528745 8.846669
9.949671 -7.528745 8.846669
9.949671 -7.528745 8.846669
9.959593 -7.528337 8.848683
9.959593 -7.528337 8.848683
9.959593 -7.528337 8.848683
9.959593 -7.528337 8.848683
9.959593 -7.528337 8.848683
9.959593 -7.528337 8.848683
9.962472 -7.532123 8.852278
9.962472 -7.532123 8.852278
9.962472 -7.532123 8.852278
9.962472 -7.532123 8.852278
9.962472 -7.532123 8.852278
9.962472 -7.532123 8.852278
9.962472 -7.532123 8.852278
9.956405 -7.531356 8.820786
9.956405 -7.531356 8.820786
9.956405 -7.531356 8.820786
9.956405 -7.531356 8.820786
9.956405 -7.531356 8.820786
9.956405 -7.531356 8.820786
9.955445 -7.527499 8.841892
9.955445 -7.527499 8.841892
9.955445 -7.527499 8.841892
9.955445 -7.527499 8.841892
9.955445 -7.527499 8.841892
9.955445 -7.527499 8.841892
9.951995 -7.526569 8.829543
9.951995 -7.526569 8.829543
9.951995 -7.526569 8.829543
9.951995 -7.526569 8.829543
9.951995 -7.526569 8.829543
9.951995 -7.526569 8.829543
9.949656 -7.523671 8.843812
9.949656 -7.523671 8.843812
9.949656 -7.523671 8.843812
9.949656 -7.523671 8.843812
9.949656 -7.523671 8.843812
9.949656 -7.523671 8.843812
9.949656 -7.523671 8.843812
9.943115 -7.515168 8.857292
9.943115 -7.515168 8.857292
9.943115 -7.515168 8.857292
9.943115 -7.515168 8.857292
9.943115 -7.515168 8.857292
9.943115 -7.515168 8.857292
9.956110 -7.510779 8.898475
9.956110 -7.510779 8.898475
9.956110 -7.510779 8.898475
9.956110 -7.510779 8.898475
9.956110 -7.510779 8.898475
9.956110 -7.510779 8.898475
9.953565 -7.516801 8.908595
9.953565 -7.516801 8.908595
9.953565 -7.516801 8.908595
9.953565 -7.516801 8.908595
9.953565 -7.516801 8.908595
9.953565 -7.516801 8.908595
9.957139 -7.513508 8.955940
9.957139 -7.513508 8.955940
9.957139 -7.513508 8.955940
9.957139 -7.513508 8.955940
9.957139 -7.513508 8.955940
9.957139 -7.513508 8.955940
9.957139 -7.513508 8.955940
9.946229 -7.516633 8.939015
9.946229 -7.516633 8.939015
9.946229 -7.516633 8.939015
9.946229 -7.516633 8.939015
9.946229 -7.516633 8.939015
9.946229 -7.516633 8.939015
9.934479 -7.530844 8.877456
9.934479 -7.530844 8.877456
9.934479 -7.530844 8.877456
9.934479 -7.530844 8.877456
9.934479 -7.530844 8.877456
9.934479 -7.530844 8.877456
9.932201 -7.531452 8.865963
9.932201 -7.531452 8.865963
9.932201 -7.531452 8.865963
9.932201 -7.531452 8.865963
9.932201 -7.531452 8.865963
9.932201 -7.531452 8.865963
9.933134 -7.528693 8.840308
9.933134 -7.528693 8.840308
9.933134 -7.528693 8.840308
9.933134 -7.528693 8.840308
9.933134 -7.528693 8.840308
9.933134 -7.528693 8.840308
9.933134 -7.528693 8.840308
9.980285 -7.538142 8.851100
9.980285 -7.538142 8.851100
9.980285 -7.538142 8.851100
9.980285 -7.538142 8.851100
9.980285 -7.538142 8.851100
9.989380 -7.541956 8.871527
9.989380 -7.541956 8.871527
9.989380 -7.541956 8.871527
9.989380 -7.541956 8.871527
9.989380 -7.541956 8.871527
9.989380 -7.541956 8.871527
9.989380 -7.541956 8.871527
9.991844 -7.543908 8.888293
9.991844 -7.543908 8.888293
9.991844 -7.543908 8.888293
9.991844 -7.543908 8.888293
9.991844 -7.543908 8.888293
9.991844 -7.543908 8.888293
9.994718 -7.549648 8.890574
9.994718 -7.549648 8.890574
9.994718 -7.549648 8.890574
9.994718 -7.549648 8.890574
9.994718 -7.549648 8.890574
9.994718 -7.549648 8.890574
9.986381 -7.539357 8.914247
9.986381 -7.539357 8.914247
9.986381 -7.539357 8.914247
9.986381 -7.539357 8.914247
9.986381 -7.539357 8.914247
9.986381 -7.539357 8.914247
3.422578 -40.015978 3.894489
3.422578 -40.015978 3.894489
3.422578 -40.015978 3.894489
3.422578 -40.015978 3.894489
3.422578 -40.015978 3.894489
3.422578 -40.015978 3.894489
3.422578 -40.015978 3.894489
11.948807 -10.787718 4.018293
11.948807 -10.787718 4.018293
11.948807 -10.787718 4.018293
11.948807 -10.787718 4.018293
11.948807 -10.787718 4.018293
11.948807 -10.787718 4.018293
10.340113 -6.999212 4.096180
10.340113 -6.999212 4.096180
10.340113 -6.999212 4.096180
10.340113 -6.999212 4.096180
10.340113 -6.999212 4.096180
10.340113 -6.999212 4.096180
9.641290 -6.669364 3.087386
9.641290 -6.669364 3.087386
9.641290 -6.669364 3.087386
9.641290 -6.669364 3.087386
9.641290 -6.669364 3.087386
9.641290 -6.669364 3.087386
9.641290 -6.669364 3.087386
9.641290 -6.669364 3.087386
9.641290 -6.669364 3.087386
9.641290 -6.669364 3.087386
9.641290 -6.669364 3.087386
9.641290 -6.669364 3.087386
9.641290 -6.669364 3.087386
10.923002 -6.511109 -0.737228
10.923002 -6.511109 -0.737228
10.923002 -6.511109 -0.737228
10.923002 -6.511109 -0.737228
10.923002 -6.511109 -0.737228
10.923002 -6.511109 -0.737228
10.598639 -6.597295 -1.732099
10.598639 -6.597295 -1.732099
10.598639 -6.597295 -1.732099
10.598639 -6.597295 -1.732099
10.598639 -6.597295 -1.732099
10.598639 -6.597295 -1.732099
10.564353 -6.501896 -2.381322
10.564353 -6.501896 -2.381322
10.564353 -6.501896 -2.381322
10.564353 -6.501896 -2.381322
10.564353 -6.501896 -2.381322
