0.000525 -0.000421
0.000899 -0.001001
0.001414 -0.001795
0.001117 -0.003153
0.001457 -0.005925
0.001133 -0.007537
0.000848 -0.009240
0.000442 -0.010794
0.000041 -0.011566
-0.000709 -0.013793
-0.000998 -0.014477
-0.001415 -0.015277
-0.001580 -0.016067
0.001469 -0.009344
0.004623 -0.003254
0.007588 0.003471
0.010811 0.010257
0.014136 0.017215
0.011983 0.014579
0.010390 0.012272
0.008447 0.009930
0.006419 0.007449
0.004361 0.004934
0.002576 0.002971
-0.001108 -0.006983
-0.004793 -0.017128
-0.008548 -0.026867
-0.012289 -0.036745
-0.006628 -0.029104
-0.000897 -0.021622
0.004863 -0.013658
0.010331 -0.006399
0.016017 0.001119
0.012986 -0.002306
0.009968 -0.005719
0.007056 -0.008843
0.004078 -0.012121
0.001170 -0.015366
0.000202 -0.016341
-0.000991 -0.017637
-0.002218 -0.019323
-0.003297 -0.020449
-0.002924 -0.021496
-0.002356 -0.022052
-0.001829 -0.022715
-0.001376 -0.023338
-0.000854 -0.024220
0.000507 -0.024950
0.001883 -0.025738
0.003246 -0.026357
0.004647 -0.027000
0.005970 -0.027843
0.027970 -0.001692
0.049981 0.024359
0.071940 0.050432
0.093945 0.076492
0.115924 0.102558
-0.532855 -0.675490
-1.181556 -1.453287
-1.830278 -2.231135
-2.479036 -3.008901
-3.127816 -3.786851
-4.229097 -3.122813
-4.940370 -2.664931
-6.594914 1.821279
-5.526978 3.970488
-4.584158 4.122116
-4.350517 3.503611
-4.262850 3.630626
-3.440793 3.976459
-2.812413 3.871537
-2.533542 4.755269
-2.673563 3.832220
-2.751976 3.937957
-3.121542 3.789616
-3.229043 3.477518
-3.542826 3.174351
-3.318226 2.323691
-3.115310 2.200690
-3.121041 1.840543
-3.104443 1.377729
-3.275161 1.393751
-2.624975 0.957276
-2.519622 0.882415
-2.427112 0.999072
-2.364116 1.161993
-2.202297 1.124954
-1.610857 0.892000
-1.745064 0.780082
-1.651845 0.776117
-1.584682 0.652911
-1.674037 0.499030
-1.034500 0.508746
-1.112635 0.695864
-1.423149 0.642431
-1.411000 0.438735
-1.377505 0.212414
-0.518075 0.376778
-0.488029 0.547972
-0.527399 0.639191
-0.572660 0.687437
-2.905247 0.425037
-4.527200 0.355238
-7.145482 -0.059631
-9.399656 -0.549694
-9.765037 -0.427504
-9.205085 -0.535578
-7.298562 1.319243
-6.548663 1.590748
-5.917235 2.030188
-6.108493 2.482121
-5.781142 2.350186
-5.100947 1.753698
-4.029117 1.513568
-2.768938 1.552933
-2.506804 1.619914
-2.688974 1.913831
-2.955767 2.098653
-3.870396 2.169555
-4.400542 2.669003
-4.642533 5.940998
-5.798754 5.717221
-6.475637 5.359486
-7.221974 4.945250
-7.382864 4.295116
-7.291803 4.058647
-7.639358 3.798769
-7.880295 3.691637
-9.315283 3.387287
-9.904199 3.306645
-9.749512 3.262070
-9.866629 3.197965
-9.569231 3.062471
-9.720449 3.103942
-11.337074 3.636222
-12.292697 4.047455
-12.423285 4.090634
-12.883899 3.790269
-13.157288 3.784593
-13.907053 3.639197
-14.294126 3.825958
-16.322342 3.761025
-18.433128 4.154545
-18.279138 4.974655
-17.429354 5.606995
-17.994485 6.022680
-19.187429 9.633780
-19.237349 8.530275
-18.598940 6.988145
-17.873818 6.368206
-16.889082 6.422803
-16.241509 6.360880
-15.736309 5.966293
-14.603858 5.829348
-13.325603 5.823013
-12.185852 5.871283
-11.919389 5.866949
-11.387175 5.890486
-8.735234 5.843570
-6.756225 5.730926
-5.264666 5.585950
-4.568770 5.165746
-4.497545 4.148407
-6.518688 3.377301
-7.061118 4.571049
-8.059783 4.504957
-8.181702 4.368292
-8.490157 4.174604
-8.704364 4.024343
-9.820940 3.552216
-10.247987 3.522015
-10.194598 3.698044
-10.114283 3.905500
-10.329174 4.772864
-10.457318 6.463938
-10.241994 7.504595
-10.844609 9.421254
-10.996453 11.671026
-11.167610 13.951879
-11.643841 15.899325
-11.640181 16.657439
-11.604302 18.075123
-11.438456 19.259173
-10.946268 20.343117
-10.547054 20.908855
-10.918105 21.961448
-10.567387 22.767954
-10.475077 23.428145
-10.445571 22.102794
-9.951953 20.635114
-10.279949 18.580825
-10.222131 16.334126
-10.381343 13.774132
-11.365052 13.162125
-11.542525 12.193333
-12.308921 10.379841
-13.130462 8.919498
-13.784499 7.843703
-14.440496 8.456834
-14.761360 9.520049
-14.223955 11.171131
-13.539910 13.077150
-12.520014 14.991668
-12.314675 16.207191
-11.183966 17.500754
-11.018720 18.683472
-10.376682 19.914614
-9.385348 20.168109
-8.671646 20.377166
-7.070920 20.851177
-6.525055 21.630973
-6.389677 21.965224
-6.117158 22.250843
-5.591284 21.829872
-5.203429 21.274126
-4.698282 20.684922
-4.516603 20.115100
-5.745156 19.112479
-4.782488 17.203008
-4.012033 14.876845
-4.006943 12.664611
-2.984100 11.002272
-4.047284 9.262359
-5.419411 9.555544
-6.303785 9.459798
-6.774458 9.537112
-7.025345 9.779245
-7.165794 9.932567
-6.958547 10.052469
-6.895431 10.171888
-7.042393 9.899238
-6.894725 9.612869
-7.049890 9.212854
-8.735445 9.076299
-10.273002 8.694701
-11.806719 8.587291
-12.985410 7.076469
-14.147176 5.561946
-15.205430 4.483568
-13.896609 4.712168
-15.097735 3.322479
-15.798306 2.335020
-16.392682 1.444448
-17.455196 -0.752216
-17.427241 -1.633333
-16.841204 -2.682627
-16.605445 -3.151745
-16.012071 -3.661009
-16.023796 -3.519979
-13.163355 -2.328339
-11.112071 -1.543306
-9.716013 0.668281
-8.121234 3.005805
-4.893936 5.197560
-4.398342 6.606452
-4.641384 7.221758
-4.529175 7.999348
-4.849459 8.712688
-9.207418 8.611411
-12.841843 7.773990
-16.331069 7.283515
-19.927929 6.990001
-21.848291 5.408448
-19.214287 2.990595
-18.972777 3.889557
-18.850142 3.269370
-18.494975 2.731225
-17.754182 1.835449
-17.580461 1.632445
-16.919326 1.847800
-16.634133 2.016430
-17.115244 2.890909
-17.353734 3.395121
-17.735326 3.748213
-17.197756 3.808287
-15.627301 4.105711
-14.718776 4.669243
-13.945702 6.306471
-13.452391 6.726230
-14.123631 8.274422
-14.933764 6.467903
-17.175818 8.764127
-17.896538 11.899191
-17.914747 12.181849
-17.434387 11.888683
-17.529640 12.925885
-17.348149 12.750068
-16.665868 12.788177
-17.235329 12.314931
-16.155987 12.683047
-15.370625 13.100790
-13.182202 12.791725
-11.231847 12.374498
-11.550011 11.967619
-13.082796 12.052924
-13.750376 11.471425
-14.466527 11.628180
-14.111364 11.920151
-13.693378 12.113842
-13.814707 11.366874
-14.283427 10.788833
-13.856606 10.536238
-14.198229 10.028555
-14.483585 9.470817
-14.539222 8.869905
-14.829670 9.105970
-15.554824 8.973980
-16.261298 8.606516
-16.306008 8.476391
-16.254699 8.467599
-16.265790 8.558466
-16.399887 8.598447
-16.578864 8.540485
