0.601747 0.232021
0.327049 3.591566
-2.205669 3.187961
-4.791709 3.051354
-6.971068 3.657808
-8.991762 4.191576
-9.387000 3.639150
-9.494925 3.326672
-9.530115 2.631579
-10.120336 1.688331
-10.749708 1.141795
-10.671242 2.786790
-11.192640 3.782380
-11.213928 4.823103
-11.111237 5.695741
-9.302328 7.108569
-9.064686 6.552866
-9.047081 7.202984
-9.172730 7.292034
-8.765326 7.044763
-8.651738 6.957675
-8.685197 5.459493
-7.882064 5.652092
-7.579243 4.185429
-8.055190 2.833397
-7.234356 1.444345
-7.435730 4.602353
-6.360360 6.146867
-8.347585 6.958987
-5.520150 9.606561
-1.525409 2.911346
-0.554209 -2.289574
0.489919 -8.029316
-0.658072 -11.788366
-7.225966 -12.371637
-7.253171 -9.198065
-8.088819 -4.847364
-9.528717 0.057894
-8.252076 3.042888
-8.375509 5.091917
-9.279079 -0.140340
-9.027744 -4.493026
-8.616306 -8.674687
-8.408147 -11.672358
-8.916403 -8.333365
-9.674158 -5.146222
-8.264066 -4.081254
-6.615268 -2.957109
-5.675463 -0.997207
-5.221263 2.553032
-5.671605 9.855478
-6.220454 16.277178
-6.536902 22.255844
-4.867034 26.827494
-5.341648 23.942498
-3.977213 19.907864
-3.792590 18.337850
-3.824173 17.883828
-3.954804 15.917173
-3.285154 15.551455
-2.251743 14.506123
-1.000410 14.145745
-0.763961 13.853802
-0.083280 14.207416
0.578996 14.189056
1.080562 14.189491
1.799333 14.274271
2.169106 14.517823
1.879807 14.626968
1.220622 14.436154
1.193387 14.393582
0.586254 14.112840
0.093433 13.834311
-0.383631 14.147496
-0.988588 13.628384
-1.573212 13.880946
-2.061153 13.988478
-2.099589 13.586152
-2.354703 13.545513
-2.575825 13.770562
-2.887929 13.538052
-2.970900 13.108284
-3.270622 12.825522
-3.319240 12.498570
-3.453191 12.346691
-3.782688 12.438409
-3.907257 12.321983
-4.085546 12.417120
-4.134764 12.121286
-4.288314 12.176687
-4.436107 12.166930
-4.473965 11.944065
-4.552423 11.771717
-4.734130 11.990856
-4.772727 12.026907
-4.969828 12.304214
-5.197919 12.645121
-5.408404 13.005613
-5.464189 12.984338
-5.526113 12.923628
-5.511221 12.788506
-5.382329 12.595785
-5.617276 12.764604
-5.685821 12.773060
-5.614633 12.676049
-5.580843 12.748207
-5.598564 13.008329
-5.562177 13.148971
-5.484230 13.121737
-5.452008 13.170816
-5.450315 13.070080
-5.389717 12.955087
-5.383135 13.007684
-5.477028 13.193634
-5.454361 13.217744
-5.324237 13.012158
-5.427174 13.264046
-5.448200 13.375394
-5.335675 13.223958
-5.398088 13.339081
-5.422470 13.488341
-5.464514 13.558015
-5.412790 13.475543
-5.472635 13.493392
-5.494209 13.512239
-6.954080 13.202841
-8.871243 12.946141
-10.852107 12.547662
-12.849762 11.991316
-14.237803 11.333501
-15.440772 10.238789
-17.476631 9.505997
-19.117340 8.715810
-20.759709 6.885057
-20.309469 5.712528
-19.254401 5.484713
-18.914229 6.375504
-17.824345 6.985853
-16.361927 8.263351
-15.944751 9.650551
-14.926866 9.822623
-13.464813 10.985519
-12.170823 13.183551
-10.771600 14.118526
-8.534890 14.948755
-7.535137 15.481168
-6.378552 15.973665
-5.046429 16.207637
-4.300695 17.071419
-4.054155 17.552132
-3.959254 17.911069
-4.212014 18.341020
-4.393013 18.496675
-4.481643 18.416317
-4.654706 18.180102
-5.313540 17.767472
-5.613880 17.235073
-5.797426 16.958319
-6.332798 16.780151
-6.624160 16.360684
-6.778713 16.282007
-6.966725 16.626098
-7.228001 16.286541
-7.351537 16.190533
-7.550797 16.175792
-7.625650 16.078731
-7.746375 16.195695
-7.742885 16.247417
-7.826770 16.374742
-7.882090 16.466664
-7.989448 16.526902
-7.988025 16.452474
-8.005501 16.426152
-8.107766 16.563100
-8.050377 16.522997
-7.935244 16.441189
-7.831729 16.298389
-7.866797 16.420511
-7.845777 16.382241
-7.717011 16.242691
-7.691333 16.185834
-7.851679 16.377659
-7.665447 16.235663
-7.618301 16.237338
-7.624132 16.415902
-7.619398 16.465097
-7.729309 16.794185
-7.843465 17.031182
-7.800301 16.982579
-7.756541 16.951253
-7.958073 17.226773
-8.023216 17.361837
-8.111450 17.501676
-8.105356 17.482703
