-0.000899 0.003437
-0.000266 0.002855
0.000068 0.001539
0.001350 0.000582
0.002671 -0.000526
0.001121 -0.001281
0.001704 -0.001756
0.001226 -0.002354
0.002071 -0.002444
0.002038 -0.004195
0.002767 -0.004830
0.002858 -0.004291
0.002922 -0.003618
0.003247 -0.000417
0.003159 0.010634
-0.038799 0.149352
-7.439768 1.007492
-10.690233 4.155620
-11.425568 4.474221
-12.156527 4.946906
-13.134970 5.099240
-12.073654 4.729891
-12.338124 4.074471
-12.068358 4.004370
-12.761784 4.307986
-12.658918 4.289247
-12.490959 3.971535
-12.572579 3.721360
-12.447469 3.246228
-12.194433 2.966483
-12.017473 2.843109
-11.742872 2.536223
-11.381768 2.330221
-11.465193 2.258344
-11.629746 1.747456
-11.829950 1.763977
-11.808224 1.774942
-11.701681 1.713108
-11.559732 1.680437
-11.476539 1.526422
-11.447580 1.342087
-11.258955 1.264657
-10.262737 0.965649
-10.413001 0.960637
-9.190786 0.556968
-7.907495 -0.204309
-6.557445 0.290102
-4.239023 0.943372
-2.689075 0.359988
0.500399 2.352763
2.038993 2.759018
3.456378 3.181225
4.881539 3.284201
5.165759 3.546528
4.663935 3.475953
3.218497 3.276474
1.186144 2.802029
-0.144595 2.644562
-2.777938 2.041720
-4.548985 1.658011
-4.735612 2.339993
-7.056311 2.396123
-9.306030 1.991093
-11.351475 1.565212
-11.982450 1.424910
-12.136605 1.317887
-12.726741 1.068262
-12.829469 1.020222
-13.191108 0.999789
-13.433197 0.978788
-13.614701 0.868765
-13.608278 0.812330
-13.537571 0.738394
-13.497497 0.797504
-13.366886 0.820979
-13.055845 0.580752
-12.820078 0.740010
-12.860879 1.261744
-13.019777 1.326384
-13.433911 1.364648
-13.608257 1.530185
-13.584821 1.560218
-13.609150 1.706882
-13.708574 1.691872
-13.864566 1.514213
-13.864740 1.454304
-14.083041 1.635508
-14.243903 1.789550
-14.449179 2.061081
-14.655752 2.149031
-14.834534 2.278245
-14.432397 2.253837
-13.766887 2.075477
-13.144244 2.029229
-11.781004 1.539785
-9.831139 1.443567
-9.090124 1.610205
-7.287895 2.139131
-6.305374 2.251878
-4.486257 2.722766
-3.343892 2.972662
-1.977615 2.944460
0.474891 2.663363
1.736486 2.522363
3.144235 2.445118
5.184069 2.430588
6.455128 2.508922
8.388051 2.539976
9.348331 2.458607
10.977134 2.359117
12.055845 2.296802
13.765787 2.335132
14.572220 2.226347
16.081696 2.053368
16.986316 1.956010
17.613077 1.981331
18.168049 1.931306
19.250281 1.731192
19.039585 1.737189
18.257204 1.557592
17.950710 1.469764
17.122199 1.305970
16.689267 1.108971
15.967105 1.112160
15.277425 0.969744
16.607277 1.020481
16.815389 2.166602
18.311207 3.077570
19.753932 3.712762
19.827646 3.802272
18.448656 3.440119
17.723872 2.929709
17.601943 1.797060
18.051481 3.535873
18.079271 3.275710
17.612438 2.629100
17.220096 2.718783
17.138807 1.991572
17.552762 3.166250
17.619654 3.305674
17.769502 3.131352
18.037303 3.293806
18.153382 3.617713
18.391998 3.245341
18.459110 3.273973
