9.734004 -6.076607 -4.642454
9.734004 -6.076607 -4.642454
10.003238 -6.184138 -5.465614
10.003238 -6.184138 -5.465614
10.003238 -6.184138 -5.465614
10.003238 -6.184138 -5.465614
10.170515 -6.206589 -6.054055
10.170515 -6.206589 -6.054055
10.170515 -6.206589 -6.054055
10.170515 -6.206589 -6.054055
10.170515 -6.206589 -6.054055
10.298587 -6.187448 -6.466159
10.298587 -6.187448 -6.466159
10.298587 -6.187448 -6.466159
10.298587 -6.187448 -6.466159
10.298587 -6.187448 -6.466159
10.298587 -6.187448 -6.466159
10.387211 -6.165249 -6.787536
10.387211 -6.165249 -6.787536
10.387211 -6.165249 -6.787536
10.387211 -6.165249 -6.787536
10.387211 -6.165249 -6.787536
10.464683 -6.154788 -6.986704
10.464683 -6.154788 -6.986704
10.464683 -6.154788 -6.986704
10.464683 -6.154788 -6.986704
10.464683 -6.154788 -6.986704
10.464683 -6.154788 -6.986704
10.509202 -6.151041 -7.199468
10.509202 -6.151041 -7.199468
10.509202 -6.151041 -7.199468
10.509202 -6.151041 -7.199468
10.509202 -6.151041 -7.199468
10.509202 -6.151041 -7.199468
10.555866 -6.118192 -7.303341
10.555866 -6.118192 -7.303341
10.555866 -6.118192 -7.303341
10.555866 -6.118192 -7.303341
10.555866 -6.118192 -7.303341
10.555866 -6.118192 -7.303341
10.595997 -6.106672 -7.388638
10.595997 -6.106672 -7.388638
10.595997 -6.106672 -7.388638
10.595997 -6.106672 -7.388638
10.595997 -6.106672 -7.388638
10.595997 -6.106672 -7.388638
10.641577 -6.110173 -7.436562
10.641577 -6.110173 -7.436562
10.641577 -6.110173 -7.436562
10.641577 -6.110173 -7.436562
10.641577 -6.110173 -7.436562
10.641577 -6.110173 -7.436562
10.658565 -6.089036 -7.422393
10.658565 -6.089036 -7.422393
10.658565 -6.089036 -7.422393
10.658565 -6.089036 -7.422393
10.658565 -6.089036 -7.422393
10.658565 -6.089036 -7.422393
10.670769 -6.079314 -7.401106
10.670769 -6.079314 -7.401106
10.670769 -6.079314 -7.401106
10.670769 -6.079314 -7.401106
10.670769 -6.079314 -7.401106
10.670769 -6.079314 -7.401106
10.683794 -6.078383 -7.392607
10.683794 -6.078383 -7.392607
10.683794 -6.078383 -7.392607
10.683794 -6.078383 -7.392607
10.683794 -6.078383 -7.392607
10.683794 -6.078383 -7.392607
10.518549 -6.066758 -7.328195
10.518549 -6.066758 -7.328195
10.518549 -6.066758 -7.328195
10.518549 -6.066758 -7.328195
10.518549 -6.066758 -7.328195
10.213638 -6.056330 -7.312387
10.213638 -6.056330 -7.312387
10.213638 -6.056330 -7.312387
10.213638 -6.056330 -7.312387
10.213638 -6.056330 -7.312387
10.213638 -6.056330 -7.312387
10.088790 -6.178683 -7.519740
10.088790 -6.178683 -7.519740
10.088790 -6.178683 -7.519740
10.088790 -6.178683 -7.519740
10.088790 -6.178683 -7.519740
10.088790 -6.178683 -7.519740
8.475442 -7.688748 -7.845507
8.475442 -7.688748 -7.845507
8.475442 -7.688748 -7.845507
8.475442 -7.688748 -7.845507
8.475442 -7.688748 -7.845507
5.573598 -9.064620 -7.858814
5.573598 -9.064620 -7.858814
5.573598 -9.064620 -7.858814
5.573598 -9.064620 -7.858814
5.573598 -9.064620 -7.858814
5.573598 -9.064620 -7.858814
5.573598 -9.064620 -7.858814
8.015897 -6.577027 -10.233247
8.015897 -6.577027 -10.233247
8.015897 -6.577027 -10.233247
8.015897 -6.577027 -10.233247
8.015897 -6.577027 -10.233247
8.796409 -5.463970 -9.402926
8.796409 -5.463970 -9.402926
8.796409 -5.463970 -9.402926
8.796409 -5.463970 -9.402926
8.796409 -5.463970 -9.402926
8.796409 -5.463970 -9.402926
4.822605 -8.507277 -8.456231
4.822605 -8.507277 -8.456231
4.822605 -8.507277 -8.456231
4.822605 -8.507277 -8.456231
4.822605 -8.507277 -8.456231
4.822605 -8.507277 -8.456231
4.822605 -8.507277 -8.456231
-2.919206 -6.194743 -7.069221
-2.919206 -6.194743 -7.069221
-2.919206 -6.194743 -7.069221
-2.919206 -6.194743 -7.069221
-2.919206 -6.194743 -7.069221
-2.919206 -6.194743 -7.069221
-8.569231 -5.254698 -6.445552
-8.569231 -5.254698 -6.445552
-8.569231 -5.254698 -6.445552
-8.569231 -5.254698 -6.445552
-12.445528 -4.929183 -6.343622
-12.445528 -4.929183 -6.343622
-12.445528 -4.929183 -6.343622
-12.445528 -4.929183 -6.343622
-12.445528 -4.929183 -6.343622
-15.490130 -5.178373 -6.320765
-15.490130 -5.178373 -6.320765
-15.490130 -5.178373 -6.320765
-15.490130 -5.178373 -6.320765
-15.490130 -5.178373 -6.320765
-15.490130 -5.178373 -6.320765
-18.882026 -5.058887 -6.337714
-18.882026 -5.058887 -6.337714
-18.882026 -5.058887 -6.337714
-18.882026 -5.058887 -6.337714
-18.882026 -5.058887 -6.337714
-18.882026 -5.058887 -6.337714
-21.505380 -5.481164 -6.459231
-21.505380 -5.481164 -6.459231
-21.505380 -5.481164 -6.459231
-21.505380 -5.481164 -6.459231
-21.505380 -5.481164 -6.459231
-21.505380 -5.481164 -6.459231
-24.103627 -6.239092 -6.302798
-24.103627 -6.239092 -6.302798
-24.103627 -6.239092 -6.302798
-24.103627 -6.239092 -6.302798
-24.103627 -6.239092 -6.302798
-24.103627 -6.239092 -6.302798
-23.190468 -6.051085 -6.087425
-23.190468 -6.051085 -6.087425
-23.190468 -6.051085 -6.087425
-23.190468 -6.051085 -6.087425
-23.190468 -6.051085 -6.087425
-17.768887 -5.341080 -6.221220
-17.768887 -5.341080 -6.221220
-17.768887 -5.341080 -6.221220
-17.768887 -5.341080 -6.221220
-17.768887 -5.341080 -6.221220
-17.768887 -5.341080 -6.221220
-13.422385 -4.660275 -6.394392
-13.422385 -4.660275 -6.394392
-13.422385 -4.660275 -6.394392
-13.422385 -4.660275 -6.394392
-13.422385 -4.660275 -6.394392
-13.422385 -4.660275 -6.394392
-8.066046 -4.437347 -6.675488
-8.066046 -4.437347 -6.675488
-8.066046 -4.437347 -6.675488
-8.066046 -4.437347 -6.675488
-8.066046 -4.437347 -6.675488
-8.066046 -4.437347 -6.675488
-23.617324 -5.850981 -7.425416
-23.617324 -5.850981 -7.425416
-23.617324 -5.850981 -7.425416
-23.617324 -5.850981 -7.425416
-23.617324 -5.850981 -7.425416
-23.617324 -5.850981 -7.425416
-29.019391 -6.661836 -8.155990
-29.019391 -6.661836 -8.155990
-29.019391 -6.661836 -8.155990
-29.019391 -6.661836 -8.155990
-29.019391 -6.661836 -8.155990
-29.019391 -6.661836 -8.155990
-31.530390 -6.460416 -8.257425
-31.530390 -6.460416 -8.257425
-31.530390 -6.460416 -8.257425
-31.530390 -6.460416 -8.257425
-31.530390 -6.460416 -8.257425
-31.530390 -6.460416 -8.257425
-11.462012 -3.632648 -9.004221
-11.462012 -3.632648 -9.004221
-11.462012 -3.632648 -9.004221
-11.462012 -3.632648 -9.004221
-11.462012 -3.632648 -9.004221
-11.462012 -3.632648 -9.004221
-26.848176 -4.249019 -9.213669
-26.848176 -4.249019 -9.213669
-26.848176 -4.249019 -9.213669
-26.848176 -4.249019 -9.213669
-26.848176 -4.249019 -9.213669
-26.848176 -4.249019 -9.213669
-11.722398 -2.463308 -10.049405
-11.722398 -2.463308 -10.049405
-11.722398 -2.463308 -10.049405
-11.722398 -2.463308 -10.049405
-11.722398 -2.463308 -10.049405
-11.722398 -2.463308 -10.049405
-7.554398 -4.267066 -10.197739
-7.554398 -4.267066 -10.197739
-7.554398 -4.267066 -10.197739
-7.554398 -4.267066 -10.197739
-7.554398 -4.267066 -10.197739
-7.554398 -4.267066 -10.197739
-23.507216 -4.471869 -9.892899
-23.507216 -4.471869 -9.892899
-23.507216 -4.471869 -9.892899
-23.507216 -4.471869 -9.892899
-23.507216 -4.471869 -9.892899
-23.507216 -4.471869 -9.892899
-29.053658 -4.968768 -9.652412
-29.053658 -4.968768 -9.652412
-29.053658 -4.968768 -9.652412
-29.053658 -4.968768 -9.652412
-29.053658 -4.968768 -9.652412
-29.053658 -4.968768 -9.652412
-9.106088 -4.333018 -10.392406
-9.106088 -4.333018 -10.392406
-9.106088 -4.333018 -10.392406
-9.106088 -4.333018 -10.392406
-9.106088 -4.333018 -10.392406
-9.106088 -4.333018 -10.392406
-2.736824 -5.428126 -9.894359
-2.736824 -5.428126 -9.894359
-2.736824 -5.428126 -9.894359
-2.736824 -5.428126 -9.894359
-2.736824 -5.428126 -9.894359
-2.736824 -5.428126 -9.894359
38.551719 -1.457424 -9.264060
38.551719 -1.457424 -9.264060
38.551719 -1.457424 -9.264060
38.551719 -1.457424 -9.264060
38.551719 -1.457424 -9.264060
27.408552 -3.910270 -10.074259
27.408552 -3.910270 -10.074259
27.408552 -3.910270 -10.074259
27.408552 -3.910270 -10.074259
27.408552 -3.910270 -10.074259
27.408552 -3.910270 -10.074259
12.490528 -6.186531 -10.488684
12.490528 -6.186531 -10.488684
12.490528 -6.186531 -10.488684
12.490528 -6.186531 -10.488684
12.490528 -6.186531 -10.488684
12.490528 -6.186531 -10.488684
12.501511 -6.539656 -11.071645
12.501511 -6.539656 -11.071645
12.501511 -6.539656 -11.071645
12.501511 -6.539656 -11.071645
12.501511 -6.539656 -11.071645
36.126838 -7.459716 -13.226726
36.126838 -7.459716 -13.226726
36.126838 -7.459716 -13.226726
36.126838 -7.459716 -13.226726
36.126838 -7.459716 -13.226726
36.126838 -7.459716 -13.226726
18.614183 -7.297501 -12.934205
18.614183 -7.297501 -12.934205
18.614183 -7.297501 -12.934205
18.614183 -7.297501 -12.934205
18.614183 -7.297501 -12.934205
18.614183 -7.297501 -12.934205
11.996055 -8.351973 -14.123961
11.996055 -8.351973 -14.123961
11.996055 -8.351973 -14.123961
11.996055 -8.351973 -14.123961
11.996055 -8.351973 -14.123961
11.996055 -8.351973 -14.123961
11.901938 -8.386773 -14.201269
11.901938 -8.386773 -14.201269
11.901938 -8.386773 -14.201269
11.901938 -8.386773 -14.201269
11.901938 -8.386773 -14.201269
11.866312 -8.366615 -14.224735
11.866312 -8.366615 -14.224735
11.866312 -8.366615 -14.224735
11.866312 -8.366615 -14.224735
11.866312 -8.366615 -14.224735
11.866312 -8.366615 -14.224735
11.851374 -8.356529 -14.208242
11.851374 -8.356529 -14.208242
11.851374 -8.356529 -14.208242
11.851374 -8.356529 -14.208242
11.851374 -8.356529 -14.208242
11.851374 -8.356529 -14.208242
11.855529 -8.357453 -14.210627
