0.200372 -1.168848
0.463749 -0.800243
1.016005 -0.962470
1.256290 -0.142875
1.563440 0.244355
1.884364 -0.076341
2.245728 -0.653073
2.320668 -1.019787
2.290870 -0.950863
1.964860 -1.010399
1.892373 -1.021600
1.998653 -1.462126
2.161090 -1.846528
2.247752 -1.944947
2.395062 -2.219412
2.432275 -2.477421
2.396077 -2.603343
2.325804 -3.009330
2.294551 -3.020032
2.232831 -3.258634
2.360041 -3.507472
2.494713 -3.701291
2.546395 -3.602025
2.702834 -3.803423
2.832955 -3.492444
2.835643 -2.939446
2.712394 -2.462496
2.767468 -1.114455
2.790846 -0.315296
2.953335 1.604330
3.116553 2.561710
3.074896 4.036292
3.046462 5.504805
3.165432 6.608388
3.321103 8.244030
3.347632 9.861689
3.504692 10.820579
3.325343 11.601295
2.943822 12.988070
2.758880 14.318474
2.794209 15.917182
2.563205 17.480197
2.167496 19.084090
2.028608 20.879013
2.479014 22.052658
3.030215 23.824043
3.591432 25.686398
4.182390 27.260622
4.597847 28.649147
5.045627 30.769152
5.590677 32.370968
6.491542 33.983739
7.432353 35.126627
8.952992 36.348265
9.564281 37.026810
10.037821 38.079480
9.178295 38.837056
10.098822 40.439741
11.958960 41.203557
11.537528 41.732251
13.354000 42.856034
14.313699 43.224138
14.185184 42.703946
14.249276 41.261829
13.446478 40.625737
12.688967 40.058184
12.195599 39.743460
11.440679 39.294868
11.643159 38.515263
11.522338 38.946265
10.608870 38.743336
10.197741 38.780023
10.670168 38.908235
10.903250 38.942168
10.445532 39.055620
9.854790 39.166930
