0.608162 -10.208196 -123.129268
0.608162 -10.208196 -123.129268
0.605215 -10.443512 -122.432603
0.605215 -10.443512 -122.432603
0.605215 -10.443512 -122.432603
0.605215 -10.443512 -122.432603
0.605215 -10.443512 -122.432603
0.605215 -10.443512 -122.432603
0.579760 -10.585477 -121.888278
0.579760 -10.585477 -121.888278
0.579760 -10.585477 -121.888278
0.579760 -10.585477 -121.888278
0.579760 -10.585477 -121.888278
0.535109 -10.672528 -121.520308
0.535109 -10.672528 -121.520308
0.535109 -10.672528 -121.520308
0.535109 -10.672528 -121.520308
0.535109 -10.672528 -121.520308
0.506861 -10.721236 -121.192691
0.506861 -10.721236 -121.192691
0.506861 -10.721236 -121.192691
0.506861 -10.721236 -121.192691
0.506861 -10.721236 -121.192691
0.474137 -10.770433 -120.941094
0.474137 -10.770433 -120.941094
0.474137 -10.770433 -120.941094
0.474137 -10.770433 -120.941094
0.424772 -10.814764 -120.792988
0.424772 -10.814764 -120.792988
0.424772 -10.814764 -120.792988
0.424772 -10.814764 -120.792988
0.424772 -10.814764 -120.792988
0.403002 -10.849460 -120.662996
0.403002 -10.849460 -120.662996
0.403002 -10.849460 -120.662996
0.403002 -10.849460 -120.662996
0.403002 -10.849460 -120.662996
0.465449 -10.773115 -118.866971
0.465449 -10.773115 -118.866971
0.465449 -10.773115 -118.866971
0.465449 -10.773115 -118.866971
0.465449 -10.773115 -118.866971
-0.478117 -1.161753 -114.189152
-0.478117 -1.161753 -114.189152
-0.478117 -1.161753 -114.189152
-0.478117 -1.161753 -114.189152
-0.478117 -1.161753 -114.189152
-5.643099 0.314237 -106.009823
-5.643099 0.314237 -106.009823
-5.643099 0.314237 -106.009823
-5.643099 0.314237 -106.009823
-5.643099 0.314237 -106.009823
-4.404205 6.755688 -98.681788
-4.404205 6.755688 -98.681788
-4.404205 6.755688 -98.681788
-4.404205 6.755688 -98.681788
-4.404205 6.755688 -98.681788
-4.404205 6.755688 -98.681788
-4.533436 7.255425 -91.489346
-4.533436 7.255425 -91.489346
-4.533436 7.255425 -91.489346
-4.533436 7.255425 -91.489346
-4.533436 7.255425 -91.489346
6.236914 8.558862 -80.347798
6.236914 8.558862 -80.347798
6.236914 8.558862 -80.347798
6.236914 8.558862 -80.347798
6.236914 8.558862 -80.347798
13.434172 12.526377 -63.695612
13.434172 12.526377 -63.695612
13.434172 12.526377 -63.695612
13.434172 12.526377 -63.695612
13.434172 12.526377 -63.695612
13.434172 12.526377 -63.695612
25.160253 14.923793 -51.761759
25.160253 14.923793 -51.761759
25.160253 14.923793 -51.761759
25.160253 14.923793 -51.761759
35.231536 16.014039 -42.207864
35.231536 16.014039 -42.207864
35.231536 16.014039 -42.207864
35.231536 16.014039 -42.207864
35.231536 16.014039 -42.207864
37.314351 17.219646 -33.350741
37.314351 17.219646 -33.350741
37.314351 17.219646 -33.350741
37.314351 17.219646 -33.350741
37.314351 17.219646 -33.350741
20.187179 10.075646 -30.180164
20.187179 10.075646 -30.180164
20.187179 10.075646 -30.180164
20.187179 10.075646 -30.180164
20.187179 10.075646 -30.180164
-0.221023 2.778643 -25.550192
-0.221023 2.778643 -25.550192
-0.221023 2.778643 -25.550192
-0.221023 2.778643 -25.550192
-0.221023 2.778643 -25.550192
-3.245490 -0.348155 -15.201319
-3.245490 -0.348155 -15.201319
-3.245490 -0.348155 -15.201319
-3.245490 -0.348155 -15.201319
-3.245490 -0.348155 -15.201319
9.617793 7.376103 -6.494068
9.617793 7.376103 -6.494068
9.617793 7.376103 -6.494068
9.617793 7.376103 -6.494068
9.617793 7.376103 -6.494068
30.258278 13.388430 2.056216
30.258278 13.388430 2.056216
30.258278 13.388430 2.056216
30.258278 13.388430 2.056216
30.258278 13.388430 2.056216
43.988225 17.930392 9.788336
43.988225 17.930392 9.788336
43.988225 17.930392 9.788336
43.988225 17.930392 9.788336
43.988225 17.930392 9.788336
28.810489 12.847731 9.930496
28.810489 12.847731 9.930496
28.810489 12.847731 9.930496
28.810489 12.847731 9.930496
28.810489 12.847731 9.930496
7.867268 9.932202 12.233420
7.867268 9.932202 12.233420
7.867268 9.932202 12.233420
7.867268 9.932202 12.233420
7.867268 9.932202 12.233420
-2.607677 5.359845 11.478800
-2.607677 5.359845 11.478800
-2.607677 5.359845 11.478800
-2.607677 5.359845 11.478800
-2.607677 5.359845 11.478800
0.200211 3.796385 6.745129
0.200211 3.796385 6.745129
0.200211 3.796385 6.745129
0.200211 3.796385 6.745129
0.200211 3.796385 6.745129
0.749828 2.409827 1.410742
0.749828 2.409827 1.410742
0.749828 2.409827 1.410742
0.749828 2.409827 1.410742
0.749828 2.409827 1.410742
1.337730 1.704617 -2.392220
1.337730 1.704617 -2.392220
1.337730 1.704617 -2.392220
1.337730 1.704617 -2.392220
1.337730 1.704617 -2.392220
5.760374 0.668439 -5.056708
5.760374 0.668439 -5.056708
5.760374 0.668439 -5.056708
5.760374 0.668439 -5.056708
5.760374 0.668439 -5.056708
18.949607 2.044336 -4.807231
18.949607 2.044336 -4.807231
18.949607 2.044336 -4.807231
18.949607 2.044336 -4.807231
18.949607 2.044336 -4.807231
39.670152 5.800760 0.986223
39.670152 5.800760 0.986223
39.670152 5.800760 0.986223
39.670152 5.800760 0.986223
39.670152 5.800760 0.986223
56.874114 3.159743 3.781328
56.874114 3.159743 3.781328
56.874114 3.159743 3.781328
56.874114 3.159743 3.781328
56.874114 3.159743 3.781328
61.686191 4.636525 7.775551
61.686191 4.636525 7.775551
61.686191 4.636525 7.775551
61.686191 4.636525 7.775551
61.686191 4.636525 7.775551
59.426601 5.057739 9.468214
59.426601 5.057739 9.468214
59.426601 5.057739 9.468214
59.426601 5.057739 9.468214
59.426601 5.057739 9.468214
46.864984 6.191942 11.119743
46.864984 6.191942 11.119743
46.864984 6.191942 11.119743
46.864984 6.191942 11.119743
46.864984 6.191942 11.119743
38.305122 7.465492 13.662805
38.305122 7.465492 13.662805
38.305122 7.465492 13.662805
38.305122 7.465492 13.662805
38.305122 7.465492 13.662805
29.188581 5.760361 14.646267
29.188581 5.760361 14.646267
29.188581 5.760361 14.646267
29.188581 5.760361 14.646267
29.188581 5.760361 14.646267
20.496447 3.544470 14.402794
20.496447 3.544470 14.402794
20.496447 3.544470 14.402794
20.496447 3.544470 14.402794
20.496447 3.544470 14.402794
11.532120 1.125071 11.400222
11.532120 1.125071 11.400222
11.532120 1.125071 11.400222
11.532120 1.125071 11.400222
11.532120 1.125071 11.400222
5.808419 -0.966240 5.185799
5.808419 -0.966240 5.185799
5.808419 -0.966240 5.185799
5.808419 -0.966240 5.185799
5.808419 -0.966240 5.185799
1.054413 -3.642912 -0.345497
1.054413 -3.642912 -0.345497
1.054413 -3.642912 -0.345497
1.054413 -3.642912 -0.345497
1.054413 -3.642912 -0.345497
1.054413 -3.642912 -0.345497
0.596231 -8.014624 -4.917697
0.596231 -8.014624 -4.917697
0.596231 -8.014624 -4.917697
0.596231 -8.014624 -4.917697
0.596231 -8.014624 -4.917697
-4.734329 -26.615010 -13.259451
-4.734329 -26.615010 -13.259451
-4.734329 -26.615010 -13.259451
-4.734329 -26.615010 -13.259451
-4.734329 -26.615010 -13.259451
-10.654427 -38.899731 -22.037027
-10.654427 -38.899731 -22.037027
-10.654427 -38.899731 -22.037027
-10.654427 -38.899731 -22.037027
-10.654427 -38.899731 -22.037027
-12.585544 -44.319759 -29.095817
-12.585544 -44.319759 -29.095817
-12.585544 -44.319759 -29.095817
-12.585544 -44.319759 -29.095817
-12.585544 -44.319759 -29.095817
-13.376365 -29.758181 -38.226031
-13.376365 -29.758181 -38.226031
-13.376365 -29.758181 -38.226031
-13.376365 -29.758181 -38.226031
-13.376365 -29.758181 -38.226031
-12.367318 -10.878601 -48.873104
-12.367318 -10.878601 -48.873104
-12.367318 -10.878601 -48.873104
-12.367318 -10.878601 -48.873104
-12.367318 -10.878601 -48.873104
-9.683508 -3.701273 -58.522338
-9.683508 -3.701273 -58.522338
-9.683508 -3.701273 -58.522338
-9.683508 -3.701273 -58.522338
-9.683508 -3.701273 -58.522338
-3.523464 -3.742985 -64.178862
-3.523464 -3.742985 -64.178862
-3.523464 -3.742985 -64.178862
-3.523464 -3.742985 -64.178862
-3.523464 -3.742985 -64.178862
-3.523464 -3.742985 -64.178862
38.598690 6.665804 -46.217206
38.598690 6.665804 -46.217206
38.598690 6.665804 -46.217206
38.598690 6.665804 -46.217206
38.598690 6.665804 -46.217206
51.709074 16.862813 -30.608622
51.709074 16.862813 -30.608622
51.709074 16.862813 -30.608622
51.709074 16.862813 -30.608622
51.709074 16.862813 -30.608622
42.713093 15.834924 -30.602536
42.713093 15.834924 -30.602536
42.713093 15.834924 -30.602536
42.713093 15.834924 -30.602536
9.836826 8.799551 -28.491868
9.836826 8.799551 -28.491868
9.836826 8.799551 -28.491868
9.836826 8.799551 -28.491868
-2.178834 2.311546 -29.257327
-2.178834 2.311546 -29.257327
-2.178834 2.311546 -29.257327
-2.178834 2.311546 -29.257327
-2.178834 2.311546 -29.257327
-1.133177 1.173052 -33.252380
-1.133177 1.173052 -33.252380
-1.133177 1.173052 -33.252380
-1.133177 1.173052 -33.252380
-1.133177 1.173052 -33.252380
2.879576 1.286005 -44.242253
2.879576 1.286005 -44.242253
2.879576 1.286005 -44.242253
2.879576 1.286005 -44.242253
2.879576 1.286005 -44.242253
2.879576 1.286005 -44.242253
-1.983501 -6.385614 -57.889897
-1.983501 -6.385614 -57.889897
-1.983501 -6.385614 -57.889897
-1.983501 -6.385614 -57.889897
-1.983501 -6.385614 -57.889897
-1.748029 -10.117476 -68.560373
-1.748029 -10.117476 -68.560373
-1.748029 -10.117476 -68.560373
-1.748029 -10.117476 -68.560373
-1.748029 -10.117476 -68.560373
-2.404896 -10.159336 -78.157069
-2.404896 -10.159336 -78.157069
-2.404896 -10.159336 -78.157069
-2.404896 -10.159336 -78.157069
-2.479336 -10.199517 -85.627869
-2.479336 -10.199517 -85.627869
-2.479336 -10.199517 -85.627869
-2.479336 -10.199517 -85.627869
-2.479336 -10.199517 -85.627869
-2.189926 -10.213358 -91.413408
-2.189926 -10.213358 -91.413408
-2.189926 -10.213358 -91.413408
-2.189926 -10.213358 -91.413408
-2.189926 -10.213358 -91.413408
-1.787658 -10.288019 -95.713681
-1.787658 -10.288019 -95.713681
-1.787658 -10.288019 -95.713681
-1.787658 -10.288019 -95.713681
-1.787658 -10.288019 -95.713681
-1.787658 -10.288019 -95.713681
-1.321555 -10.392949 -98.789432
-1.321555 -10.392949 -98.789432
-1.321555 -10.392949 -98.789432
-1.321555 -10.392949 -98.789432
-1.321555 -10.392949 -98.789432
-0.907907 -10.506850 -100.896360
-0.907907 -10.506850 -100.896360
-0.907907 -10.506850 -100.896360
-0.907907 -10.506850 -100.896360
-0.907907 -10.506850 -100.896360
-0.907907 -10.506850 -100.896360
-0.550532 -10.564745 -102.436862
-0.550532 -10.564745 -102.436862
-0.550532 -10.564745 -102.436862
-0.550532 -10.564745 -102.436862
-0.550532 -10.564745 -102.436862
-0.271316 -10.612826 -103.590324
-0.271316 -10.612826 -103.590324
-0.271316 -10.612826 -103.590324
