-0.000387 0.000657
-0.000829 0.001237
-0.000428 0.000125
-0.000373 -0.000468
-0.000055 -0.001658
0.000408 -0.002727
0.000788 -0.003859
0.001289 -0.004897
0.000756 -0.006121
0.000664 -0.007071
0.000234 -0.008178
-0.000287 -0.009404
-0.000765 -0.010563
-0.002146 -0.010125
-0.003408 -0.009697
-0.004754 -0.009204
-0.006053 -0.008643
-0.007433 -0.008194
-0.007954 -0.007846
-0.008460 -0.007383
-0.008921 -0.006832
-0.009411 -0.006354
-0.009864 -0.005832
-0.009626 -0.007048
-0.009227 -0.008211
-0.008828 -0.009335
-0.008485 -0.010556
-0.008964 -0.009231
-0.009621 -0.007886
-0.010113 -0.006543
-0.010581 -0.005212
-0.010987 -0.003784
-0.011564 -0.003285
-0.012184 -0.002809
-0.012691 -0.002324
-0.013156 -0.001811
-0.013615 -0.001285
-0.006368 0.000936
-0.003524 0.006708
0.003717 0.008887
0.010976 0.011079
0.018234 0.013279
-1.200003 -0.380648
-2.424199 -0.771188
-3.641959 -1.165299
-4.858911 -1.559254
-6.071016 -1.948643
-3.750733 -2.564066
-1.941606 -2.211733
-1.191004 -2.339508
-1.063022 -2.881009
-0.878662 -2.826714
-1.961649 -1.840915
-3.293419 -1.526190
-4.167445 -1.663952
-5.128671 -1.958179
-5.572532 -2.211028
-5.676421 -2.310325
-5.828830 -1.947019
-6.626181 -1.553527
-6.704756 -1.700563
-6.712229 -2.009499
-6.881836 -2.265596
-7.549197 -2.251081
-8.580211 -2.461335
-10.270339 -4.067115
-11.416625 -5.237645
-12.651168 -6.375184
-13.368047 -7.437661
-14.508596 -9.161419
-14.947566 -10.190232
-15.287724 -10.782340
-15.458616 -11.800968
-15.492611 -12.925285
-15.313964 -13.398775
-14.829066 -14.216535
-14.694389 -14.434713
-13.808252 -15.738428
-13.538501 -16.380314
-12.730454 -17.085698
-11.762253 -18.547467
-11.533358 -19.377636
-10.779962 -20.074425
-8.469083 -21.243132
-7.066401 -20.934457
-5.692747 -20.220361
-4.049178 -19.861456
-3.150074 -18.211953
-3.047412 -16.300761
-2.419934 -14.783014
-2.294972 -12.459281
-1.770861 -10.648363
-0.984415 -6.224348
-1.159965 -4.286477
-1.375592 -4.122974
-1.823135 -4.650051
-1.622965 -3.893536
-2.038810 -2.774423
-4.062178 -2.206426
-5.493951 -2.651817
-6.241901 -2.974304
-6.289184 -3.853854
-6.414270 -4.615990
-6.841917 -5.934930
-6.838780 -6.803763
-7.037851 -7.975809
-7.311518 -9.167697
-7.857004 -9.946794
-8.762151 -10.352160
-10.057374 -10.056843
-10.382338 -10.035375
-11.286887 -10.475540
-11.751648 -10.236763
-9.826612 -10.376514
-9.158410 -10.744757
-7.406579 -11.507923
-6.601787 -11.791397
-5.450691 -12.139117
-4.580995 -11.809943
-5.952490 -10.569949
-6.252737 -10.235314
-7.254092 -10.328423
-8.357642 -10.535626
-10.836393 -7.924304
-11.427855 -8.514240
-12.236022 -6.557053
-12.136338 -6.689322
-11.765309 -6.719524
-11.567593 -4.744775
-12.727336 -4.708229
-13.829610 -4.569691
-14.432525 -4.499358
-14.777192 -4.220452
-14.915795 -4.111304
-14.904247 -4.178511
-14.661745 -4.184809
-14.226447 -4.023747
-14.288245 -3.984278
-14.031344 -3.900297
-13.833307 -3.878088
-13.716794 -3.847343
-13.702194 -3.824968
-13.864379 -3.728019
-13.768416 -3.662951
-13.739767 -3.699808
-13.434453 -3.637337
-13.620087 -3.483743
-13.755102 -3.268124
-14.252216 -3.024834
-14.468751 -3.096425
-14.340927 -3.080170
-14.190553 -3.140813
-14.142176 -3.103841
-14.245988 -3.117383
-14.347474 -3.302970
-14.754883 -3.410917
-14.878456 -3.541515
-15.188710 -3.580077
-16.226013 -3.465548
-16.607086 -1.338047
-17.295150 -1.669741
-17.938860 -1.832105
-18.359347 -2.175947
-17.755124 -2.280808
-18.434665 -1.552614
-17.525200 -1.383194
-17.512375 -1.240389
-16.973732 -0.570288
-15.656902 0.028343
-15.292218 0.462422
-14.102972 0.438834
-13.495620 0.239827
-13.650007 0.076630
-13.747169 -0.119814
-13.473425 -0.235441
-13.138219 -0.078110
-13.255572 -0.275875
-13.854610 -0.507296
-13.897126 -0.733299
-13.743689 -0.870474
-14.428983 -1.444696
-14.672621 -1.672093
-14.864140 -2.009922
-15.682870 -2.080358
-16.118448 -1.998782
-16.168937 -2.313527
-17.082057 -2.431509
-17.956938 -2.711526
-18.158582 -2.765767
-19.329552 -3.081157
-20.090461 -3.285631
-20.129585 -3.410237
-21.590101 -3.656460
-21.549926 -3.773662
-21.998735 -4.153943
-22.511352 -4.434751
-22.723269 -4.596047
-23.235233 -4.845969
-23.547546 -5.070796
-24.162463 -5.665683
-24.408447 -5.785651
-25.270715 -6.151625
-25.878240 -6.792093
-26.557057 -6.961989
-26.888132 -7.116829
-27.749498 -6.884302
-28.114455 -6.841221
-28.644403 -6.831004
-28.990099 -6.838364
-29.893957 -7.091760
-30.772258 -6.561660
-30.799145 -6.453828
-31.316333 -6.298925
-31.470695 -6.215020
-31.353553 -5.256887
-31.334796 -4.361374
-31.355763 -3.212077
-31.328090 -1.440277
-31.254785 0.133731
-30.815431 2.728309
-30.683787 4.363759
-30.465864 6.697570
-30.170239 9.213695
-29.995692 11.085224
-29.921030 12.585740
-30.787695 13.585750
-30.684609 14.845568
-30.714359 16.444273
-30.518336 17.497769
-30.364821 17.931706
-30.505961 18.146309
-30.207616 18.520028
-29.904962 18.800860
-29.662532 18.985568
-30.070903 17.394853
-31.246959 15.884387
-31.810285 13.745562
-32.419972 11.084947
-32.994320 8.530986
-33.804320 6.456000
-34.488896 5.006939
-35.174778 3.061125
-35.966253 1.232004
-37.523210 -1.059155
-38.456527 -2.286501
-39.280214 -3.184003
-39.893994 -3.446102
-40.131378 -3.406525
-40.226937 -3.261267
-41.449053 -3.197025
-42.494688 -3.041275
-43.545950 -3.038280
-44.697216 -3.309616
-45.722993 -4.054860
-46.034129 -5.658674
-47.537606 -6.705861
-48.286075 -7.304884
-50.695140 -8.422543
-53.120581 -9.813258
-55.407524 -11.522551
-56.079817 -12.047080
-56.654156 -13.406622
-57.076380 -14.134455
-57.826316 -14.327562
-57.876116 -15.255994
-56.551005 -14.947643
-55.259866 -14.279522
-53.974493 -14.254825
-54.132602 -13.236265
-53.824276 -11.965529
-54.602110 -10.660511
-55.227774 -9.643824
-55.044306 -5.641387
-56.411046 -5.535928
-56.949427 -6.519825
-57.989302 -5.459302
-59.054165 -4.237142
-59.830613 -4.228156
-60.521761 -4.646272
-60.934426 -4.676650
-60.973336 -4.809158
-61.102250 -5.701188
-61.266264 -6.207621
-61.388521 -6.499767
-61.512289 -6.553958
-61.642389 -6.850387
-61.743385 -7.131018
-63.005508 -7.057456
-63.040249 -6.937549
-63.203880 -7.001344
-63.379892 -7.099369
-63.541413 -7.161186
-63.704522 -7.223543
-63.867380 -7.285887
-63.878293 -7.303829
-63.893349 -7.317451
-63.908413 -7.331209
-63.923507 -7.344899
-63.938499 -7.358736
-63.942614 -7.354333
-63.941316 -7.352333
-63.939993 -7.350126
-63.938708 -7.347863
-63.937546 -7.345656
-63.930964 -7.340349
-63.929665 -7.337508
-63.928420 -7.335630
-63.927164 -7.333484
-63.931063 -7.334043
-63.935709 -7.333431
-63.939655 -7.333741
-63.943462 -7.334106
-63.947437 -7.334453
-63.955640 -7.353913
-63.965214 -7.372212
-63.973393 -7.391587
-63.981590 -7.411084
-63.989802 -7.430411
-63.998008 -7.449817
-64.001855 -7.452795
-64.004881 -7.455631
-64.007946 -7.458448
-64.010948 -7.461162
-64.014002 -7.464053
-64.015370 -7.464374
-64.016773 -7.465103
-64.018020 -7.465315
-64.019346 -7.465619
-64.020694 -7.465996
-64.021969 -7.466144
-64.017285 -7.462902
-64.015568 -7.456617
-64.010826 -7.453589
-64.006053 -7.450381
-64.001424 -7.447404
-64.006199 -7.449350
-64.011311 -7.451264
-64.016096 -7.453341
