0.380644 0.709697
0.379655 0.711171
0.379602 0.711066
0.380009 0.710247
0.378904 0.711022
0.378452 0.711758
0.379636 0.712440
0.379021 0.712723
0.377847 0.713439
0.379083 0.713350
0.379025 0.713533
0.378886 0.714604
0.379215 0.715223
0.378731 0.714351
0.376812 0.715278
0.376505 0.714838
0.376436 0.714666
0.378413 0.712840
0.379284 0.711654
0.377854 0.712651
0.378536 0.712953
0.378485 0.712586
0.378395 0.712828
0.378754 0.713878
0.378098 0.714383
0.378970 0.714988
0.379700 0.713299
0.379951 0.709578
0.381117 0.709295
0.379609 0.711255
0.380629 0.709832
0.380858 0.710940
0.381141 0.709744
0.381095 0.709314
0.380167 0.709708
0.377983 0.710022
0.380390 0.710011
0.380104 0.709571
0.380706 0.707244
0.381162 0.708161
0.382064 0.708713
0.379981 0.706898
0.381560 0.703473
0.382420 0.703687
0.381848 0.703745
0.382479 0.706130
0.384102 0.707252
0.384667 0.706065
0.384796 0.703521
0.386900 0.703888
0.387622 0.702493
0.387122 0.703760
0.389123 0.702743
0.389994 0.702193
0.390848 0.702990
0.393322 0.702185
0.393184 0.701635
0.394367 0.701365
0.395415 0.702475
0.393404 0.702873
0.394718 0.702447
0.393990 0.702924
0.392968 0.702912
0.393284 0.702264
0.393570 0.703301
0.392380 0.702934
0.392811 0.703655
0.391501 0.702991
0.392194 0.704154
0.391729 0.703506
0.392467 0.702893
0.393037 0.703130
0.393072 0.703979
0.391604 0.703145
0.392426 0.702684
0.392989 0.702514
0.393274 0.702953
0.392910 0.703594
0.393145 0.702796
0.392050 0.702632
0.392623 0.703796
0.391568 0.703038
0.392788 0.703729
0.392164 0.703937
0.392823 0.705028
0.392564 0.702278
0.392107 0.703665
0.391997 0.702737
0.391025 0.704964
0.390017 0.704176
0.391896 0.705509
0.391198 0.705271
0.391959 0.705120
0.391783 0.706149
0.393512 0.706125
0.393721 0.705532
0.394018 0.705140
0.394384 0.705325
0.393688 0.704671
0.393484 0.704210
0.392823 0.706185
0.392763 0.706455
0.392650 0.707623
0.391775 0.709297
0.391794 0.711021
0.391474 0.710012
0.392940 0.709780
0.392423 0.708296
0.392150 0.708550
0.391946 0.707478
0.393099 0.707671
0.391461 0.706831
0.392059 0.706998
0.391257 0.708426
0.391451 0.707697
0.391046 0.707726
0.390331 0.707086
0.390885 0.707871
0.391207 0.706407
0.390874 0.708044
0.391806 0.709650
0.389797 0.710151
0.390334 0.709118
0.389849 0.709729
0.389618 0.710117
0.391268 0.708710
0.391410 0.709570
0.391102 0.708439
0.392973 0.707458
0.391690 0.706361
0.392704 0.705434
0.396486 0.705433
0.400713 0.701221
0.404740 0.701559
0.409064 0.703858
0.413391 0.708194
0.417677 0.712200
0.420709 0.712681
0.414646 0.714098
0.430746 0.780001
0.454245 1.148371
0.429591 1.239958
0.425797 1.239788
0.417778 1.238939
0.407478 1.244282
0.402179 1.246837
0.394385 1.244820
0.390754 1.247600
0.300912 1.377623
-0.044556 1.993682
-0.164957 2.129019
-0.167387 2.128861
-0.164476 2.124582
-0.163880 2.125705
-0.159673 2.129218
-0.159046 2.127708
-0.158126 2.129301
-0.157992 2.129968
-0.157693 2.133907
-0.159795 2.138097
-0.160124 2.142977
-0.160680 2.141849
-0.157674 2.139920
-0.156505 2.133797
-0.156566 2.134034
-0.156914 2.136802
-0.156690 2.133570
-0.156623 2.134218
-0.155637 2.135014
-0.156012 2.132964
-0.155028 2.130087
-0.178018 2.139246
-0.175054 2.143684
-0.175534 2.142594
-0.178830 2.149612
-0.178825 2.151862
-0.181962 2.152094
-0.567861 3.064591
-0.988576 4.168894
-0.931970 4.208000
-0.845533 4.253098
-0.702573 4.227597
-0.684602 4.200255
-0.689365 4.193061
-0.737055 4.192295
-0.804643 4.174915
-0.833547 4.169601
-0.855168 4.176588
-0.904867 4.172041
-0.892618 4.166619
-0.868908 4.154602
-0.883077 4.162710
-0.890925 4.167144
-0.895555 4.168506
-0.886155 4.162826
-0.877493 4.159506
-0.881025 4.160715
-0.902939 4.174013
-0.899067 4.171695
-0.944901 4.350421
-0.911070 4.342704
-0.941095 4.357365
-0.940804 4.343888
-0.800802 4.360775
-0.768291 4.351277
-0.831349 4.351365
-1.057530 4.385971
-1.599110 4.895297
-1.751580 4.994634
-2.320524 5.185603
-2.492009 5.375591
-2.617361 5.501947
-2.759520 5.749071
-2.745709 5.761760
-2.472692 5.851712
-2.464083 5.854544
-2.461497 5.853303
-2.431014 5.779615
-2.409851 5.789497
-2.384674 5.775989
-2.450531 5.801028
-2.512447 5.779088
-2.597941 5.772936
-2.496899 5.759936
-2.286642 5.809822
-2.272844 5.820414
-2.141869 5.876960
-1.994339 5.910682
-1.919710 5.924547
-1.944283 5.942529
-1.970628 5.956397
-2.058355 5.995262
-2.141422 5.956804
-2.110587 5.945374
-1.933932 5.985831
-1.911531 5.987844
-1.886531 5.991986
-1.903506 5.999802
-1.946015 6.024224
-1.960345 6.032277
-1.873575 6.015365
-1.874193 6.037877
-1.878408 6.035935
-1.865619 6.027728
-1.872830 6.030507
-1.886314 6.036958
-1.955449 6.037603
-1.939568 6.010552
-1.914304 5.985232
-1.907147 5.984875
-1.939397 6.000483
-2.059189 5.947644
-1.986267 5.924731
-1.992655 5.924963
-2.011496 5.925710
-2.362893 5.790549
-2.354834 5.759346
-2.363006 5.760466
-2.573189 5.691883
-2.727312 5.663464
-2.654700 5.602221
-2.671842 5.609931
-2.575977 5.662671
-2.371200 5.771651
-2.221850 5.835645
-2.278189 5.958720
-2.746850 5.948171
-3.246780 5.877125
-3.306445 5.757843
-3.342288 5.731837
-3.325902 5.728691
-3.306009 5.787253
-3.274625 5.820713
-3.376123 5.816269
-3.532464 5.687779
-4.295485 5.809212
-4.776045 6.141437
-4.859834 6.114220
-5.124190 5.861930
-4.951793 5.958388
-5.947944 6.864874
-6.634451 8.137782
-7.147133 9.152983
-6.786759 8.208812
-6.073643 7.060220
-5.238673 6.042308
-4.362090 5.489528
-3.660713 4.616283
-3.598991 4.878741
-4.082917 5.857970
-4.090226 5.180172
-3.966445 4.642661
-3.972821 4.589360
-3.933513 4.130460
-4.377468 4.705960
-4.619898 4.619049
-4.023330 3.609360
-3.653533 3.260489
-4.030706 3.507876
-4.086558 3.538502
-3.449221 2.734358
-2.936380 1.979988
-3.267099 2.706162
-2.857845 2.630873
-2.327168 2.876928
-1.794042 4.026314
-1.615326 3.185038
-2.221170 2.524681
-1.869563 1.725676
-1.346679 2.806979
-0.871319 2.849891
-1.292827 1.298945
-1.358265 1.245445
-1.472901 1.307978
0.082116 0.802986
-1.012582 1.079055
-0.917075 0.822599
-0.801537 0.495789
-0.047765 1.429126
1.399907 1.136759
2.310035 0.810064
2.310073 0.810170
2.310129 0.810089
2.311209 0.810172
2.311220 0.810151
1.987241 0.930628
2.212625 0.887835
2.220348 0.887213
2.227408 0.884714
2.231654 0.882863
2.234955 0.881907
2.238245 0.879567
2.242981 0.877430
2.245857 0.875352
2.250813 0.873511
2.253916 0.870746
2.258537 0.868901
2.263385 0.868381
2.266385 0.865733
2.268857 0.862953
2.273145 0.861190
2.278975 0.861252
2.281889 0.859086
2.286802 0.859318
2.291318 0.858962
2.297133 0.859389
2.301872 0.858187
2.305830 0.856225
2.309873 0.854335
2.315055 0.855055
2.321119 0.854593
2.324188 0.851767
2.328826 0.851079
2.333143 0.850074
2.339511 0.849230
2.342347 0.848680
2.345673 0.846625
2.351499 0.845488
2.357676 0.845268
2.363849 0.844892
2.367682 0.844412
2.370575 0.841923
2.373813 0.841174
2.377793 0.840500
2.383177 0.840615
2.388228 0.840588
2.391966 0.839798
2.394160 0.839018
2.399333 0.838383
2.402819 0.837472
2.407906 0.837143
2.411986 0.837561
2.415132 0.836086
2.419210 0.835524
2.423218 0.834987
2.426032 0.834163
2.429405 0.833748
2.432764 0.832605
2.436265 0.831175
2.439719 0.828713
2.445575 0.828335
2.450698 0.827325
2.456143 0.826675
2.459950 0.824799
2.464045 0.823488
2.469624 0.822993
2.473579 0.822109
2.479803 0.823373
2.486075 0.822045
2.490449 0.821373
2.496207 0.821701
2.499540 0.820229
2.502151 0.820173
2.503970 0.820116
2.506615 0.819641
2.510611 0.819655
2.514478 0.819188
2.518422 0.819897
2.520997 0.820122
2.524811 0.819427
2.528946 0.819034
2.533122 0.818537
2.537244 0.818159
2.543548 0.818386
2.548523 0.818796
2.553270 0.818443
2.557689 0.816913
2.563548 0.817459
2.568752 0.818168
2.572456 0.817226
2.577516 0.817542
2.580836 0.815075
2.583542 0.815563
2.586517 0.815136
2.588951 0.814332
2.591316 0.814300
2.594628 0.813210
2.599744 0.812834
2.605973 0.813004
2.610932 0.813061
2.616715 0.812831
2.621484 0.811835
2.625424 0.812309
2.630056 0.812203
2.636136 0.812509
2.639626 0.811615
2.644347 0.811848
2.647650 0.811801
2.649659 0.811405
2.653962 0.811437
2.659083 0.811710
2.663401 0.811997
2.665558 0.812253
2.669032 0.810458
2.673948 0.810276
2.678143 0.810230
2.680377 0.809976
2.685024 0.810615
2.688412 0.809547
2.691156 0.808911
2.694773 0.809469
2.697289 0.809700
2.698934 0.808839
2.702660 0.808318
2.706823 0.807331
2.709867 0.805385
2.713949 0.805013
2.718215 0.804512
2.721302 0.803559
2.723688 0.802936
2.727162 0.802307
2.730730 0.801588
2.733499 0.801532
2.736640 0.800382
2.740349 0.798983
2.745077 0.798600
2.747906 0.796725
2.752169 0.796647
2.755475 0.795921
2.759429 0.794619
2.762866 0.793847
2.767830 0.793405
2.772175 0.792584
2.776555 0.791256
2.779604 0.790942
2.783861 0.790502
2.787335 0.789574
2.790771 0.788174
2.795975 0.787252
2.800883 0.786336
2.806360 0.786228
2.810476 0.785544
2.813958 0.785056
2.816395 0.783969
2.821381 0.783551
2.824764 0.783745
2.828899 0.783357
2.832852 0.782742
2.837025 0.782936
2.829807 0.780336
2.831273 0.780540
2.835282 0.780327
2.840507 0.779930
2.847194 0.780474
2.851937 0.778876
2.858804 0.778784
2.863313 0.778146
2.866183 0.778176
2.870507 0.777272
2.875053 0.775741
2.879409 0.773695
2.883837 0.773480
2.891038 0.772705
2.894135 0.771772
2.901636 0.771959
2.907181 0.771540
2.912041 0.771975
2.918433 0.771985
2.923816 0.771984
2.931524 0.771268
2.936239 0.770958
2.941923 0.771001
2.946739 0.769462
2.953001 0.768769
2.957265 0.769205
2.962084 0.768184
2.968621 0.768755
2.973026 0.766979
2.977642 0.765772
2.983013 0.765212
2.988107 0.765152
2.992231 0.762840
2.997469 0.763413
3.002136 0.763167
3.006394 0.762149
3.012233 0.761214
3.015881 0.760666
3.019707 0.760285
3.024440 0.759468
3.030909 0.759054
3.034807 0.757345
3.040218 0.756311
3.044567 0.754674
3.049710 0.754121
3.054355 0.753203
3.059588 0.753703
3.064563 0.753871
3.068353 0.753384
3.072314 0.753204
3.076698 0.752064
3.081285 0.752342
3.086041 0.750925
3.090318 0.748521
3.093556 0.745846
3.099072 0.745972
3.103081 0.745523
3.107213 0.744740
3.111150 0.744190
3.114355 0.743286
3.118769 0.740908
3.126045 0.740411
3.130596 0.738679
3.136604 0.738865
3.140489 0.738209
3.145696 0.738359
3.150071 0.737397
3.154233 0.736641
3.157854 0.735615
3.161899 0.734645
3.166437 0.734713
3.170201 0.733707
3.173226 0.732767
3.178080 0.731786
3.182952 0.731429
3.187684 0.731168
3.191360 0.729892
3.199606 0.729585
3.203965 0.728381
3.211992 0.729315
3.217162 0.728473
3.220790 0.727539
3.226807 0.727427
3.230365 0.727526
3.233862 0.727161
3.239176 0.725043
3.242079 0.722788
3.245831 0.721372
3.249446 0.720564
3.253972 0.719282
3.257855 0.718812
3.264174 0.718264
3.267729 0.717738
3.271082 0.717289
3.274783 0.717117
3.278008 0.716473
3.280039 0.715403
3.284672 0.715242
3.290256 0.714621
3.293207 0.713838
3.298635 0.713187
3.304813 0.714545
3.308249 0.713592
3.313086 0.711520
3.316784 0.711546
3.322609 0.711005
3.328287 0.710411
3.335406 0.711223
3.341157 0.711646
3.343301 0.711174
3.346171 0.711820
3.345683 0.711112
3.349904 0.709579
3.357381 0.710253
3.361725 0.709675
3.367461 0.709988
3.372275 0.709514
3.378946 0.709576
3.383996 0.708368
3.389499 0.707838
3.396564 0.707966
3.403536 0.707514
3.411084 0.706159
3.418772 0.706177
3.425321 0.706572
3.429079 0.704416
3.433327 0.703285
3.437888 0.702314
3.444951 0.702671
3.452743 0.703301
3.457578 0.702516
3.463317 0.702836
3.468096 0.701616
3.473999 0.701321
3.478929 0.701028
3.481807 0.700714
3.486765 0.701857
3.492289 0.702436
3.496996 0.701990
3.501735 0.701217
3.505729 0.701353
3.509664 0.699975
3.515676 0.699466
3.521404 0.698827
3.526272 0.697481
3.533116 0.697296
3.538176 0.696841
3.543571 0.696591
3.547769 0.695669
3.552610 0.695679
3.558475 0.694298
3.565234 0.694472
3.571456 0.693912
3.576665 0.692005
3.582483 0.690766
3.587380 0.689477
3.593852 0.688679
3.600381 0.688320
3.606210 0.687189
3.611805 0.686822
3.617119 0.686054
3.621860 0.685909
3.626328 0.685567
3.630379 0.683480
3.636750 0.683027
3.641668 0.683119
3.647266 0.681840
3.652301 0.681101
3.655318 0.680759
3.658980 0.679003
3.662821 0.678089
3.668921 0.677774
3.674592 0.677648
3.679545 0.677060
3.684463 0.676207
3.688642 0.676449
3.691873 0.675447
3.699267 0.675262
3.704300 0.674710
3.710225 0.674045
3.715883 0.674136
3.721770 0.673128
3.725617 0.672775
3.732631 0.672136
3.739122 0.671598
3.743541 0.670079
3.746791 0.668480
3.750827 0.667450
3.754507 0.666849
3.757760 0.666891
3.761514 0.667113
3.767095 0.666203
3.772437 0.665884
3.780749 0.665826
3.785808 0.664939
3.790137 0.664289
3.795587 0.664290
3.802894 0.663853
3.808600 0.663611
3.813866 0.663708
3.818683 0.664203
3.823266 0.663049
3.829288 0.663257
3.833172 0.662226
3.835923 0.662108
3.834182 0.661588
3.835280 0.661140
3.833851 0.660598
3.839666 0.661152
3.843712 0.661010
3.847885 0.661149
3.853126 0.661437
3.858386 0.661571
3.864690 0.660675
3.871463 0.661316
3.876509 0.660023
3.882725 0.660165
3.886497 0.658379
3.892478 0.657279
3.896843 0.657035
3.902214 0.656670
3.907785 0.656694
3.913401 0.655261
3.919080 0.655194
3.924272 0.654301
3.931525 0.655257
3.936582 0.654360
3.941252 0.654352
3.946692 0.654091
3.951010 0.652858
3.955498 0.651035
3.961303 0.650306
3.967127 0.650440
3.972367 0.649810
3.977542 0.648506
3.982971 0.647626
3.987406 0.646795
3.993061 0.646396
3.997929 0.645840
4.004048 0.645414
4.007856 0.644955
4.012702 0.644109
4.019030 0.644678
4.023571 0.644660
4.027584 0.644516
4.033039 0.643797
4.038798 0.642953
4.043366 0.642470
4.046408 0.639556
4.051726 0.639330
4.057628 0.640108
4.061551 0.639776
4.068553 0.639532
4.073406 0.638288
4.080359 0.638557
4.084639 0.636579
4.091858 0.636686
4.096501 0.635918
4.102239 0.634634
4.108352 0.634666
4.114332 0.634735
4.120146 0.634407
4.124761 0.633506
4.130464 0.633241
4.135165 0.632121
4.140355 0.631831
4.147589 0.631501
4.153627 0.631807
4.161005 0.632008
4.168027 0.631627
4.173062 0.630135
4.179501 0.629319
4.183627 0.626892
4.189835 0.626589
4.193766 0.626282
4.197723 0.625309
4.201400 0.623308
4.206688 0.622480
4.211106 0.620578
4.218131 0.621436
4.223907 0.619325
4.231214 0.618850
4.236133 0.617765
4.243494 0.618102
4.247852 0.616391
4.252644 0.615328
4.256969 0.614598
4.263027 0.614399
4.269119 0.614883
4.274303 0.614757
4.273714 0.613878
4.292359 0.613333
4.285680 0.611292
4.293899 0.611558
4.295220 0.610529
4.302773 0.609807
4.303019 0.608523
4.302683 0.609395
4.314749 0.607908
4.327013 0.607875
4.340426 0.607433
4.374826 0.609898
4.405245 0.604799
4.407165 0.605398
4.412431 0.603508
4.409658 0.603821
4.398942 0.598416
4.386292 0.595240
4.361920 0.591670
4.334487 0.582727
4.354758 0.585315
4.375890 0.588650
4.408459 0.595103
4.444593 0.593016
4.449002 0.596838
4.451986 0.598995
4.454457 0.598758
4.446952 0.595619
4.449886 0.596807
4.478846 0.601032
4.490056 0.604281
4.495773 0.605133
4.501134 0.605525
4.505315 0.606365
4.509880 0.606787
4.515026 0.608326
4.519138 0.608192
4.522319 0.609414
4.526477 0.610285
4.530990 0.611699
4.535484 0.612142
4.540877 0.612123
4.545511 0.612434
4.550099 0.612866
4.554071 0.612926
4.556154 0.613505
4.559822 0.613903
4.564998 0.613604
4.569760 0.615221
4.574363 0.615267
4.582632 0.617748
4.586086 0.617314
4.591605 0.617139
4.597138 0.617294
4.603289 0.617941
4.609902 0.619390
4.615725 0.619048
4.621777 0.619689
4.627414 0.619393
4.632684 0.619147
4.637796 0.619261
4.643097 0.619344
4.649096 0.619298
4.653965 0.619575
4.659045 0.619912
4.664941 0.620979
4.669370 0.621062
4.674237 0.621620
4.682545 0.622946
4.690406 0.624681
4.694850 0.624952
4.700900 0.624045
4.707086 0.623735
4.713425 0.623853
4.718889 0.624526
4.723303 0.623685
4.729120 0.624311
4.734472 0.624691
4.739949 0.625459
4.744176 0.626113
4.750223 0.626654
4.754670 0.627255
4.758979 0.627973
4.763755 0.628199
4.770295 0.629090
4.775933 0.629310
4.781095 0.628862
4.788604 0.630841
4.795170 0.633034
4.799683 0.633208
4.804865 0.633664
4.810562 0.633793
4.815734 0.634864
4.821946 0.635749
4.828598 0.637020
4.833397 0.637200
4.836811 0.637200
4.843436 0.638932
4.849047 0.639710
4.854689 0.640310
4.860325 0.640406
4.864902 0.639758
4.870508 0.640529
4.876186 0.641375
4.883422 0.642735
4.889045 0.642741
4.895922 0.644525
4.899420 0.643269
4.904230 0.642381
4.909092 0.642842
4.915089 0.643534
4.919814 0.643626
4.926285 0.644371
4.931470 0.645286
4.936913 0.645970
4.942249 0.646582
4.946346 0.645973
4.951053 0.646219
4.957854 0.647923
4.962394 0.647029
4.967493 0.648218
4.972506 0.649141
4.979287 0.649662
4.984175 0.650147
4.989486 0.650528
4.994690 0.651485
4.999727 0.652008
5.004233 0.651852
5.009529 0.653023
5.014064 0.652428
5.019118 0.651720
5.025323 0.652189
5.029699 0.652407
5.036145 0.652605
5.040719 0.652650
5.046849 0.653031
5.051739 0.653666
5.057009 0.654218
5.062136 0.655242
5.066629 0.655681
5.072505 0.656153
5.078077 0.656913
5.083095 0.657057
5.088240 0.656933
5.092235 0.657454
5.097554 0.657412
5.101760 0.657841
5.106355 0.657195
5.110330 0.657633
5.114744 0.658012
5.121655 0.659296
5.126837 0.659535
5.132255 0.659724
5.139054 0.660383
5.143446 0.660155
5.149721 0.659515
5.156326 0.659972
5.161672 0.660866
5.168563 0.662117
5.173888 0.662355
5.179082 0.662988
5.184021 0.663483
5.189960 0.663915
5.195122 0.664784
5.200549 0.664883
5.206925 0.665914
5.212482 0.666614
5.218635 0.668023
5.223914 0.668667
5.231231 0.670239
5.239961 0.672001
5.243457 0.671772
5.246671 0.671937
5.250709 0.672351
5.254268 0.672881
5.257264 0.672859
5.264147 0.672405
5.270129 0.672443
5.276972 0.672260
5.282349 0.671432
5.288929 0.673795
5.295039 0.673652
5.300852 0.673386
5.307463 0.673856
5.313688 0.674263
5.319791 0.674290
5.325772 0.675259
5.331593 0.675382
5.335918 0.676303
5.342057 0.677603
5.347048 0.678138
5.351486 0.678205
5.356647 0.678767
5.363286 0.680053
5.370297 0.680417
5.374762 0.680099
5.379770 0.680662
5.385157 0.681127
5.390323 0.681994
5.395757 0.682010
5.400085 0.682193
5.406039 0.681934
5.411445 0.682338
5.418833 0.683511
5.425049 0.685902
5.429918 0.686321
5.435867 0.686396
5.441506 0.687246
5.446007 0.686099
5.451619 0.687290
5.458045 0.688245
5.463539 0.688598
5.470470 0.689742
5.475310 0.689888
5.479499 0.689482
5.485214 0.689819
5.491915 0.689787
5.496760 0.690044
5.501701 0.689845
5.507661 0.690006
5.512272 0.689814
5.516734 0.689403
5.522483 0.689805
5.528779 0.689228
5.533073 0.690061
5.537747 0.689321
5.542318 0.689009
5.547005 0.689140
5.552267 0.690024
5.559546 0.692275
5.566191 0.692570
5.570743 0.692540
5.575483 0.692797
5.580436 0.692799
5.586559 0.693245
5.592970 0.693886
5.596755 0.694202
5.603017 0.695080
5.607737 0.694345
5.612339 0.695017
5.618400 0.695503
5.625005 0.697062
5.630641 0.698816
5.637465 0.699073
5.643003 0.697801
5.648085 0.698127
5.653097 0.698493
5.658489 0.699250
5.663410 0.699510
5.667829 0.699265
5.673436 0.698075
5.678480 0.698805
5.683818 0.699793
5.687780 0.700015
5.693646 0.700908
5.698817 0.700675
5.705179 0.701641
5.713675 0.703382
5.719522 0.704346
5.723920 0.703841
5.733132 0.704229
5.737101 0.704996
5.740821 0.704460
5.745083 0.704584
5.749974 0.705634
5.753866 0.705198
5.758790 0.706663
5.763915 0.706343
5.770494 0.707470
5.777138 0.708031
5.782377 0.709415
5.787955 0.709918
5.792957 0.711510
5.798833 0.711902
5.803891 0.712001
5.809824 0.711927
5.814127 0.712011
5.818708 0.712614
5.824157 0.713145
5.828728 0.714300
5.834042 0.714976
5.839727 0.715070
5.844447 0.715697
5.849081 0.715733
5.853743 0.715788
5.859404 0.715819
5.865585 0.716035
5.870018 0.716298
5.876964 0.718043
5.881885 0.718015
5.889750 0.719036
5.895418 0.719117
5.899034 0.718373
5.905095 0.718727
5.909386 0.719137
5.913852 0.720386
5.918225 0.720593
5.922088 0.720322
5.927731 0.720163
5.933646 0.721206
5.939105 0.721406
5.944247 0.721551
5.949285 0.722663
5.955535 0.723703
5.959353 0.724165
5.964516 0.724661
5.968731 0.725546
5.973553 0.726051
5.979478 0.727497
5.984424 0.727598
5.991062 0.727971
5.996003 0.727795
6.000788 0.728209
6.008426 0.729382
6.012662 0.728696
6.017966 0.727601
6.024367 0.729730
6.029776 0.729878
6.035133 0.729801
6.040101 0.730635
6.045258 0.730926
6.051763 0.732670
6.055851 0.731874
6.059440 0.731789
6.064548 0.732476
6.069581 0.732832
6.074058 0.732735
6.078521 0.733074
6.084025 0.733507
6.088145 0.733201
6.093845 0.733916
6.100578 0.735250
6.107465 0.736288
6.114457 0.736751
6.118483 0.737490
6.124075 0.737194
6.131264 0.738020
6.136738 0.738259
6.141033 0.738448
6.146131 0.739238
6.151328 0.739176
6.157419 0.740123
6.164504 0.739575
6.170007 0.739217
6.176592 0.739827
6.182867 0.739036
6.189179 0.739434
6.194903 0.739722
6.201803 0.740694
6.206798 0.741209
6.211238 0.741033
6.216376 0.741838
6.220991 0.740738
6.225280 0.740387
6.230223 0.741326
6.235152 0.740532
6.240552 0.740880
6.246771 0.743165
6.251547 0.743921
6.257524 0.744485
6.262412 0.745239
6.267160 0.744429
6.272353 0.744742
6.279379 0.745516
6.286414 0.746792
6.293806 0.748336
6.299070 0.746907
6.305064 0.747625
6.310191 0.748183
6.317001 0.749959
6.322379 0.750923
6.327415 0.751222
6.331431 0.750567
6.335734 0.750913
6.340544 0.750277
6.346944 0.750311
6.352549 0.750974
6.357449 0.750649
6.362267 0.750048
6.367427 0.750780
6.372727 0.751636
6.376789 0.751920
6.381147 0.752917
6.387574 0.753837
6.392982 0.755018
6.398619 0.755591
6.404342 0.756998
6.408506 0.757629
6.413339 0.757951
6.417966 0.758084
6.422553 0.758806
6.427907 0.759442
6.432783 0.758358
6.437670 0.758706
6.442657 0.759333
6.449113 0.759734
6.455666 0.760443
6.460986 0.760706
6.466470 0.761932
6.470962 0.761601
6.475018 0.762653
6.480490 0.762442
6.485930 0.763382
6.492480 0.766475
6.497896 0.766313
6.502537 0.767791
6.507584 0.767905
6.512633 0.768743
6.517419 0.769542
6.523042 0.771145
6.526866 0.770850
6.530988 0.770722
6.535909 0.771178
6.543567 0.773091
6.549223 0.773855
6.554536 0.773805
6.559402 0.774364
6.566877 0.776030
6.571459 0.776652
6.576479 0.777074
6.581279 0.777261
6.588203 0.779526
6.594033 0.780137
6.598594 0.779448
6.603556 0.780003
6.608687 0.779070
6.614624 0.780809
6.619790 0.781286
6.626895 0.781928
6.634036 0.782931
6.639000 0.783528
6.645286 0.784632
6.649991 0.783397
6.656627 0.783717
6.663583 0.784629
6.668797 0.784256
6.673998 0.784388
6.680561 0.785447
6.686605 0.784736
6.692633 0.785747
6.697905 0.786399
6.705328 0.789342
6.710194 0.788708
6.715553 0.788803
6.721887 0.789803
6.728844 0.790351
6.734409 0.791530
6.739701 0.791705
6.743570 0.791485
6.750181 0.791666
6.755608 0.791491
6.760089 0.791366
6.765977 0.792163
6.771574 0.792648
6.776771 0.793762
6.782034 0.794581
6.788091 0.795367
6.792103 0.794273
6.797998 0.795326
6.802302 0.795493
6.807494 0.796013
6.813190 0.795181
6.820985 0.797852
6.826755 0.797407
6.831395 0.798646
6.839100 0.800528
6.844355 0.800119
6.850595 0.800900
6.857052 0.801689
6.862548 0.802658
6.867083 0.802762
6.872108 0.803112
6.880514 0.804480
6.887015 0.804766
6.892794 0.806872
6.898401 0.807044
6.905481 0.808250
6.910634 0.808403
6.914863 0.807780
6.919062 0.808116
6.924918 0.808965
6.931049 0.808546
6.935872 0.809185
6.941112 0.809003
6.946055 0.809603
6.953513 0.810841
6.958694 0.810897
6.964757 0.810944
6.970547 0.810597
6.977552 0.812572
6.984136 0.812368
6.992369 0.813232
6.998708 0.814110
7.006311 0.815210
7.010792 0.815025
7.016089 0.815525
7.020971 0.814922
7.027007 0.814791
7.032582 0.814729
7.039997 0.815394
7.045189 0.814749
7.052228 0.816817
7.056858 0.816466
7.062789 0.816561
7.066841 0.815838
7.071547 0.815534
7.075865 0.815202
7.082888 0.815592
7.090124 0.816670
7.095581 0.816412
7.100386 0.816595
7.106585 0.815010
7.113193 0.816307
7.117965 0.815865
7.122736 0.815635
7.128803 0.815921
7.134522 0.815372
7.139791 0.815422
7.145924 0.815927
7.151912 0.817271
7.157523 0.817972
7.162766 0.818821
7.169902 0.819728
7.174842 0.819580
7.180305 0.819610
7.185143 0.820126
7.191109 0.819940
7.196663 0.819726
7.202579 0.820389
7.209014 0.821880
7.214504 0.822529
7.219091 0.822493
7.223734 0.823161
7.228263 0.823668
7.233281 0.823741
7.237720 0.822741
7.241458 0.822715
7.247449 0.822437
7.253511 0.822886
7.259937 0.823978
7.266197 0.823825
7.271203 0.823773
7.275342 0.823788
7.282604 0.824780
7.287242 0.824554
7.292756 0.824392
7.297909 0.825734
7.300986 0.824372
7.308099 0.825280
7.312677 0.825630
7.320252 0.826710
7.324160 0.826983
7.329826 0.827313
7.334597 0.826966
7.340735 0.825623
7.344921 0.825547
7.350962 0.826936
7.357039 0.827270
7.363173 0.827614
7.368311 0.827943
7.373075 0.827191
7.376660 0.825750
7.382613 0.826401
7.388678 0.826338
7.393412 0.826027
7.398448 0.826651
7.404777 0.826666
7.409496 0.826850
7.415948 0.826998
7.421070 0.828516
7.426779 0.829005
7.431907 0.828857
7.437190 0.828003
7.443454 0.829262
7.448528 0.828904
7.453863 0.829065
7.460168 0.830846
7.464941 0.830415
7.469845 0.830887
7.475387 0.830957
7.479768 0.829873
7.485527 0.831337
7.490982 0.831199
7.496494 0.831958
7.501385 0.831795
7.509195 0.833519
7.514512 0.833313
7.519763 0.832641
7.526106 0.833369
7.533165 0.834913
7.539475 0.836785
7.545122 0.836067
7.552232 0.837321
7.557695 0.837838
7.565017 0.839173
7.571057 0.838539
7.575446 0.838233
7.581340 0.838444
7.586524 0.838421
7.592263 0.838742
7.596443 0.838161
7.599504 0.837953
7.604212 0.838158
7.609528 0.838360
7.614535 0.836820
7.620579 0.837097
7.625629 0.836300
7.632987 0.836823
7.640445 0.837289
7.646854 0.837736
7.653178 0.837001
7.659507 0.838008
7.664128 0.839137
7.669890 0.839907
7.674123 0.839578
7.678332 0.838423
7.684060 0.837803
7.688664 0.838155
7.693835 0.838674
7.699368 0.838505
7.707682 0.839158
7.713280 0.840475
7.721023 0.842325
7.726971 0.841248
7.734784 0.842527
7.740501 0.843340
7.745256 0.842506
7.750345 0.842975
7.757257 0.842827
7.762003 0.842063
7.768000 0.842112
7.772186 0.842028
7.777046 0.842480
7.782150 0.842597
7.786288 0.842177
7.793311 0.843772
7.797951 0.844125
7.803979 0.843170
7.807769 0.842919
7.813998 0.843597
7.818437 0.844883
7.824504 0.844842
7.830509 0.845456
7.835982 0.844590
7.840946 0.845474
7.845719 0.845134
7.851833 0.844533
7.856517 0.844814
7.861090 0.845297
7.867744 0.845864
7.872696 0.846021
7.878901 0.845082
7.885210 0.845682
7.891130 0.846396
7.895960 0.846316
7.905449 0.848319
7.912408 0.849730
7.919296 0.849306
7.925115 0.849626
7.933057 0.850191
7.940074 0.851904
7.946691 0.851638
7.950485 0.851655
7.955836 0.851277
7.962170 0.850121
7.967476 0.851106
7.973209 0.851484
7.979731 0.852865
7.985626 0.853118
7.992080 0.853742
7.998026 0.854604
8.002862 0.853731
8.008350 0.854342
8.012617 0.854634
8.017700 0.854332
8.022473 0.853930
8.027925 0.855789
8.034143 0.855276
8.040854 0.855622
8.046779 0.855564
8.052543 0.857006
8.058810 0.857749
8.064400 0.857639
8.070414 0.857365
8.077362 0.858211
8.082492 0.858896
8.088197 0.858714
8.092531 0.858887
8.099848 0.859952
8.106401 0.861627
8.110149 0.861189
8.115139 0.861589
8.119512 0.860894
8.124038 0.860539
8.128804 0.860178
8.133326 0.861380
8.138866 0.862206
8.145459 0.862818
8.151426 0.863667
8.157393 0.864802
8.164503 0.865804
8.172844 0.868009
8.178558 0.868039
8.182719 0.867443
8.187469 0.867746
8.193423 0.869310
8.198179 0.869618
8.202569 0.869155
8.208244 0.869901
8.212013 0.869918
8.217748 0.870352
8.222404 0.870367
8.226951 0.871406
8.235259 0.872756
8.241008 0.873451
8.247815 0.874029
8.253457 0.873394
8.259014 0.873746
8.264087 0.873920
8.270342 0.873981
8.275380 0.874734
8.282475 0.876685
8.287277 0.876700
8.294530 0.879129
8.301063 0.879654
8.305406 0.879691
8.311520 0.880776
8.317833 0.882406
8.323733 0.881706
8.329064 0.882270
8.335235 0.883996
8.340031 0.883972
8.345260 0.883644
8.349257 0.883470
8.354462 0.884570
8.360522 0.885325
8.365109 0.884414
8.370319 0.884896
8.375600 0.884262
8.380403 0.883482
8.385974 0.884501
8.393856 0.885083
8.399998 0.885105
8.406611 0.887031
8.411702 0.887772
8.416852 0.887354
8.422003 0.887282
8.427219 0.886839
8.432114 0.887532
8.437429 0.887021
8.442252 0.887902
8.447189 0.887282
8.452350 0.887188
8.457134 0.889012
8.464898 0.891069
8.469733 0.891989
8.474827 0.892917
8.479922 0.892838
8.487314 0.893645
8.492637 0.894433
8.499673 0.895837
8.503687 0.894261
8.508763 0.894817
8.515717 0.896310
8.520957 0.896238
8.527808 0.898534
8.533459 0.897967
8.538511 0.897509
8.543344 0.897603
8.549079 0.898035
8.556689 0.899159
8.561471 0.898455
8.566925 0.899858
8.572015 0.901391
8.579586 0.902315
8.583541 0.902433
8.590094 0.903957
8.594063 0.904179
8.598743 0.904718
8.603457 0.905816
8.610703 0.907142
8.616118 0.907038
8.623265 0.906764
8.629561 0.906921
8.637776 0.908654
8.642882 0.909636
8.648994 0.909864
8.653853 0.909902
8.658961 0.909455
8.666565 0.911141
8.671700 0.912175
8.677842 0.912157
8.686382 0.914303
8.691024 0.913832
8.697949 0.914760
8.702933 0.916313
8.707864 0.916534
8.715475 0.918831
8.719361 0.918033
8.724240 0.918381
8.729634 0.918736
8.737129 0.919851
8.742025 0.920675
8.747507 0.921278
8.753319 0.920977
8.758929 0.921767
8.766980 0.923294
8.772602 0.922829
8.780700 0.923496
8.785473 0.923304
8.789607 0.923885
8.794497 0.924117
8.800634 0.923656
8.805772 0.923637
8.811190 0.922897
8.816622 0.923699
8.825236 0.925163
8.830422 0.925237
8.836783 0.925588
8.844347 0.926372
8.850118 0.925657
8.855413 0.924696
8.860278 0.925203
8.866481 0.927028
8.869397 0.925996
8.876679 0.927718
8.881413 0.927734
8.886672 0.928700
8.893099 0.929672
8.899047 0.929733
8.905380 0.931312
8.910705 0.930951
8.915217 0.932235
8.919889 0.931260
8.924629 0.931040
8.930532 0.932081
8.935439 0.931478
8.942679 0.932218
8.948165 0.932494
8.955538 0.933426
8.962472 0.934099
8.970137 0.935279
8.975213 0.934590
8.982330 0.936287
8.989838 0.937103
8.995254 0.936861
9.003036 0.938330
9.010905 0.939783
9.023343 0.940299
9.030809 0.941548
9.038118 0.942536
9.042846 0.943562
9.048748 0.943812
9.055604 0.944529
9.061671 0.945662
9.065625 0.947056
9.071424 0.948735
9.077964 0.950998
9.082564 0.952621
9.087832 0.953256
9.098608 0.954505
9.109852 0.956630
9.106989 0.957396
8.867895 0.940312
8.867450 0.941619
8.833861 0.941102
8.845883 0.938894
8.326660 1.067270
8.224877 1.054956
8.231091 1.045578
8.223598 1.043776
8.277933 1.039441
8.308028 1.039032
8.327659 1.037771
8.341334 1.038114
8.358944 1.033914
8.377177 1.032100
8.387226 1.029139
8.402932 1.026437
8.410205 1.025020
8.422608 1.020991
8.435962 1.020717
8.449146 1.017117
8.471349 1.011886
8.494913 1.007920
8.511674 1.005150
8.542210 1.003454
8.574025 1.002280
8.606117 1.000933
8.659318 0.993550
8.692120 0.990977
8.770185 0.980962
8.820193 0.977011
8.861203 0.972778
8.883073 0.971647
8.866999 0.972816
8.884765 0.974182
8.903347 0.970682
8.919428 0.970859
8.933449 0.970679
8.947084 0.971122
8.958125 0.971558
8.968972 0.972035
8.979552 0.972010
8.994033 0.971334
9.005543 0.970293
9.015329 0.972395
9.036005 0.972455
9.059314 0.972101
9.076200 0.973506
9.093529 0.973964
9.119640 0.975650
9.130572 0.975824
9.141519 0.975814
9.159302 0.976787
9.170652 0.979231
9.178033 0.981461
9.200297 0.981945
9.221504 0.982334
9.234531 0.985614
9.243055 0.987855
9.257720 0.989555
9.272249 0.989975
9.287435 0.992854
9.300414 0.992318
9.318078 0.996467
9.332843 0.995460
9.349250 0.996405
9.361310 0.996202
9.376008 0.995733
9.397949 0.996258
9.414640 0.997247
9.434558 0.998907
9.456288 1.000207
9.481856 1.001759
9.494351 1.003118
9.474247 1.040256
8.551723 1.512504
8.533304 1.462053
8.808802 4.467122
8.666988 4.717050
7.717227 2.571942
8.899135 2.866447
9.709123 2.684625
9.975913 2.548479
9.953038 2.546148
10.043583 2.497550
10.120194 2.431291
10.181772 2.406206
10.170419 2.425992
10.322437 2.392975
10.658281 2.377614
10.510856 2.301362
10.626679 2.320364
10.735106 2.328757
10.781631 2.337572
10.746163 2.363243
10.823138 2.095509
11.021555 2.087465
11.296729 2.144770
11.405780 2.182665
11.504819 2.203726
11.814455 2.257158
12.036185 2.299617
12.063343 2.342065
12.219799 2.389584
12.391672 2.442089
12.483079 2.393702
12.513094 2.381332
12.559871 2.351527
12.663562 2.356407
12.707642 2.353929
12.684280 2.290817
13.186738 2.520868
13.180849 2.514163
13.266797 2.538936
13.235886 2.523148
15.544037 5.726208
15.462385 5.722108
17.398495 5.691338
17.328012 5.695979
17.300814 5.802442
16.641897 9.685241
15.905252 9.748179
16.103133 9.672659
16.218551 9.600485
16.567207 8.605329
17.914337 7.571297
18.130963 7.545081
18.037885 7.559995
18.184739 7.451931
18.075219 7.672436
17.983749 7.815537
17.872124 7.725063
17.706864 7.670737
17.293659 7.831800
17.074102 7.922817
16.839525 8.030888
16.609121 8.044275
16.399179 8.182659
15.854463 8.540943
15.528486 8.642514
15.447410 8.531735
15.506271 8.040336
15.464502 7.839745
14.889337 8.037196
14.494612 8.089904
14.236468 7.989781
14.154847 7.971120
14.232379 7.807415
14.283567 7.639594
14.319144 7.712007
13.875885 8.025002
15.030180 6.576844
14.415556 7.080801
14.192038 7.448696
14.411700 7.728278
15.006037 7.461408
15.573935 7.060166
15.808279 6.800181
16.364136 6.633579
16.289690 7.012239
16.217905 7.351015
15.684889 7.800091
14.285747 9.066251
14.351604 9.108056
14.118289 9.381512
14.417104 9.246796
14.086063 9.375521
14.407138 9.324799
15.307500 8.758086
16.179630 8.320704
16.411386 8.236713
16.169521 8.319491
15.804895 8.514794
15.397232 8.833882
15.773555 8.604909
16.265665 8.346380
17.047249 7.966034
17.054632 7.641089
17.698182 7.358949
18.196610 7.096274
18.346681 7.037551
18.470484 6.864111
18.762533 6.688736
18.596111 6.617017
18.409869 6.657638
18.376302 6.748558
18.571441 6.679836
19.206589 6.342931
19.648451 6.023803
19.852909 5.865369
20.067966 5.907787
20.009020 6.080498
20.100046 6.153015
20.368898 6.032403
20.406411 6.045414
20.223122 6.201099
20.124460 6.278576
20.144821 6.045391
20.044554 5.770507
19.722737 5.721505
19.895007 5.649266
20.144025 5.651780
20.778617 5.199281
20.903680 5.018573
20.799494 4.827403
20.590975 5.038090
20.095936 5.607031
19.758506 5.936870
19.803011 5.678064
19.662189 5.854201
19.385179 5.985268
19.799579 5.445696
19.837113 5.625608
19.717580 5.600330
19.962448 5.210742
20.249542 5.159448
20.389376 5.135570
20.482730 5.108864
20.639579 5.132157
20.545788 4.973714
20.625649 4.526879
20.862533 3.879796
21.015516 3.263679
20.456351 3.521396
19.719292 3.652233
19.225083 3.710007
19.549071 3.608406
20.107935 3.404879
20.763022 3.098946
21.093423 3.024767
21.139610 3.220918
21.344028 3.357266
21.857818 3.391202
22.260546 3.325784
22.434235 3.311335
22.571939 3.189026
22.071220 3.159170
21.113803 3.167201
20.406308 3.328809
19.652278 3.717923
19.347236 3.833038
19.338486 3.830220
19.357944 3.839593
18.399266 4.146594
17.266908 4.558266
17.079396 4.421461
16.771781 4.385980
16.883167 4.335363
17.282600 4.467844
17.084682 4.690226
16.817726 4.903317
16.865015 5.394875
17.299857 5.692782
17.339700 6.146839
17.478592 6.156368
17.466787 6.372749
17.427051 6.693571
17.353743 6.950472
17.229288 7.615413
17.107773 8.199562
17.104792 8.540656
16.869518 8.586480
17.124075 8.712332
17.697133 8.900313
18.301624 8.758907
16.862039 10.921178
16.287097 12.047996
16.587219 12.509129
16.507186 14.262999
15.604714 14.178542
15.231852 14.407995
15.424938 14.128599
15.446284 13.729920
15.495809 13.690484
15.222374 13.687938
14.210511 14.130203
14.307278 14.518632
13.467163 14.804346
12.994433 14.855313
12.997619 14.478834
13.220036 15.400461
12.728803 14.268713
16.832127 11.418362
19.773730 9.004893
21.729317 6.557796
24.005210 4.725827
26.755160 4.781964
26.945602 4.652458
31.119785 8.122536
31.829676 9.974107
33.470421 9.816914
33.794823 10.062605
32.926199 10.647459
33.127650 10.492661
33.024617 9.687175
34.690685 10.380219
35.669086 8.562902
35.117379 9.033329
34.469689 8.953317
34.640325 7.613192
34.299877 6.300122
33.223706 6.416566
31.528955 7.052784
30.440063 8.222347
30.875033 7.909497
30.637570 6.930528
29.444910 5.484020
29.030731 5.732227
28.264661 5.360522
27.614968 5.762426
27.374420 5.302753
27.514917 4.484973
27.720791 4.214962
28.408675 3.929648
27.941378 4.621136
27.979935 4.394859
27.057318 4.430512
27.535994 5.053475
27.511097 5.419978
28.667677 5.563412
29.286423 4.958540
29.652106 4.205754
30.170286 3.906646
30.019251 3.663351
31.072328 3.614243
31.193361 3.726983
31.610131 4.219747
31.109685 4.424408
31.309302 4.162884
31.165714 4.299536
30.954333 3.920327
30.774297 3.475002
30.895996 3.225858
30.609577 3.551781
30.461294 3.599805
30.637724 3.611130
30.576205 3.484310
30.432244 3.794921
30.579852 3.928714
30.636360 3.980151
30.467582 4.003981
30.294777 4.016625
29.652617 4.238326
29.467267 4.127105
29.950315 3.863540
29.873241 4.144236
30.038641 4.450134
29.939525 4.407176
29.463242 5.190054
30.083488 6.592779
30.365784 7.149849
29.558986 6.760004
31.439347 5.475561
29.930008 5.746397
28.923484 5.017167
31.355323 5.409465
31.812759 4.640237
33.666730 2.682260
32.989208 1.702140
31.808692 2.410556
31.758032 3.095775
32.860626 3.717997
33.709726 3.617406
36.890268 5.133334
37.755752 7.761351
38.256623 10.164062
40.925335 9.694693
42.941628 9.303966
44.149717 10.225903
45.072487 9.847188
44.364145 8.192136
43.098519 5.522118
42.423791 2.963103
41.705985 2.662549
41.320542 4.464340
40.891658 6.337831
41.192671 6.885442
40.932606 6.592533
40.810243 5.391825
41.800009 5.104155
41.420812 5.247271
40.037533 3.875082
41.384266 3.306285
41.294967 2.650667
41.500862 1.932981
40.532981 0.449814
40.156003 1.102700
39.592905 0.348109
38.974015 -0.188786
39.315966 -0.497952
38.825856 -1.093444
39.683359 -1.535170
39.506132 -1.549237
38.915642 -1.271738
38.589906 -0.979348
37.969140 -1.160327
38.525117 -1.652383
38.974949 -1.504667
38.886414 -2.026784
38.213062 -1.707700
38.214878 -1.557855
38.518590 -1.740098
39.066536 -2.460503
39.094454 -2.070229
38.909523 -1.389867
38.209882 -1.744380
38.155428 -1.980839
38.203994 -2.522880
38.095707 -1.763146
37.889406 -1.042186
37.334844 -0.734710
37.375059 -0.575189
37.546286 -1.241669
37.451559 -0.845530
37.125123 -0.667572
37.417156 -1.072168
37.377685 -1.418172
37.574918 -1.414188
37.398152 -1.258184
37.213867 -0.979684
37.474063 -1.468813
37.301880 -2.549594
37.219948 -2.576577
37.204651 -2.811993
36.827266 -3.030130
36.461007 -2.573260
36.305173 -2.102239
35.985313 -1.825791
35.735562 -1.929837
35.649912 -1.418047
35.823875 -1.092897
35.567314 -1.290619
35.595865 -1.681737
35.625567 -1.194660
35.497681 -0.916833
35.647104 -0.709815
35.788388 -0.550461
35.413176 -0.307227
35.155193 0.141088
35.076528 0.051418
35.584711 -0.193991
35.267453 -0.035324
35.266342 0.107132
35.341605 0.394742
35.966332 -0.205533
36.194997 -0.120748
36.313553 0.597959
36.163080 1.422339
36.317381 1.496603
36.503836 1.705353
36.869539 1.905088
37.004301 2.060244
37.827169 1.625731
38.549425 1.284246
38.315906 1.994390
37.839036 2.316523
38.115894 1.902035
38.476338 1.552135
39.069415 1.120886
38.980068 0.482629
38.688653 -0.134667
37.625121 -0.401724
37.898507 -0.311124
38.025396 -0.055629
38.640071 0.161292
39.386605 0.549297
39.058811 1.343096
38.504944 2.059714
37.343995 1.573350
35.382244 1.266978
36.206670 1.484019
36.225021 -0.281515
36.498932 -2.854707
36.275889 -2.663471
36.085491 0.962642
36.191832 2.943617
35.603169 7.014677
35.784913 7.889119
36.229209 7.864541
36.396664 8.931260
35.808606 7.907745
36.263975 6.877134
36.780578 6.835972
36.360793 5.245820
35.549912 3.607249
34.318967 2.597266
32.691523 -0.323587
30.927139 -0.920671
29.340690 -0.687551
28.220094 -3.143696
25.890205 -3.694979
24.019513 -3.142127
23.646417 -4.214391
23.402965 -5.364405
23.575860 -5.931444
22.743919 -5.629788
21.991663 -5.110887
22.689862 -4.814352
22.822357 -5.123674
22.571067 -5.412999
22.266047 -5.644716
20.803739 -5.489175
20.627124 -5.428357
20.910979 -6.011972
20.529935 -6.610370
19.657600 -6.448488
18.846478 -6.080534
18.844754 -6.252455
19.050356 -6.721398
18.504087 -6.640125
17.267859 -7.240418
17.940085 -7.239661
18.792735 -7.912491
18.093741 -7.964980
17.179499 -7.515076
16.523517 -7.179654
16.134881 -6.646473
16.731300 -5.859443
16.677033 -6.101195
17.023494 -6.723449
16.370766 -6.605669
15.660405 -6.548319
15.541148 -6.382999
15.066593 -5.289898
15.268754 -5.213595
16.053363 -6.416324
15.441597 -6.875868
14.603392 -5.859896
14.477824 -5.123226
14.707209 -5.437320
13.887731 -4.796991
13.676927 -3.970860
13.582470 -4.263799
13.862662 -4.793666
13.897283 -5.276550
14.245592 -5.795135
14.037520 -5.744995
13.738763 -5.236788
13.709363 -5.183879
13.664788 -5.005542
13.235350 -4.504061
13.037845 -4.666182
12.888267 -4.773667
12.543833 -4.961123
12.419786 -4.474836
12.287230 -4.351765
12.341373 -4.702259
12.323210 -5.449376
11.903353 -5.374060
11.407959 -4.784519
11.271976 -4.739222
11.256584 -4.677219
11.214097 -4.648190
11.324119 -4.679133
11.203760 -4.535354
11.131055 -4.402776
11.325855 -4.275917
11.446650 -4.375042
11.220300 -4.257175
11.679354 -4.871046
11.831184 -4.420079
11.259580 -3.190639
10.996994 -3.157817
11.198854 -3.650760
11.435008 -4.142244
11.138067 -4.249209
10.936046 -3.736481
10.991692 -3.346978
10.940693 -3.256048
11.004111 -3.093951
11.156797 -3.234371
11.431616 -2.907773
11.664481 -2.969035
11.868027 -3.264114
11.636061 -3.338426
12.275996 -3.022710
11.071999 -3.871329
11.601818 -3.286244
11.954185 -3.428209
13.104490 -3.371303
13.503140 -3.308992
13.235486 -2.854878
12.635388 -1.928040
11.678078 -1.249437
11.160911 -0.438688
11.422077 -0.386113
11.459256 -0.450962
11.412744 -0.383089
11.510446 -0.408500
11.576331 -0.455094
11.481314 -0.497123
11.594507 -0.536981
11.537402 -0.509249
11.351589 -0.496538
10.427806 0.287309
10.521627 0.587424
11.045454 -0.229010
10.355512 -1.729663
10.176234 -1.994620
9.999164 -1.892590
9.903127 -1.871704
10.064351 -2.068023
9.903415 -2.098822
9.441931 -2.193780
9.624891 -2.430909
9.759411 -2.618727
9.548097 -2.673975
9.213900 -2.232655
9.096843 -1.796132
8.211319 -1.020705
8.883731 -0.677220
9.475169 -0.485280
9.704892 -0.547295
9.396401 -0.263472
9.423127 -0.258443
9.720173 -0.644529
10.098106 -1.137181
10.088500 -1.113880
10.484921 -2.243443
10.523513 -2.401235
10.414981 -2.056583
10.345503 -1.401108
11.241860 -1.567513
11.918122 -2.188783
11.970262 -2.231331
12.048489 -2.338033
12.143829 -2.246282
12.088071 -2.094528
12.141753 -2.250326
12.303480 -2.476470
13.004204 -3.299396
14.001983 -1.385746
16.899882 -0.565310
16.563891 0.516685
17.749110 1.812248
18.577398 2.062370
19.014812 3.184185
19.810161 4.290697
21.337788 4.157151
22.961901 5.296155
21.943706 7.493440
22.068729 8.305145
22.454080 8.798101
22.542019 8.703063
22.449465 8.730382
22.334328 8.825522
22.801530 9.379026
23.948292 11.293595
24.792785 12.155658
26.982324 13.333645
28.531855 14.450720
28.298197 12.565905
28.129130 10.902120
30.176285 11.663026
29.424436 10.104249
32.014119 10.489540
33.256792 10.746475
30.550505 8.397309
30.906337 7.517866
32.684197 6.860289
33.095574 8.221700
33.347105 7.905348
30.817369 8.001253
32.266688 9.056844
33.426388 9.384440
30.151120 10.320674
30.826704 10.378052
30.722293 8.983809
30.508434 8.345285
30.458535 7.740279
30.078049 7.029466
29.991394 6.411067
29.696854 6.860974
29.451268 7.908761
29.323056 9.137231
28.277866 7.851691
27.534169 6.512161
27.873432 7.381659
28.370452 7.898046
29.904956 7.760571
30.080975 8.492284
29.497180 8.634600
30.474593 8.373584
31.831591 9.641102
31.266264 10.462352
31.281550 10.246235
31.892936 8.596265
32.166189 8.565589
31.653171 10.324608
30.377314 10.819075
28.805393 10.674795
29.629625 10.811575
31.117279 9.331014
31.908007 9.235005
32.536029 9.834170
33.261550 8.940129
33.520609 9.741465
34.351580 9.803529
35.290167 9.556065
35.148231 11.263137
35.561460 12.243477
35.486654 10.906364
35.537830 10.354400
35.802719 10.979292
35.213348 9.946566
34.482627 10.298733
34.400135 10.309444
33.453473 10.437370
33.519175 11.269859
32.937291 10.683148
33.035452 10.042679
31.998621 10.369276
31.318447 10.494615
30.742638 9.757976
30.217481 9.522721
30.864843 10.505641
31.297995 11.378858
32.340519 11.916023
33.095576 12.056986
33.423394 12.619373
33.926943 12.951193
34.307212 12.980319
33.310804 13.263843
33.026137 13.675163
31.916170 12.809914
33.111249 12.680868
33.950695 12.510614
33.656500 11.529966
32.907639 10.962116
32.888527 11.845452
31.422624 11.802853
32.340087 11.737572
31.732646 11.044625
31.121426 10.359464
30.851327 10.071652
30.273502 10.808237
30.760481 9.804878
30.983146 9.874395
32.013181 10.112883
31.488009 9.797572
31.369689 10.827486
31.490842 11.687659
32.250048 11.738356
31.260865 12.200155
31.917785 12.040826
32.358633 11.521716
31.798360 11.650648
32.045600 11.482275
32.361212 10.994106
32.341277 11.112234
32.830944 9.943109
32.129207 10.181371
32.555346 9.953493
33.045652 9.976354
33.125452 10.102422
32.733135 10.148215
32.386801 9.574283
32.201659 9.440832
31.898489 9.607953
32.547673 9.346119
32.655796 9.470206
32.156904 9.218932
32.901988 9.661871
33.204625 9.966502
33.342223 10.590034
33.240284 10.453788
33.688379 10.128319
33.925738 10.326550
33.563220 10.643182
33.310769 10.647682
33.064356 10.581641
33.784678 9.986590
33.468358 9.741709
33.602949 9.398227
33.902579 8.767989
32.874553 9.040355
33.177020 8.415539
32.940274 8.264562
32.453248 8.224274
32.341804 7.632319
32.371219 7.208970
31.828068 7.291717
31.715451 7.254140
31.983868 7.263765
31.935024 7.135067
31.674774 7.297003
31.603878 7.263505
31.892345 7.135845
31.688689 7.267317
31.833773 7.109938
31.545138 7.029337
31.169957 7.047915
31.607393 6.867756
31.652532 6.804690
31.689483 6.704699
31.781503 7.019984
31.837459 7.051220
31.547419 7.006920
31.679949 6.909027
31.881060 6.847964
31.675594 6.792602
31.132543 7.039336
31.264106 6.833104
32.117456 6.606229
31.825597 7.014718
30.985163 7.419106
31.241726 6.877476
31.662753 6.534485
30.941726 7.196570
31.650714 7.103703
31.817174 7.008879
31.353686 7.134703
31.339109 7.201191
31.592626 7.163046
31.537830 7.279053
31.592241 7.447101
31.858314 7.270968
31.276404 7.388777
31.699884 7.252779
32.129585 7.057876
31.539645 7.318255
31.576971 7.277793
31.646942 7.016577
31.884615 7.168054
31.771576 7.338686
31.653026 7.384447
31.986677 7.141655
32.080853 7.081120
32.124726 7.318698
32.176971 7.104223
31.669191 7.310140
31.706597 7.142314
31.942042 7.064722
31.474649 7.365798
31.972863 7.323788
32.021857 7.477368
31.803703 7.709560
32.302172 7.246057
32.093804 7.325576
32.489913 7.342333
32.445055 7.480644
32.693068 7.625527
33.367766 7.465929
33.374006 7.686408
33.647056 7.762047
34.092876 7.624972
34.568058 7.229577
34.754476 6.721571
35.961707 7.220198
35.880492 7.859526
36.822472 7.589942
37.871929 7.205547
37.714905 7.180016
37.686822 7.686194
38.417957 7.244476
37.495773 8.139198
38.184740 8.299101
37.603074 8.624572
37.549771 9.216593
37.545493 9.227081
37.192131 9.659661
37.359183 9.369008
37.090356 9.422890
36.795754 9.565163
36.972967 9.096107
36.909674 9.244694
37.096210 9.590552
37.664020 8.984814
37.133913 9.384003
37.125655 10.091682
37.351709 10.373003
36.946844 9.785573
36.510075 9.484273
36.203327 9.196434
35.946727 9.159411
35.306940 9.477119
35.056388 9.079964
34.448826 9.412748
34.198704 9.336983
34.427461 9.283685
33.824720 9.032431
33.939615 8.794688
33.660587 8.629232
33.924083 8.349953
33.821987 8.472498
33.301291 8.826244
33.345749 8.841121
32.859607 8.738703
32.718060 8.854236
33.170605 8.864627
32.977958 8.699218
32.866359 8.525703
32.984235 8.415339
33.499601 8.314708
32.936791 8.635445
32.881922 8.464903
32.787904 8.296626
33.694677 8.107712
33.248899 8.195090
33.309023 8.088702
32.979620 8.292809
33.092541 8.254093
32.749137 8.208735
32.638793 8.191186
32.859734 7.863141
32.688213 8.043738
32.429633 7.971549
32.400616 8.118163
32.715508 7.923675
32.809504 7.775733
32.715688 7.847584
32.815744 7.765503
32.800584 7.813430
32.552442 8.047699
32.712121 8.158724
32.810692 8.129779
32.785016 8.176931
32.651928 8.412298
32.776977 8.411743
32.646921 8.506384
32.486388 8.629388
32.836284 8.441243
32.436132 8.520469
32.318711 8.605121
32.430447 8.551703
32.275839 8.736682
32.250889 8.730371
32.285644 8.638618
32.297095 8.667898
32.254501 8.679848
32.074473 8.764342
32.109870 8.706626
32.195813 8.765548
32.005836 8.964697
32.127429 8.931669
32.108134 8.992538
32.180714 9.013293
32.202159 8.828762
32.210391 8.822683
32.153657 8.922675
32.425857 8.808891
32.434908 8.584847
32.408579 8.342875
32.277625 8.931493
32.704489 9.036471
33.494319 8.772039
33.561053 8.211361
34.077673 7.871897
34.020557 7.907640
34.132311 8.511093
34.225647 8.829148
34.651650 8.419725
34.999424 8.575189
34.454869 9.042719
34.233544 8.768976
33.721481 9.296117
33.704220 9.431062
33.840270 9.282662
33.442462 9.261693
33.542672 9.215709
33.084132 9.778021
33.425678 9.734855
33.309794 9.825848
33.280778 9.734260
33.252907 9.656001
33.389413 9.440180
33.528341 9.317341
33.677119 9.154336
33.621250 9.168325
33.576854 9.092811
33.401848 9.196817
33.297257 9.141862
33.273458 9.162953
33.228397 9.162240
33.149363 9.217991
33.190344 9.173715
33.091848 9.312186
33.405658 9.636385
34.037354 9.665581
34.595343 9.687787
34.926272 9.954165
35.663892 9.222467
36.026969 8.982252
36.160511 9.246769
37.041984 9.149961
37.600801 9.161426
38.536415 9.724037
37.785236 10.679381
38.033872 11.635421
38.243005 12.283659
38.591058 12.209595
39.041002 12.881871
38.527960 12.054661
38.879834 10.602862
39.381779 9.755153
39.014008 10.687970
38.022484 10.147017
37.639276 9.911435
37.623623 9.950550
38.616196 9.459247
37.708405 10.636240
38.829099 9.670211
38.466806 10.066330
38.710509 9.957891
39.569853 9.067377
40.551618 7.770663
39.672708 7.028135
40.638921 6.797944
40.382799 7.694134
40.750113 8.839480
42.249918 8.250527
42.201653 9.495188
43.300122 9.005789
43.011409 8.632806
42.020235 8.917173
41.221356 8.208246
39.533841 8.541561
39.996480 9.117779
40.846658 8.084032
40.971782 8.276673
41.764186 7.063156
42.190154 7.086216
42.851128 6.446910
42.840596 7.790788
44.238227 7.224437
44.882319 6.836023
44.579920 7.820559
44.894793 6.561408
43.951365 7.241670
44.155640 7.745224
44.561454 6.850870
43.530654 7.588220
43.424209 7.473620
44.355336 7.079079
45.525772 6.899045
45.869552 7.153926
46.672333 6.733949
46.602770 6.886540
46.512217 6.920857
46.557130 6.763325
46.829431 6.526658
47.210443 7.236082
46.495060 8.702766
45.188274 8.506203
44.968996 8.102325
44.209705 9.153400
43.821653 9.873907
44.879925 9.916154
45.118156 9.810083
45.631323 9.358243
46.300072 9.617715
47.731460 9.189103
49.016427 8.506537
49.317784 9.186910
49.397678 8.239883
48.856634 8.509616
49.388708 8.024902
49.800781 7.222000
49.736804 6.625797
49.093427 6.634841
49.236047 6.104523
49.326052 5.667977
49.819302 5.379059
51.160852 4.706083
50.936086 5.323515
50.534051 5.588878
50.040874 5.879851
49.780146 6.118180
49.569862 5.932014
49.913198 5.859267
50.206183 5.593065
50.174954 5.513012
50.418255 5.486593
50.391586 5.444608
50.793507 5.356346
50.859960 5.210180
50.898052 5.128408
50.461731 5.507953
50.548161 5.304770
50.006451 5.616127
50.513837 5.158361
50.686802 5.340450
51.366181 5.078850
51.720851 4.969872
52.042513 4.771420
52.927253 3.937952
53.171885 3.673458
52.871353 3.951642
53.342948 3.566750
53.408582 3.479314
53.366394 3.575451
53.825206 3.410807
53.754751 3.448743
52.904643 4.162486
52.555444 4.470749
52.631958 4.993633
52.751815 5.413514
52.858276 5.958251
53.583738 6.401313
54.020833 6.599478
54.485542 6.753676
54.730003 7.375958
54.928489 8.284268
54.904320 8.386954
54.191586 7.450695
53.267875 6.533334
51.058891 6.514373
50.978685 5.405155
50.745226 4.938202
49.963029 5.625171
49.822873 6.644668
49.923979 7.700606
50.820177 7.776262
50.387788 7.955743
49.500592 8.440511
50.745522 8.220976
52.103287 7.742918
53.362929 7.533616
54.204353 7.172252
54.913332 6.759349
55.875654 6.202014
56.848350 5.130413
57.635831 4.229426
56.131865 4.293864
55.268707 3.791611
53.513618 4.191293
52.562207 4.342804
53.546002 4.473150
55.055140 3.980809
54.088842 4.798136
54.307086 5.430081
52.735785 6.336870
53.213951 6.876363
54.504942 6.717658
54.940302 6.975798
53.877325 7.478832
52.776048 8.075269
50.764519 8.410985
49.411980 8.432830
48.291221 8.524454
47.280206 8.248948
46.558541 6.938633
47.021414 7.141359
48.165303 6.878175
49.223339 6.616816
49.417089 6.058033
49.375928 4.710573
48.433703 3.870658
48.976870 3.213250
49.947380 2.797410
49.476793 3.254083
49.858884 3.679602
50.178760 2.502863
51.156885 1.449971
50.877441 1.645467
52.477490 0.398285
52.636261 1.389540
53.193590 2.545052
54.083165 2.400681
53.979544 0.732134
53.860510 -0.694207
54.228989 -1.170064
52.950994 -0.199755
52.622206 -0.696804
54.515195 -1.944912
54.611962 -2.103958
54.222317 -1.341400
54.013186 0.331196
55.545136 -0.048386
55.665746 -1.340455
56.180454 -1.686184
56.778336 -2.337048
55.100860 -0.588514
54.607897 -0.855239
55.987556 -2.492551
57.359114 -1.970186
58.166273 -3.114914
58.130677 -3.787967
57.548646 -2.508898
56.856695 -1.235149
58.421645 -2.032052
59.560003 -3.217270
60.253553 -3.766503
59.630458 -4.032287
59.714654 -4.277024
57.418434 -2.457917
56.997221 -2.808056
55.221405 -2.394257
54.098600 -2.311900
52.453551 -2.574119
52.325344 -3.930576
51.930850 -4.853436
50.886528 -6.214628
50.026878 -7.282802
50.760729 -5.795451
49.793755 -6.233308
48.827266 -5.195080
49.367076 -5.662861
49.628664 -3.799612
49.311744 -2.988899
49.883785 -2.832647
49.043244 -4.715649
49.105443 -5.624166
48.824833 -5.568513
49.844091 -5.688265
49.696445 -4.888820
48.572386 -4.066609
49.001054 -2.569520
48.140424 -3.338821
47.799776 -4.704817
47.878332 -5.306323
48.844303 -5.325234
48.962891 -3.966870
48.781385 -2.196240
49.124755 -1.039977
49.192882 -1.453368
48.009602 -1.880385
46.826283 -2.808221
45.724825 -3.360293
45.171772 -4.747970
45.384179 -3.439727
46.206703 -2.486114
45.751335 -1.735794
45.075505 -2.396057
44.894026 -3.603639
45.552556 -3.940716
45.685587 -3.484848
45.984763 -3.285069
47.642531 -3.667860
48.295801 -2.757420
47.695597 -2.580146
47.419732 -1.396779
46.891669 -1.625329
46.817115 -1.286177
47.695520 -0.631509
48.188951 -0.677960
48.357557 -0.174426
48.311607 -0.001299
48.223367 0.001826
48.195565 0.190512
48.519239 0.132078
48.771019 0.188402
48.793308 0.119142
48.600716 -0.217986
48.529571 -0.583607
48.887847 -0.217205
49.120028 0.244500
48.329721 -0.230972
48.316363 -0.065673
48.691574 0.147205
48.783881 -0.026420
48.648305 -0.181015
48.536054 -0.268214
48.243214 -0.579168
48.595946 -0.965833
49.000703 -1.168548
49.358127 -0.741997
49.431453 -0.425219
49.059417 -0.817266
49.092883 -0.599693
48.962097 -0.689153
48.854053 -0.773380
48.775669 -0.766765
48.921472 -0.548518
48.835481 -0.700051
48.832904 -0.546561
48.850085 -0.057569
48.793407 0.288163
49.073484 0.518764
49.417714 0.547454
49.534593 0.362044
49.349040 -0.052844
49.201290 -0.131329
49.107959 -0.187261
49.099013 -0.146936
48.924553 -0.128893
49.021404 -0.050472
48.983155 0.080123
49.145274 0.513675
49.163352 0.863619
49.241951 0.927217
49.167763 0.996087
49.176496 1.061866
49.315988 1.000637
49.487020 1.290614
49.559622 1.294101
49.632221 1.351238
50.195365 2.178155
50.251564 2.353010
50.848619 3.024766
51.412084 3.183558
52.516786 3.131295
52.887503 2.913399
53.549414 3.805938
53.450721 3.627386
53.859481 3.667531
54.457587 4.355858
54.494266 3.897699
54.895707 4.061882
55.195464 4.214708
55.322602 3.950546
55.375135 3.525789
55.282648 3.109460
55.220901 3.003009
55.045050 3.017198
54.742957 2.851358
55.213103 3.276323
55.381764 3.966139
55.260173 3.776788
55.531149 3.733392
56.054246 3.709219
56.309019 2.519617
56.438038 1.556755
56.281884 1.343980
55.992716 0.987278
55.665153 -0.352618
56.005936 -0.051029
56.602020 0.214689
56.929827 0.148877
57.105972 -0.007910
57.423814 0.526214
57.141912 0.256300
57.153696 0.569457
57.255146 1.106754
57.218524 1.830767
56.772718 2.565665
55.843165 3.701230
55.965486 4.466454
55.470623 4.884594
55.438297 5.348967
54.700587 6.706615
53.788768 7.306523
52.634696 10.337190
50.497203 11.079366
50.206927 13.039824
49.781349 14.523353
48.348770 16.595910
47.746179 17.555032
47.254905 17.303521
47.190363 17.355623
46.180154 16.788216
46.673281 14.014983
47.291986 15.297186
47.573488 15.513902
45.745213 14.645281
46.455606 12.894577
47.291426 11.484710
47.816105 8.486513
47.176601 6.532453
47.019939 5.674482
46.586114 4.560817
46.940234 4.572659
48.694245 5.708281
49.063704 5.057356
48.725795 4.091040
49.042997 4.069338
49.003940 3.724468
49.750304 3.955905
50.179141 3.082634
50.350089 2.691590
50.345633 2.602768
50.395864 1.872394
50.132822 1.564176
50.854068 1.923234
51.557419 2.787464
52.655488 4.126642
52.130250 4.617684
51.871385 5.172814
52.203389 4.654154
53.065414 4.268904
53.330102 3.208517
54.481022 3.246737
55.366508 2.530409
54.579074 1.436141
57.169998 2.526911
58.848435 2.517705
59.621440 1.694215
59.501708 0.657568
60.043658 0.681146
61.082100 2.402574
60.075241 1.166581
59.580807 0.553893
59.702339 0.842616
59.760353 1.154119
59.733252 1.114613
60.170620 0.296657
60.634613 -0.415644
60.878339 -0.166866
60.444251 -0.756080
60.269597 -0.878059
60.058384 -1.107616
60.268705 -1.055886
60.256111 -1.021388
60.341669 -0.965985
60.420813 -0.724392
60.442832 -0.542896
60.500015 -0.349706
60.545659 -0.511181
60.720554 -0.515364
60.880337 -0.813859
61.333171 -1.524622
61.756841 -2.095134
62.149096 -2.811312
62.320996 -3.316230
63.072921 -4.135111
63.730184 -5.589806
63.896079 -4.600313
63.895211 -4.820982
63.741676 -5.066284
65.110366 -4.680717
65.714078 -4.500356
66.258334 -4.554608
66.691372 -5.500603
67.193420 -5.881767
68.730150 -6.769171
67.070025 -6.085572
66.042970 -6.412368
65.619092 -7.453770
66.185822 -8.631073
67.433371 -8.017469
68.329727 -7.487279
67.758466 -7.925791
66.737450 -8.076628
66.497206 -8.307361
66.301324 -8.670007
66.494001 -8.980983
66.975918 -8.450284
67.125211 -7.988245
66.863747 -8.059050
66.040604 -8.630169
65.927172 -9.032216
66.669983 -7.969614
66.119546 -9.621273
65.167471 -9.584734
64.174331 -9.367597
63.947247 -9.394175
64.832589 -8.650103
65.964829 -10.614438
66.036656 -10.719504
66.236623 -9.667129
66.514561 -8.929313
66.696239 -8.117423
66.632358 -8.504270
66.229811 -8.751745
65.587728 -9.044151
65.186940 -7.440879
64.895747 -6.518309
64.356533 -4.902915
64.151523 -3.421797
63.181659 -2.465172
62.195894 -1.766758
61.535708 -1.059503
61.108919 -0.725371
60.440066 -0.289913
59.836872 -0.140302
58.963205 0.471601
58.558068 0.758515
57.950510 0.987361
57.433716 1.818549
57.107092 2.444633
57.216351 3.306101
55.234466 5.304418
51.510006 7.631329
52.227212 10.342559
53.221043 13.583270
50.711897 12.804830
48.129021 12.789460
47.219558 11.877326
46.507288 10.456701
45.399654 9.467498
46.127434 9.538813
46.388369 9.740862
46.997045 11.323633
46.956525 11.034448
47.326101 11.219201
46.844224 10.476396
46.820783 10.109604
48.217880 10.077407
48.128389 9.451706
48.643411 10.146150
48.909177 10.116262
48.830492 10.158807
49.102664 10.961199
49.284168 11.072464
49.480224 10.868083
49.310894 10.510631
49.692221 12.332456
50.413959 13.223504
50.105556 12.982386
50.244893 12.932253
50.655094 13.520836
50.353545 13.302247
50.273898 13.326094
50.182883 13.364185
50.254671 13.553551
50.353625 13.772776
50.374354 13.638478
50.373249 13.573347
50.181565 12.986319
51.687133 15.266179
50.540900 16.113845
49.965719 16.811551
49.768222 17.021041
51.239371 16.978858
51.728831 17.680557
50.854802 16.537524
50.950773 17.795495
50.990433 17.591531
51.600522 18.968957
51.221133 18.526470
51.055039 19.290331
51.173866 19.030964
52.199120 20.274509
52.078701 19.573907
52.396685 19.866162
52.646476 20.275072
52.964360 20.148422
53.395068 20.562262
52.995172 19.980738
53.724597 20.268695
54.360471 20.462455
54.130375 19.971158
54.466769 19.250903
56.016085 20.521434
55.984793 20.663082
56.389739 22.120578
55.785756 21.775154
55.375034 21.446769
56.091263 22.081167
56.062455 22.363933
55.422591 21.430712
55.862421 21.779463
57.078953 22.566813
56.544364 23.511556
57.085685 23.933814
54.711385 22.136649
55.426386 23.020346
57.462919 24.694019
56.488419 24.661409
55.316065 24.313169
53.566837 22.680448
53.900579 22.635246
53.168020 21.296370
49.903717 21.664272
50.632653 23.043335
51.028453 23.399803
52.036910 23.798820
53.091561 24.294466
52.198477 21.542062
52.297912 20.737648
49.036946 19.282623
48.237295 19.463610
48.345936 19.943594
48.807086 20.388521
51.483763 20.126333
53.895913 20.349147
54.646368 20.919873
53.028029 19.959969
52.564308 21.222077
52.217377 22.032904
52.159599 21.414926
52.605636 23.041091
52.103930 22.913908
52.175064 24.609727
52.598510 27.585793
50.051359 24.736303
51.151745 24.229811
52.063873 24.528004
51.738449 23.509439
51.805307 23.478537
52.395147 24.006734
52.436549 24.768833
52.320917 24.756529
52.926254 24.623432
53.536910 24.402040
54.234266 24.847237
54.408257 24.693546
53.692722 24.486157
52.965270 26.531764
50.411661 27.364795
49.766801 25.479272
53.274017 26.736156
55.513947 25.511840
56.159085 24.933808
56.121504 25.584620
54.362328 24.520577
53.702234 24.156023
53.862012 24.192149
53.310543 23.003751
54.332650 21.211765
56.406436 19.592310
59.601255 21.944710
57.393810 19.365325
55.405029 20.300251
52.522436 19.694847
52.062201 20.067621
51.851564 19.993669
51.335604 19.718905
51.379710 20.009410
51.016352 20.002896
51.006215 20.199164
50.898821 20.195187
50.831662 20.233576
50.733317 20.152734
50.992397 20.340483
51.061924 20.261773
51.092002 20.030849
51.550524 20.322405
51.373365 20.230805
51.502615 20.503095
51.245458 20.345564
51.135896 20.515148
51.118759 20.789937
50.763803 20.909347
50.678755 20.991333
50.649570 21.127157
50.831860 20.924992
51.358506 21.372523
52.870116 21.539372
53.115484 21.813947
53.540849 21.513174
53.712845 21.819141
53.828174 21.732675
53.786666 21.492004
53.868816 21.772449
53.698477 21.904039
53.467205 22.156750
52.594735 21.364437
52.821566 21.566913
53.461100 22.477423
52.236321 21.730462
49.706426 20.148433
49.981837 20.716851
50.057599 20.964624
48.108089 20.269284
48.046155 17.018023
50.383889 15.484531
52.128950 12.507632
52.649789 11.756284
53.236632 11.176480
53.644396 10.433561
54.121399 9.888940
54.702292 9.405826
55.200046 8.903299
56.304460 8.446327
56.576981 7.409579
57.214682 7.327747
56.936536 8.051233
56.405189 7.821629
56.499102 7.184692
56.931748 6.555810
57.451696 6.210447
58.770469 6.622985
59.510948 6.352966
60.501200 5.928605
60.969815 5.195510
60.753097 4.266693
61.423647 3.588827
61.893479 2.448042
62.437064 2.101245
62.086604 1.606196
61.545581 2.048276
60.319223 1.947896
59.898758 1.323225
60.787623 0.670719
62.346921 1.654414
63.394437 2.105504
63.395693 0.902907
62.789978 -0.112455
61.848864 -1.282688
61.423129 -1.900075
61.503474 -2.040206
62.857542 -2.326941
64.035580 -2.530458
65.036451 -2.884577
66.837209 -2.180926
67.521319 -1.135862
68.123148 -1.406436
68.284115 -0.592760
67.027267 -1.492590
67.306724 -0.510658
66.534281 -0.230764
65.718373 -1.225464
67.230434 -1.960825
67.530772 -3.177367
67.182880 -3.583404
68.480864 -3.832521
68.867615 -2.376464
68.052341 -1.282451
66.749151 -0.109080
65.116997 -0.218591
64.701522 0.122468
66.133699 -1.195364
67.327131 -2.753047
67.860744 -2.605209
67.474522 -2.036544
65.042385 -2.517934
63.284296 -2.742913
62.822635 -1.587461
61.762918 -0.819339
59.646380 -1.421838
59.043249 -0.512592
57.790052 -0.129844
56.089900 -0.555118
55.288635 -0.697351
54.485467 -1.189464
54.996228 0.174395
57.094549 1.308495
58.510058 1.194442
60.082987 1.308839
61.269513 0.412268
63.591231 0.747182
63.611464 -0.429980
63.340121 -1.935569
63.677997 -2.412660
63.738193 -2.326524
63.558296 -2.736218
63.788934 -2.663992
63.509321 -2.505954
63.027442 -2.447677
62.935460 -1.901779
62.771307 -1.214663
62.436782 -0.228498
61.982427 0.181939
60.922489 0.763329
60.787502 1.841229
61.154821 2.553424
62.139355 3.709902
62.747900 4.643582
62.885021 3.115352
63.188736 1.578077
62.611368 1.448020
64.055635 2.729250
64.944930 3.756496
65.158388 5.083402
65.801584 5.909311
66.626059 6.864228
66.313385 6.247850
66.381714 5.420850
65.934293 4.928363
65.437792 5.315217
64.556364 4.500401
64.383608 3.839562
64.508750 2.507706
64.932669 2.850753
64.695580 2.189485
64.743929 1.214570
64.451718 0.464839
64.128424 1.321460
63.322144 1.572346
63.235357 1.441277
63.237332 2.480527
62.807500 1.956879
63.177960 1.961930
63.366926 1.922069
64.114251 1.713647
64.699962 2.423347
64.102804 1.843741
64.323545 2.124771
64.218110 2.478804
63.753903 2.110356
63.872374 2.439277
63.736670 2.449354
63.386073 2.054888
63.239846 2.114775
63.109357 2.148890
62.980575 2.051970
63.157328 2.071127
63.648128 2.373843
63.792879 2.469665
63.950083 2.474300
64.135860 2.760045
64.142180 2.814659
63.984435 2.826880
63.829942 2.795232
63.749239 2.571985
63.981925 2.734573
64.308380 2.856505
64.462851 2.742229
64.474283 2.759822
64.572823 2.792269
64.517504 2.801927
64.221750 2.620189
64.262362 2.700028
64.322980 2.739225
64.279596 2.753674
64.011901 2.504945
64.392978 2.822097
64.239503 2.548619
63.644443 2.465523
62.853160 2.451865
62.461921 2.665100
62.629342 2.461627
62.759091 2.236455
62.862704 1.884110
62.771859 1.547521
62.757246 1.605410
63.127770 1.927559
63.095811 2.027614
62.811797 2.023422
62.799695 2.257520
62.799880 1.920494
63.237480 2.231407
63.205447 2.050802
63.291071 1.795809
63.640096 1.902764
63.645926 1.778049
63.451400 1.482873
63.542009 1.665256
63.363805 1.769464
63.368628 1.703741
63.334153 1.686152
63.383166 2.086741
63.338689 2.375820
63.223506 2.550191
63.174639 2.649941
63.452480 2.963044
63.443946 2.922566
63.322682 2.938966
63.398441 3.102127
63.227929 2.881522
63.444525 3.110501
63.386438 3.004834
63.000359 2.611520
63.081579 3.000453
63.173876 3.043564
63.425384 2.969634
63.558576 3.107933
63.196728 2.861445
63.396851 2.871961
63.357992 2.616365
63.451224 2.572017
63.225468 2.229975
63.312191 2.097475
63.508618 1.875191
63.729241 1.835686
64.107381 1.759940
64.241892 2.004494
64.174628 1.914472
64.215601 2.149572
63.986548 2.152945
63.858352 2.346848
63.705200 2.310770
63.648754 2.140486
63.603123 1.954899
63.636465 1.895211
63.583748 1.891164
63.356248 1.909667
63.222806 1.782713
63.634319 1.986305
64.294808 2.548231
64.113663 2.518795
63.965304 2.495575
63.913985 2.656312
63.975874 2.601194
64.011266 2.748664
63.882130 2.737399
63.718189 3.039398
63.686709 3.257066
63.713661 3.327137
64.217606 3.844607
64.196871 3.612111
64.406753 3.834239
64.404449 3.492928
64.279863 3.397135
64.060121 3.027709
63.807313 2.922152
63.587162 2.691933
63.351511 2.525955
63.450405 2.432128
63.720306 2.532128
63.596985 2.210926
63.459479 2.030096
63.692181 2.060202
63.877153 2.108509
64.125367 2.261174
64.078001 2.249913
64.016287 2.335702
63.808313 1.900657
64.103821 1.907930
64.254054 1.474142
64.350332 1.310677
64.278549 1.005527
64.613980 1.361921
64.447802 1.441308
63.895331 1.354450
63.773766 1.474908
63.368974 1.699811
63.227937 2.031873
63.163337 2.070705
64.397987 4.100376
63.850116 4.209544
63.296087 4.982314
63.297105 4.941352
