-1.927578 -5.426903 15.404044
-1.941326 -5.556256 15.566187
-1.941326 -5.556256 15.566187
-1.972008 -5.628475 15.663985
-1.972008 -5.628475 15.663985
-1.972008 -5.628475 15.663985
-1.972008 -5.628475 15.663985
-1.988193 -5.679350 15.720440
-1.988193 -5.679350 15.720440
-1.988193 -5.679350 15.720440
-1.988193 -5.679350 15.720440
-2.001465 -5.712490 15.748791
-2.001465 -5.712490 15.748791
-2.001465 -5.712490 15.748791
-2.001465 -5.712490 15.748791
-2.023373 -5.746865 15.754885
-2.023373 -5.746865 15.754885
-2.023373 -5.746865 15.754885
-2.023373 -5.746865 15.754885
-2.023373 -5.746865 15.754885
-2.026757 -5.762883 15.749942
-2.026757 -5.762883 15.749942
-2.026757 -5.762883 15.749942
-2.026757 -5.762883 15.749942
-2.026757 -5.762883 15.749942
-2.026757 -5.762883 15.749942
-2.027869 -5.796061 15.747056
-2.027869 -5.796061 15.747056
-2.027869 -5.796061 15.747056
-2.027869 -5.796061 15.747056
-2.027869 -5.796061 15.747056
-2.034084 -5.798504 15.749410
-2.034084 -5.798504 15.749410
-2.034084 -5.798504 15.749410
-2.034084 -5.798504 15.749410
-2.034084 -5.798504 15.749410
-2.040383 -5.807542 15.727177
-2.040383 -5.807542 15.727177
-2.040383 -5.807542 15.727177
-2.040383 -5.807542 15.727177
-2.040383 -5.807542 15.727177
-2.040383 -5.807542 15.727177
-2.041569 -5.803821 15.713663
-2.041569 -5.803821 15.713663
-2.041569 -5.803821 15.713663
-2.041569 -5.803821 15.713663
-2.041569 -5.803821 15.713663
-2.039306 -5.797836 15.708691
-2.039306 -5.797836 15.708691
-2.039306 -5.797836 15.708691
-2.039306 -5.797836 15.708691
-2.039306 -5.797836 15.708691
-2.040952 -5.806263 15.697735
-2.040952 -5.806263 15.697735
-2.040952 -5.806263 15.697735
-2.040952 -5.806263 15.697735
-2.040952 -5.806263 15.697735
-2.042804 -5.813190 15.690019
-2.042804 -5.813190 15.690019
-2.042804 -5.813190 15.690019
-2.042804 -5.813190 15.690019
-2.042804 -5.813190 15.690019
-2.033575 -5.819165 15.695754
-2.033575 -5.819165 15.695754
-2.033575 -5.819165 15.695754
-2.033575 -5.819165 15.695754
-2.033575 -5.819165 15.695754
-2.033575 -5.819165 15.695754
-2.031819 -5.810098 15.694725
-2.031819 -5.810098 15.694725
-2.031819 -5.810098 15.694725
-2.031819 -5.810098 15.694725
-2.031819 -5.810098 15.694725
-2.039790 -5.810170 15.688630
-2.039790 -5.810170 15.688630
-2.039790 -5.810170 15.688630
-2.039790 -5.810170 15.688630
-2.039790 -5.810170 15.688630
-2.039790 -5.810170 15.688630
-2.046905 -5.814263 15.671910
-2.046905 -5.814263 15.671910
-2.046905 -5.814263 15.671910
-2.046905 -5.814263 15.671910
-2.046905 -5.814263 15.671910
-2.046905 -5.814263 15.671910
-2.038447 -5.809411 15.667795
-2.038447 -5.809411 15.667795
-2.038447 -5.809411 15.667795
-2.038447 -5.809411 15.667795
-2.038447 -5.809411 15.667795
-2.041243 -5.798434 15.675972
-2.041243 -5.798434 15.675972
-2.041243 -5.798434 15.675972
-2.041243 -5.798434 15.675972
-2.041243 -5.798434 15.675972
-2.041243 -5.798434 15.675972
-2.037451 -5.798490 15.678325
-2.037451 -5.798490 15.678325
-2.037451 -5.798490 15.678325
-2.037451 -5.798490 15.678325
-2.037451 -5.798490 15.678325
-2.037451 -5.798490 15.678325
-2.031515 -5.804263 15.690741
-2.031515 -5.804263 15.690741
-2.031515 -5.804263 15.690741
-2.031515 -5.804263 15.690741
-2.031515 -5.804263 15.690741
-2.031515 -5.804263 15.690741
-2.028478 -5.805192 15.705310
-2.028478 -5.805192 15.705310
-2.028478 -5.805192 15.705310
-2.028478 -5.805192 15.705310
-2.028478 -5.805192 15.705310
-2.033012 -5.807664 15.703127
-2.033012 -5.807664 15.703127
-2.033012 -5.807664 15.703127
-2.033012 -5.807664 15.703127
-2.033012 -5.807664 15.703127
-2.033012 -5.807664 15.703127
-2.045994 -5.807934 15.706116
-2.045994 -5.807934 15.706116
-2.045994 -5.807934 15.706116
-2.045994 -5.807934 15.706116
-2.045994 -5.807934 15.706116
-2.041196 -5.810491 15.703781
-2.041196 -5.810491 15.703781
-2.041196 -5.810491 15.703781
-2.041196 -5.810491 15.703781
-2.041196 -5.810491 15.703781
-2.041196 -5.810491 15.703781
-2.032027 -5.808463 15.721178
-2.032027 -5.808463 15.721178
-2.032027 -5.808463 15.721178
-2.032027 -5.808463 15.721178
-2.032027 -5.808463 15.721178
-2.032027 -5.808463 15.721178
-2.030485 -5.809752 15.719038
-2.030485 -5.809752 15.719038
-2.030485 -5.809752 15.719038
-2.030485 -5.809752 15.719038
-2.030485 -5.809752 15.719038
-2.033658 -5.807849 15.721296
-2.033658 -5.807849 15.721296
-2.033658 -5.807849 15.721296
-2.033658 -5.807849 15.721296
-2.033658 -5.807849 15.721296
-2.033658 -5.807849 15.721296
-2.037499 -5.801596 15.735137
-2.037499 -5.801596 15.735137
-2.037499 -5.801596 15.735137
-2.037499 -5.801596 15.735137
-2.037499 -5.801596 15.735137
-2.037499 -5.801596 15.735137
-2.036041 -5.802875 15.733182
-2.036041 -5.802875 15.733182
-2.036041 -5.802875 15.733182
-2.036041 -5.802875 15.733182
-2.036041 -5.802875 15.733182
-2.036041 -5.802875 15.733182
-2.041126 -5.805543 15.729489
-2.041126 -5.805543 15.729489
-2.041126 -5.805543 15.729489
-2.041126 -5.805543 15.729489
-2.041126 -5.805543 15.729489
-2.033325 -5.806701 15.755450
-2.033325 -5.806701 15.755450
-2.033325 -5.806701 15.755450
-2.033325 -5.806701 15.755450
-2.033325 -5.806701 15.755450
-2.035678 -5.810287 15.727998
-2.035678 -5.810287 15.727998
-2.035678 -5.810287 15.727998
-2.035678 -5.810287 15.727998
-2.035678 -5.810287 15.727998
-2.035678 -5.810287 15.727998
-2.043221 -5.815280 15.735800
-2.043221 -5.815280 15.735800
-2.043221 -5.815280 15.735800
-2.043221 -5.815280 15.735800
-2.043221 -5.815280 15.735800
-2.043221 -5.815280 15.735800
-2.035726 -5.818702 15.748565
-2.035726 -5.818702 15.748565
-2.035726 -5.818702 15.748565
-2.035726 -5.818702 15.748565
-2.035726 -5.818702 15.748565
-2.033332 -5.818901 15.743424
-2.033332 -5.818901 15.743424
-2.033332 -5.818901 15.743424
-2.033332 -5.818901 15.743424
-2.033332 -5.818901 15.743424
-2.033332 -5.818901 15.743424
-2.033352 -5.819052 15.758865
-2.033352 -5.819052 15.758865
-2.033352 -5.819052 15.758865
-2.033352 -5.819052 15.758865
-2.033352 -5.819052 15.758865
-2.037123 -5.816735 15.762555
-2.037123 -5.816735 15.762555
-2.037123 -5.816735 15.762555
-2.037123 -5.816735 15.762555
-2.037123 -5.816735 15.762555
-2.035088 -5.808836 15.772181
-2.035088 -5.808836 15.772181
-2.035088 -5.808836 15.772181
-2.035088 -5.808836 15.772181
-2.035088 -5.808836 15.772181
-2.030684 -5.811732 15.770864
-2.030684 -5.811732 15.770864
-2.030684 -5.811732 15.770864
-2.030684 -5.811732 15.770864
-2.030684 -5.811732 15.770864
-2.034967 -5.799435 15.742534
-2.034967 -5.799435 15.742534
-2.034967 -5.799435 15.742534
-2.034967 -5.799435 15.742534
-2.034967 -5.799435 15.742534
-2.034967 -5.799435 15.742534
-2.034967 -5.799435 15.742534
-2.034967 -5.799435 15.742534
-2.034967 -5.799435 15.742534
-2.034967 -5.799435 15.742534
-2.034967 -5.799435 15.742534
-2.075867 -5.792913 15.260005
-2.075867 -5.792913 15.260005
-2.075867 -5.792913 15.260005
-2.075867 -5.792913 15.260005
-2.075867 -5.792913 15.260005
-2.075867 -5.792913 15.260005
-2.068894 -5.801966 15.175485
-2.068894 -5.801966 15.175485
-2.068894 -5.801966 15.175485
-2.068894 -5.801966 15.175485
-2.068894 -5.801966 15.175485
-2.068894 -5.801966 15.175485
-2.061207 -5.793354 15.077829
-2.061207 -5.793354 15.077829
-2.061207 -5.793354 15.077829
-2.061207 -5.793354 15.077829
-2.061207 -5.793354 15.077829
-2.061207 -5.793354 15.077829
-2.050285 -5.798166 15.022134
-2.050285 -5.798166 15.022134
-2.050285 -5.798166 15.022134
-2.050285 -5.798166 15.022134
-2.050285 -5.798166 15.022134
-2.043157 -5.794330 14.983862
-2.043157 -5.794330 14.983862
-2.043157 -5.794330 14.983862
-2.043157 -5.794330 14.983862
-2.043157 -5.794330 14.983862
-2.043157 -5.794330 14.983862
-2.030413 -5.800427 14.955783
-2.030413 -5.800427 14.955783
-2.030413 -5.800427 14.955783
-2.030413 -5.800427 14.955783
-2.030413 -5.800427 14.955783
-2.028989 -5.801252 14.938805
-2.028989 -5.801252 14.938805
-2.028989 -5.801252 14.938805
-2.028989 -5.801252 14.938805
-2.028989 -5.801252 14.938805
-2.037078 -5.803727 14.904528
-2.037078 -5.803727 14.904528
-2.037078 -5.803727 14.904528
-2.037078 -5.803727 14.904528
-2.037078 -5.803727 14.904528
-2.037078 -5.803727 14.904528
-2.036397 -5.799534 14.831822
-2.036397 -5.799534 14.831822
-2.036397 -5.799534 14.831822
-2.036397 -5.799534 14.831822
-2.036397 -5.799534 14.831822
-2.032532 -5.799532 14.853792
-2.032532 -5.799532 14.853792
-2.032532 -5.799532 14.853792
-2.032532 -5.799532 14.853792
-2.032532 -5.799532 14.853792
-2.032532 -5.799532 14.853792
-2.032573 -5.803350 14.820563
-2.032573 -5.803350 14.820563
-2.032573 -5.803350 14.820563
-2.032573 -5.803350 14.820563
-2.032573 -5.803350 14.820563
-2.033042 -5.799836 14.803366
-2.033042 -5.799836 14.803366
-2.033042 -5.799836 14.803366
-2.033042 -5.799836 14.803366
-2.033042 -5.799836 14.803366
-2.033042 -5.799836 14.803366
-2.033042 -5.799836 14.803366
-2.033042 -5.799836 14.803366
-2.033042 -5.799836 14.803366
-2.033042 -5.799836 14.803366
-2.033042 -5.799836 14.803366
-2.032862 -5.813630 14.762612
-2.032862 -5.813630 14.762612
-2.032862 -5.813630 14.762612
-2.032862 -5.813630 14.762612
-2.032862 -5.813630 14.762612
-2.025439 -5.812379 14.791961
-2.025439 -5.812379 14.791961
-2.025439 -5.812379 14.791961
-2.025439 -5.812379 14.791961
-2.025439 -5.812379 14.791961
-2.025439 -5.812379 14.791961
-2.009060 -5.807240 14.863363
-2.009060 -5.807240 14.863363
-2.009060 -5.807240 14.863363
-2.009060 -5.807240 14.863363
-2.009060 -5.807240 14.863363
-2.009060 -5.807240 14.863363
-2.009060 -5.807240 14.863363
-2.009060 -5.807240 14.863363
-2.009060 -5.807240 14.863363
-2.009060 -5.807240 14.863363
-2.009060 -5.807240 14.863363
-2.001944 -5.794545 14.999101
-2.001944 -5.794545 14.999101
-2.001944 -5.794545 14.999101
-2.001944 -5.794545 14.999101
-2.001944 -5.794545 14.999101
-2.009396 -5.798951 15.015590
-2.009396 -5.798951 15.015590
-2.009396 -5.798951 15.015590
-2.009396 -5.798951 15.015590
-2.009396 -5.798951 15.015590
-2.009493 -5.802936 15.043107
-2.009493 -5.802936 15.043107
-2.009493 -5.802936 15.043107
-2.009493 -5.802936 15.043107
-2.009493 -5.802936 15.043107
-2.006247 -5.808405 15.066071
-2.006247 -5.808405 15.066071
-2.006247 -5.808405 15.066071
-2.006247 -5.808405 15.066071
-2.006247 -5.808405 15.066071
-2.006247 -5.808405 15.066071
-2.021686 -5.803968 15.066264
-2.021686 -5.803968 15.066264
-2.021686 -5.803968 15.066264
-2.021686 -5.803968 15.066264
-2.021686 -5.803968 15.066264
-2.021686 -5.803968 15.066264
-2.036125 -5.806533 15.024753
-2.036125 -5.806533 15.024753
-2.036125 -5.806533 15.024753
-2.036125 -5.806533 15.024753
-2.036125 -5.806533 15.024753
-2.042909 -5.811701 14.929426
-2.042909 -5.811701 14.929426
-2.042909 -5.811701 14.929426
-2.042909 -5.811701 14.929426
-2.042909 -5.811701 14.929426
-2.022962 -5.807162 15.031792
-2.022962 -5.807162 15.031792
-2.022962 -5.807162 15.031792
-2.022962 -5.807162 15.031792
-2.022962 -5.807162 15.031792
-2.005430 -5.811117 15.203653
-2.005430 -5.811117 15.203653
-2.005430 -5.811117 15.203653
-2.005430 -5.811117 15.203653
-2.005430 -5.811117 15.203653
-1.896426 -5.842568 16.473885
-1.896426 -5.842568 16.473885
-1.896426 -5.842568 16.473885
-1.896426 -5.842568 16.473885
-1.896426 -5.842568 16.473885
-1.896426 -5.842568 16.473885
-1.789700 -5.863131 18.217696
-1.789700 -5.863131 18.217696
-1.789700 -5.863131 18.217696
-1.789700 -5.863131 18.217696
-1.789700 -5.863131 18.217696
-1.766094 -5.866324 19.403417
-1.766094 -5.866324 19.403417
-1.766094 -5.866324 19.403417
-1.766094 -5.866324 19.403417
-1.766094 -5.866324 19.403417
-1.766094 -5.866324 19.403417
-1.805239 -5.858047 20.130154
-1.805239 -5.858047 20.130154
-1.805239 -5.858047 20.130154
-1.805239 -5.858047 20.130154
-1.805239 -5.858047 20.130154
-1.855015 -5.852113 20.586820
-1.855015 -5.852113 20.586820
-1.855015 -5.852113 20.586820
-1.855015 -5.852113 20.586820
-1.855015 -5.852113 20.586820
-1.944097 -5.826873 20.387531
-1.944097 -5.826873 20.387531
-1.944097 -5.826873 20.387531
-1.944097 -5.826873 20.387531
-1.944097 -5.826873 20.387531
-2.062207 -5.799503 19.452167
-2.062207 -5.799503 19.452167
-2.062207 -5.799503 19.452167
-2.062207 -5.799503 19.452167
-2.062207 -5.799503 19.452167
-2.062207 -5.799503 19.452167
-2.101741 -5.787708 18.854080
-2.101741 -5.787708 18.854080
-2.101741 -5.787708 18.854080
-2.101741 -5.787708 18.854080
-2.101741 -5.787708 18.854080
-2.116157 -5.784033 18.455825
-2.116157 -5.784033 18.455825
-2.116157 -5.784033 18.455825
-2.116157 -5.784033 18.455825
-2.116157 -5.784033 18.455825
-2.113475 -5.786755 18.167296
-2.113475 -5.786755 18.167296
-2.113475 -5.786755 18.167296
-2.113475 -5.786755 18.167296
-2.113475 -5.786755 18.167296
-2.097438 -5.792156 17.925304
-2.097438 -5.792156 17.925304
-2.097438 -5.792156 17.925304
-2.097438 -5.792156 17.925304
-2.097438 -5.792156 17.925304
-2.097438 -5.792156 17.925304
-2.065328 -5.796832 17.936174
-2.065328 -5.796832 17.936174
-2.065328 -5.796832 17.936174
-2.065328 -5.796832 17.936174
-2.065328 -5.796832 17.936174
-2.037759 -5.813463 18.215143
-2.037759 -5.813463 18.215143
-2.037759 -5.813463 18.215143
-2.037759 -5.813463 18.215143
-2.037759 -5.813463 18.215143
-2.028086 -5.814120 18.288113
-2.028086 -5.814120 18.288113
-2.028086 -5.814120 18.288113
-2.028086 -5.814120 18.288113
-2.028086 -5.814120 18.288113
-2.028086 -5.814120 18.288113
-2.028086 -5.814120 18.288113
-2.046274 -5.801447 18.105495
-2.046274 -5.801447 18.105495
-2.046274 -5.801447 18.105495
-2.046274 -5.801447 18.105495
-2.046274 -5.801447 18.105495
-2.048039 -5.799179 18.010137
-2.048039 -5.799179 18.010137
-2.048039 -5.799179 18.010137
-2.048039 -5.799179 18.010137
-2.048039 -5.799179 18.010137
-2.047219 -5.802708 17.912250
-2.047219 -5.802708 17.912250
-2.047219 -5.802708 17.912250
-2.047219 -5.802708 17.912250
-2.047219 -5.802708 17.912250
-2.047219 -5.802708 17.912250
-2.041074 -5.804329 17.871412
-2.041074 -5.804329 17.871412
-2.041074 -5.804329 17.871412
-2.041074 -5.804329 17.871412
-2.041074 -5.804329 17.871412
-2.091696 -5.791176 17.217134
-2.091696 -5.791176 17.217134
-2.091696 -5.791176 17.217134
-2.091696 -5.791176 17.217134
-2.091696 -5.791176 17.217134
-2.091696 -5.791176 17.217134
-2.122190 -5.774122 16.615509
-2.122190 -5.774122 16.615509
-2.122190 -5.774122 16.615509
-2.122190 -5.774122 16.615509
-2.122190 -5.774122 16.615509
-2.123685 -5.764037 16.194833
-2.123685 -5.764037 16.194833
-2.123685 -5.764037 16.194833
-2.123685 -5.764037 16.194833
-2.123685 -5.764037 16.194833
-2.105632 -5.770334 15.895788
-2.105632 -5.770334 15.895788
-2.105632 -5.770334 15.895788
-2.105632 -5.770334 15.895788
-2.105632 -5.770334 15.895788
-2.105632 -5.770334 15.895788
-2.097123 -5.783907 15.665290
-2.097123 -5.783907 15.665290
-2.097123 -5.783907 15.665290
-2.097123 -5.783907 15.665290
-2.097123 -5.783907 15.665290
-2.077419 -5.796140 15.555730
-2.077419 -5.796140 15.555730
-2.077419 -5.796140 15.555730
-2.077419 -5.796140 15.555730
-2.077419 -5.796140 15.555730
-1.965744 -5.827902 16.572281
-1.965744 -5.827902 16.572281
-1.965744 -5.827902 16.572281
-1.965744 -5.827902 16.572281
-1.965744 -5.827902 16.572281
-1.965744 -5.827902 16.572281
-2.022195 -5.813050 16.153715
-2.022195 -5.813050 16.153715
-2.022195 -5.813050 16.153715
-2.022195 -5.813050 16.153715
-2.022195 -5.813050 16.153715
-2.053320 -5.798063 15.824720
-2.053320 -5.798063 15.824720
-2.053320 -5.798063 15.824720
-2.053320 -5.798063 15.824720
-2.053320 -5.798063 15.824720
-2.053320 -5.798063 15.824720
-2.058586 -5.805474 15.620001
-2.058586 -5.805474 15.620001
-2.058586 -5.805474 15.620001
-2.058586 -5.805474 15.620001
-2.058586 -5.805474 15.620001
-2.058586 -5.805474 15.620001
-2.059519 -5.804360 15.452229
-2.059519 -5.804360 15.452229
-2.059519 -5.804360 15.452229
-2.059519 -5.804360 15.452229
-2.059519 -5.804360 15.452229
-2.046015 -5.807710 15.408260
-2.046015 -5.807710 15.408260
-2.046015 -5.807710 15.408260
-2.046015 -5.807710 15.408260
-2.046015 -5.807710 15.408260
-1.941494 -5.831797 16.349256
-1.941494 -5.831797 16.349256
-1.941494 -5.831797 16.349256
-1.941494 -5.831797 16.349256
-1.941494 -5.831797 16.349256
-1.941494 -5.831797 16.349256
-1.913703 -5.838840 17.035638
-1.913703 -5.838840 17.035638
-1.913703 -5.838840 17.035638
-1.913703 -5.838840 17.035638
-1.913703 -5.838840 17.035638
-1.966721 -5.822527 16.855876
-1.966721 -5.822527 16.855876
-1.966721 -5.822527 16.855876
-1.966721 -5.822527 16.855876
-1.966721 -5.822527 16.855876
-1.966721 -5.822527 16.855876
-2.034731 -5.810095 16.330629
-2.034731 -5.810095 16.330629
-2.034731 -5.810095 16.330629
-2.034731 -5.810095 16.330629
-2.034731 -5.810095 16.330629
-2.034731 -5.810095 16.330629
-2.056148 -5.808202 15.963308
-2.056148 -5.808202 15.963308
-2.056148 -5.808202 15.963308
-2.056148 -5.808202 15.963308
-2.056148 -5.808202 15.963308
-2.057863 -5.798009 15.723674
-2.057863 -5.798009 15.723674
-2.057863 -5.798009 15.723674
-2.057863 -5.798009 15.723674
-2.057863 -5.798009 15.723674
-2.051376 -5.805252 15.607472
-2.051376 -5.805252 15.607472
-2.051376 -5.805252 15.607472
-2.051376 -5.805252 15.607472
-2.051376 -5.805252 15.607472
-2.042810 -5.805999 15.599893
-2.042810 -5.805999 15.599893
-2.042810 -5.805999 15.599893
-2.042810 -5.805999 15.599893
-2.042810 -5.805999 15.599893
-2.042810 -5.805999 15.599893
-2.060657 -5.808988 15.330693
-2.060657 -5.808988 15.330693
-2.060657 -5.808988 15.330693
-2.060657 -5.808988 15.330693
-2.060657 -5.808988 15.330693
-2.039055 -5.817897 15.419137
-2.039055 -5.817897 15.419137
-2.039055 -5.817897 15.419137
-2.039055 -5.817897 15.419137
-2.039055 -5.817897 15.419137
-2.045821 -5.808450 15.222741
-2.045821 -5.808450 15.222741
-2.045821 -5.808450 15.222741
-2.045821 -5.808450 15.222741
-2.045821 -5.808450 15.222741
-2.045776 -5.804303 15.095299
-2.045776 -5.804303 15.095299
-2.045776 -5.804303 15.095299
-2.045776 -5.804303 15.095299
-2.045776 -5.804303 15.095299
-2.045776 -5.804303 15.095299
-2.038951 -5.803747 15.068401
-2.038951 -5.803747 15.068401
-2.038951 -5.803747 15.068401
-2.038951 -5.803747 15.068401
-2.038951 -5.803747 15.068401
-2.105219 -5.785390 14.174883
-2.105219 -5.785390 14.174883
-2.105219 -5.785390 14.174883
-2.105219 -5.785390 14.174883
-2.105219 -5.785390 14.174883
-2.109260 -5.794006 13.927364
-2.109260 -5.794006 13.927364
-2.109260 -5.794006 13.927364
-2.109260 -5.794006 13.927364
-2.109260 -5.794006 13.927364
-2.109260 -5.794006 13.927364
-2.098932 -5.796848 13.697162
-2.098932 -5.796848 13.697162
-2.098932 -5.796848 13.697162
-2.098932 -5.796848 13.697162
-2.098932 -5.796848 13.697162
-2.098932 -5.796848 13.697162
-2.079687 -5.809570 13.616094
-2.079687 -5.809570 13.616094
-2.079687 -5.809570 13.616094
-2.079687 -5.809570 13.616094
-2.079687 -5.809570 13.616094
-2.079687 -5.809570 13.616094
-2.073181 -5.810443 13.540402
-2.073181 -5.810443 13.540402
-2.073181 -5.810443 13.540402
-2.073181 -5.810443 13.540402
-2.073181 -5.810443 13.540402
-2.044615 -5.809902 13.544467
-2.044615 -5.809902 13.544467
-2.044615 -5.809902 13.544467
-2.044615 -5.809902 13.544467
-2.044615 -5.809902 13.544467
-2.044615 -5.809902 13.544467
-1.992747 -5.835173 14.086563
-1.992747 -5.835173 14.086563
-1.992747 -5.835173 14.086563
-1.992747 -5.835173 14.086563
-1.992747 -5.835173 14.086563
-1.975740 -5.839495 14.366552
-1.975740 -5.839495 14.366552
-1.975740 -5.839495 14.366552
-1.975740 -5.839495 14.366552
-1.975740 -5.839495 14.366552
-1.971608 -5.835052 14.569335
-1.971608 -5.835052 14.569335
-1.971608 -5.835052 14.569335
-1.971608 -5.835052 14.569335
-1.971608 -5.835052 14.569335
-1.971608 -5.835052 14.569335
-1.964614 -5.829464 14.706709
-1.964614 -5.829464 14.706709
-1.964614 -5.829464 14.706709
-1.964614 -5.829464 14.706709
-1.964614 -5.829464 14.706709
-1.964614 -5.829464 14.706709
-1.975541 -5.828471 14.798966
-1.975541 -5.828471 14.798966
-1.975541 -5.828471 14.798966
-1.975541 -5.828471 14.798966
-1.975541 -5.828471 14.798966
-1.974222 -5.828720 14.892039
-1.974222 -5.828720 14.892039
-1.974222 -5.828720 14.892039
-1.974222 -5.828720 14.892039
-1.974222 -5.828720 14.892039
-1.985795 -5.843619 14.893009
-1.985795 -5.843619 14.893009
-1.985795 -5.843619 14.893009
-1.985795 -5.843619 14.893009
-1.985795 -5.843619 14.893009
-1.985795 -5.843619 14.893009
-2.005528 -5.838415 14.862789
-2.005528 -5.838415 14.862789
-2.005528 -5.838415 14.862789
-2.005528 -5.838415 14.862789
-2.005528 -5.838415 14.862789
-2.005528 -5.838415 14.862789
-2.008742 -5.828092 14.867987
-2.008742 -5.828092 14.867987
-2.008742 -5.828092 14.867987
-2.008742 -5.828092 14.867987
-2.008742 -5.828092 14.867987
-2.014287 -5.828634 14.870326
-2.014287 -5.828634 14.870326
-2.014287 -5.828634 14.870326
-2.014287 -5.828634 14.870326
-2.014287 -5.828634 14.870326
-2.010761 -5.825841 14.923041
-2.010761 -5.825841 14.923041
-2.010761 -5.825841 14.923041
-2.010761 -5.825841 14.923041
-2.010761 -5.825841 14.923041
-2.009742 -5.826749 14.891663
-2.009742 -5.826749 14.891663
-2.009742 -5.826749 14.891663
-2.009742 -5.826749 14.891663
-2.009742 -5.826749 14.891663
-2.010630 -5.821182 14.889589
-2.010630 -5.821182 14.889589
-2.010630 -5.821182 14.889589
-2.010630 -5.821182 14.889589
-2.010630 -5.821182 14.889589
-2.010630 -5.821182 14.889589
-2.014053 -5.818416 14.893397
-2.014053 -5.818416 14.893397
-2.014053 -5.818416 14.893397
-2.014053 -5.818416 14.893397
-2.014053 -5.818416 14.893397
-2.014053 -5.818416 14.893397
-2.014053 -5.818416 14.893397
-2.014053 -5.818416 14.893397
-2.014053 -5.818416 14.893397
-2.014053 -5.818416 14.893397
-2.014053 -5.818416 14.893397
-2.018373 -5.817827 14.902438
-2.018373 -5.817827 14.902438
-2.018373 -5.817827 14.902438
-2.018373 -5.817827 14.902438
-2.018373 -5.817827 14.902438
-2.011215 -5.823011 14.923895
-2.011215 -5.823011 14.923895
-2.011215 -5.823011 14.923895
-2.011215 -5.823011 14.923895
-2.011215 -5.823011 14.923895
-2.011215 -5.823011 14.923895
-2.018378 -5.828295 14.935284
-2.018378 -5.828295 14.935284
-2.018378 -5.828295 14.935284
-2.018378 -5.828295 14.935284
-2.018378 -5.828295 14.935284
-2.019267 -5.825942 14.949003
-2.019267 -5.825942 14.949003
-2.019267 -5.825942 14.949003
-2.019267 -5.825942 14.949003
-2.019267 -5.825942 14.949003
-2.011658 -5.824620 14.961867
-2.011658 -5.824620 14.961867
-2.011658 -5.824620 14.961867
-2.011658 -5.824620 14.961867
-2.011658 -5.824620 14.961867
-2.011658 -5.824620 14.961867
-2.018262 -5.820057 14.990495
-2.018262 -5.820057 14.990495
-2.018262 -5.820057 14.990495
-2.018262 -5.820057 14.990495
-2.018262 -5.820057 14.990495
-2.018262 -5.820057 14.990495
-2.018185 -5.825078 14.986753
-2.018185 -5.825078 14.986753
-2.018185 -5.825078 14.986753
-2.018185 -5.825078 14.986753
-2.018185 -5.825078 14.986753
-2.012965 -5.826154 14.978904
-2.012965 -5.826154 14.978904
-2.012965 -5.826154 14.978904
-2.012965 -5.826154 14.978904
-2.012965 -5.826154 14.978904
-2.017613 -5.825470 14.981357
-2.017613 -5.825470 14.981357
-2.017613 -5.825470 14.981357
-2.017613 -5.825470 14.981357
-2.017613 -5.825470 14.981357
-2.017613 -5.825470 14.981357
-2.020622 -5.831461 14.993838
-2.020622 -5.831461 14.993838
-2.020622 -5.831461 14.993838
-2.020622 -5.831461 14.993838
-2.020622 -5.831461 14.993838
-2.020622 -5.831461 14.993838
-2.019177 -5.835285 14.998066
-2.019177 -5.835285 14.998066
-2.019177 -5.835285 14.998066
-2.019177 -5.835285 14.998066
-2.019177 -5.835285 14.998066
-2.019177 -5.835285 14.998066
-2.020500 -5.830068 14.958741
-2.020500 -5.830068 14.958741
-2.020500 -5.830068 14.958741
-2.020500 -5.830068 14.958741
-2.020500 -5.830068 14.958741
-2.020500 -5.830068 14.958741
-2.022247 -5.829244 14.879531
-2.022247 -5.829244 14.879531
-2.022247 -5.829244 14.879531
-2.022247 -5.829244 14.879531
-2.022247 -5.829244 14.879531
-2.022247 -5.829244 14.879531
-2.024341 -5.831784 14.791116
-2.024341 -5.831784 14.791116
-2.024341 -5.831784 14.791116
-2.024341 -5.831784 14.791116
-2.024341 -5.831784 14.791116
-2.018840 -5.827717 14.727712
-2.018840 -5.827717 14.727712
-2.018840 -5.827717 14.727712
-2.018840 -5.827717 14.727712
-2.018840 -5.827717 14.727712
-2.018840 -5.827717 14.727712
-2.021766 -5.831410 14.637505
-2.021766 -5.831410 14.637505
-2.021766 -5.831410 14.637505
-2.021766 -5.831410 14.637505
-2.021766 -5.831410 14.637505
-2.021766 -5.831410 14.637505
-2.033398 -5.829510 14.545515
-2.033398 -5.829510 14.545515
-2.033398 -5.829510 14.545515
-2.033398 -5.829510 14.545515
-2.033398 -5.829510 14.545515
-2.033398 -5.829510 14.545515
-2.037563 -5.835120 14.454091
-2.037563 -5.835120 14.454091
-2.037563 -5.835120 14.454091
-2.037563 -5.835120 14.454091
-2.037563 -5.835120 14.454091
-2.091062 -4.981236 14.568121
-2.091062 -4.981236 14.568121
-2.091062 -4.981236 14.568121
-2.091062 -4.981236 14.568121
-2.091062 -4.981236 14.568121
-3.037098 -3.035383 11.799515
-3.037098 -3.035383 11.799515
-3.037098 -3.035383 11.799515
-3.037098 -3.035383 11.799515
-3.037098 -3.035383 11.799515
-2.425307 -1.770303 10.947871
-2.425307 -1.770303 10.947871
-2.425307 -1.770303 10.947871
-2.425307 -1.770303 10.947871
-2.425307 -1.770303 10.947871
-2.106805 -0.281737 10.540752
-2.106805 -0.281737 10.540752
-2.106805 -0.281737 10.540752
-2.106805 -0.281737 10.540752
-2.106805 -0.281737 10.540752
-2.106805 -0.281737 10.540752
-2.842434 -0.766214 9.171559
-2.842434 -0.766214 9.171559
-2.842434 -0.766214 9.171559
-2.842434 -0.766214 9.171559
-2.842434 -0.766214 9.171559
-2.842434 -0.766214 9.171559
-5.604245 -3.613059 2.921036
-5.604245 -3.613059 2.921036
-5.604245 -3.613059 2.921036
-5.604245 -3.613059 2.921036
-5.604245 -3.613059 2.921036
6.912304 2.924744 -9.089258
6.912304 2.924744 -9.089258
6.912304 2.924744 -9.089258
6.912304 2.924744 -9.089258
6.912304 2.924744 -9.089258
6.912304 2.924744 -9.089258
20.545779 24.085383 -5.260698
20.545779 24.085383 -5.260698
20.545779 24.085383 -5.260698
20.545779 24.085383 -5.260698
20.545779 24.085383 -5.260698
27.825117 40.273073 2.123563
27.825117 40.273073 2.123563
27.825117 40.273073 2.123563
27.825117 40.273073 2.123563
27.825117 40.273073 2.123563
27.825117 40.273073 2.123563
46.256678 43.688250 9.936303
46.256678 43.688250 9.936303
46.256678 43.688250 9.936303
46.256678 43.688250 9.936303
55.157743 121.036826 76.034909
55.157743 121.036826 76.034909
55.157743 121.036826 76.034909
55.157743 121.036826 76.034909
55.157743 121.036826 76.034909
55.157743 121.036826 76.034909
46.159460 139.236439 101.852915
46.159460 139.236439 101.852915
46.159460 139.236439 101.852915
46.159460 139.236439 101.852915
46.159460 139.236439 101.852915
57.137104 155.044734 117.489882
57.137104 155.044734 117.489882
57.137104 155.044734 117.489882
57.137104 155.044734 117.489882
57.137104 155.044734 117.489882
57.137104 155.044734 117.489882
58.769263 157.184755 114.616926
58.769263 157.184755 114.616926
58.769263 157.184755 114.616926
58.769263 157.184755 114.616926
58.769263 157.184755 114.616926
63.680777 163.690511 115.862767
63.680777 163.690511 115.862767
63.680777 163.690511 115.862767
63.680777 163.690511 115.862767
63.680777 163.690511 115.862767
63.680777 163.690511 115.862767
76.416368 177.569797 125.067430
76.416368 177.569797 125.067430
76.416368 177.569797 125.067430
76.416368 177.569797 125.067430
76.416368 177.569797 125.067430
76.416368 177.569797 125.067430
80.373507 177.404438 128.608801
80.373507 177.404438 128.608801
80.373507 177.404438 128.608801
80.373507 177.404438 128.608801
38.701898 112.707629 56.893912
38.701898 112.707629 56.893912
38.701898 112.707629 56.893912
38.701898 112.707629 56.893912
38.701898 112.707629 56.893912
11.975132 111.637215 44.317044
11.975132 111.637215 44.317044
11.975132 111.637215 44.317044
11.975132 111.637215 44.317044
11.975132 111.637215 44.317044
-0.521055 105.498399 46.244622
-0.521055 105.498399 46.244622
-0.521055 105.498399 46.244622
-0.521055 105.498399 46.244622
-0.521055 105.498399 46.244622
35.152211 106.577179 62.252380
35.152211 106.577179 62.252380
35.152211 106.577179 62.252380
35.152211 106.577179 62.252380
35.152211 106.577179 62.252380
59.452262 -115.399775 -154.860442
59.452262 -115.399775 -154.860442
59.452262 -115.399775 -154.860442
59.452262 -115.399775 -154.860442
59.452262 -115.399775 -154.860442
59.452262 -115.399775 -154.860442
16.296118 -95.833121 -126.538448
16.296118 -95.833121 -126.538448
16.296118 -95.833121 -126.538448
16.296118 -95.833121 -126.538448
16.296118 -95.833121 -126.538448
6.255911 -97.074863 -137.093221
6.255911 -97.074863 -137.093221
6.255911 -97.074863 -137.093221
6.255911 -97.074863 -137.093221
6.255911 -97.074863 -137.093221
6.255911 -97.074863 -137.093221
5.097139 -98.214610 -138.895886
5.097139 -98.214610 -138.895886
5.097139 -98.214610 -138.895886
5.097139 -98.214610 -138.895886
5.097139 -98.214610 -138.895886
5.460525 -88.941767 -138.497604
5.460525 -88.941767 -138.497604
5.460525 -88.941767 -138.497604
5.460525 -88.941767 -138.497604
5.460525 -88.941767 -138.497604
5.460525 -88.941767 -138.497604
4.709307 -97.929968 -136.543391
4.709307 -97.929968 -136.543391
4.709307 -97.929968 -136.543391
4.709307 -97.929968 -136.543391
4.709307 -97.929968 -136.543391
7.231982 -100.206580 -135.897405
7.231982 -100.206580 -135.897405
7.231982 -100.206580 -135.897405
7.231982 -100.206580 -135.897405
7.231982 -100.206580 -135.897405
7.844323 -101.104873 -134.059115
7.844323 -101.104873 -134.059115
7.844323 -101.104873 -134.059115
7.844323 -101.104873 -134.059115
7.844323 -101.104873 -134.059115
7.844323 -101.104873 -134.059115
5.555988 -94.724151 -134.879379
5.555988 -94.724151 -134.879379
5.555988 -94.724151 -134.879379
5.555988 -94.724151 -134.879379
5.555988 -94.724151 -134.879379
5.323838 -89.162553 -136.389616
5.323838 -89.162553 -136.389616
5.323838 -89.162553 -136.389616
5.323838 -89.162553 -136.389616
5.323838 -89.162553 -136.389616
7.187768 -87.644544 -131.245008
7.187768 -87.644544 -131.245008
7.187768 -87.644544 -131.245008
7.187768 -87.644544 -131.245008
7.187768 -87.644544 -131.245008
7.187768 -87.644544 -131.245008
7.496396 -88.929295 -129.039103
7.496396 -88.929295 -129.039103
7.496396 -88.929295 -129.039103
7.496396 -88.929295 -129.039103
7.496396 -88.929295 -129.039103
7.496396 -88.929295 -129.039103
5.414639 -87.937839 -132.730697
5.414639 -87.937839 -132.730697
5.414639 -87.937839 -132.730697
5.414639 -87.937839 -132.730697
5.414639 -87.937839 -132.730697
5.414639 -87.937839 -132.730697
1.036534 -87.766135 -139.732379
1.036534 -87.766135 -139.732379
1.036534 -87.766135 -139.732379
1.036534 -87.766135 -139.732379
1.036534 -87.766135 -139.732379
0.677386 -88.243701 -141.981956
0.677386 -88.243701 -141.981956
0.677386 -88.243701 -141.981956
0.677386 -88.243701 -141.981956
0.677386 -88.243701 -141.981956
0.684103 -89.199491 -144.604244
0.684103 -89.199491 -144.604244
0.684103 -89.199491 -144.604244
0.684103 -89.199491 -144.604244
0.684103 -89.199491 -144.604244
0.713387 -89.150300 -144.565776
0.713387 -89.150300 -144.565776
0.713387 -89.150300 -144.565776
0.713387 -89.150300 -144.565776
0.713387 -89.150300 -144.565776
0.713387 -89.150300 -144.565776
0.548867 -89.059417 -143.717303
0.548867 -89.059417 -143.717303
0.548867 -89.059417 -143.717303
0.548867 -89.059417 -143.717303
0.548867 -89.059417 -143.717303
0.509038 -88.883267 -143.510348
0.509038 -88.883267 -143.510348
0.509038 -88.883267 -143.510348
0.509038 -88.883267 -143.510348
0.509038 -88.883267 -143.510348
0.359265 -87.216632 -143.634657
0.359265 -87.216632 -143.634657
0.359265 -87.216632 -143.634657
0.359265 -87.216632 -143.634657
0.359265 -87.216632 -143.634657
0.138316 -84.464005 -143.523079
0.138316 -84.464005 -143.523079
0.138316 -84.464005 -143.523079
0.138316 -84.464005 -143.523079
0.138316 -84.464005 -143.523079
-0.270204 -84.817836 -143.651173
-0.270204 -84.817836 -143.651173
-0.270204 -84.817836 -143.651173
-0.270204 -84.817836 -143.651173
-0.270204 -84.817836 -143.651173
-0.270204 -84.817836 -143.651173
-0.354574 -84.895461 -143.880544
-0.354574 -84.895461 -143.880544
-0.354574 -84.895461 -143.880544
-0.354574 -84.895461 -143.880544
-0.354574 -84.895461 -143.880544
-0.443750 -84.969650 -143.971058
-0.443750 -84.969650 -143.971058
-0.443750 -84.969650 -143.971058
-0.443750 -84.969650 -143.971058
-0.443750 -84.969650 -143.971058
-0.496945 -85.066133 -144.183996
-0.496945 -85.066133 -144.183996
-0.496945 -85.066133 -144.183996
-0.496945 -85.066133 -144.183996
-0.496945 -85.066133 -144.183996
-0.496945 -85.066133 -144.183996
-0.628253 -85.119901 -144.251615
-0.628253 -85.119901 -144.251615
-0.628253 -85.119901 -144.251615
-0.628253 -85.119901 -144.251615
-0.628253 -85.119901 -144.251615
-0.567357 -85.138253 -144.395363
-0.567357 -85.138253 -144.395363
-0.567357 -85.138253 -144.395363
-0.567357 -85.138253 -144.395363
-0.567357 -85.138253 -144.395363
-0.606691 -85.189528 -144.536925
-0.606691 -85.189528 -144.536925
-0.606691 -85.189528 -144.536925
-0.606691 -85.189528 -144.536925
-0.606691 -85.189528 -144.536925
-0.606691 -85.189528 -144.536925
-0.597977 -85.267071 -144.625923
-0.597977 -85.267071 -144.625923
-0.597977 -85.267071 -144.625923
-0.597977 -85.267071 -144.625923
-0.597977 -85.267071 -144.625923
-0.642632 -85.229389 -144.750560
-0.642632 -85.229389 -144.750560
-0.642632 -85.229389 -144.750560
-0.642632 -85.229389 -144.750560
-0.642632 -85.229389 -144.750560
-0.501055 -84.882162 -144.719838
-0.501055 -84.882162 -144.719838
-0.501055 -84.882162 -144.719838
-0.501055 -84.882162 -144.719838
-0.501055 -84.882162 -144.719838
-0.507559 -84.901225 -144.796281
-0.507559 -84.901225 -144.796281
-0.507559 -84.901225 -144.796281
-0.507559 -84.901225 -144.796281
-0.507559 -84.901225 -144.796281
-0.507559 -84.901225 -144.796281
-0.460296 -84.969425 -144.885224
-0.460296 -84.969425 -144.885224
-0.460296 -84.969425 -144.885224
-0.460296 -84.969425 -144.885224
-0.451714 -84.916306 -145.038152
-0.451714 -84.916306 -145.038152
-0.451714 -84.916306 -145.038152
-0.451714 -84.916306 -145.038152
-0.451714 -84.916306 -145.038152
-0.482094 -85.014436 -145.178963
-0.482094 -85.014436 -145.178963
-0.482094 -85.014436 -145.178963
-0.482094 -85.014436 -145.178963
-0.482094 -85.014436 -145.178963
-0.520335 -84.987156 -145.313695
-0.520335 -84.987156 -145.313695
-0.520335 -84.987156 -145.313695
-0.520335 -84.987156 -145.313695
-0.520335 -84.987156 -145.313695
-0.505843 -84.958790 -145.409865
-0.505843 -84.958790 -145.409865
-0.505843 -84.958790 -145.409865
-0.505843 -84.958790 -145.409865
-0.505843 -84.958790 -145.409865
-0.505843 -84.958790 -145.409865
-0.509092 -85.025050 -145.589417
-0.509092 -85.025050 -145.589417
-0.509092 -85.025050 -145.589417
-0.509092 -85.025050 -145.589417
-0.456296 -85.017523 -145.619319
-0.456296 -85.017523 -145.619319
-0.456296 -85.017523 -145.619319
-0.456296 -85.017523 -145.619319
-0.456296 -85.017523 -145.619319
-0.394909 -84.995263 -145.685107
-0.394909 -84.995263 -145.685107
-0.394909 -84.995263 -145.685107
-0.394909 -84.995263 -145.685107
-0.394909 -84.995263 -145.685107
-0.394909 -84.995263 -145.685107
-0.457325 -84.825622 -145.754366
-0.457325 -84.825622 -145.754366
-0.457325 -84.825622 -145.754366
-0.457325 -84.825622 -145.754366
-0.457325 -84.825622 -145.754366
-0.554278 -84.853168 -145.883497
-0.554278 -84.853168 -145.883497
-0.554278 -84.853168 -145.883497
-0.554278 -84.853168 -145.883497
-0.554278 -84.853168 -145.883497
-0.503076 -84.803533 -146.086094
-0.503076 -84.803533 -146.086094
-0.503076 -84.803533 -146.086094
-0.503076 -84.803533 -146.086094
-0.503076 -84.803533 -146.086094
-0.368070 -84.904436 -146.182386
-0.368070 -84.904436 -146.182386
-0.368070 -84.904436 -146.182386
-0.368070 -84.904436 -146.182386
-0.368070 -84.904436 -146.182386
-0.352643 -84.825048 -146.275523
-0.352643 -84.825048 -146.275523
-0.352643 -84.825048 -146.275523
-0.352643 -84.825048 -146.275523
-0.352643 -84.825048 -146.275523
-0.256351 -84.872190 -146.357785
-0.256351 -84.872190 -146.357785
-0.256351 -84.872190 -146.357785
-0.256351 -84.872190 -146.357785
-0.256351 -84.872190 -146.357785
-0.287004 -84.805821 -146.565177
-0.287004 -84.805821 -146.565177
-0.287004 -84.805821 -146.565177
-0.287004 -84.805821 -146.565177
-0.287004 -84.805821 -146.565177
-0.374629 -84.698922 -146.643697
-0.374629 -84.698922 -146.643697
-0.374629 -84.698922 -146.643697
-0.374629 -84.698922 -146.643697
-0.374629 -84.698922 -146.643697
-0.534847 -84.466470 -146.692711
-0.534847 -84.466470 -146.692711
-0.534847 -84.466470 -146.692711
-0.534847 -84.466470 -146.692711
-0.534847 -84.466470 -146.692711
-0.534847 -84.466470 -146.692711
-0.673518 -84.433952 -146.687219
-0.673518 -84.433952 -146.687219
-0.673518 -84.433952 -146.687219
-0.673518 -84.433952 -146.687219
-0.673518 -84.433952 -146.687219
-0.566459 -84.485492 -146.737831
-0.566459 -84.485492 -146.737831
-0.566459 -84.485492 -146.737831
-0.566459 -84.485492 -146.737831
-0.566459 -84.485492 -146.737831
-0.607767 -84.562865 -146.930265
-0.607767 -84.562865 -146.930265
-0.607767 -84.562865 -146.930265
-0.607767 -84.562865 -146.930265
-0.607767 -84.562865 -146.930265
-0.579387 -84.622308 -146.954635
-0.579387 -84.622308 -146.954635
-0.579387 -84.622308 -146.954635
-0.579387 -84.622308 -146.954635
-0.579387 -84.622308 -146.954635
-0.492342 -84.620307 -147.161111
-0.492342 -84.620307 -147.161111
-0.492342 -84.620307 -147.161111
-0.492342 -84.620307 -147.161111
-0.492342 -84.620307 -147.161111
-0.426833 -84.705240 -147.214674
-0.426833 -84.705240 -147.214674
-0.426833 -84.705240 -147.214674
-0.426833 -84.705240 -147.214674
-0.426833 -84.705240 -147.214674
-0.507396 -84.603696 -147.272594
-0.507396 -84.603696 -147.272594
-0.507396 -84.603696 -147.272594
-0.507396 -84.603696 -147.272594
-0.507396 -84.603696 -147.272594
-0.533437 -84.482726 -147.352548
-0.533437 -84.482726 -147.352548
-0.533437 -84.482726 -147.352548
-0.533437 -84.482726 -147.352548
-0.533437 -84.482726 -147.352548
-0.506251 -84.356422 -147.363790
-0.506251 -84.356422 -147.363790
-0.506251 -84.356422 -147.363790
-0.506251 -84.356422 -147.363790
-0.506251 -84.356422 -147.363790
-0.488655 -84.441861 -147.497744
-0.488655 -84.441861 -147.497744
-0.488655 -84.441861 -147.497744
-0.488655 -84.441861 -147.497744
-0.488655 -84.441861 -147.497744
-0.585514 -84.466825 -147.541375
-0.585514 -84.466825 -147.541375
-0.585514 -84.466825 -147.541375
-0.585514 -84.466825 -147.541375
-0.585514 -84.466825 -147.541375
-0.533458 -84.446601 -147.704070
-0.533458 -84.446601 -147.704070
-0.533458 -84.446601 -147.704070
-0.533458 -84.446601 -147.704070
-0.533458 -84.446601 -147.704070
-0.533458 -84.446601 -147.704070
-0.494113 -84.573772 -147.899400
-0.494113 -84.573772 -147.899400
-0.494113 -84.573772 -147.899400
-0.494113 -84.573772 -147.899400
-0.494113 -84.573772 -147.899400
-0.494113 -84.573772 -147.899400
-0.366681 -84.559709 -147.944438
-0.366681 -84.559709 -147.944438
-0.366681 -84.559709 -147.944438
-0.366681 -84.559709 -147.944438
-0.366681 -84.559709 -147.944438
-0.393535 -84.587344 -147.882393
-0.393535 -84.587344 -147.882393
-0.393535 -84.587344 -147.882393
-0.393535 -84.587344 -147.882393
-0.393535 -84.587344 -147.882393
-0.517018 -84.532457 -148.147828
-0.517018 -84.532457 -148.147828
-0.517018 -84.532457 -148.147828
-0.517018 -84.532457 -148.147828
-0.517018 -84.532457 -148.147828
-0.517018 -84.532457 -148.147828
-0.501968 -84.569900 -148.135875
-0.501968 -84.569900 -148.135875
-0.501968 -84.569900 -148.135875
-0.501968 -84.569900 -148.135875
-0.501968 -84.569900 -148.135875
-0.535086 -84.384289 -148.323473
-0.535086 -84.384289 -148.323473
-0.535086 -84.384289 -148.323473
-0.535086 -84.384289 -148.323473
-0.535086 -84.384289 -148.323473
-0.691070 -84.154085 -148.195680
-0.691070 -84.154085 -148.195680
-0.691070 -84.154085 -148.195680
-0.691070 -84.154085 -148.195680
-0.691070 -84.154085 -148.195680
-0.726956 -84.182020 -148.241825
-0.726956 -84.182020 -148.241825
-0.726956 -84.182020 -148.241825
-0.726956 -84.182020 -148.241825
-0.726956 -84.182020 -148.241825
-0.768566 -84.282383 -148.475281
-0.768566 -84.282383 -148.475281
-0.768566 -84.282383 -148.475281
-0.768566 -84.282383 -148.475281
-0.768566 -84.282383 -148.475281
-0.830123 -84.394022 -148.646896
-0.830123 -84.394022 -148.646896
-0.830123 -84.394022 -148.646896
-0.830123 -84.394022 -148.646896
-0.830123 -84.394022 -148.646896
-0.811514 -84.302669 -148.748816
-0.811514 -84.302669 -148.748816
-0.811514 -84.302669 -148.748816
-0.811514 -84.302669 -148.748816
-0.811514 -84.302669 -148.748816
-0.811514 -84.302669 -148.748816
-0.834848 -84.406283 -148.864096
-0.834848 -84.406283 -148.864096
-0.834848 -84.406283 -148.864096
-0.834848 -84.406283 -148.864096
-0.834848 -84.406283 -148.864096
-0.886892 -84.190025 -149.002872
-0.886892 -84.190025 -149.002872
-0.886892 -84.190025 -149.002872
-0.886892 -84.190025 -149.002872
-0.886892 -84.190025 -149.002872
-0.886892 -84.190025 -149.002872
-0.956574 -84.038818 -148.993132
-0.956574 -84.038818 -148.993132
-0.956574 -84.038818 -148.993132
-0.956574 -84.038818 -148.993132
-0.873790 -84.106253 -149.123821
-0.873790 -84.106253 -149.123821
-0.873790 -84.106253 -149.123821
-0.873790 -84.106253 -149.123821
-0.873790 -84.106253 -149.123821
-0.951825 -84.132249 -149.226082
-0.951825 -84.132249 -149.226082
-0.951825 -84.132249 -149.226082
-0.951825 -84.132249 -149.226082
-0.951825 -84.132249 -149.226082
-0.955254 -84.135411 -149.291297
-0.955254 -84.135411 -149.291297
-0.955254 -84.135411 -149.291297
-0.955254 -84.135411 -149.291297
-0.955254 -84.135411 -149.291297
-0.893400 -84.131135 -149.498033
-0.893400 -84.131135 -149.498033
-0.893400 -84.131135 -149.498033
-0.893400 -84.131135 -149.498033
-0.893400 -84.131135 -149.498033
-0.999805 -84.254536 -149.643120
-0.999805 -84.254536 -149.643120
-0.999805 -84.254536 -149.643120
-0.999805 -84.254536 -149.643120
-0.999805 -84.254536 -149.643120
-0.989866 -84.268545 -149.978086
-0.989866 -84.268545 -149.978086
-0.989866 -84.268545 -149.978086
-0.989866 -84.268545 -149.978086
-0.989866 -84.268545 -149.978086
-1.332088 -84.272868 -150.649781
-1.332088 -84.272868 -150.649781
-1.332088 -84.272868 -150.649781
-1.332088 -84.272868 -150.649781
-1.332088 -84.272868 -150.649781
-1.332088 -84.272868 -150.649781
-1.779176 -84.405142 -152.525774
-1.779176 -84.405142 -152.525774
-1.779176 -84.405142 -152.525774
-1.779176 -84.405142 -152.525774
-1.779176 -84.405142 -152.525774
-1.601266 -84.491189 -152.743384
-1.601266 -84.491189 -152.743384
-1.601266 -84.491189 -152.743384
-1.601266 -84.491189 -152.743384
-1.601266 -84.491189 -152.743384
0.878309 -85.314035 -148.372104
0.878309 -85.314035 -148.372104
0.878309 -85.314035 -148.372104
0.878309 -85.314035 -148.372104
0.878309 -85.314035 -148.372104
0.878309 -85.314035 -148.372104
0.039284 -87.039683 -146.719622
0.039284 -87.039683 -146.719622
0.039284 -87.039683 -146.719622
0.039284 -87.039683 -146.719622
0.039284 -87.039683 -146.719622
-0.256700 -87.018844 -143.101889
-0.256700 -87.018844 -143.101889
-0.256700 -87.018844 -143.101889
-0.256700 -87.018844 -143.101889
-0.256700 -87.018844 -143.101889
-2.417881 -82.274232 -141.427564
-2.417881 -82.274232 -141.427564
-2.417881 -82.274232 -141.427564
-2.417881 -82.274232 -141.427564
-2.417881 -82.274232 -141.427564
-2.417881 -82.274232 -141.427564
-7.893907 -78.064527 -136.376912
-7.893907 -78.064527 -136.376912
-7.893907 -78.064527 -136.376912
-7.893907 -78.064527 -136.376912
-7.893907 -78.064527 -136.376912
-8.562365 -78.975948 -133.652431
-8.562365 -78.975948 -133.652431
-8.562365 -78.975948 -133.652431
-8.562365 -78.975948 -133.652431
-8.562365 -78.975948 -133.652431
-8.562365 -78.975948 -133.652431
-10.528755 -81.488904 -137.664157
-10.528755 -81.488904 -137.664157
-10.528755 -81.488904 -137.664157
-10.528755 -81.488904 -137.664157
-10.528755 -81.488904 -137.664157
-9.513724 -85.838211 -139.495686
-9.513724 -85.838211 -139.495686
-9.513724 -85.838211 -139.495686
-9.513724 -85.838211 -139.495686
-9.513724 -85.838211 -139.495686
-9.513724 -85.838211 -139.495686
-8.857968 -86.283553 -139.934334
-8.857968 -86.283553 -139.934334
-8.857968 -86.283553 -139.934334
-8.857968 -86.283553 -139.934334
-8.857968 -86.283553 -139.934334
-5.920624 -86.310109 -140.869018
-5.920624 -86.310109 -140.869018
-5.920624 -86.310109 -140.869018
-5.920624 -86.310109 -140.869018
-5.920624 -86.310109 -140.869018
-5.920624 -86.310109 -140.869018
-6.186724 -87.072993 -141.060304
-6.186724 -87.072993 -141.060304
-6.186724 -87.072993 -141.060304
-6.186724 -87.072993 -141.060304
-6.186724 -87.072993 -141.060304
-6.186724 -87.072993 -141.060304
-6.209229 -91.477448 -140.455819
-6.209229 -91.477448 -140.455819
-6.209229 -91.477448 -140.455819
-6.209229 -91.477448 -140.455819
-6.209229 -91.477448 -140.455819
-5.110308 -88.322460 -140.556018
-5.110308 -88.322460 -140.556018
-5.110308 -88.322460 -140.556018
-5.110308 -88.322460 -140.556018
-5.110308 -88.322460 -140.556018
-5.110308 -88.322460 -140.556018
-4.972956 -84.405763 -140.484410
-4.972956 -84.405763 -140.484410
-4.972956 -84.405763 -140.484410
-4.972956 -84.405763 -140.484410
-4.972956 -84.405763 -140.484410
-5.393658 -84.965313 -140.625180
-5.393658 -84.965313 -140.625180
-5.393658 -84.965313 -140.625180
-5.393658 -84.965313 -140.625180
-5.393658 -84.965313 -140.625180
-5.360232 -83.523494 -140.872911
-5.360232 -83.523494 -140.872911
-5.360232 -83.523494 -140.872911
-5.360232 -83.523494 -140.872911
-5.360232 -83.523494 -140.872911
-5.360232 -83.523494 -140.872911
-5.472257 -82.578865 -141.059157
-5.472257 -82.578865 -141.059157
-5.472257 -82.578865 -141.059157
-5.472257 -82.578865 -141.059157
-5.472257 -82.578865 -141.059157
-5.510294 -82.951200 -141.209790
-5.510294 -82.951200 -141.209790
-5.510294 -82.951200 -141.209790
-5.510294 -82.951200 -141.209790
-5.510294 -82.951200 -141.209790
-5.510294 -82.951200 -141.209790
-5.493184 -83.540201 -141.356407
-5.493184 -83.540201 -141.356407
-5.493184 -83.540201 -141.356407
-5.493184 -83.540201 -141.356407
-5.493184 -83.540201 -141.356407
-5.497651 -83.625326 -141.409450
-5.497651 -83.625326 -141.409450
-5.497651 -83.625326 -141.409450
-5.497651 -83.625326 -141.409450
-5.497651 -83.625326 -141.409450
-5.471615 -83.649334 -141.427236
-5.471615 -83.649334 -141.427236
-5.471615 -83.649334 -141.427236
-5.471615 -83.649334 -141.427236
-5.471615 -83.649334 -141.427236
-5.498534 -83.641923 -141.606351
-5.498534 -83.641923 -141.606351
-5.498534 -83.641923 -141.606351
-5.498534 -83.641923 -141.606351
-5.498534 -83.641923 -141.606351
-5.498534 -83.641923 -141.606351
-5.452149 -83.723018 -141.680813
-5.452149 -83.723018 -141.680813
-5.452149 -83.723018 -141.680813
-5.452149 -83.723018 -141.680813
-5.452149 -83.723018 -141.680813
-5.549854 -83.814433 -141.754156
-5.549854 -83.814433 -141.754156
-5.549854 -83.814433 -141.754156
-5.549854 -83.814433 -141.754156
-5.549854 -83.814433 -141.754156
-5.549854 -83.814433 -141.754156
-5.575614 -83.964444 -141.644409
-5.575614 -83.964444 -141.644409
-5.575614 -83.964444 -141.644409
-5.575614 -83.964444 -141.644409
-5.575614 -83.964444 -141.644409
-5.342116 -84.102715 -141.847948
-5.342116 -84.102715 -141.847948
-5.342116 -84.102715 -141.847948
-5.342116 -84.102715 -141.847948
-5.342116 -84.102715 -141.847948
-5.342116 -84.102715 -141.847948
-5.263886 -84.206213 -141.926796
-5.263886 -84.206213 -141.926796
-5.263886 -84.206213 -141.926796
-5.263886 -84.206213 -141.926796
-5.263886 -84.206213 -141.926796
-5.029680 -83.402422 -142.141250
-5.029680 -83.402422 -142.141250
-5.029680 -83.402422 -142.141250
-5.029680 -83.402422 -142.141250
-5.029680 -83.402422 -142.141250
-4.945217 -83.661314 -142.220617
-4.945217 -83.661314 -142.220617
-4.945217 -83.661314 -142.220617
-4.945217 -83.661314 -142.220617
-4.945217 -83.661314 -142.220617
-4.945217 -83.661314 -142.220617
-4.870027 -83.815526 -142.340104
-4.870027 -83.815526 -142.340104
-4.870027 -83.815526 -142.340104
-4.870027 -83.815526 -142.340104
-4.870027 -83.815526 -142.340104
-4.870027 -83.815526 -142.340104
-4.814879 -83.966630 -142.443718
-4.814879 -83.966630 -142.443718
-4.814879 -83.966630 -142.443718
-4.814879 -83.966630 -142.443718
-4.814879 -83.966630 -142.443718
-4.628531 -83.879668 -142.503605
-4.628531 -83.879668 -142.503605
-4.628531 -83.879668 -142.503605
-4.628531 -83.879668 -142.503605
-4.628531 -83.879668 -142.503605
-4.628531 -83.879668 -142.503605
-4.826703 -83.767551 -142.654170
-4.826703 -83.767551 -142.654170
-4.826703 -83.767551 -142.654170
-4.826703 -83.767551 -142.654170
-4.826703 -83.767551 -142.654170
-4.632125 -83.733195 -142.892530
-4.632125 -83.733195 -142.892530
-4.632125 -83.733195 -142.892530
-4.632125 -83.733195 -142.892530
-4.632125 -83.733195 -142.892530
-4.632125 -83.733195 -142.892530
-4.643814 -83.727116 -143.077218
-4.643814 -83.727116 -143.077218
-4.643814 -83.727116 -143.077218
-4.643814 -83.727116 -143.077218
-4.643814 -83.727116 -143.077218
-4.643814 -83.727116 -143.077218
-4.523528 -83.772619 -143.271442
-4.523528 -83.772619 -143.271442
-4.523528 -83.772619 -143.271442
-4.523528 -83.772619 -143.271442
-4.523528 -83.772619 -143.271442
-4.426856 -83.859738 -143.522451
-4.426856 -83.859738 -143.522451
-4.426856 -83.859738 -143.522451
-4.426856 -83.859738 -143.522451
-4.426856 -83.859738 -143.522451
-4.277532 -83.804577 -143.619494
-4.277532 -83.804577 -143.619494
-4.277532 -83.804577 -143.619494
-4.277532 -83.804577 -143.619494
-4.277532 -83.804577 -143.619494
-4.277532 -83.804577 -143.619494
-4.252194 -83.872005 -143.808417
-4.252194 -83.872005 -143.808417
-4.252194 -83.872005 -143.808417
-4.252194 -83.872005 -143.808417
-4.252194 -83.872005 -143.808417
-4.290304 -83.481407 -143.905201
-4.290304 -83.481407 -143.905201
-4.290304 -83.481407 -143.905201
-4.290304 -83.481407 -143.905201
-4.290304 -83.481407 -143.905201
-4.290304 -83.481407 -143.905201
-4.113315 -82.353257 -143.986959
-4.113315 -82.353257 -143.986959
-4.113315 -82.353257 -143.986959
-4.113315 -82.353257 -143.986959
-4.113315 -82.353257 -143.986959
-4.112843 -82.436354 -144.076461
-4.112843 -82.436354 -144.076461
-4.112843 -82.436354 -144.076461
-4.112843 -82.436354 -144.076461
-4.112843 -82.436354 -144.076461
-4.112843 -82.436354 -144.076461
-4.121535 -82.559700 -144.242995
-4.121535 -82.559700 -144.242995
-4.121535 -82.559700 -144.242995
-4.121535 -82.559700 -144.242995
-4.121535 -82.559700 -144.242995
-4.253925 -82.696980 -144.557757
-4.253925 -82.696980 -144.557757
-4.253925 -82.696980 -144.557757
-4.253925 -82.696980 -144.557757
-4.253925 -82.696980 -144.557757
-4.253925 -82.696980 -144.557757
-3.648223 -83.151529 -144.765313
-3.648223 -83.151529 -144.765313
-3.648223 -83.151529 -144.765313
-3.648223 -83.151529 -144.765313
-3.648223 -83.151529 -144.765313
-3.894717 -82.835728 -144.875402
-3.894717 -82.835728 -144.875402
-3.894717 -82.835728 -144.875402
-3.894717 -82.835728 -144.875402
-3.894717 -82.835728 -144.875402
-3.894717 -82.835728 -144.875402
-3.728864 -82.833167 -144.977281
-3.728864 -82.833167 -144.977281
-3.728864 -82.833167 -144.977281
-3.728864 -82.833167 -144.977281
-3.728864 -82.833167 -144.977281
-3.728864 -82.833167 -144.977281
-3.787507 -82.588605 -145.128502
-3.787507 -82.588605 -145.128502
-3.787507 -82.588605 -145.128502
-3.787507 -82.588605 -145.128502
-3.787507 -82.588605 -145.128502
-3.766955 -82.616008 -145.353392
-3.766955 -82.616008 -145.353392
-3.766955 -82.616008 -145.353392
-3.766955 -82.616008 -145.353392
-3.766955 -82.616008 -145.353392
-3.766955 -82.616008 -145.353392
-3.839608 -82.378338 -145.593924
-3.839608 -82.378338 -145.593924
-3.839608 -82.378338 -145.593924
-3.839608 -82.378338 -145.593924
-3.839608 -82.378338 -145.593924
-3.604625 -82.446537 -145.795333
-3.604625 -82.446537 -145.795333
-3.604625 -82.446537 -145.795333
-3.604625 -82.446537 -145.795333
-3.604625 -82.446537 -145.795333
-3.604625 -82.446537 -145.795333
-3.728328 -82.405536 -145.910914
-3.728328 -82.405536 -145.910914
-3.728328 -82.405536 -145.910914
-3.728328 -82.405536 -145.910914
-3.728328 -82.405536 -145.910914
-3.728328 -82.405536 -145.910914
-3.683317 -82.319393 -146.107964
-3.683317 -82.319393 -146.107964
-3.683317 -82.319393 -146.107964
-3.683317 -82.319393 -146.107964
-3.683317 -82.319393 -146.107964
-3.589020 -82.354876 -146.226427
-3.589020 -82.354876 -146.226427
-3.589020 -82.354876 -146.226427
-3.589020 -82.354876 -146.226427
-3.589020 -82.354876 -146.226427
-3.622825 -82.174832 -146.486644
-3.622825 -82.174832 -146.486644
-3.622825 -82.174832 -146.486644
-3.622825 -82.174832 -146.486644
-3.622825 -82.174832 -146.486644
-3.622825 -82.174832 -146.486644
-3.429739 -82.546866 -146.778880
-3.429739 -82.546866 -146.778880
-3.429739 -82.546866 -146.778880
-3.429739 -82.546866 -146.778880
-3.429739 -82.546866 -146.778880
-3.414246 -82.278610 -146.986627
-3.414246 -82.278610 -146.986627
-3.414246 -82.278610 -146.986627
-3.414246 -82.278610 -146.986627
-3.414246 -82.278610 -146.986627
-3.414246 -82.278610 -146.986627
-3.573877 -82.043256 -146.962927
-3.573877 -82.043256 -146.962927
-3.573877 -82.043256 -146.962927
-3.573877 -82.043256 -146.962927
-3.573877 -82.043256 -146.962927
-3.418676 -82.033372 -147.182394
-3.418676 -82.033372 -147.182394
-3.418676 -82.033372 -147.182394
-3.418676 -82.033372 -147.182394
-3.418676 -82.033372 -147.182394
-3.344548 -82.217624 -147.515052
-3.344548 -82.217624 -147.515052
-3.344548 -82.217624 -147.515052
-3.344548 -82.217624 -147.515052
-3.344548 -82.217624 -147.515052
-3.344548 -82.217624 -147.515052
-3.285781 -82.103546 -147.557781
-3.285781 -82.103546 -147.557781
-3.285781 -82.103546 -147.557781
-3.285781 -82.103546 -147.557781
-3.285781 -82.103546 -147.557781
-3.285781 -82.103546 -147.557781
-3.073382 -82.028960 -147.675083
-3.073382 -82.028960 -147.675083
-3.073382 -82.028960 -147.675083
-3.073382 -82.028960 -147.675083
-3.073382 -82.028960 -147.675083
-3.101266 -82.117882 -147.821659
-3.101266 -82.117882 -147.821659
-3.101266 -82.117882 -147.821659
-3.101266 -82.117882 -147.821659
-3.101266 -82.117882 -147.821659
-3.101266 -82.117882 -147.821659
-2.872639 -82.277572 -148.040389
-2.872639 -82.277572 -148.040389
-2.872639 -82.277572 -148.040389
-2.872639 -82.277572 -148.040389
-2.872639 -82.277572 -148.040389
-2.669945 -82.285106 -148.331656
-2.669945 -82.285106 -148.331656
-2.669945 -82.285106 -148.331656
-2.669945 -82.285106 -148.331656
-2.669945 -82.285106 -148.331656
-2.541683 -82.159628 -148.466893
-2.541683 -82.159628 -148.466893
-2.541683 -82.159628 -148.466893
-2.541683 -82.159628 -148.466893
-2.541683 -82.159628 -148.466893
-2.486145 -82.216305 -148.581914
-2.486145 -82.216305 -148.581914
-2.486145 -82.216305 -148.581914
-2.486145 -82.216305 -148.581914
-2.486145 -82.216305 -148.581914
-2.486145 -82.216305 -148.581914
-2.472239 -82.156145 -148.709187
-2.472239 -82.156145 -148.709187
-2.472239 -82.156145 -148.709187
-2.472239 -82.156145 -148.709187
-2.472239 -82.156145 -148.709187
-2.472239 -82.156145 -148.709187
-2.472239 -82.156145 -148.709187
-2.472239 -82.156145 -148.709187
-2.472239 -82.156145 -148.709187
-2.472239 -82.156145 -148.709187
-2.472239 -82.156145 -148.709187
-2.458873 -82.342411 -149.038143
-2.458873 -82.342411 -149.038143
-2.458873 -82.342411 -149.038143
-2.458873 -82.342411 -149.038143
-2.458873 -82.342411 -149.038143
-2.458873 -82.342411 -149.038143
-2.480312 -82.393050 -149.234210
-2.480312 -82.393050 -149.234210
-2.480312 -82.393050 -149.234210
-2.480312 -82.393050 -149.234210
-2.480312 -82.393050 -149.234210
-2.366629 -82.413322 -149.454238
-2.366629 -82.413322 -149.454238
-2.366629 -82.413322 -149.454238
-2.366629 -82.413322 -149.454238
-2.366629 -82.413322 -149.454238
-2.366629 -82.413322 -149.454238
-2.355242 -82.508644 -149.687762
-2.355242 -82.508644 -149.687762
-2.355242 -82.508644 -149.687762
-2.355242 -82.508644 -149.687762
-2.355242 -82.508644 -149.687762
-2.259138 -82.430609 -149.777989
-2.259138 -82.430609 -149.777989
-2.259138 -82.430609 -149.777989
-2.259138 -82.430609 -149.777989
-2.259138 -82.430609 -149.777989
-2.259138 -82.430609 -149.777989
-2.163671 -82.271404 -149.802059
-2.163671 -82.271404 -149.802059
-2.163671 -82.271404 -149.802059
-2.163671 -82.271404 -149.802059
-2.163671 -82.271404 -149.802059
-2.162566 -82.310664 -149.915959
-2.162566 -82.310664 -149.915959
-2.162566 -82.310664 -149.915959
-2.162566 -82.310664 -149.915959
-2.162566 -82.310664 -149.915959
-2.162566 -82.310664 -149.915959
-2.175097 -82.453675 -150.121315
-2.175097 -82.453675 -150.121315
-2.175097 -82.453675 -150.121315
-2.175097 -82.453675 -150.121315
-2.234573 -82.562692 -150.315907
-2.234573 -82.562692 -150.315907
-2.234573 -82.562692 -150.315907
-2.234573 -82.562692 -150.315907
-2.234573 -82.562692 -150.315907
-2.272298 -82.623391 -150.465625
-2.272298 -82.623391 -150.465625
-2.272298 -82.623391 -150.465625
-2.272298 -82.623391 -150.465625
-2.272298 -82.623391 -150.465625
-2.112921 -82.419845 -150.747084
-2.112921 -82.419845 -150.747084
-2.112921 -82.419845 -150.747084
-2.112921 -82.419845 -150.747084
-2.112921 -82.419845 -150.747084
-2.112921 -82.419845 -150.747084
-3.369345 -72.743024 -149.827412
-3.369345 -72.743024 -149.827412
-3.369345 -72.743024 -149.827412
-3.369345 -72.743024 -149.827412
-3.369345 -72.743024 -149.827412
-8.510830 -37.133946 -151.505644
-8.510830 -37.133946 -151.505644
-8.510830 -37.133946 -151.505644
-8.510830 -37.133946 -151.505644
-8.510830 -37.133946 -151.505644
-8.510830 -37.133946 -151.505644
-8.307632 -22.923761 -154.684237
-8.307632 -22.923761 -154.684237
-8.307632 -22.923761 -154.684237
-8.307632 -22.923761 -154.684237
-8.307632 -22.923761 -154.684237
-7.809014 -13.614277 -144.534125
-7.809014 -13.614277 -144.534125
-7.809014 -13.614277 -144.534125
-7.809014 -13.614277 -144.534125
-7.809014 -13.614277 -144.534125
-12.757494 -1.518308 -137.611004
-12.757494 -1.518308 -137.611004
-12.757494 -1.518308 -137.611004
-12.757494 -1.518308 -137.611004
-12.757494 -1.518308 -137.611004
-18.660302 -3.586742 -112.524805
-18.660302 -3.586742 -112.524805
-18.660302 -3.586742 -112.524805
-18.660302 -3.586742 -112.524805
-18.660302 -3.586742 -112.524805
-18.660302 -3.586742 -112.524805
-26.997301 -16.729608 -71.581243
-26.997301 -16.729608 -71.581243
-26.997301 -16.729608 -71.581243
-26.997301 -16.729608 -71.581243
-26.997301 -16.729608 -71.581243
2.500053 -11.457686 -10.412115
2.500053 -11.457686 -10.412115
2.500053 -11.457686 -10.412115
2.500053 -11.457686 -10.412115
2.500053 -11.457686 -10.412115
6.045870 -5.318345 9.692024
6.045870 -5.318345 9.692024
6.045870 -5.318345 9.692024
6.045870 -5.318345 9.692024
6.045870 -5.318345 9.692024
3.811431 0.606250 17.333178
3.811431 0.606250 17.333178
3.811431 0.606250 17.333178
3.811431 0.606250 17.333178
3.811431 0.606250 17.333178
1.002677 1.768793 16.001188
1.002677 1.768793 16.001188
1.002677 1.768793 16.001188
1.002677 1.768793 16.001188
1.002677 1.768793 16.001188
-0.927083 -0.113459 14.973035
-0.927083 -0.113459 14.973035
-0.927083 -0.113459 14.973035
-0.927083 -0.113459 14.973035
-0.927083 -0.113459 14.973035
-0.927083 -0.113459 14.973035
-1.468316 0.385566 12.270430
-1.468316 0.385566 12.270430
-1.468316 0.385566 12.270430
-1.468316 0.385566 12.270430
-1.468316 0.385566 12.270430
-1.783160 -0.062815 10.736852
-1.783160 -0.062815 10.736852
-1.783160 -0.062815 10.736852
-1.783160 -0.062815 10.736852
