0.907977 -11.959457 96.669184
0.927007 -11.975308 96.794859
0.927007 -11.975308 96.794859
0.927007 -11.975308 96.794859
0.927007 -11.975308 96.794859
0.927007 -11.975308 96.794859
0.905164 -11.979538 96.768317
0.905164 -11.979538 96.768317
0.905164 -11.979538 96.768317
0.905164 -11.979538 96.768317
0.905164 -11.979538 96.768317
0.882748 -11.992471 96.667565
0.882748 -11.992471 96.667565
0.882748 -11.992471 96.667565
0.882748 -11.992471 96.667565
0.913180 -12.001222 96.856645
0.913180 -12.001222 96.856645
0.913180 -12.001222 96.856645
0.913180 -12.001222 96.856645
0.913180 -12.001222 96.856645
0.913180 -12.001222 96.856645
0.883502 -11.995788 96.772443
0.883502 -11.995788 96.772443
0.883502 -11.995788 96.772443
0.883502 -11.995788 96.772443
0.883502 -11.995788 96.772443
0.883502 -11.995788 96.772443
0.870094 -11.999816 96.690986
0.870094 -11.999816 96.690986
0.870094 -11.999816 96.690986
0.870094 -11.999816 96.690986
0.870094 -11.999816 96.690986
0.831703 -11.991162 96.450174
0.831703 -11.991162 96.450174
0.831703 -11.991162 96.450174
0.831703 -11.991162 96.450174
0.831703 -11.991162 96.450174
0.831703 -11.991162 96.450174
0.886725 -11.988218 96.615881
0.886725 -11.988218 96.615881
0.886725 -11.988218 96.615881
0.886725 -11.988218 96.615881
0.886725 -11.988218 96.615881
0.936657 -11.987517 96.903609
0.936657 -11.987517 96.903609
0.936657 -11.987517 96.903609
0.936657 -11.987517 96.903609
0.936657 -11.987517 96.903609
0.932275 -11.989511 96.954078
0.932275 -11.989511 96.954078
0.932275 -11.989511 96.954078
0.932275 -11.989511 96.954078
0.932275 -11.989511 96.954078
0.932275 -11.989511 96.954078
1.283657 -11.635282 95.738113
1.283657 -11.635282 95.738113
1.283657 -11.635282 95.738113
1.283657 -11.635282 95.738113
1.283657 -11.635282 95.738113
2.513240 -3.228248 100.985802
2.513240 -3.228248 100.985802
2.513240 -3.228248 100.985802
2.513240 -3.228248 100.985802
13.314020 -3.623536 136.865694
13.314020 -3.623536 136.865694
13.314020 -3.623536 136.865694
13.314020 -3.623536 136.865694
13.314020 -3.623536 136.865694
0.788085 -0.886551 142.964629
0.788085 -0.886551 142.964629
0.788085 -0.886551 142.964629
0.788085 -0.886551 142.964629
0.788085 -0.886551 142.964629
-0.036307 0.559783 136.366120
-0.036307 0.559783 136.366120
-0.036307 0.559783 136.366120
-0.036307 0.559783 136.366120
-0.036307 0.559783 136.366120
-0.990948 1.919944 126.110018
-0.990948 1.919944 126.110018
-0.990948 1.919944 126.110018
-0.990948 1.919944 126.110018
-1.167407 2.773770 113.725423
-1.167407 2.773770 113.725423
-1.167407 2.773770 113.725423
-1.167407 2.773770 113.725423
-1.167407 2.773770 113.725423
-0.774904 3.287005 98.101433
-0.774904 3.287005 98.101433
-0.774904 3.287005 98.101433
-0.774904 3.287005 98.101433
0.499066 3.817020 80.536338
0.499066 3.817020 80.536338
0.499066 3.817020 80.536338
0.499066 3.817020 80.536338
0.499066 3.817020 80.536338
0.336061 3.237742 63.923153
0.336061 3.237742 63.923153
0.336061 3.237742 63.923153
0.336061 3.237742 63.923153
0.321829 3.156706 48.241735
0.321829 3.156706 48.241735
0.321829 3.156706 48.241735
0.321829 3.156706 48.241735
0.321829 3.156706 48.241735
-0.093004 2.854425 35.224464
-0.093004 2.854425 35.224464
-0.093004 2.854425 35.224464
-0.093004 2.854425 35.224464
-0.515748 3.027605 24.254500
-0.515748 3.027605 24.254500
-0.515748 3.027605 24.254500
-0.515748 3.027605 24.254500
-0.515748 3.027605 24.254500
-0.181426 3.554079 15.590334
-0.181426 3.554079 15.590334
-0.181426 3.554079 15.590334
-0.181426 3.554079 15.590334
-0.181426 3.554079 15.590334
-1.890783 9.974674 -29.475630
-1.890783 9.974674 -29.475630
-1.890783 9.974674 -29.475630
-1.890783 9.974674 -29.475630
2.844009 4.770014 -53.755874
2.844009 4.770014 -53.755874
2.844009 4.770014 -53.755874
2.844009 4.770014 -53.755874
2.844009 4.770014 -53.755874
3.702279 7.510385 -44.453784
3.702279 7.510385 -44.453784
3.702279 7.510385 -44.453784
3.702279 7.510385 -44.453784
3.702279 7.510385 -44.453784
1.767169 7.733455 -34.615307
1.767169 7.733455 -34.615307
1.767169 7.733455 -34.615307
1.767169 7.733455 -34.615307
1.885328 8.673486 -21.748118
1.885328 8.673486 -21.748118
1.885328 8.673486 -21.748118
1.885328 8.673486 -21.748118
1.274930 8.484370 -7.723183
1.274930 8.484370 -7.723183
1.274930 8.484370 -7.723183
1.274930 8.484370 -7.723183
1.274930 8.484370 -7.723183
-0.088969 8.518689 6.748665
-0.088969 8.518689 6.748665
-0.088969 8.518689 6.748665
-0.088969 8.518689 6.748665
-0.088969 8.518689 6.748665
-1.928029 7.754471 22.286743
-1.928029 7.754471 22.286743
-1.928029 7.754471 22.286743
-1.928029 7.754471 22.286743
-2.528189 6.007740 36.421738
-2.528189 6.007740 36.421738
-2.528189 6.007740 36.421738
-2.528189 6.007740 36.421738
-2.528189 6.007740 36.421738
-1.919079 6.089897 48.733816
-1.919079 6.089897 48.733816
-1.919079 6.089897 48.733816
-1.919079 6.089897 48.733816
-1.919079 6.089897 48.733816
-3.243574 6.133169 59.455007
-3.243574 6.133169 59.455007
-3.243574 6.133169 59.455007
-3.243574 6.133169 59.455007
-2.897516 5.742531 69.196927
-2.897516 5.742531 69.196927
-2.897516 5.742531 69.196927
-2.897516 5.742531 69.196927
0.755722 3.607330 71.149104
0.755722 3.607330 71.149104
0.755722 3.607330 71.149104
0.755722 3.607330 71.149104
0.755722 3.607330 71.149104
8.177260 5.224667 52.539424
8.177260 5.224667 52.539424
8.177260 5.224667 52.539424
8.177260 5.224667 52.539424
8.177260 5.224667 52.539424
4.710361 8.378488 22.795476
4.710361 8.378488 22.795476
4.710361 8.378488 22.795476
4.710361 8.378488 22.795476
0.029113 6.892702 25.338900
0.029113 6.892702 25.338900
0.029113 6.892702 25.338900
0.029113 6.892702 25.338900
0.029113 6.892702 25.338900
-1.645501 4.821922 37.644355
-1.645501 4.821922 37.644355
-1.645501 4.821922 37.644355
-1.645501 4.821922 37.644355
-1.645501 4.821922 37.644355
-0.354621 2.973414 116.732823
-0.354621 2.973414 116.732823
-0.354621 2.973414 116.732823
-0.354621 2.973414 116.732823
-0.354621 2.973414 116.732823
4.490299 5.917577 165.806162
4.490299 5.917577 165.806162
4.490299 5.917577 165.806162
4.490299 5.917577 165.806162
4.490299 5.917577 165.806162
-2.841346 4.640056 -151.263801
-2.841346 4.640056 -151.263801
-2.841346 4.640056 -151.263801
-2.841346 4.640056 -151.263801
-2.841346 4.640056 -151.263801
-2.841346 4.640056 -151.263801
-6.679755 50.024767 177.827786
-6.679755 50.024767 177.827786
-6.679755 50.024767 177.827786
-6.679755 50.024767 177.827786
-6.679755 50.024767 177.827786
-0.242872 126.776972 154.340460
-0.242872 126.776972 154.340460
-0.242872 126.776972 154.340460
-0.242872 126.776972 154.340460
-0.242872 126.776972 154.340460
0.880940 132.716340 156.992117
0.880940 132.716340 156.992117
0.880940 132.716340 156.992117
0.880940 132.716340 156.992117
-1.511565 91.716648 166.198884
-1.511565 91.716648 166.198884
-1.511565 91.716648 166.198884
-1.511565 91.716648 166.198884
-1.511565 91.716648 166.198884
-7.515334 0.220388 158.691003
-7.515334 0.220388 158.691003
-7.515334 0.220388 158.691003
-7.515334 0.220388 158.691003
-7.515334 0.220388 158.691003
0.417750 -36.166760 157.331523
0.417750 -36.166760 157.331523
0.417750 -36.166760 157.331523
0.417750 -36.166760 157.331523
7.340311 -41.202775 164.786278
7.340311 -41.202775 164.786278
7.340311 -41.202775 164.786278
7.340311 -41.202775 164.786278
7.048895 -44.516622 165.004461
7.048895 -44.516622 165.004461
7.048895 -44.516622 165.004461
7.048895 -44.516622 165.004461
7.048895 -44.516622 165.004461
-2.271424 23.579406 135.926147
-2.271424 23.579406 135.926147
-2.271424 23.579406 135.926147
-2.271424 23.579406 135.926147
-2.271424 23.579406 135.926147
-33.496204 3.315039 113.736105
-33.496204 3.315039 113.736105
-33.496204 3.315039 113.736105
-33.496204 3.315039 113.736105
-33.496204 3.315039 113.736105
44.468356 2.168958 111.423956
44.468356 2.168958 111.423956
44.468356 2.168958 111.423956
44.468356 2.168958 111.423956
44.468356 2.168958 111.423956
25.430077 5.692458 109.105701
25.430077 5.692458 109.105701
25.430077 5.692458 109.105701
25.430077 5.692458 109.105701
-43.709878 3.867300 107.625777
-43.709878 3.867300 107.625777
-43.709878 3.867300 107.625777
-43.709878 3.867300 107.625777
-43.709878 3.867300 107.625777
-6.019304 7.401973 106.538268
-6.019304 7.401973 106.538268
-6.019304 7.401973 106.538268
-6.019304 7.401973 106.538268
-6.019304 7.401973 106.538268
-3.050468 -5.470093 102.267227
-3.050468 -5.470093 102.267227
-3.050468 -5.470093 102.267227
-3.050468 -5.470093 102.267227
-3.050468 -5.470093 102.267227
-3.050468 -5.470093 102.267227
1.023377 -9.475889 92.908693
1.023377 -9.475889 92.908693
1.023377 -9.475889 92.908693
1.023377 -9.475889 92.908693
1.023377 -9.475889 92.908693
0.378390 -10.288656 88.087270
0.378390 -10.288656 88.087270
0.378390 -10.288656 88.087270
