-0.052223 -0.023722
-0.125415 -0.075104
-0.187049 -0.111771
-0.228837 -0.127207
-0.295423 -0.168948
-0.340693 -0.194045
-0.401308 -0.208208
-0.486152 -0.262841
-0.559811 -0.312235
-0.629744 -0.360607
-0.555564 -0.319797
-0.684649 -0.381682
-1.045265 -0.575648
-1.242208 -0.617373
2.809104 -3.552556
2.615238 -2.203844
2.534938 -1.782181
15.310181 -10.719318
25.293725 -28.174598
25.219276 -28.240205
25.245031 -28.224285
25.253331 -28.214588
25.261253 -28.208651
25.266504 -28.209156
21.968196 -22.050765
21.708858 -22.266850
19.188346 -30.323175
16.815766 -30.508698
15.533363 -28.510146
15.577109 -29.989786
13.462635 -32.682322
10.283674 -33.248556
9.911678 -31.525300
9.819159 -31.724772
10.439408 -31.782810
9.731703 -31.593270
4.280513 -29.823619
2.965242 -30.380016
3.793601 -30.787022
3.805378 -31.431176
3.097733 -31.383041
1.924501 -30.364400
1.188197 -28.762813
2.667448 -28.113634
3.502246 -28.409893
3.066640 -27.688244
3.457373 -27.284226
3.535199 -27.647545
3.404508 -26.939062
3.624831 -26.093690
2.569613 -25.946974
1.289128 -26.484115
1.180373 -25.493366
1.439761 -25.597424
0.947767 -24.830023
0.520196 -25.025954
1.292882 -25.743353
1.264702 -26.711602
2.654771 -27.452902
2.795841 -26.814268
1.686845 -26.015042
1.224697 -25.228109
-4.201303 -26.731693
-4.408430 -26.646155
-4.636747 -27.283769
-5.119279 -27.041268
-4.969334 -27.163925
-0.172368 -23.505856
6.870484 -11.097426
5.495428 -3.662649
11.748532 -9.322022
11.080608 -9.495157
11.045147 -9.439071
10.996804 -9.428010
10.549721 -9.414409
17.617799 -5.803801
17.165286 -5.771228
16.845108 -5.814796
16.742602 -5.857435
16.791469 -5.689329
16.641892 -5.572739
16.584254 -5.673105
16.640500 -5.666773
13.612678 -8.959325
14.045617 -9.486608
16.083839 -9.446218
16.975592 -8.976040
17.537973 -8.951021
16.650296 -8.863917
15.906630 -8.588734
15.452825 -10.009121
16.429578 -10.016512
17.379227 -9.963060
18.590826 -9.705344
19.034138 -10.218369
21.005972 -11.164970
21.362637 -11.058150
21.767433 -11.340015
21.817920 -11.041125
20.255125 -10.168937
4.062785 -13.176839
9.155890 -11.887032
12.042303 -11.149758
13.374541 -10.809591
14.431292 -10.402701
13.921833 -8.869460
17.015196 -8.422959
20.373741 -7.304370
24.019600 -6.079613
24.786596 -5.642042
24.020567 -5.894223
27.082500 -6.140622
21.987640 -7.830353
17.980672 -8.988546
15.407862 -9.695480
12.299405 -10.498157
14.310653 -7.150159
7.560437 -9.259008
7.489128 -8.574303
10.371652 -6.930769
10.135780 -7.003304
13.067702 -5.445988
11.944946 -5.823139
11.003419 -6.467947
9.351046 -6.676091
7.451827 -7.080006
10.011112 -7.741230
9.632770 -5.453593
10.530190 -4.874446
11.471188 -6.257213
17.006107 -5.462926
22.806824 -15.180287
24.055625 -16.549904
25.073451 -17.435966
26.489155 -19.122369
27.121300 -19.476738
29.805851 -22.785878
31.834749 -22.040406
30.684038 -23.363581
28.562138 -25.326254
26.102543 -27.211554
23.032531 -29.409766
23.037767 -28.316102
26.494960 -28.038741
31.816084 -27.869694
35.725240 -27.573833
36.486186 -27.285656
37.551534 -27.508755
35.997405 -27.101439
37.232716 -26.798388
38.973122 -27.187446
39.173912 -27.324754
38.357480 -27.200031
38.747243 -27.314188
40.386717 -27.741455
40.339285 -27.964392
41.372337 -28.259899
41.390075 -28.528941
41.613648 -28.671652
41.439303 -28.586550
42.623026 -28.797135
43.680738 -28.982925
44.553531 -29.062007
45.330471 -29.074775
46.429919 -29.259482
45.566341 -29.117315
44.326124 -29.113552
45.533583 -29.592234
45.999913 -29.703858
46.277120 -29.735986
45.433940 -29.375396
45.364626 -29.338712
45.814843 -29.449314
46.031429 -29.448744
45.947432 -29.318206
45.756211 -29.205142
45.728793 -29.224185
46.285811 -29.333831
46.310207 -29.320893
46.309302 -29.328880
46.328521 -29.326123
46.332342 -29.332174
46.327840 -29.333725
46.748141 -29.423296
46.771022 -29.433946
46.779592 -29.431663
46.788630 -29.423403
46.806829 -29.419649
46.837925 -29.417274
46.841247 -29.417154
46.855265 -29.418089
46.867934 -29.420695
46.907059 -29.414817
46.907430 -29.416935
46.901661 -29.421177
46.902229 -29.424542
46.898390 -29.424031
46.895612 -29.425918
46.946866 -29.427686
46.946716 -29.427915
46.946303 -29.433491
46.940575 -29.437364
46.935434 -29.442310
46.913734 -29.451102
46.910476 -29.453478
46.912021 -29.452216
46.910118 -29.457973
46.907556 -29.457878
46.932690 -29.464201
46.939474 -29.462750
46.936328 -29.464202
46.940640 -29.463213
46.937414 -29.464551
46.911239 -29.469502
46.916135 -29.468494
46.920940 -29.470921
46.933344 -29.468874
46.953513 -29.458986
46.948999 -29.484558
47.041379 -29.565815
47.168088 -29.696980
47.170493 -29.739534
47.132930 -29.764570
47.037368 -29.768877
47.046458 -29.765475
47.050950 -29.764010
47.051893 -29.765902
47.052056 -29.763360
47.048330 -29.767000
47.046624 -29.769787
47.043504 -29.768028
47.043864 -29.768179
47.039048 -29.771302
47.039684 -29.769777
47.050755 -29.776610
47.048621 -29.777397
47.055261 -29.777128
47.055166 -29.773099
47.055101 -29.775631
47.037723 -29.778656
47.041860 -29.779107
47.043276 -29.780182
47.044926 -29.778424
47.044856 -29.777924
47.033949 -29.783070
47.033931 -29.785184
47.056017 -29.782187
47.079236 -29.778834
47.082591 -29.791213
46.949426 -29.821648
47.021871 -29.856432
46.986177 -29.897323
46.920567 -29.928887
47.010347 -30.046946
47.236247 -30.176547
47.449856 -30.296000
48.046902 -30.506095
48.325572 -30.596806
48.927074 -30.717061
49.290505 -30.745626
49.434805 -30.748653
49.605233 -30.756745
49.731091 -30.759152
49.834652 -30.767016
49.883850 -30.779854
49.878801 -30.792404
49.896942 -30.795323
49.928952 -30.790441
49.983428 -30.791330
50.048619 -30.790643
50.093542 -30.794387
50.128904 -30.797253
50.176831 -30.801257
50.199669 -30.803894
50.228794 -30.805308
50.256651 -30.800804
50.275947 -30.801650
50.285612 -30.801472
50.308513 -30.805388
50.316891 -30.806093
50.370244 -30.801180
50.419455 -30.800558
50.464604 -30.803886
50.501314 -30.805457
50.561087 -30.807342
50.582421 -30.806333
50.604791 -30.809818
50.597663 -30.812474
50.597670 -30.814600
50.601506 -30.835928
50.612902 -30.838246
50.619240 -30.843407
50.637335 -30.848042
50.627916 -30.859618
50.714446 -30.850565
50.654025 -30.840224
50.607964 -30.839671
50.619937 -30.846205
50.565729 -30.833943
50.639347 -30.859489
50.628518 -30.857173
50.600420 -30.855885
50.589469 -30.859350
50.559482 -30.861924
50.606426 -30.891083
50.567127 -30.883772
50.553092 -30.880618
50.562124 -30.882358
50.557942 -30.881737
50.551568 -30.878925
50.528121 -30.890465
50.518073 -30.889169
50.514088 -30.892195
50.505515 -30.891413
50.505235 -30.889381
50.556383 -30.884438
50.560516 -30.881187
50.561564 -30.881820
50.568469 -30.882576
50.566599 -30.877522
50.565584 -30.879349
50.565369 -30.879360
50.565410 -30.878757
50.564124 -30.878503
50.563412 -30.880089
50.560401 -30.881032
50.592295 -30.877472
50.587998 -30.876174
50.597134 -30.877203
50.588050 -30.873305
50.592323 -30.873490
50.566940 -30.877875
50.576274 -30.880485
50.571780 -30.881712
50.569879 -30.884448
50.542957 -30.902797
50.554078 -30.915528
50.552238 -30.920146
50.468489 -30.917265
50.435850 -30.909022
50.420148 -30.920858
50.415725 -30.953695
50.427730 -30.965814
50.471323 -30.966285
50.490640 -30.966032
50.493041 -30.966694
50.562153 -30.959023
50.579337 -30.950481
50.618347 -30.942694
50.609000 -30.944062
50.543984 -30.949698
50.423008 -30.949269
50.360763 -30.958899
50.270744 -30.957367
50.239177 -30.958092
50.179223 -30.960295
50.162207 -30.967555
50.128716 -30.962714
50.088299 -30.967295
50.051233 -30.963561
50.054835 -30.958137
50.054945 -30.961066
50.092119 -30.953407
50.104498 -30.957521
50.120405 -30.959714
50.123874 -30.957045
50.088871 -30.948524
50.035513 -30.949018
50.131250 -30.953313
50.086009 -30.949239
50.037213 -30.957579
50.037709 -30.950922
50.048021 -30.948969
50.059426 -30.949900
50.062188 -30.949032
50.061907 -30.952572
50.050170 -30.955235
50.041751 -30.952726
50.045718 -30.952542
50.039128 -30.950477
50.051247 -30.951436
50.053768 -30.947496
50.066706 -30.949015
50.073380 -30.948632
50.075387 -30.949560
50.088614 -30.953162
50.104516 -30.953066
50.105517 -30.955670
50.104689 -30.951944
50.086124 -30.946912
50.125261 -30.956409
50.121364 -30.985968
50.117595 -30.988713
50.091698 -30.992135
50.080571 -31.001056
50.077845 -30.995575
50.100568 -30.988430
50.118903 -30.987922
50.154409 -30.991042
50.241474 -30.981078
50.260402 -30.980346
50.247306 -30.979404
50.224445 -30.983009
50.219238 -30.984736
50.225798 -30.986016
50.231679 -30.984586
50.250277 -30.984822
50.199583 -30.989531
50.195924 -30.991389
50.195244 -30.991124
50.211603 -30.993648
50.215948 -30.994931
50.203580 -30.999416
50.211341 -31.000421
50.216436 -31.000922
50.208835 -31.001520
50.218622 -31.002067
50.225222 -31.001092
50.207434 -31.008685
50.203460 -31.007343
50.208903 -31.007115
50.220286 -31.001769
50.203673 -30.923771
50.255343 -30.892071
50.291217 -30.837437
50.340254 -30.784319
50.496117 -30.780642
50.501906 -30.776193
50.544844 -30.770130
50.547574 -30.767625
50.555139 -30.769684
50.558050 -30.769813
50.567697 -30.770060
50.572806 -30.774265
50.569991 -30.778874
50.569407 -30.775703
50.574130 -30.779422
50.584611 -30.779557
50.588120 -30.780765
50.532701 -30.793389
50.530143 -30.796247
50.521013 -30.797571
50.520713 -30.800427
50.522511 -30.801422
50.522765 -30.802422
50.520063 -30.806150
50.516379 -30.806152
50.519048 -30.806362
50.516934 -30.808236
50.513490 -30.806873
50.476458 -30.813669
50.460164 -30.814463
50.461982 -30.816125
50.461537 -30.816147
50.468044 -30.814395
50.458895 -30.814779
50.419934 -30.819560
50.421633 -30.819438
50.425365 -30.820051
50.429244 -30.821193
50.432802 -30.821843
50.453323 -30.827127
50.436730 -30.828706
50.434174 -30.830610
50.443591 -30.829627
50.442510 -30.830260
50.417127 -30.845158
50.422506 -30.845554
50.398726 -30.847639
50.403094 -30.850395
50.399478 -30.850576
50.364882 -30.859251
50.368242 -30.861985
50.371311 -30.863591
50.376137 -30.866876
50.377214 -30.868264
50.352188 -30.875387
50.350096 -30.877696
50.347416 -30.877407
50.346898 -30.879307
50.344921 -30.880326
50.342003 -30.881263
50.400676 -30.883398
50.410550 -30.883037
50.381603 -30.890851
50.326321 -30.900057
50.303721 -30.909024
50.261990 -30.917929
50.246154 -30.924412
50.285581 -30.913224
50.297478 -30.885078
50.219285 -30.872572
50.215555 -30.865031
50.154480 -30.861940
50.125518 -30.859787
50.003680 -30.860124
49.906003 -30.865625
49.847388 -30.868958
49.828160 -30.881732
49.797964 -30.880006
49.787638 -30.876920
49.779627 -30.871776
49.781797 -30.870507
49.770076 -30.869312
49.844976 -30.878147
49.839700 -30.877420
49.830711 -30.877675
49.828322 -30.878762
49.832877 -30.879300
49.845456 -30.884851
49.842705 -30.885425
49.847454 -30.886094
49.841282 -30.884619
49.850260 -30.884772
49.822507 -30.894738
49.784043 -30.893360
49.764997 -30.892129
49.765585 -30.894333
49.714403 -30.892870
49.704005 -30.893849
49.748359 -30.897193
49.743179 -30.895068
49.741325 -30.895520
49.736609 -30.895149
49.729138 -30.893342
49.793476 -30.897949
49.798836 -30.898088
49.793974 -30.898464
49.790741 -30.899333
49.787915 -30.900645
49.819725 -30.902000
49.817448 -30.900941
49.814997 -30.899510
49.815611 -30.897343
49.825982 -30.894169
49.846109 -30.894233
49.868902 -30.891578
49.877212 -30.891678
49.878071 -30.890332
49.873883 -30.890639
49.873791 -30.892349
49.902217 -30.893239
49.911708 -30.894339
49.940763 -30.897612
50.081853 -30.902079
50.348322 -30.930222
50.369596 -30.937010
50.503028 -30.942426
50.581477 -30.955057
50.611986 -30.965876
50.588620 -30.978022
50.531030 -30.987244
50.523474 -30.987383
50.543853 -30.991803
50.548267 -30.994520
50.525179 -31.000362
50.518073 -31.001131
50.488366 -31.000912
50.457964 -31.002464
50.445685 -31.004031
50.445250 -31.002412
50.520872 -31.001166
50.532306 -30.999292
50.543031 -31.000630
50.536398 -31.000624
50.545100 -31.000200
50.502652 -31.004240
50.500726 -31.004364
50.495719 -31.003488
50.495667 -31.003127
50.492674 -31.000518
50.529592 -30.999884
50.530266 -30.998170
50.530633 -30.998987
50.533740 -30.998891
50.537406 -30.999317
50.513020 -31.002619
50.467864 -31.006119
50.390001 -31.011760
50.342023 -30.978111
50.306967 -30.975652
50.283892 -30.972077
50.267454 -30.969243
50.410778 -30.993360
50.291198 -30.999752
50.253275 -31.002244
50.226725 -31.008574
50.158397 -31.012953
50.185825 -31.009978
50.222717 -31.008107
50.296770 -31.013421
50.346662 -31.004738
50.576790 -30.983565
50.611519 -30.973170
50.640756 -30.971052
50.648926 -30.955950
50.644660 -30.946482
50.541484 -30.920375
50.501574 -30.916075
50.475592 -30.909727
50.444373 -30.908417
50.384717 -30.913001
50.374846 -30.913059
50.386978 -30.919885
50.382378 -30.917883
50.394627 -30.922112
50.388667 -30.922732
50.359995 -30.929085
50.229584 -30.948009
50.192669 -30.957140
50.227577 -31.003858
50.074041 -30.997359
50.012473 -30.990100
50.121323 -30.979905
50.241667 -30.982781
50.236192 -30.971804
50.185225 -30.968331
50.139943 -30.966626
50.084074 -30.967435
49.884712 -30.970912
49.838554 -30.974972
49.848234 -30.978243
49.863443 -30.982422
49.905061 -30.988610
50.132355 -31.087334
50.227852 -31.095738
50.318302 -31.109194
50.398686 -31.122820
50.363297 -31.112493
50.334441 -31.105384
50.329152 -31.109800
50.330092 -31.107911
50.321377 -31.100999
50.311222 -31.094506
50.127787 -31.042628
50.116089 -31.042115
50.055876 -31.035813
50.059923 -31.036181
50.049758 -31.034246
50.047503 -31.033651
49.870248 -31.006706
49.853916 -31.005908
49.839963 -31.011090
49.793329 -31.008936
49.793517 -31.007533
49.799196 -31.008708
49.844630 -31.008566
49.910732 -31.002386
49.948858 -31.002310
49.940530 -31.003999
49.860706 -31.007316
49.900124 -31.007711
49.926392 -31.010100
49.974098 -31.008516
50.095997 -31.011579
50.158014 -31.020038
50.088590 -30.865614
50.021880 -30.826782
50.003650 -30.766951
49.829806 -30.760376
49.707755 -30.683254
50.319515 -32.276764
51.603303 -32.549266
53.626083 -33.074304
56.650804 -32.921800
59.809165 -32.527831
60.990298 -32.888503
57.733079 -32.685065
54.737683 -32.660635
52.470060 -32.713810
50.460260 -32.842593
50.167548 -33.549660
48.176678 -33.945867
46.602277 -34.717283
48.296034 -34.909605
46.241267 -34.344494
45.603751 -34.921710
45.488970 -35.779186
45.129421 -35.690657
45.279067 -35.550559
44.915125 -35.873490
44.741695 -36.232137
44.735496 -36.664192
44.220131 -36.658544
43.651547 -37.344431
43.392441 -38.853952
44.236580 -40.205785
45.178543 -41.087107
45.870639 -41.341672
46.203279 -40.751252
47.078637 -40.300907
46.426845 -39.619656
45.615509 -39.514275
45.437164 -39.872241
45.267042 -40.490590
45.122307 -40.320400
44.790447 -40.227633
45.898459 -40.644315
46.915562 -40.645688
47.999725 -40.327486
46.570706 -39.815432
46.098944 -40.275742
46.828492 -41.289528
47.593836 -41.369089
47.894966 -40.217747
47.303074 -39.814675
46.737640 -39.554350
45.958020 -39.578651
46.369688 -40.371871
46.235785 -40.335584
45.921291 -39.114900
46.013916 -39.530417
45.275806 -39.056798
45.409993 -39.956108
45.801670 -39.851306
45.164662 -40.451198
45.329031 -40.049243
46.940819 -40.791120
47.696555 -42.196787
47.646027 -41.386676
48.108304 -42.600612
48.299389 -42.319920
47.789093 -41.344318
47.275092 -40.617380
48.598762 -39.996651
49.313305 -40.964368
49.710381 -42.026906
50.923647 -42.394936
51.112978 -41.288203
52.170839 -40.513816
52.341387 -40.658845
52.383465 -39.986502
52.744240 -39.245343
53.130875 -38.404591
53.055878 -37.885784
53.072920 -37.218578
52.897530 -36.232309
52.834611 -35.825218
52.607428 -36.210985
51.172282 -37.336936
50.943622 -37.497569
51.434179 -37.003798
51.559935 -36.839062
51.568883 -36.647356
49.919310 -37.337222
50.842335 -37.433109
51.263494 -38.495502
50.892750 -39.231542
49.835596 -39.696671
50.004183 -39.888120
50.259994 -39.043552
49.801570 -38.386505
49.287402 -37.573921
48.835240 -37.105121
49.150711 -37.348555
49.398262 -38.602548
49.107528 -39.648122
47.832079 -39.488078
47.300395 -38.376831
48.082934 -37.637587
48.176151 -36.812582
48.532191 -36.099104
48.186836 -35.819100
47.851655 -35.933409
47.205336 -35.737660
47.285860 -36.168125
47.368866 -36.717659
46.497715 -36.211049
45.885209 -35.503669
46.398653 -37.594754
46.661378 -37.861841
46.334621 -37.244701
46.441837 -38.591298
46.598926 -39.865920
45.991977 -39.046820
45.552830 -37.890712
46.096612 -37.628264
46.843191 -38.824741
47.909403 -39.362691
47.571218 -39.673039
46.732345 -39.976264
46.067051 -39.892500
45.949131 -39.461257
46.494712 -38.733619
46.179046 -39.358774
46.252634 -38.798805
46.812320 -38.793131
46.604370 -38.729386
46.233038 -39.740888
46.826940 -39.282311
46.559032 -38.508289
46.764749 -37.856763
47.352105 -37.700184
48.876228 -38.208494
49.006549 -37.401556
49.153178 -36.700511
49.937491 -38.502331
49.630406 -38.363963
49.066177 -37.533181
50.398332 -37.579246
51.420563 -37.251527
52.647704 -37.333695
53.076461 -37.809892
52.338224 -38.320047
52.594003 -37.990292
52.776114 -38.646372
52.321368 -40.228502
53.354365 -40.172305
54.340807 -39.615251
54.889332 -39.316078
54.274231 -40.689650
53.813554 -42.107321
55.024358 -42.246468
55.938106 -40.878213
56.273520 -40.710411
56.047594 -41.025201
55.231852 -41.272976
54.277101 -41.019906
52.992247 -40.056382
53.013964 -40.328833
52.804617 -40.647072
52.747264 -41.634395
52.275996 -42.732868
52.088295 -42.691777
52.347985 -41.879772
52.473659 -42.497523
52.970435 -42.733977
53.384096 -43.208006
53.604993 -42.768954
53.140692 -42.400887
53.023948 -41.978694
53.101151 -42.204962
52.808307 -41.404507
52.608358 -40.586458
52.420827 -40.620349
52.505356 -40.511192
52.504983 -40.634130
52.478810 -40.671211
52.488404 -40.854965
52.557134 -40.962605
52.345973 -40.493210
52.078776 -40.225623
52.043622 -40.476790
52.160948 -40.662168
52.052885 -40.570291
51.708775 -40.067084
51.735847 -40.057678
51.923393 -40.332025
52.052321 -40.615158
52.055972 -40.770751
51.996375 -40.691097
52.020437 -40.660202
52.009381 -40.484109
52.072802 -40.551284
52.090247 -40.623616
52.148762 -40.633422
52.209450 -40.695920
52.207488 -40.768257
52.200352 -40.811469
52.136638 -40.744425
51.904339 -40.833212
51.782542 -41.013282
51.709130 -41.008270
51.585151 -40.839550
51.602165 -40.106283
51.609993 -38.608215
51.171851 -38.598827
51.154430 -39.675333
50.436183 -40.150101
50.107862 -40.719716
49.831024 -41.274133
49.657174 -41.626668
49.662130 -42.372624
49.467064 -42.532920
49.873807 -43.043417
50.810646 -43.265493
51.508741 -43.277082
51.746641 -43.684211
51.819094 -43.748547
51.955844 -43.358128
52.470374 -43.122312
52.494617 -43.164318
52.401447 -43.137134
52.315979 -42.795308
53.140881 -42.317184
53.134009 -41.971557
53.123018 -41.790730
53.363427 -41.647931
53.951199 -41.127056
54.398542 -40.581311
55.013467 -40.280696
55.060657 -39.972214
54.604250 -40.086638
54.433551 -40.685366
54.147571 -40.991925
54.104917 -41.066703
54.170114 -40.666856
53.683375 -40.459525
53.610166 -40.915980
54.316705 -41.339084
55.524802 -41.657992
56.304921 -41.348855
56.156039 -40.678765
56.224765 -40.904325
56.336696 -41.435585
56.476859 -41.357546
56.299582 -41.390622
56.269993 -41.642593
56.426824 -41.758479
56.840092 -41.454511
56.870901 -41.034355
56.817016 -41.057064
56.537168 -41.276750
56.069644 -41.399730
55.619017 -41.128105
55.106567 -40.983875
54.823213 -41.204781
54.918735 -40.369623
55.374695 -40.687540
55.324085 -40.673707
54.861769 -40.603346
54.746403 -40.686750
55.013301 -40.767155
55.207211 -40.614634
55.142164 -40.741734
55.055072 -41.082767
54.497172 -42.536788
55.459814 -43.636039
56.099099 -44.483729
56.090503 -45.547331
56.020879 -46.258992
55.492044 -47.362000
55.627097 -47.874542
55.729097 -48.166929
55.369014 -49.220413
55.575298 -50.056087
55.681285 -50.649526
54.828117 -51.991087
54.710484 -52.796831
54.634280 -53.247131
54.610531 -53.474508
54.499245 -53.885832
54.605265 -54.572909
54.579400 -55.173005
54.729764 -55.478126
54.788659 -55.782808
54.667827 -56.741579
54.092377 -57.588591
54.160803 -58.128465
53.918781 -58.357032
53.337407 -58.988765
53.433723 -59.192316
53.166041 -59.802539
52.795516 -60.599831
52.791211 -60.981851
52.449949 -61.809355
52.533984 -63.036035
52.575180 -64.594692
52.771872 -65.292208
52.483396 -66.637722
52.564199 -67.958078
53.082411 -68.005341
52.893878 -68.530010
53.016637 -69.455138
52.743196 -70.364482
52.557007 -71.644521
52.896287 -71.315364
52.375890 -72.672231
52.875534 -74.306894
53.645693 -74.060924
53.888610 -74.296023
53.831896 -74.728319
53.656407 -75.224251
53.636269 -75.914276
53.495286 -76.491556
53.393472 -77.106506
53.502619 -76.874166
53.574892 -77.056445
53.647271 -77.141770
53.730304 -77.065645
53.683810 -77.151699
53.427926 -77.248314
53.495338 -77.327287
53.496180 -77.401452
53.427715 -77.414966
53.220393 -77.694067
53.022321 -78.256228
52.678504 -79.143841
52.752100 -79.582077
52.977488 -80.367788
53.287213 -80.474518
53.439226 -80.441806
53.509022 -80.533283
53.616818 -80.714901
53.993826 -80.989922
54.148154 -81.154861
54.181560 -81.158836
54.003607 -81.010485
53.947620 -81.160258
53.932111 -81.401983
53.986324 -81.280178
53.698471 -81.089509
53.995109 -79.922056
54.379579 -78.358226
53.956801 -77.967663
53.870594 -76.578303
54.155191 -75.224688
54.486204 -74.172397
54.732450 -73.132335
55.112058 -71.794822
55.414726 -70.524785
55.089913 -68.990759
55.166215 -68.318360
55.735443 -66.413997
55.859440 -65.361638
55.265548 -63.609943
55.090253 -62.512287
55.280437 -61.218478
55.144885 -60.002760
55.150806 -58.991766
54.886294 -57.695074
55.187835 -56.558171
55.333836 -55.462981
55.349233 -55.040990
55.348629 -53.977145
55.444784 -53.238864
55.368242 -52.093242
55.450743 -51.511168
55.672361 -51.241244
55.937579 -50.342242
55.798447 -49.725233
56.007798 -49.369002
56.021672 -48.767739
55.859078 -48.679589
55.853067 -48.808350
55.843266 -49.046787
55.727386 -49.745218
56.025890 -49.982155
56.024373 -50.334642
56.223665 -51.057466
56.438555 -51.073298
56.668139 -51.154038
57.092923 -51.477359
57.157917 -51.602705
57.304484 -51.596625
57.232550 -50.830395
57.487114 -49.657363
57.474450 -48.367048
57.514416 -46.661836
57.867138 -45.751866
57.509360 -43.789023
57.571317 -42.352955
57.718751 -41.612865
57.232744 -40.513414
56.880344 -39.644236
56.524683 -39.442511
55.466832 -38.425347
55.267650 -37.678670
55.177127 -36.925280
55.271988 -36.324169
55.327398 -36.249767
55.268856 -36.029957
55.460486 -35.566888
55.407930 -34.773316
55.236611 -34.621064
55.015324 -34.353894
55.075520 -34.073001
55.410243 -33.642772
55.581130 -33.167231
55.814676 -32.500669
55.689390 -32.530182
55.766963 -31.661163
55.848375 -31.444666
55.820720 -30.865623
55.964474 -30.251491
55.817342 -28.963015
55.467829 -28.446118
55.453154 -28.067000
55.319900 -27.822048
55.366740 -27.744615
55.385273 -26.742609
55.040244 -25.605484
54.808211 -25.317679
54.715920 -25.260541
54.467668 -24.337966
54.621311 -24.068096
54.361735 -22.957110
54.336671 -22.695546
54.474782 -22.212942
54.701667 -21.576061
54.561930 -21.701299
54.726541 -21.407739
54.712333 -21.443566
54.214707 -22.040730
54.150040 -22.376468
55.007849 -21.858832
55.174406 -21.758096
56.252681 -21.024327
56.283547 -20.582171
56.440319 -20.175190
56.250322 -20.278214
55.435971 -20.929896
54.977377 -21.407121
53.926757 -23.687734
53.821318 -25.640236
53.781447 -26.374693
53.643709 -27.956396
53.515146 -28.972858
53.009768 -29.747024
52.893819 -30.506927
52.699723 -32.289429
52.537733 -32.194483
52.657739 -33.242717
52.520795 -34.211897
52.386800 -34.576481
52.410758 -34.900293
52.173184 -35.710863
51.935523 -36.320371
51.963017 -37.429478
52.135593 -38.817065
52.186945 -39.986820
52.090051 -41.352971
52.245051 -41.528000
52.505659 -42.299754
52.302332 -42.877077
52.378704 -43.792986
52.426265 -43.971491
52.554832 -44.396474
52.569622 -44.771423
52.469299 -45.662722
52.521832 -45.908449
52.573411 -46.236492
52.546184 -46.336863
52.457334 -46.226779
52.375473 -46.309945
52.144181 -46.161563
52.288779 -45.725363
52.286542 -45.935649
52.265447 -45.592818
52.488231 -44.628445
52.703875 -44.127036
53.064644 -45.323322
53.075301 -45.216513
53.017144 -45.131557
52.900812 -44.985152
52.975781 -44.697494
52.630515 -44.433679
51.922783 -44.168378
51.624254 -44.355031
50.838369 -44.142484
50.125676 -44.794017
50.410521 -45.123401
50.728829 -45.150832
51.420221 -44.450687
52.456217 -43.838980
53.700923 -42.793817
54.091362 -43.220173
55.114482 -44.275746
55.291049 -44.162971
54.906422 -44.489809
54.815653 -43.755385
53.984293 -43.512357
53.999475 -44.137140
53.622891 -45.567487
53.216584 -45.053002
53.184726 -46.523879
53.623890 -45.911430
54.207745 -46.309459
55.127573 -46.567950
56.269543 -47.296699
56.553164 -47.849832
56.856441 -48.715358
57.869294 -48.745593
57.626496 -49.187892
58.922682 -49.552060
59.832502 -49.719926
59.922853 -50.239488
59.716824 -50.368428
60.554312 -50.874976
61.276160 -50.518159
61.279199 -50.909349
61.193927 -51.137377
61.757621 -51.216977
62.468489 -51.581489
63.382440 -52.268339
64.571965 -52.827242
64.988896 -52.700966
63.899706 -52.276663
63.300153 -53.270503
62.247399 -54.133355
61.388759 -54.480221
60.014833 -55.153760
58.841916 -55.214813
57.423429 -54.743504
56.769021 -54.666633
55.818634 -53.686601
55.874982 -53.439286
56.585395 -53.162152
55.831328 -52.465846
54.686566 -52.393404
53.891695 -52.083753
52.777071 -51.429689
51.923922 -51.069888
51.092625 -50.403476
50.827559 -50.828017
50.412289 -51.414995
49.632855 -51.085427
48.546538 -51.194223
48.218394 -50.362958
47.424462 -49.537512
46.927994 -50.110599
48.221416 -49.878951
48.525920 -49.873724
47.695030 -49.818923
46.754196 -50.617374
45.551988 -50.382421
45.375483 -49.350915
45.824614 -48.124587
46.531067 -48.396671
46.810922 -48.268522
47.010057 -48.162513
46.954274 -47.830192
47.054235 -48.184358
47.021958 -47.930711
46.824571 -47.873301
46.672185 -48.077403
46.673452 -48.210761
46.789012 -48.217860
46.883956 -48.182290
46.419863 -48.463519
46.604669 -48.677287
46.749042 -48.364079
46.977377 -48.646631
47.546640 -48.959063
48.315640 -48.320236
47.872288 -48.251985
47.545012 -48.156474
47.256977 -48.641532
46.699878 -49.350621
45.974337 -49.582104
45.896132 -48.597899
45.974930 -48.919772
45.913761 -49.064609
45.278295 -48.391048
44.935999 -47.818474
45.643834 -47.878949
45.900644 -48.029717
45.646573 -47.926672
46.035855 -48.169278
46.530075 -48.792720
46.249442 -48.727154
46.186816 -49.256954
46.682037 -49.239433
46.584569 -48.870646
46.271372 -48.018273
45.006697 -49.164832
44.522841 -50.569599
44.441314 -51.504376
44.739704 -52.143565
44.949189 -52.114114
44.940855 -52.016207
44.661870 -51.779342
44.602254 -52.020826
44.264796 -51.473143
44.267704 -51.901320
44.488303 -52.701667
44.043418 -53.399668
43.948990 -54.006475
42.769422 -53.231953
42.436561 -53.061863
42.236535 -53.509147
41.791982 -53.153662
42.225332 -52.883054
42.796549 -52.302560
42.032088 -51.628470
41.243185 -51.128023
41.276481 -51.812952
40.976902 -52.286648
40.996244 -52.409030
41.490457 -52.160225
41.387885 -51.126314
41.371894 -50.167571
41.396446 -49.137314
40.669748 -47.376046
41.630114 -46.707166
45.466258 -45.672597
43.748331 -45.484841
47.528652 -44.937969
48.425814 -44.666402
49.127607 -43.616692
49.336594 -43.557780
57.717865 -41.179455
58.789099 -41.409840
64.279457 -40.822122
66.854815 -39.812600
67.069057 -39.220577
67.224905 -39.012154
66.918026 -38.710442
74.343421 -38.249534
75.080604 -38.143913
74.918976 -37.954581
74.849461 -37.851175
74.480738 -37.697809
61.349350 -40.953484
57.622952 -39.331084
56.107716 -40.398834
57.001522 -33.272908
57.952306 -28.887546
58.040875 -28.523850
69.408800 -33.637583
68.594746 -33.085893
68.040319 -32.684376
67.534567 -32.019119
67.069096 -31.602251
66.668872 -31.660885
69.803660 -31.102783
72.659694 -29.842788
73.238749 -31.512315
71.252370 -36.593270
70.881540 -36.333490
70.464407 -36.557057
71.280005 -35.785485
72.666831 -34.705967
74.672340 -33.547472
74.002602 -33.901390
77.269890 -32.818281
77.148056 -32.789812
74.305143 -33.686005
74.719007 -33.559825
75.491357 -33.237801
79.997060 -33.849154
82.342311 -33.377242
83.223044 -33.152470
82.182368 -33.244318
81.307083 -33.219126
82.040816 -32.715770
83.479696 -32.748070
83.382399 -32.928707
82.670366 -33.056387
84.005797 -33.388077
84.081462 -32.932673
84.012713 -33.043002
85.286048 -32.677821
85.275645 -32.605749
83.680764 -32.911637
84.983025 -33.169763
79.687120 -32.750021
76.101124 -32.927248
76.238365 -32.587737
81.540709 -31.443170
85.135722 -30.695861
88.725462 -27.350466
88.773645 -27.309660
89.853807 -27.256664
88.359141 -27.470756
88.425421 -27.474449
86.269110 -28.627062
86.267301 -28.637419
89.370761 -28.379658
92.027493 -27.881696
92.257736 -27.852715
81.488210 -28.180377
80.054473 -28.311025
79.965975 -28.319962
73.719729 -28.888152
61.860337 -29.928006
63.780203 -30.111744
70.229168 -29.636071
72.387314 -29.405718
73.561128 -29.176783
73.417377 -29.185897
74.552575 -29.861402
77.815016 -29.236561
83.034626 -29.071614
82.440899 -29.056053
82.017016 -29.062326
81.849158 -29.011036
82.087728 -29.031234
82.937080 -29.056632
82.545112 -29.161991
78.367904 -29.547754
74.868127 -29.907744
71.689039 -29.133269
71.576224 -29.023997
70.221632 -29.161498
67.944095 -29.319560
67.630506 -29.329132
67.658780 -29.459347
67.709913 -29.458435
67.709465 -29.456466
67.795224 -29.453541
67.830407 -29.451565
67.759494 -29.418804
67.757468 -29.418157
67.750285 -29.418055
67.754798 -29.418911
67.750653 -29.418687
67.722913 -29.383028
67.723464 -29.382974
67.723743 -29.382501
67.724943 -29.383489
67.728911 -29.383322
67.574255 -29.375070
67.569598 -29.374843
67.570750 -29.375374
67.571394 -29.375489
67.572502 -29.375858
67.506908 -29.370140
67.510929 -29.370271
67.508375 -29.370028
67.507631 -29.370377
67.506838 -29.370854
67.479040 -29.369296
67.486336 -29.369545
67.486306 -29.369462
67.485529 -29.369476
67.490224 -29.369325
67.489137 -29.369516
67.552558 -29.375384
67.552049 -29.374706
67.550392 -29.375594
67.549736 -29.375499
67.480040 -29.370586
67.477277 -29.370733
67.477440 -29.370314
67.480516 -29.370088
67.495343 -29.369576
67.508757 -29.362201
67.511631 -29.362280
67.514242 -29.362500
67.522577 -29.362910
67.551775 -29.363102
67.561215 -29.367384
67.482880 -29.357058
67.453282 -29.356450
67.433596 -29.356909
67.432079 -29.356203
67.432248 -29.356485
67.421502 -29.354655
67.426436 -29.364760
67.412879 -29.357151
67.400564 -29.359545
67.425314 -29.349988
67.500301 -29.363586
67.604763 -29.376629
67.664629 -29.385182
67.701193 -29.390037
67.740799 -29.406019
67.790283 -29.443371
67.814008 -29.452082
67.833860 -29.467007
67.846286 -29.478828
67.850586 -29.482209
67.848970 -29.482302
67.843266 -29.481574
67.843380 -29.481627
67.840842 -29.482064
67.845483 -29.481228
67.843761 -29.481585
67.849986 -29.490265
67.850847 -29.490091
67.851889 -29.489924
67.847034 -29.490132
67.845345 -29.490198
67.849698 -29.490070
67.846721 -29.487629
67.844730 -29.488042
67.846141 -29.487671
67.845765 -29.487764
67.843253 -29.487843
67.846417 -29.489168
67.845493 -29.489087
67.845051 -29.489181
67.845877 -29.489696
67.844595 -29.489261
67.847220 -29.490504
67.844798 -29.490905
67.845822 -29.490845
67.845017 -29.490717
67.847778 -29.490776
67.846368 -29.490664
67.856287 -29.497879
67.857814 -29.498135
67.852914 -29.498325
67.855441 -29.498225
67.854937 -29.498216
67.850875 -29.496601
67.850750 -29.496400
67.850416 -29.496215
67.852608 -29.496459
67.847887 -29.496604
67.845806 -29.495621
67.844765 -29.495804
67.837076 -29.496237
67.844468 -29.496425
67.843559 -29.496263
67.843804 -29.496041
67.841442 -29.496081
67.844154 -29.495705
67.842161 -29.496066
67.836969 -29.496023
67.843165 -29.496489
67.844695 -29.496706
67.841810 -29.496364
67.843719 -29.497127
67.843211 -29.497264
67.843388 -29.497169
67.838043 -29.494868
67.839170 -29.494318
67.838395 -29.494850
67.836901 -29.495298
67.838765 -29.496641
67.836828 -29.496813
67.837732 -29.496607
67.837056 -29.496802
67.836928 -29.496780
67.837414 -29.496688
67.842459 -29.496536
67.838641 -29.496903
67.833407 -29.496768
67.835911 -29.496497
67.839664 -29.496506
67.837919 -29.495124
67.831144 -29.495527
67.838286 -29.495615
67.836220 -29.495623
67.830600 -29.495569
67.834838 -29.495326
67.836569 -29.494818
67.834237 -29.494953
67.834240 -29.495295
67.834035 -29.495256
67.832652 -29.495375
67.828081 -29.493969
67.826258 -29.494736
67.829565 -29.494605
67.827814 -29.494787
67.827410 -29.494235
67.833164 -29.503300
67.832990 -29.503109
67.833222 -29.503347
67.832151 -29.503490
67.831398 -29.503493
67.832544 -29.503669
67.830897 -29.504926
67.833436 -29.504639
67.832289 -29.505092
67.836470 -29.505075
67.832159 -29.505304
67.833191 -29.504943
67.832830 -29.505165
67.832469 -29.504881
67.827836 -29.505209
67.827368 -29.505535
67.842254 -29.508943
67.838573 -29.509584
67.841235 -29.509396
67.842783 -29.509216
67.839784 -29.509389
67.842243 -29.509502
67.844812 -29.511009
67.843638 -29.511303
67.842505 -29.511565
67.841148 -29.511776
67.845455 -29.511348
67.841552 -29.511645
67.840261 -29.511705
67.840660 -29.511665
67.839952 -29.511641
67.841185 -29.511780
67.844566 -29.513173
67.844651 -29.513407
67.841653 -29.513495
67.845658 -29.512701
67.844634 -29.513298
67.851442 -29.515995
67.855467 -29.516034
67.852819 -29.516098
67.850126 -29.515988
67.855113 -29.516023
67.856128 -29.516350
67.875463 -29.519475
67.873601 -29.519556
67.875146 -29.519064
67.877673 -29.519457
67.874749 -29.519758
67.875712 -29.519387
67.874533 -29.519631
67.874711 -29.519541
67.872003 -29.519748
67.872754 -29.519735
67.872280 -29.519824
67.843356 -29.510712
67.841111 -29.510750
67.840128 -29.510842
67.839862 -29.510838
67.841734 -29.511147
67.838971 -29.510453
67.834133 -29.510636
67.839388 -29.510690
67.839718 -29.510749
67.841093 -29.510823
67.845080 -29.514045
67.849385 -29.514227
67.849730 -29.514102
67.851593 -29.514244
67.851247 -29.514230
67.849175 -29.514491
67.858399 -29.517299
67.853582 -29.517425
67.855343 -29.517159
67.856011 -29.517815
67.855967 -29.517967
67.851318 -29.516880
67.851275 -29.516563
67.852040 -29.516663
67.849813 -29.516851
67.849572 -29.516748
67.859777 -29.518512
67.860860 -29.518754
67.863791 -29.518765
67.855182 -29.518638
67.859520 -29.518669
67.862455 -29.519483
67.863519 -29.519527
67.863667 -29.519609
67.860926 -29.519602
67.863220 -29.519428
67.853134 -29.516962
67.851553 -29.516796
67.852894 -29.517090
67.849827 -29.517138
67.851323 -29.517276
67.844688 -29.515223
67.846153 -29.515442
67.842665 -29.515375
67.841262 -29.515415
67.842915 -29.515719
67.844545 -29.515708
67.846702 -29.515599
67.845651 -29.515442
67.844440 -29.515559
67.840547 -29.515623
67.859127 -29.520558
67.860241 -29.520590
67.858747 -29.520526
67.860027 -29.520661
67.859324 -29.520580
67.850329 -29.518117
67.851571 -29.518455
67.852902 -29.518213
67.851506 -29.518511
67.850012 -29.518538
67.850440 -29.518539
67.833858 -29.512560
67.833084 -29.512579
67.833488 -29.512385
67.831050 -29.512677
67.830553 -29.512749
67.834081 -29.515577
67.834556 -29.515461
67.833383 -29.515546
67.834381 -29.515702
67.830623 -29.515369
67.832597 -29.515643
67.828324 -29.515958
67.829130 -29.515821
67.831143 -29.515840
67.833525 -29.515809
67.829695 -29.515776
67.852668 -29.522228
67.856138 -29.522444
67.854351 -29.522343
67.854564 -29.522227
67.852587 -29.522675
67.855405 -29.523175
67.854838 -29.523198
67.854601 -29.523273
67.851230 -29.523503
67.839560 -29.519882
67.838563 -29.519899
67.839798 -29.519945
67.836698 -29.519972
67.836970 -29.520175
67.823188 -29.517172
67.827502 -29.517366
67.824723 -29.517333
67.827093 -29.517512
67.824762 -29.517286
67.832193 -29.519483
67.836434 -29.519750
67.831200 -29.519676
67.831404 -29.519915
67.830956 -29.519821
67.830563 -29.519822
67.839649 -29.521159
67.837985 -29.521446
67.836835 -29.521701
67.832334 -29.521837
67.837158 -29.521586
67.829835 -29.520468
67.828993 -29.520771
67.825646 -29.520608
67.826205 -29.521107
67.829780 -29.520504
67.828174 -29.520826
67.817476 -29.513730
67.818089 -29.514352
67.813597 -29.514253
67.813055 -29.514135
67.813533 -29.514377
67.813930 -29.514673
67.812718 -29.514922
67.814416 -29.514952
67.811907 -29.515026
67.811093 -29.513404
67.808598 -29.513269
67.803735 -29.513654
67.803680 -29.513666
67.808168 -29.513872
67.809207 -29.514116
67.804320 -29.519353
67.814553 -29.519498
67.807597 -29.520154
67.811584 -29.519891
67.810338 -29.520208
67.808599 -29.522546
67.807833 -29.523108
67.809007 -29.522644
67.807376 -29.522619
67.807883 -29.522313
67.811028 -29.524013
67.811126 -29.524204
67.811987 -29.524055
67.813444 -29.524096
67.810125 -29.524214
67.806810 -29.520921
67.806779 -29.521105
67.810546 -29.521095
67.806775 -29.521176
67.806287 -29.521113
67.809828 -29.522874
67.803115 -29.523423
67.805372 -29.523587
67.804621 -29.523526
67.811288 -29.523114
67.806215 -29.523294
67.817623 -29.528227
67.814430 -29.528515
67.816151 -29.528439
67.816664 -29.528229
67.813835 -29.528387
67.823635 -29.530592
67.823562 -29.530264
67.821322 -29.530495
67.818399 -29.530677
67.820475 -29.530473
67.810206 -29.527634
67.807991 -29.527871
67.803895 -29.528273
67.807924 -29.527872
67.805617 -29.528126
67.825920 -29.533045
67.824931 -29.532897
67.823900 -29.533080
67.824902 -29.532818
67.823759 -29.532985
67.824405 -29.533450
67.815966 -29.531600
67.816312 -29.531530
67.816470 -29.531560
67.820570 -29.531326
67.815412 -29.531914
67.821375 -29.532074
67.819087 -29.532398
67.821371 -29.532647
67.818263 -29.532746
67.817588 -29.532582
67.820499 -29.532763
67.818600 -29.533339
67.820343 -29.533330
67.817033 -29.533457
67.815689 -29.533557
67.817522 -29.533740
67.819906 -29.534625
67.822221 -29.534255
67.821741 -29.534601
67.820254 -29.534504
67.820589 -29.534452
67.837910 -29.537145
67.839790 -29.537130
67.838753 -29.537318
67.836524 -29.537329
67.837108 -29.537472
67.824447 -29.535908
67.826375 -29.536118
67.825188 -29.536250
67.827213 -29.536289
67.825255 -29.536056
67.835233 -29.538049
67.835281 -29.537929
67.832842 -29.537427
67.833194 -29.537970
67.834562 -29.537745
67.834935 -29.537837
67.829668 -29.537856
67.830007 -29.538235
67.833185 -29.538269
67.829184 -29.538266
67.832347 -29.538438
67.817305 -29.534290
67.819470 -29.534779
67.819081 -29.534504
67.816577 -29.534379
67.816633 -29.534673
67.829862 -29.538886
67.834796 -29.539025
67.833550 -29.539229
67.831838 -29.538792
67.833263 -29.539025
67.829417 -29.538274
67.828370 -29.538038
67.827827 -29.538315
67.828417 -29.537884
67.831034 -29.538766
67.829933 -29.538216
67.824875 -29.538075
67.828535 -29.537886
67.826608 -29.538337
67.825405 -29.538270
67.826560 -29.538419
67.810120 -29.535537
67.809780 -29.535116
67.811373 -29.535375
67.805120 -29.535705
67.815844 -29.535331
67.817740 -29.536492
67.815824 -29.536222
67.820561 -29.536575
67.817367 -29.536615
67.813671 -29.537020
67.799273 -29.533449
67.799882 -29.533390
67.803977 -29.533780
67.801163 -29.533996
67.800205 -29.533738
67.799345 -29.533826
67.817344 -29.538076
67.816052 -29.538425
67.817087 -29.537867
67.820284 -29.538378
67.817681 -29.538253
67.830194 -29.540821
67.830874 -29.541400
67.832437 -29.541247
67.831413 -29.541282
67.831432 -29.541652
67.831080 -29.541446
67.834493 -29.542506
67.834507 -29.542639
67.832686 -29.542659
67.830835 -29.542921
67.832446 -29.542936
67.829736 -29.541729
67.828637 -29.542060
67.833060 -29.541565
67.826470 -29.541825
67.826537 -29.542325
67.827015 -29.542491
67.862233 -29.546355
67.858035 -29.546704
67.860244 -29.546522
67.856233 -29.546773
67.858182 -29.547008
67.862309 -29.547528
67.857745 -29.547335
67.859955 -29.547276
67.861224 -29.547297
67.861304 -29.547010
67.844733 -29.544075
67.843776 -29.544175
67.842377 -29.544400
67.844597 -29.544665
67.843329 -29.543771
67.846139 -29.544320
67.849396 -29.545458
67.848788 -29.545017
67.849814 -29.545664
67.849667 -29.545363
67.825271 -29.539780
67.824735 -29.539717
67.824939 -29.540112
67.820755 -29.539911
67.822735 -29.539916
67.822015 -29.540642
67.821640 -29.540467
67.821692 -29.540340
67.823821 -29.540466
67.819586 -29.540377
67.822265 -29.540675
67.833994 -29.542699
67.836156 -29.543146
67.834213 -29.543097
67.833409 -29.542847
67.831748 -29.542987
67.827131 -29.542249
67.824956 -29.542109
67.827413 -29.542377
67.826109 -29.542469
67.826011 -29.542601
67.818883 -29.536954
67.818008 -29.537065
67.821703 -29.537164
67.817372 -29.537159
67.821541 -29.536870
67.823069 -29.540922
67.822129 -29.540426
67.823760 -29.540654
67.823832 -29.540729
67.823957 -29.541197
67.822816 -29.541079
67.829343 -29.542026
67.832090 -29.541883
67.827112 -29.542008
67.827059 -29.542486
67.827762 -29.542469
67.836992 -29.543735
67.832619 -29.543740
67.834509 -29.543365
67.834450 -29.543827
67.830321 -29.543566
67.838317 -29.544108
67.835700 -29.543986
67.834825 -29.544121
67.837521 -29.544031
67.834353 -29.544221
67.828449 -29.542304
67.825959 -29.542504
67.830682 -29.542366
67.829831 -29.542369
67.829992 -29.542512
67.827969 -29.540833
67.827683 -29.541021
67.822043 -29.541050
67.828844 -29.541277
67.829908 -29.541565
67.825339 -29.538197
67.823578 -29.538123
67.822190 -29.538348
67.821877 -29.537857
67.821118 -29.538071
67.819564 -29.538498
67.820326 -29.537617
67.822860 -29.537197
67.819139 -29.537424
67.818236 -29.537611
67.821524 -29.538066
67.826210 -29.538753
67.824716 -29.538793
67.822763 -29.538685
67.830222 -29.538378
67.825274 -29.539022
67.825427 -29.539032
67.833908 -29.541267
67.835528 -29.541457
67.830979 -29.541205
67.836435 -29.541556
67.828973 -29.541363
67.836032 -29.542216
67.841169 -29.542629
67.839450 -29.542042
67.841546 -29.542534
67.839255 -29.542651
67.843420 -29.544587
67.844814 -29.544089
67.844786 -29.544652
67.839963 -29.544694
67.842539 -29.544960
67.844505 -29.544955
67.844876 -29.545096
67.847012 -29.544893
67.845742 -29.544422
67.846818 -29.544914
67.844815 -29.544604
67.843301 -29.543322
67.843256 -29.543294
67.839259 -29.542999
67.842524 -29.543249
67.842973 -29.542912
67.858911 -29.548510
67.860131 -29.548108
67.855197 -29.548067
67.856197 -29.548226
67.859743 -29.548330
67.857786 -29.548503
67.873840 -29.549259
67.871720 -29.549327
67.868123 -29.549226
67.868110 -29.549315
67.872312 -29.549644
67.846871 -29.544521
67.847154 -29.544538
67.849306 -29.544788
67.848409 -29.544796
67.845938 -29.544925
67.851348 -29.544688
67.852033 -29.544429
67.849003 -29.544580
67.851201 -29.544437
67.848989 -29.544902
67.848964 -29.544323
67.848959 -29.542007
67.848818 -29.542050
67.846840 -29.541889
67.845553 -29.542233
67.842338 -29.542083
67.845485 -29.542897
67.848750 -29.543119
67.849191 -29.542592
67.849862 -29.543278
67.851457 -29.542892
67.849386 -29.543393
67.849512 -29.543046
67.846027 -29.542916
67.850482 -29.543478
67.850547 -29.543398
67.860953 -29.546255
67.859789 -29.546246
67.858508 -29.546534
67.856167 -29.546352
67.860349 -29.546818
67.867107 -29.547551
67.865954 -29.548157
67.866106 -29.547891
67.866664 -29.547556
67.862805 -29.548085
67.872911 -29.550580
67.865688 -29.550164
67.871496 -29.550681
67.871723 -29.550826
67.866392 -29.550721
67.869387 -29.550617
67.871331 -29.550344
67.866564 -29.548030
67.865102 -29.543536
67.826886 -29.516589
67.827895 -29.517805
67.833282 -29.526559
67.775408 -29.488938
67.753261 -29.458281
67.743753 -29.427370
67.741884 -29.399813
67.602399 -29.395304
67.429019 -29.384996
67.450531 -29.386838
67.472513 -29.383343
67.494408 -29.377486
67.516279 -29.374463
67.524090 -29.376287
67.532500 -29.372393
67.528261 -29.365823
67.520440 -29.354103
67.529944 -29.353612
67.553932 -29.355933
67.578431 -29.355360
67.597066 -29.356801
67.629837 -29.355009
67.624059 -29.353834
67.952287 -29.351827
66.081632 -28.478493
66.102845 -28.477902
66.505007 -28.440202
77.150132 -27.012752
84.937336 -26.126111
87.187742 -27.274544
90.804515 -28.742248
93.588769 -29.702251
98.038203 -31.263964
101.072329 -32.261965
105.148056 -33.577305
101.758386 -29.534625
101.997746 -30.586670
102.098767 -30.836259
102.197467 -32.653278
102.601647 -34.974921
102.206083 -34.302934
102.310701 -35.294762
102.332175 -35.070518
100.466826 -40.567853
100.390239 -41.440442
102.956079 -37.906547
101.236242 -39.779836
100.905916 -40.116857
100.431532 -40.662271
101.576069 -39.175171
100.433520 -40.623692
100.998524 -41.548073
100.569546 -40.548600
100.618911 -39.925807
100.822142 -39.936941
100.950566 -40.033418
101.143374 -39.708542
100.827379 -40.079491
100.654650 -40.231366
100.206063 -39.982810
99.685697 -41.076715
99.751141 -41.618825
99.383173 -42.022871
99.522544 -41.635987
99.475148 -41.231463
99.871059 -41.238246
99.497345 -41.084267
99.276535 -41.451428
99.421490 -40.843041
99.556834 -41.052542
100.309177 -41.707183
99.555127 -42.040655
98.915365 -43.093791
98.698048 -43.468360
100.870474 -42.872749
100.889643 -42.375177
100.378156 -40.923525
99.934388 -41.507641
99.723837 -41.472883
99.362614 -39.780735
99.690477 -41.115766
99.211278 -41.925076
98.661100 -42.286272
98.229417 -41.522463
98.283076 -39.719882
99.563825 -39.953120
101.422157 -40.252921
101.601299 -40.135875
100.343404 -40.276557
98.896863 -40.541461
98.165629 -40.798790
99.434111 -40.827573
98.713276 -40.996474
99.245095 -42.461773
98.983075 -41.267335
99.973103 -42.147861
98.835843 -42.592850
99.605331 -41.408426
100.611447 -40.516469
99.732945 -41.374533
98.740874 -41.687469
97.764904 -41.871451
96.747480 -41.736911
97.040443 -41.384431
97.911370 -40.789949
97.076429 -40.999334
97.070746 -41.550019
97.751628 -41.582744
97.451034 -41.568946
97.058371 -41.427689
97.308526 -41.429290
97.234839 -41.466554
97.447626 -41.796042
97.824199 -41.980781
97.757651 -41.670338
97.653649 -41.509635
97.488237 -41.661159
97.380474 -41.741390
97.496874 -41.782241
97.410243 -41.981498
97.606781 -42.113082
97.163537 -42.024960
97.214184 -42.205990
96.554862 -42.293955
96.858567 -42.297741
97.501044 -42.247169
98.288270 -42.472249
98.283585 -43.060088
99.447326 -43.840598
100.052913 -44.122381
99.108849 -43.803701
99.657545 -44.485420
100.566487 -45.188379
101.090388 -46.395049
101.266842 -47.000479
100.155559 -47.424133
100.802292 -47.032018
101.309770 -46.220847
102.216211 -46.063131
101.752238 -46.190138
101.431773 -46.704410
100.035551 -47.152677
99.358225 -46.576366
98.251596 -46.751717
99.146754 -46.894068
100.133130 -47.665655
99.734360 -48.683520
99.953844 -49.292847
99.546255 -49.323413
100.198108 -48.687206
100.699691 -47.825663
100.811795 -47.532432
99.605155 -47.549615
99.841980 -47.675934
99.548835 -47.202521
99.179875 -46.748925
100.247252 -46.378222
99.896821 -45.758316
99.431271 -46.665226
99.488544 -46.973474
99.711925 -45.838536
98.488097 -46.033946
98.944849 -46.420025
98.863726 -46.415901
98.992662 -46.661425
99.433762 -46.771868
99.944927 -46.845077
99.887095 -47.081398
99.295122 -47.263041
98.735238 -47.276747
98.928983 -47.349819
98.880106 -47.230594
98.869331 -47.008801
99.025001 -47.052464
99.193009 -47.071275
99.164274 -47.124649
99.251810 -46.987713
99.294574 -47.081529
98.917095 -47.223849
98.948420 -47.353998
99.017186 -47.220262
98.827049 -47.266715
98.614926 -47.167409
98.723100 -47.124350
98.865772 -47.069391
98.581966 -47.238126
98.643401 -47.281263
98.753428 -47.482296
98.596890 -47.537595
98.860798 -47.759201
99.682238 -47.999646
99.872138 -47.772910
100.539745 -46.816615
100.209501 -46.024767
99.187919 -45.571405
99.081655 -44.924024
98.634027 -44.832377
98.885782 -45.085130
99.256432 -44.931054
100.297235 -44.605831
100.170082 -44.816648
100.419551 -44.780244
100.685413 -44.590503
100.536763 -44.379357
100.721271 -44.369530
100.626838 -44.240958
100.836437 -44.494140
100.920958 -44.603877
101.359532 -44.777839
101.566487 -44.996006
102.340180 -45.133779
102.168468 -45.155722
101.709577 -45.110657
102.155870 -45.245149
101.890191 -45.122215
102.288790 -45.236059
102.498162 -45.163353
102.521743 -45.025372
102.229402 -44.979528
102.460841 -45.140616
102.603330 -45.102622
101.567796 -45.236746
100.925339 -46.105745
100.505717 -46.836324
101.054753 -47.575352
101.541048 -47.404982
102.715753 -47.830504
101.938793 -47.809728
100.218018 -48.089779
100.741061 -48.143465
101.872176 -48.250101
103.292742 -48.572463
102.606182 -47.839303
101.995251 -47.419263
102.909577 -47.490359
103.046449 -46.683914
101.588610 -46.376719
101.937007 -46.451273
101.128386 -46.312598
100.309854 -46.720700
99.231990 -46.432848
98.713671 -46.330021
98.829415 -46.096475
98.903004 -46.163279
97.891559 -45.781930
97.692539 -45.273993
97.287133 -44.871308
95.850304 -45.068185
96.196029 -45.109716
96.586700 -45.014198
96.062678 -44.866542
95.382074 -44.938603
96.732775 -44.900371
97.383036 -45.643673
98.161505 -46.139700
98.975750 -45.918102
100.043424 -45.774589
98.991381 -45.740973
99.110411 -45.061043
99.772011 -44.697005
99.678474 -45.132465
98.280132 -45.015426
98.563516 -45.147519
99.388289 -45.319703
98.911084 -45.731638
97.835382 -45.758097
97.903579 -45.947767
97.976786 -46.997647
97.658143 -47.395690
96.878099 -47.422348
95.561767 -46.844565
95.077298 -46.750126
95.728022 -47.539012
96.709299 -48.446896
97.184574 -47.816465
97.556470 -46.726298
98.488470 -46.670215
100.082616 -46.889851
100.829936 -47.387185
100.756487 -47.659099
99.247324 -47.611865
98.719271 -47.630730
97.605306 -47.741655
96.775579 -47.634781
95.808489 -47.377627
96.575277 -47.463318
97.595573 -47.654975
98.240978 -47.345063
99.081202 -48.006193
100.498180 -48.525013
101.121108 -48.762559
102.091717 -49.299927
103.360007 -49.601982
104.068508 -49.707449
103.542292 -49.665407
102.099479 -49.538516
100.977207 -49.442742
99.937233 -49.389350
98.894054 -49.411692
97.894462 -49.159567
97.001517 -48.896161
97.753844 -49.159463
98.953847 -49.174087
100.052537 -49.090219
100.719408 -48.452310
101.560315 -48.804356
102.326433 -48.859601
103.538770 -49.022538
104.687723 -49.650598
105.062106 -49.532850
104.133997 -49.815403
103.172024 -49.733817
102.907641 -50.034741
102.134910 -50.067493
100.976177 -50.184881
99.881419 -49.982168
98.908342 -49.378452
100.055109 -49.505755
100.392950 -48.477516
101.404330 -48.469856
100.716544 -48.108696
100.509901 -46.887813
101.423430 -47.048398
102.500394 -47.193597
102.082891 -47.724760
101.480335 -48.204042
100.987294 -48.278785
99.378424 -48.371430
98.342375 -48.236100
96.639325 -47.447161
97.354577 -47.403193
98.816246 -47.349104
99.652519 -47.385492
100.003831 -47.789676
101.098119 -48.168208
101.956099 -48.343267
102.325261 -48.656898
100.921386 -48.513896
99.896732 -48.627087
98.590753 -48.680577
97.763981 -48.600766
96.369864 -48.369616
97.234277 -48.759926
98.278257 -49.359811
98.638233 -49.003984
99.966029 -49.027772
100.834614 -49.047409
101.895354 -49.652537
102.818479 -49.810029
103.744303 -50.166477
101.693239 -49.826664
100.704028 -49.720343
99.684895 -49.530517
98.395857 -49.022578
97.478886 -48.597516
96.073314 -48.145842
96.490979 -47.980740
97.288605 -47.971104
98.204124 -48.017102
98.737709 -47.785192
99.502835 -48.481119
100.241063 -48.539762
101.129826 -48.781743
102.444236 -49.195504
102.823204 -49.535643
102.284412 -49.504839
101.840989 -49.297433
101.856588 -49.073089
101.924486 -49.100988
101.605108 -49.047708
101.332121 -49.033568
101.714037 -48.944894
102.243396 -48.869534
103.266899 -48.226204
103.658028 -47.874746
103.515560 -46.904688
103.489984 -45.977427
103.302243 -44.997491
102.934438 -44.356449
102.844590 -43.421682
102.832214 -43.164819
102.752687 -43.183891
102.730222 -43.387805
102.838192 -43.941992
103.223681 -43.907846
103.633977 -43.979911
103.897341 -44.199088
103.957354 -43.687906
104.054088 -43.416143
103.393078 -46.900058
103.767372 -49.451077
101.939209 -46.886231
97.385516 -44.494201
96.688918 -43.586366
98.294387 -50.606460
100.733470 -51.092076
100.545674 -51.254756
93.728822 -41.317662
84.586187 -27.886499
86.006256 -25.264811
81.950928 -25.562873
83.217584 -24.696292
81.777566 -24.396168
81.421816 -24.781560
85.091726 -30.677434
85.048796 -30.845542
84.758679 -30.508707
84.625608 -29.737182
82.848456 -28.562708
82.513161 -28.417764
75.432054 -29.666592
74.260760 -28.510230
75.451955 -28.018750
76.502909 -27.951318
78.891860 -27.860534
79.835364 -27.967190
83.402822 -26.701851
83.106764 -28.702677
81.332252 -31.645077
80.055755 -33.902386
79.792396 -34.605354
77.289595 -36.515268
75.835452 -37.737790
76.980162 -38.359588
76.276837 -38.402977
73.500673 -38.956422
67.908739 -39.888663
68.390981 -40.294114
68.783927 -40.578996
70.507139 -40.718997
62.565322 -39.744613
64.312515 -40.453275
66.017258 -40.869078
66.015857 -40.814441
67.186329 -40.998223
65.933371 -40.714787
66.941561 -40.943028
67.096967 -40.982566
67.216399 -41.017325
67.443818 -41.085146
65.462382 -40.599499
65.542057 -40.615965
65.554381 -40.617600
65.559957 -40.618455
65.562352 -40.620142
65.565218 -40.621034
62.542678 -40.050739
62.550168 -40.051780
62.564379 -40.052549
62.601771 -40.054323
62.874889 -40.091230
61.750971 -38.274385
62.188980 -38.295706
63.314480 -38.491373
63.523632 -38.191196
64.321400 -37.855523
65.554702 -38.560573
63.965773 -39.893717
63.503067 -39.845599
63.477703 -39.854771
63.158785 -39.908118
63.394822 -39.508796
63.666346 -39.456380
64.487078 -39.526091
64.998488 -39.457022
65.838454 -39.654928
65.867459 -39.582932
65.781817 -39.553380
65.875580 -39.618226
65.823688 -39.628622
65.456735 -39.352263
65.325947 -39.405435
65.419683 -39.255970
65.384720 -39.306837
65.016422 -39.433366
64.676831 -39.673232
62.723586 -39.000035
62.699297 -39.291427
62.981746 -39.170842
63.128753 -38.932352
63.076769 -38.909445
66.562862 -35.934704
63.203088 -38.004788
58.873748 -39.503312
58.336472 -41.311097
58.518882 -41.552682
53.315096 -43.317671
54.055110 -43.522895
53.553132 -42.702515
52.574295 -44.212363
52.655695 -42.568363
52.329252 -42.080169
50.205831 -43.526800
50.268693 -43.880216
54.090480 -51.406383
50.928248 -43.317699
47.490678 -43.630232
47.826155 -42.363708
46.011146 -42.140837
45.439179 -41.664364
45.444677 -41.645801
41.605961 -41.819555
41.403941 -41.614342
40.368077 -41.057674
39.204356 -40.098292
38.872997 -39.399950
38.872361 -39.214132
38.867034 -39.202966
38.663483 -39.334295
38.828119 -39.929501
38.929711 -40.229478
38.982937 -40.291336
38.973339 -40.276501
38.952193 -40.189133
38.846963 -40.038906
38.803364 -40.001309
38.765926 -39.951900
38.701683 -39.853423
38.841872 -40.120672
38.915907 -40.246880
38.906454 -40.227790
38.942894 -40.321253
39.104033 -40.665118
39.054268 -40.579316
39.091279 -40.642154
39.307923 -40.989104
39.313670 -41.009619
39.285717 -40.978385
39.151714 -40.770853
39.143914 -40.743230
39.107300 -40.637080
38.925335 -40.263728
38.579064 -39.523258
38.559007 -39.644043
38.799862 -40.089796
38.547103 -39.350233
38.284831 -38.752506
35.982499 -36.286248
35.696564 -35.624524
35.864345 -35.832068
36.274706 -36.460253
36.387593 -36.694030
36.455574 -36.816755
36.437858 -36.767538
36.422688 -36.737959
36.426656 -36.768506
36.598139 -37.145903
36.401768 -36.767491
36.282949 -36.510731
36.318524 -36.540342
36.306895 -36.487610
36.109077 -36.039911
36.096465 -35.940804
35.997542 -35.696617
35.910456 -35.456696
35.883713 -35.340334
35.839827 -35.222600
35.809080 -35.142367
35.753959 -35.006287
35.778367 -34.967536
35.779124 -34.964042
35.810967 -34.988098
35.779805 -34.867383
35.736332 -34.787286
35.584872 -34.455316
35.553356 -34.337477
35.519238 -34.226856
35.492242 -34.099747
35.453204 -33.991560
35.419665 -33.882994
35.407572 -33.774205
35.399052 -33.669327
35.334114 -33.512221
35.268623 -33.343016
35.208780 -33.181890
35.171165 -33.047419
35.107193 -32.887135
35.051306 -32.735729
35.053761 -32.642684
35.007602 -32.497232
35.003957 -32.393150
34.960258 -32.250799
34.964861 -32.153042
34.943161 -32.035434
34.874511 -31.794682
34.874507 -31.693759
34.880068 -31.596770
34.862560 -31.478808
34.855748 -31.366872
34.856124 -31.266819
34.840469 -31.146756
34.836373 -31.043150
34.840813 -30.935824
34.852605 -30.839241
34.842811 -30.716060
34.863011 -30.624989
34.878386 -30.526202
34.904455 -30.432370
34.923184 -30.336820
34.945221 -30.248456
34.950587 -30.144641
34.962493 -30.050871
34.978448 -29.953610
34.983344 -29.851895
34.984346 -29.742274
35.002994 -29.651377
35.017444 -29.554899
35.013965 -29.449076
35.026342 -29.351973
35.045292 -29.259459
35.061920 -29.161889
35.025437 -29.082154
34.946614 -28.900952
34.913797 -28.763161
34.918326 -28.667983
34.934017 -28.572487
34.943723 -28.473292
34.955364 -28.380885
34.974083 -28.289810
34.925901 -28.139567
34.935824 -28.045833
34.944052 -27.951601
34.951872 -27.858598
34.960712 -27.759977
34.962151 -27.656834
34.967064 -27.558418
34.966078 -27.448107
34.963706 -27.342401
34.955394 -27.230271
34.905728 -27.077510
34.913083 -26.978351
34.899081 -26.866291
34.897060 -26.760868
34.896828 -26.660573
34.909011 -26.567759
34.910645 -26.467978
34.913534 -26.366474
34.925443 -26.270579
34.923975 -26.164719
34.916577 -26.054004
34.918899 -25.953653
34.909262 -25.841523
34.912502 -25.740698
34.922150 -25.642741
34.904742 -25.524625
34.914940 -25.431862
34.916884 -25.321395
34.935076 -25.227338
34.951000 -25.137427
34.970308 -25.041472
34.967351 -24.925442
34.964495 -24.821543
34.949501 -24.702710
34.958884 -24.604182
34.970413 -24.507039
34.980597 -24.410278
34.986123 -24.314020
34.995337 -24.214741
35.007580 -24.118196
35.015390 -24.023513
34.995018 -23.903176
34.999260 -23.801593
35.007492 -23.702535
35.022587 -23.609845
35.015677 -23.497489
35.027124 -23.403574
35.038027 -23.309176
35.043513 -23.209907
35.035706 -23.098608
35.053277 -23.005268
35.053158 -22.905658
35.066100 -22.811784
35.073731 -22.715485
35.081819 -22.620532
35.100998 -22.531400
35.103926 -22.430940
35.108807 -22.333994
35.108024 -22.231140
35.107265 -22.124326
35.115502 -22.031222
35.103702 -21.915243
35.108386 -21.813525
35.073387 -21.675211
35.074133 -21.570003
35.072446 -21.464981
35.069337 -21.357265
35.071216 -21.248793
35.062425 -21.137657
35.048931 -21.026673
35.048014 -20.919636
35.055079 -20.825586
35.053730 -20.718046
35.057950 -20.619083
35.057450 -20.518473
35.059709 -20.415876
35.058865 -20.306778
35.059985 -20.200287
35.071821 -20.108682
35.072864 -20.004571
35.062988 -19.894876
35.051105 -19.783520
35.036192 -19.666121
35.057660 -19.573911
35.031910 -19.437851
35.041208 -19.335914
35.058402 -19.239949
35.080172 -19.147462
35.079344 -19.037125
35.098320 -18.943629
35.118163 -18.851407
35.140332 -18.758532
35.151810 -18.659944
35.166056 -18.570894
35.134972 -18.497998
35.148984 -18.402634
35.139038 -18.310827
35.097624 -18.166865
35.084311 -18.045760
35.089279 -17.916255
35.071584 -17.758776
35.077045 -17.636943
35.039197 -17.460772
35.027881 -17.318650
35.013122 -17.189685
35.043005 -17.059185
35.046137 -16.964187
35.078804 -16.855747
35.084430 -16.757205
35.092245 -16.611764
35.096255 -16.443923
35.097184 -16.280213
35.072946 -16.070001
35.045188 -15.856545
35.011997 -15.621293
34.964320 -15.172674
34.908383 -14.908696
34.848866 -14.634284
34.818684 -14.426708
34.770870 -14.201189
34.731609 -14.100865
34.667411 -13.854815
34.657463 -13.703788
34.632483 -13.516800
34.598708 -13.328223
34.592974 -13.191844
34.583940 -13.051250
34.575024 -12.894942
34.550718 -12.751490
34.557423 -12.604859
34.550885 -12.501120
34.540337 -12.365484
34.560697 -12.236232
34.564398 -12.108238
34.554786 -11.965377
34.570163 -11.834750
34.572609 -11.708275
34.590308 -11.579243
34.592409 -11.436955
34.605609 -11.301718
34.617635 -11.160278
34.630875 -11.025599
34.617298 -10.866874
34.646866 -10.740591
34.658554 -10.630135
34.663846 -10.495377
34.687665 -10.366466
34.699173 -10.244817
34.700213 -10.093196
34.692710 -9.949598
34.691520 -9.782959
34.690089 -9.631583
34.718292 -9.500681
34.720537 -9.350513
34.740043 -9.213182
34.749807 -9.078464
34.774462 -8.949292
34.780475 -8.814590
34.811446 -8.687506
34.796387 -8.562388
34.796917 -8.402511
34.796954 -8.248021
34.779698 -8.091551
34.761438 -7.932718
34.776357 -7.787303
34.754470 -7.617334
34.766305 -7.476959
34.789577 -7.347812
34.798920 -7.220028
34.813535 -7.091194
34.823186 -6.960686
34.831835 -6.815738
34.825531 -6.665014
34.834422 -6.526013
34.853271 -6.406917
34.854754 -6.285421
34.855034 -6.142429
34.868095 -6.008259
34.874425 -5.876378
34.879494 -5.728683
34.880329 -5.570419
34.897624 -5.425697
34.906953 -5.276162
34.919019 -5.147749
34.912157 -4.984586
34.930466 -4.850387
34.948949 -4.722650
34.931004 -4.558541
34.928595 -4.411749
34.925664 -4.273393
34.928699 -4.131959
34.951348 -3.998853
34.950912 -3.850897
34.957421 -3.715890
34.974780 -3.588763
34.983877 -3.463774
34.975526 -3.317342
34.991374 -3.187393
35.008475 -3.057343
35.013764 -2.928710
35.017926 -2.795313
35.042930 -2.680866
35.056030 -2.550912
35.065480 -2.420295
35.064966 -2.285668
35.064556 -2.138401
35.083714 -2.007248
35.103426 -1.883334
35.121989 -1.759662
35.133226 -1.622717
35.131269 -1.472782
35.143676 -1.336264
35.157831 -1.209885
35.165709 -1.078830
35.179139 -0.952702
35.167835 -0.798012
35.161099 -0.661776
35.147615 -0.496644
35.133809 -0.331294
35.112716 -0.164756
35.105159 -0.013348
35.106848 0.112700
35.096716 0.272669
35.087928 0.413398
35.084104 0.551699
35.082022 0.670269
35.104616 0.797477
35.111802 0.927687
35.098171 1.088730
35.081807 1.259119
35.090081 1.405987
35.075170 1.565520
35.066544 1.717438
35.032449 1.885890
35.021833 2.043163
35.008096 2.199241
35.003962 2.350280
34.979496 2.503030
34.996944 2.638515
34.983782 2.787580
34.990520 2.921809
34.984453 3.072870
34.996128 3.210168
35.004689 3.338610
35.004707 3.482190
35.007698 3.617065
35.014031 3.745300
35.007147 3.893612
35.009520 4.029018
35.013642 4.164087
35.006348 4.297779
35.016124 4.427702
35.011558 4.578631
35.020719 4.714755
35.022975 4.852142
35.014738 4.996376
35.027538 5.124465
35.014289 5.283025
35.026007 5.404456
35.016508 5.556891
35.009449 5.697735
35.014451 5.840340
35.016344 5.975153
35.039661 6.100737
35.043479 6.242039
35.050914 6.381140
35.064117 6.519945
35.050905 6.667633
35.065434 6.803914
35.086113 6.935820
35.089677 7.074253
35.095394 7.225409
35.076290 7.394938
35.070635 7.539038
35.060844 7.673408
35.062181 7.806026
35.073817 7.934604
35.086745 8.069729
35.093259 8.210602
35.097718 8.359672
35.110371 8.483728
35.120260 8.619021
35.151888 8.736353
35.165558 8.868211
35.172183 9.012968
35.184669 9.148413
35.183515 9.282937
35.197115 9.417207
35.204574 9.551079
35.222276 9.679835
35.237459 9.806661
35.242338 9.943301
35.252508 10.081030
35.258239 10.217569
35.254416 10.372248
35.260856 10.514331
35.255193 10.667030
35.245262 10.821947
35.228803 10.980557
35.238516 11.118318
35.207611 11.282311
35.224541 11.413677
35.230671 11.556623
35.205748 11.723224
35.215537 11.872395
35.208377 12.022946
35.226502 12.152636
35.236512 12.288558
35.255557 12.416213
35.263145 12.546193
35.257688 12.691629
35.262881 12.825149
35.278521 12.947236
35.285521 13.076636
35.305066 13.197173
35.309084 13.330966
35.316528 13.466004
35.309224 13.598276
35.316250 13.720391
35.318497 13.856740
35.330302 13.986479
35.344870 14.114205
35.356150 14.252754
35.353427 14.403570
35.373138 14.540015
35.385407 14.673148
35.392373 14.813569
35.411630 14.942549
35.428307 15.075814
35.438090 15.212193
35.449333 15.348580
35.458071 15.477408
35.470587 15.609166
35.484627 15.734491
35.501518 15.863685
35.515581 15.992017
35.526072 16.131382
35.544244 16.247327
35.527748 16.397387
35.531126 16.523786
35.534742 16.660512
35.527727 16.805212
35.520274 16.950425
35.517288 17.092112
35.491880 17.252399
35.487508 17.397518
35.502306 17.527756
35.510944 17.663553
35.502148 17.796835
35.499163 17.931688
35.511768 18.052419
35.518641 18.176257
35.486659 18.341722
35.479718 18.482257
35.469150 18.627145
35.482132 18.747762
35.487154 18.867936
35.470977 19.018644
35.477031 19.147812
