-0.045394 -0.022205
-0.038264 -0.004295
-0.080636 -0.029297
-0.106460 -0.056037
-0.180971 -0.086802
-0.248034 -0.105867
-0.310497 -0.149793
-0.372320 -0.198613
-0.412744 -0.202308
-0.464034 -0.236811
-0.509803 -0.259770
-0.548023 -0.263456
-0.565447 -0.283061
-0.575999 -0.285562
-0.608279 -0.298213
-0.678841 -0.339035
-0.722448 -0.377821
-0.792056 -0.417829
-0.866832 -0.447044
-0.946700 -0.478110
-1.014380 -0.514272
-1.060029 -0.544723
-1.106222 -0.571281
-1.147716 -0.577147
-1.202977 -0.593046
-1.232273 -0.614363
-1.239396 -0.615208
-1.282725 -0.658075
-1.337763 -0.704304
-1.391739 -0.704394
-1.424693 -0.739793
-1.481639 -0.788971
-1.541737 -0.839124
-1.601423 -0.835376
-1.673320 -0.876656
-1.732323 -0.906590
-1.762649 -0.919248
-1.815070 -0.952368
-1.847714 -0.977265
-1.905450 -0.998774
-1.945463 -1.002914
-1.991611 -1.038048
-2.032294 -1.050333
-2.095457 -1.086810
-2.136327 -1.088119
-2.173197 -1.129877
-2.233934 -1.164934
-2.264608 -1.202825
-2.322536 -1.218465
-2.363789 -1.232960
-2.385903 -1.243084
-2.438054 -1.262949
-2.499864 -1.292902
-2.554871 -1.315552
-2.593931 -1.350753
-2.638929 -1.354812
-2.694405 -1.398468
-2.733665 -1.410644
-2.801569 -1.450676
-2.834137 -1.478367
-2.891505 -1.509483
-2.922448 -1.521178
-2.984710 -1.546604
-3.029193 -1.573531
-3.090529 -1.602322
-3.144386 -1.630552
-3.198458 -1.674685
-3.262576 -1.696627
-3.303394 -1.732524
-3.331238 -1.736176
-3.377268 -1.733429
-3.430880 -1.774737
-3.473087 -1.812148
-3.485032 -1.807921
-3.540334 -1.845145
-3.582296 -1.882551
-3.595733 -1.895057
-3.642288 -1.916996
-3.666180 -1.921048
-3.699533 -1.970954
-3.784253 -2.026050
-3.796245 -2.036068
-3.835798 -2.072322
-3.887026 -2.088889
-3.911456 -2.091643
-3.969190 -2.137294
-4.003395 -2.145022
-4.046904 -2.190794
-4.113399 -2.229796
-4.146459 -2.246606
-4.177847 -2.281022
-4.233288 -2.312932
-4.308113 -2.354392
-4.353755 -2.386463
-4.413649 -2.427331
-4.452531 -2.437653
-4.497785 -2.462386
-4.554289 -2.495915
-4.628790 -2.541950
-4.672691 -2.562176
-4.719839 -2.582565
-4.766539 -2.584612
-4.800326 -2.594522
-4.824428 -2.604748
-4.869924 -2.626235
-4.920017 -2.663288
-4.956075 -2.685131
-4.988423 -2.692333
-5.036854 -2.708914
-5.085086 -2.718880
-5.122228 -2.747119
-5.166438 -2.785604
-5.227282 -2.803088
-5.265641 -2.827169
-5.320098 -2.850903
-5.348267 -2.875901
-5.386696 -2.897051
-5.415184 -2.922686
-5.479845 -2.949373
-5.518026 -2.967429
-5.577401 -2.978527
-5.643269 -3.008758
-5.679169 -3.019586
-5.721743 -3.043151
-5.763654 -3.055796
-5.809593 -3.096503
-5.860852 -3.122228
-5.920780 -3.124666
-5.983054 -3.158686
-6.017006 -3.180812
-6.064452 -3.193353
-6.092636 -3.232457
-6.139005 -3.233759
-6.183209 -3.235699
-6.221310 -3.259981
-6.239518 -3.271337
