-0.176456 0.021948
-0.152292 0.019079
-0.134198 0.018055
-0.120988 0.016567
-0.114544 0.015821
-0.106438 0.012055
-0.097127 0.012289
-0.079356 0.013310
-0.074508 0.014561
-0.060993 0.010882
-0.051940 0.008996
-0.042864 0.008137
-0.035201 0.007171
-0.025999 0.002085
-0.013881 -0.002103
-0.007393 -0.001308
0.000647 -0.002657
0.015211 -0.004531
0.025390 -0.008602
0.034353 -0.012768
0.044329 -0.017568
0.057884 -0.019916
0.067778 -0.021640
0.078174 -0.025484
0.089335 -0.026101
0.101137 -0.028775
0.111406 -0.031657
0.120446 -0.033735
0.130789 -0.037642
0.144639 -0.039752
0.152622 -0.041798
0.163028 -0.046590
0.175631 -0.049945
0.187394 -0.053775
0.199773 -0.054256
0.210597 -0.060160
0.220545 -0.064781
0.229908 -0.066307
0.240981 -0.068198
0.250945 -0.072441
0.260719 -0.076465
0.269249 -0.081603
0.280755 -0.083054
0.288031 -0.086560
0.295792 -0.086007
0.304929 -0.090341
0.311961 -0.092008
0.320131 -0.096806
0.330297 -0.099039
0.338379 -0.103029
0.348807 -0.106576
0.360436 -0.105696
0.374651 -0.110131
0.383701 -0.111461
0.393127 -0.114895
0.403705 -0.118548
0.414905 -0.120899
0.424177 -0.124565
0.433964 -0.126628
0.443655 -0.128752
0.450551 -0.132563
0.458354 -0.136334
0.468977 -0.140439
0.480304 -0.144832
0.488063 -0.148163
0.498269 -0.150565
0.506712 -0.153132
0.517537 -0.158033
0.527929 -0.159083
0.538273 -0.164263
0.547467 -0.166385
0.557090 -0.171271
0.566823 -0.174169
0.575211 -0.176896
0.585500 -0.181711
0.594362 -0.185328
0.600051 -0.187984
0.608020 -0.190817
0.620588 -0.193489
0.628896 -0.195461
0.638558 -0.201334
0.648693 -0.205992
0.658575 -0.208225
0.667708 -0.210375
0.676579 -0.213834
0.684995 -0.216880
0.692859 -0.220796
0.703950 -0.224942
0.713835 -0.228215
0.722435 -0.230715
0.732766 -0.233966
0.742930 -0.236081
0.750364 -0.239630
0.759155 -0.242865
0.766311 -0.243938
0.776208 -0.248691
0.783523 -0.249784
0.796620 -0.252585
0.803950 -0.253506
0.816083 -0.258104
0.823271 -0.258950
0.830907 -0.261748
0.840633 -0.263964
0.853803 -0.267502
0.870915 -0.269668
0.883187 -0.269550
0.898145 -0.271847
0.907205 -0.275442
0.913988 -0.277687
0.925307 -0.281653
0.933511 -0.283483
0.942280 -0.287227
0.951106 -0.290091
0.959770 -0.294252
0.968228 -0.297676
0.975857 -0.298821
0.987688 -0.303329
0.994476 -0.305777
1.006836 -0.310866
1.013796 -0.314348
1.030489 -0.317211
1.048261 -0.321271
1.060138 -0.325870
1.071160 -0.330756
1.075617 -0.331068
1.083395 -0.332492
1.088783 -0.337243
1.094091 -0.339256
1.102889 -0.340072
1.111387 -0.342297
1.122375 -0.344688
1.132137 -0.345941
1.138951 -0.349591
1.153722 -0.352613
1.158822 -0.355739
1.167183 -0.360576
1.119218 -0.355543
1.216386 -0.365723
1.190636 -0.576347
1.216507 -0.597414
1.359637 -0.800726
1.423450 -0.907369
2.191766 -0.801785
2.561772 -1.194656
2.568704 -1.194719
1.282408 -1.827324
1.285451 -1.942209
2.028733 -1.387921
3.317616 -1.308544
3.213996 -2.024902
2.223911 -3.412265
1.342955 -3.774196
0.850001 -4.329685
-0.359228 -4.121046
-0.971930 -4.548164
-0.355108 -3.423285
-1.146089 -3.228016
-1.875596 -3.285044
-2.912649 -3.237521
-3.545457 -3.434060
-4.128588 -3.645271
-5.623985 -4.499726
-6.237322 -4.648943
-7.079723 -4.697208
-7.760185 -4.387357
-9.007623 -5.464184
-9.950188 -5.431714
-10.793682 -6.110041
-11.294112 -6.652337
-11.981380 -7.190465
-13.518749 -7.700446
-14.232785 -8.117154
-14.814999 -8.385596
-16.115869 -8.260331
-17.322358 -8.442110
-18.020475 -8.508441
-19.037114 -9.274131
-19.932721 -8.836477
-20.956354 -9.294480
-21.797693 -9.487375
-21.434474 -9.292023
-21.936596 -9.334899
-22.483694 -9.381491
-22.985614 -9.998636
-23.780444 -10.142297
-24.138070 -10.734334
-24.812275 -11.013512
-25.515504 -11.168984
-26.282240 -11.174856
-26.926506 -11.881668
-27.238413 -10.635020
-27.081547 -9.809800
-27.894552 -9.810486
-28.612421 -10.066784
-29.328988 -9.844107
-29.871909 -9.946289
-29.583372 -9.418907
-28.951435 -10.097655
-29.411817 -10.225611
-29.483340 -9.762007
-28.317074 -10.268536
-27.124548 -10.648756
-26.198153 -10.615035
-25.692698 -11.034378
-25.021841 -11.334598
-24.635355 -11.587502
-24.043023 -11.365261
-23.318581 -11.371620
-23.316372 -11.393013
-22.56