0.023256 -0.016732
0.023262 -0.016619
0.023301 -0.016711
0.023305 -0.016687
0.023596 -0.014909
0.023644 -0.014929
0.023733 -0.014893
0.024038 -0.014911
0.024052 -0.014068
0.024097 -0.014070
0.024224 -0.014083
0.023939 -0.011572
0.024173 -0.011538
0.024075 -0.011553
0.024113 -0.011613
0.024096 -0.011570
0.024241 -0.011152
0.024365 -0.008923
0.024228 -0.008708
0.024293 -0.008596
0.024177 -0.008477
0.024275 -0.008262
0.024477 -0.007712
0.024291 -0.007552
0.024197 -0.007360
0.024305 -0.006867
0.024276 -0.006784
0.024393 -0.005411
0.024536 -0.005297
0.024621 -0.003565
0.024432 -0.003374
0.024466 -0.003366
0.024571 -0.003304
0.024645 -0.003311
0.024785 -0.002878
0.024938 -0.002956
0.025158 -0.002261
0.025283 -0.002324
0.025313 -0.002381
0.025259 -0.002393
0.025385 -0.002358
0.025487 -0.002360
0.025623 -0.001852
0.025634 -0.001890
0.025770 -0.001817
0.025849 -0.001854
0.025776 -0.001810
0.025719 -0.001874
0.025728 -0.001792
0.025713 -0.001749
0.025834 -0.001787
0.025852 -0.001777
0.025724 -0.001604
0.025742 -0.001599
0.025643 -0.001536
0.025593 -0.001644
0.025587 -0.001018
0.025604 -0.001035
0.025464 -0.000917
0.025542 -0.000899
0.025712 -0.000865
0.025857 -0.000903
0.025855 -0.000912
0.025796 -0.000924
0.025843 -0.000888
0.025998 -0.000825
0.026025 -0.000821
0.026069 -0.000762
0.026018 -0.000746
0.025953 -0.000833
0.026043 -0.000779
0.026155 -0.000787
0.026244 -0.000752
0.026274 -0.000853
0.026214 -0.000738
0.026280 -0.000717
0.026323 -0.000669
0.026338 -0.000646
0.026226 -0.000546
0.026448 -0.000534
0.026409 -0.000639
0.026240 -0.000487
0.026458 -0.000325
0.026486 -0.000236
0.026541 -0.000223
0.026424 -0.000355
0.026633 -0.000334
0.026749 -0.000382
0.026590 -0.000414
0.026728 -0.000385
0.026746 -0.000286
0.026724 -0.000337
0.026696 -0.000293
0.026749 -0.000246
0.027069 -0.000116
0.026931 -0.000045
0.026991 -0.000076
0.026908 -0.000006
0.027070 0.000023
0.027187 0.000071
0.027316 0.000089
0.027289 0.000065
0.027632 0.000241
0.027464 0.000208
0.027428 0.000254
0.027342 0.000284
0.027378 0.000247
0.027429 0.000355
0.027353 0.000456
0.027555 0.000408
0.027437 0.000513
0.027239 0.000463
0.027326 0.000621
0.027248 0.000683
0.027291 0.000870
0.027346 0.000844
0.027275 0.000813
0.027267 0.000914
0.027528 0.000881
0.027625 0.000899
0.027542 0.000841
0.027424 0.001048
0.027481 0.001031
0.027513 0.001079
0.027365 0.001060
0.027231 0.001039
0.027362 0.001234
0.027386 0.001223
0.027466 0.001168
0.027324 0.001178
0.027530 0.001266
0.027473 0.001371
0.027386 0.001433
0.027622 0.001344
0.027690 0.001424
0.027535 0.001489
0.027515 0.001477
0.027662 0.001583
0.027747 0.001602
0.027819 0.001609
0.027774 0.001622
0.027619 0.001635
0.027505 0.001771
0.027524 0.001755
0.027606 0.001715
0.027760 0.001768
0.027731 0.001728
0.027880 0.001801
0.027644 0.001785
0.027504 0.001854
0.027409 0.002011
0.027270 0.002031
0.027373 0.001947
0.027331 0.001898
0.027379 0.001996
0.027445 0.001920
0.027481 0.002020
0.027532 0.002170
0.027560 0.002345
0.027591 0.002422
0.027486 0.002530
0.027517 0.002601
0.027500 0.002675
0.027463 0.002746
0.027504 0.002832
0.027400 0.002804
0.027460 0.002779
0.027496 0.002682
0.027706 0.002707
0.027717 0.002927
0.027842 0.002828
0.027693 0.002872
0.027809 0.002845
0.027936 0.002838
0.027974 0.002921
0.028013 0.002930
0.027924 0.003038
0.027928 0.003064
0.027931 0.003030
0.027949 0.003099
0.028121 0.003137
0.028017 0.003175
0.027858 0.003257
0.027950 0.003302
0.027971 0.003252
0.027965 0.003396
0.027947 0.003468
0.027812 0.003478
0.027567 0.003623
0.027507 0.003650
0.027544 0.004111
0.027366 0.004135
0.027098 0.004201
0.027146 0.004205
0.027083 0.004316
0.027222 0.004365
0.027206 0.004578
0.027394 0.004631
0.027381 0.004650
0.027336 0.004728
0.027353 0.004819
0.027486 0.005482
0.027607 0.005459
0.027494 0.005487
0.027500 0.005552
0.027451 0.005661
0.027674 0.005600
0.027642 0.005590
0.027821 0.005735
0.027858 0.005742
0.027726 0.005750
0.027860 0.005784
0.027887 0.005843
0.027887 0.005806
0.027713 0.005939
0.027685 0.005979
0.027695 0.005993
0.027905 0.005847
0.028075 0.005934
0.028164 0.005976
0.028264 0.005998
0.028287 0.005972
0.028145 0.006039
0.028183 0.006115
0.028310 0.006154
0.028271 0.006174
0.028292 0.006414
0.028236 0.006578
0.028188 0.006637
0.028102 0.006750
0.028096 0.006827
0.028085 0.006882
0.027979 0.006894
0.028139 0.006944
0.027777 0.006921
0.027983 0.006922
0.028024 0.006965
0.028156 0.006990
0.028216 0.006994
0.028138 0.007102
0.028220 0.007186
0.028251 0.007427
0.028171 0.007448
0.028342 0.007518
0.028243 0.007530
0.028126 0.007606
0.028087 0.007573
0.027755 0.007727
0.027679 0.007857
0.027718 0.007859
0.027734 0.007881
0.027677 0.007842
0.027742 0.007873
0.027639 0.007852
0.027596 0.007845
0.027628 0.007867
0.027603 0.007967
0.027594 0.007985
0.027638 0.008098
0.027426 0.008134
0.027361 0.008260
0.027690 0.008297
0.027567 0.008389
0.027703 0.008486
0.027719 0.008543
0.027689 0.008510
0.027564 0.008526
0.027546 0.008669
0.027634 0.008677
0.027640 0.008641
0.027629 0.008604
0.027593 0.008759
0.027766 0.008856
0.027810 0.008817
0.028011 0.008755
0.028052 0.008792
0.028003 0.008862
0.028241 0.009045
0.028322 0.009008
0.028222 0.009023
0.028447 0.009126
0.028405 0.009142
0.028368 0.009251
0.028402 0.009237
0.028366 0.009219
0.028467 0.009273
0.028523 0.009286
0.028474 0.009402
0.028508 0.009329
0.028535 0.009333
0.028465 0.009358
0.028497 0.009470
0.028499 0.009508
0.028551 0.009546
0.028474 0.009578
0.028452 0.009491
0.028581 0.009452
0.028441 0.009432
0.028461 0.009277
0.028347 0.009295
0.028298 0.009256
0.028276 0.009385
0.028310 0.009344
0.028351 0.009353
0.028357 0.009303
0.028367 0.009269
0.028217 0.009306
0.028128 0.009228
0.028199 0.009201
0.028119 0.009223
0.028125 0.009199
0.028056 0.009219
0.028197 0.009108
0.028195 0.009047
0.028066 0.009526
0.028038 0.009873
0.028318 0.011389
0.028470 0.012965
0.029166 0.017890
0.029154 0.017978
0.029204 0.017948
0.029202 0.018037
0.029135 0.018261
0.029146 0.018195
0.029028 0.018295
0.029007 0.018467
0.028949 0.018563
0.028982 0.018499
0.029127 0.018475
0.029082 0.018481
0.029114 0.018484
0.029081 0.018504
0.029167 0.018530
0.029156 0.018547
0.029150 0.018635
0.029065 0.018775
0.029060 0.018675
0.029062 0.018692
0.029132 0.018751
0.029162 0.018763
0.029115 0.018786
0.029169 0.018878
0.029156 0.018952
0.029096 0.018973
0.029160 0.019150
0.029191 0.019224
0.029037 0.019326
0.028866 0.019423
0.029080 0.019466
0.029103 0.019621
0.029080 0.019630
0.029079 0.019599
0.029131 0.019666
0.029206 0.019688
0.029037 0.019675
0.029035 0.019697
0.029091 0.019684
0.028969 0.019637
0.029027 0.019681
0.028940 0.019604
0.028989 0.019630
0.029039 0.019723
0.028906 0.019907
0.028848 0.019881
0.028935 0.019976
0.028908 0.020087
0.029133 0.021440
0.029241 0.021541
0.029276 0.021613
0.029194 0.021608
0.029306 0.021553
0.029261 0.021619
0.029270 0.021785
0.029187 0.021804
0.029283 0.021902
0.029355 0.021942
0.029431 0.022097
0.029434 0.022062
0.029444 0.022038
0.029426 0.022034
0.029487 0.022123
0.029452 0.022153
0.029445 0.022157
0.029542 0.022227
0.029553 0.022306
0.029542 0.022368
0.029540 0.022342
0.029544 0.022672
0.029505 0.023089
0.029673 0.022928
0.029669 0.022930
0.029652 0.022743
0.029754 0.022783
0.029608 0.022796
0.029771 0.022842
0.029891 0.022920
0.029901 0.022929
0.029854 0.022891
0.029833 0.022951
0.029843 0.022999
0.029819 0.023100
0.029884 0.023377
0.030102 0.023490
0.030098 0.023848
0.029985 0.023933
0.030215 0.025181
0.030328 0.027437
0.031064 0.032071
0.031367 0.033336
0.031509 0.034352
0.031708 0.036109
0.031648 0.036102
0.031647 0.036190
0.031692 0.036150
0.031670 0.036283
0.031687 0.036183
0.031766 0.036170
0.032012 0.037443
0.032029 0.038296
0.032262 0.040903
0.032533 0.043315
0.033260 0.049262
0.033315 0.049335
0.033361 0.050171
0.033328 0.050472
0.033369 0.050792
0.033288 0.050738
0.033360 0.050714
0.033294 0.050713
0.033261 0.050812
0.033138 0.050813
0.033150 0.050779
0.033186 0.050776
0.033183 0.050836
0.033381 0.050706
0.033517 0.050629
0.033421 0.050635
0.033439 0.050680
0.033438 0.050726
0.033532 0.050785
0.033489 0.050693
0.033570 0.050611
0.033557 0.050638
0.033462 0.050694
0.033510 0.050649
0.033409 0.050723
0.033493 0.050741
0.033586 0.050865
0.033561 0.050824
0.033557 0.050802
0.033623 0.050872
0.033683 0.050907
0.033756 0.052356
0.033703 0.052310
0.033846 0.052457
0.033840 0.052828
0.033870 0.052843
0.033712 0.052896
0.033794 0.053015
0.033798 0.053119
0.033714 0.053687
0.034550 0.059237
0.032542 0.066472
0.032981 0.071200
0.033117 0.071206
0.033033 0.071311
0.033061 0.071374
0.033196 0.071587
0.033228 0.071724
0.033633 0.074928
0.033574 0.074993
0.033836 0.077894
0.034094 0.080204
0.034333 0.082045
0.034875 0.086552
0.034462 0.092644
0.032998 0.100917
0.022921 0.110277
0.021790 0.111090
0.022134 0.110948
0.019974 0.117309
0.016260 0.123894
0.011795 0.132405
-0.122810 0.016183
-0.122827 0.016192
-0.335058 -0.160480
-0.331091 -0.161899
-0.344946 -0.160837
-0.532412 -0.308485
-0.634716 -0.456071
-0.631922 -0.462314
-0.410863 -0.755655
-0.306575 -1.014834
-0.306034 -1.014887
-0.305971 -1.015001
-0.306124 -1.015046
-0.321351 -1.013816
-0.333911 -1.021438
-0.562358 -1.368147
-0.562504 -1.367557
-0.568141 -1.352290
-0.568103 -1.352405
-0.567981 -1.352476
-0.567872 -1.352231
-0.567918 -1.352200
-0.567873 -1.352068
-0.567843 -1.352038
-0.567484 -1.347034
-0.566957 -1.342972
-0.566825 -1.342175
-0.566387 -1.336044
-0.566279 -1.334904
-0.565672 -1.330022
-0.565543 -1.328445
-0.567293 -1.321874
-0.567177 -1.320266
-0.567305 -1.320187
-0.567026 -1.317130
-0.567059 -1.317101
-0.566698 -1.314220
-0.566528 -1.313301
-0.566165 -1.310217
-0.565988 -1.308620
-0.565860 -1.307555
-0.565462 -1.305682
-0.565393 -1.303473
-0.653393 -1.445098
-0.658367 -1.437843
-0.657686 -1.431668
-0.657202 -1.427964
-0.656796 -1.424836
-0.656493 -1.422390
-0.656256 -1.421128
-0.656721 -1.415821
-0.658503 -1.409577
-0.657747 -1.405297
-0.657645 -1.399327
-0.659265 -1.393145
-0.658648 -1.388379
-0.658732 -1.387147
-0.658592 -1.386473
-0.668744 -1.373622
-0.673954 -1.358935
-0.661690 -1.351469
-0.647547 -1.348117
-0.576709 -1.439761
-0.576931 -1.434149
-0.682334 -1.482106
-0.670378 -1.495422
-0.680269 -1.496311
-0.680204 -1.496330
-0.680140 -1.496479
-0.679710 -1.494235
-0.659398 -1.496213
-0.659210 -1.496367
-0.659224 -1.496478
-0.659305 -1.496650
-0.957440 -1.669569
-0.957323 -1.669673
-0.957286 -1.669774
-0.957250 -1.669869
-0.956692 -1.665302
-0.956054 -1.660467
-0.956020 -1.660539
-0.955789 -1.658526
-0.955892 -1.658515
-0.955309 -1.654272
-0.955334 -1.654140
-0.954854 -1.649425
-0.954463 -1.646840
-0.954379 -1.646750
-0.954060 -1.644024
-0.954040 -1.644071
-0.954010 -1.644141
-0.954110 -1.644113
-0.953938 -1.644177
-0.953893 -1.643438
-0.953175 -1.637594
-0.953171 -1.637052
-0.952794 -1.634288
-0.952667 -1.634171
-0.952640 -1.633350
-0.952742 -1.633175
-0.952511 -1.631609
-0.952281 -1.628892
-0.952274 -1.628890
-0.951986 -1.626671
-0.951946 -1.626682
-0.952004 -1.626243
-0.951923 -1.626337
-0.951838 -1.626299
-0.951823 -1.626204
-0.951825 -1.626197
-0.951709 -1.626175
-0.951739 -1.626222
-0.951663 -1.626197
-0.951490 -1.626227
-0.950744 -1.620618
-0.950781 -1.620524
-0.950683 -1.620208
-0.950706 -1.620109
-0.950814 -1.619997
-0.950751 -1.620075
-0.950766 -1.620020
-0.950769 -1.620070
-0.950783 -1.619799
-0.950646 -1.619644
-0.950670 -1.619636
-0.950688 -1.619597
-0.950700 -1.619538
-0.950710 -1.619584
-0.950788 -1.619521
-0.950739 -1.619426
-0.950732 -1.619414
-0.950732 -1.619274
-0.950694 -1.619276
-0.950798 -1.619290
-0.950760 -1.619221
-0.950840 -1.619262
-0.950809 -1.619323
-0.950691 -1.619238
-0.950762 -1.619143
-0.950756 -1.619089
-0.950701 -1.619086
-0.950725 -1.619034
-0.950674 -1.618983
-0.950703 -1.618942
-0.950628 -1.618837
-0.950523 -1.618758
-0.950388 -1.618585
-0.950330 -1.618544
-0.950437 -1.618444
-0.950383 -1.618385
-0.950483 -1.618407
-0.950414 -1.618401
-0.950443 -1.618432
-0.950379 -1.618506
-0.950499 -1.618527
-0.949587 -1.612856
-0.949664 -1.612928
-0.949602 -1.612831
-0.949520 -1.612826
-0.949558 -1.612728
-0.949739 -1.612634
-0.949847 -1.612354
-0.949841 -1.612352
-0.949701 -1.612425
-0.949811 -1.612264
-0.949721 -1.612190
-0.949624 -1.612019
-0.949547 -1.611939
-0.949588 -1.611982
-0.949608 -1.612009
-0.949647 -1.611846
-0.949571 -1.611900
-0.949801 -1.611862
-0.949628 -1.611645
-0.949705 -1.611609
-0.949494 -1.611188
-0.949417 -1.611241
-0.949351 -1.611257
-0.949366 -1.611171
-0.949301 -1.611063
-0.949260 -1.610996
-0.949465 -1.610940
-0.949537 -1.611002
-0.949730 -1.610897
-0.949644 -1.610931
-0.949650 -1.610802
-0.949718 -1.610724
-0.949621 -1.609401
-0.949490 -1.608841
-0.949574 -1.608187
-0.949575 -1.608140
-0.949566 -1.608076
-0.949472 -1.608024
-0.949418 -1.607807
-0.949311 -1.606852
-0.949266 -1.606604
-0.949059 -1.606589
-0.949169 -1.606626
-0.949333 -1.606602
-0.949146 -1.606523
-0.949336 -1.606514
-0.949347 -1.606343
-0.949341 -1.606338
-0.949303 -1.606149
-0.949055 -1.604605
-0.948870 -1.603899
-0.948865 -1.602895
-0.948720 -1.601835
-0.948567 -1.599797
-0.948619 -1.598482
-0.948435 -1.597097
-0.948321 -1.595261
-0.948207 -1.594935
-0.948111 -1.594239
-0.948090 -1.594002
-0.948224 -1.594022
-0.948192 -1.593984
-0.948060 -1.593328
-0.948029 -1.593347
-0.948028 -1.593360
-0.948113 -1.593427
-0.948095 -1.593487
-0.948172 -1.593499
-0.948039 -1.593490
-0.947972 -1.593665
-0.947879 -1.593602
-0.947940 -1.593608
-0.947988 -1.593608
-0.948063 -1.593563
-0.948032 -1.593529
-0.947817 -1.593458
-0.947986 -1.593461
-0.947937 -1.593460
-0.948178 -1.593498
-0.948003 -1.593301
-0.948054 -1.593383
-0.948136 -1.593276
-0.948016 -1.592909
-0.947859 -1.592806
-0.947925 -1.592796
-0.947812 -1.592658
-0.947425 -1.588995
-0.947265 -1.588274
-0.947298 -1.588036
-0.947086 -1.587988
-0.947190 -1.587987
-0.947136 -1.587902
-0.947208 -1.587826
-0.947160 -1.587762
-0.947189 -1.587883
-0.946981 -1.587832
-0.947189 -1.587886
-0.947220 -1.587882
-0.947121 -1.587905
-0.947129 -1.587831
-0.947001 -1.587950
-0.946967 -1.587836
-0.947021 -1.587819
-0.946975 -1.587827
-0.946947 -1.587709
-0.946987 -1.587761
-0.947054 -1.587756
-0.947019 -1.587823
-0.946950 -1.587796
-0.946915 -1.587611
-0.946939 -1.587577
-0.946811 -1.587415
-0.946761 -1.587393
-0.946805 -1.587354
-0.946768 -1.587250
-0.946699 -1.587239
-0.946785 -1.587247
-0.946903 -1.587338
-0.946941 -1.587279
-0.946987 -1.587290
-0.946965 -1.587194
-0.946928 -1.587280
-0.946838 -1.586777
-0.946718 -1.586657
-0.946690 -1.586692
-0.946753 -1.586526
-0.946765 -1.586570
-0.946760 -1.586320
-0.946626 -1.585786
-0.946636 -1.585483
-0.946694 -1.585395
-0.946535 -1.584399
-0.946474 -1.584271
-0.946489 -1.584332
-0.946441 -1.584439
-0.946355 -1.584513
-0.946474 -1.584413
-0.946514 -1.584432
-0.946451 -1.584404
-0.946402 -1.584332
-0.946370 -1.584248
-0.946453 -1.584021
-0.946573 -1.583989
-0.946489 -1.583915
-0.946287 -1.583910
-0.946339 -1.583936
-0.946464 -1.583804
-0.946343 -1.583868
-0.946337 -1.583872
-0.946323 -1.583830
-0.946307 -1.583767
-0.946322 -1.583773
-0.946179 -1.582970
-0.946160 -1.582666
-0.946060 -1.582293
-0.945994 -1.582048
-0.946098 -1.582124
-0.946072 -1.581985
-0.946169 -1.581983
-0.945990 -1.580233
-0.945993 -1.580285
-0.945987 -1.580317
-0.946133 -1.580324
-0.946104 -1.580289
-0.945976 -1.580350
-0.945963 -1.580287
-0.945868 -1.580253
-0.945856 -1.580247
-0.945867 -1.580144
-0.945484 -1.577229
-0.948131 -1.568344
-0.947388 -1.562746
-0.947163 -1.560348
-0.946991 -1.557823
-0.949379 -1.550768
-0.951910 -1.543098
-0.954294 -1.538134
-0.954282 -1.538229
-0.953986 -1.538427
-0.953442 -1.533376
-0.953008 -1.529092
-0.952765 -1.527715
-0.952694 -1.527893
-0.952572 -1.528021
-0.952564 -1.528157
-0.952416 -1.528225
-0.952345 -1.528289
-0.952140 -1.528309
-0.952222 -1.528409
-0.952016 -1.528445
-0.951889 -1.528507
-0.951973 -1.528445
-0.951804 -1.528397
-0.951799 -1.527467
-0.951708 -1.525595
-0.951446 -1.524103
-0.951228 -1.521736
-0.950408 -1.515974
-0.950223 -1.514296
-0.949801 -1.511729
-0.949493 -1.508992
-0.951535 -1.502917
-0.953199 -1.497069
-0.955025 -1.490663
-0.968336 -1.483462
-0.984598 -1.476637
-1.171595 -1.622987
-1.179505 -1.611072
-1.201500 -1.597652
-1.201579 -1.589523
-1.187365 -1.591799
-1.113533 -1.700846
-1.468051 -2.181591
-1.464924 -2.199027
-1.464753 -2.199145
-1.462546 -2.200173
-1.470389 -2.185867
-1.470246 -2.185988
-1.497550 -2.171542
-1.497587 -2.171593
-1.497634 -2.171702
-1.497561 -2.171603
-1.497549 -2.171640
-1.497521 -2.171740
-1.497286 -2.170269
-1.497354 -2.170359
-1.497363 -2.170343
-1.497278 -2.170293
-1.497182 -2.169460
-1.496894 -2.166772
-1.496885 -2.166236
-1.496139 -2.161549
-1.495429 -2.155790
-1.495205 -2.154411
-1.495160 -2.154227
-1.495059 -2.153892
-1.495033 -2.153125
-1.494946 -2.153072
-1.494941 -2.152915
-1.494891 -2.152687
-1.494733 -2.152471
-1.494880 -2.152211
-1.494749 -2.152074
-1.494710 -2.151926
-1.494876 -2.151970
-1.494852 -2.151632
-1.494843 -2.151687
-1.494872 -2.151584
-1.494974 -2.151625
-1.494907 -2.151686
-1.494957 -2.151653
-1.494853 -2.151702
-1.494801 -2.151700
-1.494701 -2.151653
-1.494688 -2.151711
-1.494552 -2.151462
-1.494476 -2.150745
-1.494542 -2.150783
-1.494375 -2.150664
-1.494356 -2.150670
-1.494273 -2.150539
-1.494309 -2.150488
-1.494305 -2.150312
-1.494156 -2.148803
-1.494682 -2.142768
-1.493984 -2.137612
-1.494584 -2.131687
-1.496231 -2.124942
-1.497668 -2.118354
-1.498741 -2.111593
-1.508686 -2.099618
-1.516777 -2.089070
-1.516575 -2.086921
-1.516659 -2.087016
-1.502750 -2.090007
-1.502462 -2.090129
-1.502559 -2.090310
-1.502449 -2.090320
-1.502445 -2.090288
-1.502162 -2.088270
-1.501968 -2.086697
-1.501853 -2.086322
-1.501746 -2.086312
-1.501796 -2.086234
-1.501659 -2.085238
-1.501030 -2.079941
-1.500985 -2.078452
-1.500984 -2.078446
-1.501121 -2.078397
-1.500735 -2.075280
-1.500197 -2.070990
-1.500123 -2.071064
-1.500214 -2.071153
-1.767096 -2.275728
-1.766963 -2.275123
-1.767009 -2.275247
-1.778817 -2.273971
-1.999758 -2.567642
-2.011650 -2.560378
-2.011660 -2.560190
-2.011814 -2.560187
-2.011788 -2.560213
-2.011688 -2.560235
-2.011662 -2.559633
-2.010988 -2.554992
-2.010114 -2.547801
-2.009310 -2.542950
-2.008553 -2.537700
-2.007895 -2.532374
-2.009660 -2.523867
-2.010365 -2.517615
-2.011983 -2.511056
-2.011358 -2.505988
-2.010710 -2.500581
-2.010161 -2.495671
-2.010435 -2.498507
-2.010457 -2.498620
-2.010643 -2.498587
-2.010591 -2.498700
-2.007990 -2.499380
-2.035007 -2.572189
-2.034876 -2.572232
-2.040497 -2.559595
-2.027682 -2.561155
-2.027743 -2.561172
-2.027689 -2.561201
-2.046414 -2.547323
-2.045886 -2.543380
-2.046006 -2.543156
-2.045819 -2.541244
-2.045626 -2.541092
-2.044840 -2.535378
-2.044510 -2.533156
-2.044427 -2.533146
-2.043913 -2.529084
-2.043849 -2.529165
-2.043786 -2.527774
-2.043718 -2.527729
-2.043749 -2.527530
-2.043714 -2.527513
-2.043710 -2.527494
-2.043751 -2.527485
-2.043787 -2.527422
-2.043798 -2.527354
-2.043795 -2.527276
-2.043681 -2.527312
-2.043741 -2.527265
-2.043653 -2.527193
-2.043610 -2.527083
-2.043529 -2.526910
-2.043508 -2.527060
-2.043501 -2.526907
-2.043451 -2.526780
-2.043523 -2.526799
-2.043526 -2.526541
-2.043501 -2.526457
-2.043402 -2.526306
-2.043369 -2.526251
-2.043389 -2.526034
-2.043355 -2.525996
-2.043304 -2.525878
-2.043186 -2.525830
-2.043115 -2.525742
-2.043041 -2.525759
-2.042933 -2.525783
-2.042883 -2.525784
-2.042893 -2.525727
-2.042908 -2.525730
-2.042877 -2.525673
-2.042875 -2.525672
-2.042802 -2.525611
-2.042754 -2.525511
-2.042873 -2.525375
-2.042913 -2.525311
-2.042984 -2.525358
-2.043022 -2.525327
-2.042923 -2.525358
-2.043024 -2.525234
-2.042974 -2.525115
-2.042897 -2.525062
-2.042888 -2.525097
-2.043057 -2.525008
-2.042993 -2.524935
-2.042985 -2.524870
-2.043020 -2.524762
-2.042964 -2.524739
-2.042968 -2.524807
-2.042887 -2.524781
-2.042995 -2.524711
-2.043028 -2.524645
-2.042957 -2.524479
-2.042908 -2.524582
-2.042997 -2.524509
-2.042878 -2.524567
-2.043007 -2.524511
-2.043102 -2.524495
-2.043106 -2.524436
-2.043077 -2.524392
-2.043030 -2.524296
-2.042957 -2.524366
-2.043006 -2.524321
-2.043068 -2.524363
-2.043146 -2.524274
-2.043088 -2.524202
-2.043033 -2.524124
-2.043052 -2.524037
-2.042935 -2.524004
-2.042942 -2.523998
-2.042864 -2.524019
-2.042796 -2.524050
-2.042948 -2.524031
-2.042938 -2.524096
-2.042855 -2.523965
-2.042889 -2.523808
-2.042879 -2.523756
-2.042815 -2.523677
-2.042807 -2.523684
-2.042778 -2.523600
-2.042716 -2.523615
-2.042730 -2.523536
-2.042895 -2.523538
-2.042763 -2.523603
-2.042751 -2.523569
-2.042764 -2.523436
-2.042602 -2.523476
-2.042553 -2.523305
-2.042555 -2.523332
-2.042593 -2.523359
-2.042550 -2.523323
-2.042375 -2.522560
-2.042357 -2.522439
-2.042184 -2.522451
-2.042272 -2.522454
-2.042199 -2.522486
-2.042057 -2.522298
-2.042026 -2.522241
-2.042000 -2.522285
-2.041961 -2.522257
-2.041829 -2.522261
-2.041778 -2.522126
-2.041764 -2.521969
-2.041689 -2.522097
-2.041637 -2.522048
-2.041640 -2.522015
-2.041677 -2.522021
-2.041618 -2.521995
-2.041606 -2.522003
-2.041341 -2.521871
-2.041283 -2.521963
-2.041261 -2.521986
-2.041443 -2.521960
-2.041374 -2.521866
-2.041425 -2.521861
-2.041443 -2.521877
-2.041579 -2.521754
-2.041477 -2.521742
-2.041315 -2.521654
-2.041306 -2.521596
-2.041327 -2.521411
-2.041266 -2.521444
-2.041356 -2.521355
-2.041370 -2.521309
-2.041343 -2.521326
-2.041317 -2.521226
-2.041313 -2.521179
-2.041248 -2.521162
-2.041261 -2.521083
-2.041249 -2.521077
-2.041135 -2.521059
-2.041126 -2.521098
-2.041103 -2.521046
-2.041164 -2.520977
-2.041001 -2.520976
-2.041060 -2.520991
-2.040917 -2.520951
-2.040953 -2.520986
-2.040981 -2.520985
-2.040978 -2.521050
-2.041097 -2.520969
-2.041028 -2.520935
-2.040878 -2.520608
-2.040856 -2.520585
-2.040773 -2.520605
-2.040681 -2.520598
-2.040642 -2.520534
-2.040616 -2.520380
-2.040643 -2.520428
-2.040680 -2.520346
-2.040808 -2.520223
-2.040812 -2.520267
-2.040667 -2.520230
-2.040667 -2.520220
-2.040642 -2.520297
-2.040614 -2.520227
-2.040613 -2.520223
-2.040553 -2.520106
-2.040552 -2.520056
-2.040586 -2.519943
-2.040688 -2.519867
-2.040718 -2.519752
-2.040705 -2.519702
-2.040685 -2.519536
-2.040708 -2.519496
-2.040577 -2.519440
-2.040663 -2.519337
-2.040742 -2.519382
-2.040788 -2.519193
-2.040683 -2.519187
-2.040819 -2.519156
-2.040859 -2.519209
-2.040933 -2.519133
-2.040809 -2.519181
-2.040994 -2.519229
-2.040849 -2.519310
-2.040830 -2.519231
-2.040873 -2.518813
-2.040957 -2.518798
-2.040976 -2.518745
-2.041064 -2.518583
-2.040972 -2.518441
-2.040808 -2.518202
-2.040802 -2.518163
-2.040677 -2.517087
-2.040606 -2.516901
-2.040580 -2.516799
-2.040628 -2.516647
-2.040465 -2.515463
-2.040420 -2.515432
-2.040469 -2.515294
-2.040179 -2.514166
-2.040037 -2.513020
-2.039884 -2.511978
-2.039664 -2.510527
-2.039502 -2.508975
-2.038742 -2.503002
-2.038159 -2.498022
-2.037346 -2.492019
-2.036537 -2.485587
-2.038266 -2.477417
-2.045198 -2.468140
-2.067921 -2.454211
-2.343698 -2.712980
-2.406683 -2.702565
-2.395208 -2.700396
-2.452650 -2.685660
-2.439644 -2.685217
-2.439567 -2.683914
-2.627085 -2.802334
-2.629810 -2.824151
-2.672189 -2.897397
-2.668802 -2.903153
-2.663276 -2.911375
-2.663708 -2.914988
-2.665398 -2.904571
-2.658108 -2.905844
-2.683806 -2.885269
-2.683887 -2.885411
-2.702547 -2.871564
-2.702550 -2.870321
-2.702567 -2.870364
-2.701819 -2.864687
-2.701843 -2.864591
-2.701631 -2.862478
-2.700932 -2.856609
-2.700920 -2.856479
-2.700597 -2.853669
-2.699928 -2.848628
-2.699791 -2.846589
-2.699843 -2.846550
-2.699897 -2.846487
-2.699806 -2.846587
-2.699807 -2.846466
-2.699854 -2.846394
-2.699804 -2.846381
-2.699937 -2.846275
-2.699987 -2.846292
-2.699848 -2.846138
-2.699854 -2.846074
-2.699816 -2.845997
-2.699849 -2.845949
-2.699893 -2.845957
-2.699960 -2.845904
-2.699929 -2.845899
-2.699901 -2.845761
-2.699805 -2.845800
-2.699699 -2.845882
-2.699879 -2.845564
-2.699794 -2.845585
-2.699799 -2.845502
-2.699769 -2.845517
-2.699732 -2.845561
-2.699605 -2.845479
-2.699520 -2.845266
-2.699359 -2.845238
-2.699461 -2.845123
-2.699497 -2.845060
-2.699383 -2.845126
-2.699512 -2.845085
-2.699302 -2.844965
-2.699350 -2.844949
-2.699445 -2.844875
-2.699403 -2.844795
-2.699340 -2.844698
-2.699433 -2.844740
-2.699542 -2.844613
-2.699446 -2.844538
-2.699554 -2.844478
-2.699581 -2.844523
-2.699503 -2.844433
-2.699505 -2.844398
-2.699556 -2.844289
-2.699521 -2.844015
-2.699561 -2.844024
-2.699520 -2.843903
-2.699489 -2.843869
-2.699328 -2.843773
-2.699409 -2.843773
-2.699448 -2.843626
-2.699252 -2.843598
-2.699206 -2.843614
-2.699297 -2.843534
-2.699035 -2.843172
-2.699109 -2.843171
-2.699019 -2.843019
-2.699108 -2.843014
-2.698915 -2.842923
-2.698893 -2.842933
-2.698855 -2.842760
-2.698887 -2.842747
-2.698937 -2.842730
-2.699016 -2.842623
-2.699012 -2.842561
-2.698931 -2.842594
-2.699056 -2.842498
-2.698859 -2.842318
-2.698870 -2.842410
-2.698786 -2.842250
-2.698859 -2.842152
-2.698876 -2.842012
-2.698818 -2.841957
-2.698771 -2.841872
-2.698704 -2.841863
-2.698750 -2.841796
-2.698721 -2.841845
-2.698701 -2.841712
-2.698637 -2.841724
-2.698755 -2.841605
-2.698622 -2.841604
-2.698694 -2.841471
-2.698647 -2.841421
-2.698666 -2.841297
-2.698642 -2.841229
-2.698527 -2.841288
-2.698488 -2.841224
-2.698475 -2.841085
-2.698342 -2.840983
-2.698368 -2.840887
-2.698380 -2.840940
-2.698421 -2.841016
-2.698380 -2.840879
-2.698231 -2.840928
-2.698287 -2.840830
-2.698363 -2.840851
-2.698352 -2.840777
-2.698260 -2.840731
-2.698025 -2.840683
-2.698102 -2.840572
-2.697954 -2.840535
-2.697902 -2.840546
-2.697806 -2.840397
-2.697826 -2.840454
-2.697852 -2.840417
-2.697771 -2.840409
-2.697728 -2.840235
-2.697715 -2.840165
-2.697696 -2.840259
-2.697501 -2.840306
-2.697534 -2.840261
-2.697584 -2.840256
-2.697554 -2.840294
-2.697562 -2.840266
-2.697676 -2.840233
-2.697715 -2.840231
-2.697552 -2.840156
-2.697577 -2.840142
-2.697491 -2.840081
-2.697629 -2.840197
-2.697628 -2.840108
-2.697694 -2.840027
-2.697628 -2.839922
-2.697648 -2.839933
-2.697676 -2.839933
-2.697567 -2.839935
-2.697408 -2.839869
-2.697341 -2.839897
-2.697235 -2.839866
-2.697188 -2.839822
-2.697249 -2.839730
-2.697113 -2.839764
-2.697038 -2.839750
-2.697045 -2.839679
-2.696946 -2.839695
-2.696908 -2.839746
-2.697022 -2.839679
-2.696937 -2.839651
-2.696962 -2.839593
-2.697042 -2.839581
-2.696935 -2.839439
-2.697007 -2.839365
-2.696988 -2.839323
-2.697034 -2.839252
-2.697026 -2.839268
-2.696965 -2.839163
-2.696991 -2.839165
-2.696853 -2.839207
-2.696830 -2.839065
-2.696818 -2.839031
-2.696966 -2.839027
-2.696960 -2.839018
-2.697110 -2.838905
-2.697060 -2.838920
-2.696885 -2.838828
-2.696693 -2.838911
-2.696577 -2.838822
-2.696584 -2.838604
-2.696486 -2.838661
-2.696570 -2.838572
-2.696528 -2.838425
-2.696481 -2.838385
-2.696436 -2.838407
-2.696509 -2.838314
-2.696451 -2.838351
-2.696501 -2.838276
-2.696542 -2.838263
-2.696500 -2.838219
-2.696556 -2.838164
-2.696552 -2.838037
-2.696411 -2.838080
-2.696507 -2.838024
-2.696619 -2.837697
-2.696556 -2.837801
-2.696552 -2.837781
-2.696560 -2.837582
-2.696702 -2.837524
-2.696621 -2.837528
-2.696627 -2.837323
-2.696680 -2.837221
-2.696724 -2.837288
-2.696589 -2.837173
-2.696496 -2.837026
-2.696450 -2.837104
-2.696487 -2.837021
-2.696480 -2.836950
-2.696566 -2.837040
-2.696585 -2.837025
-2.696481 -2.836937
-2.696360 -2.836807
-2.696334 -2.836794
-2.696245 -2.836608
-2.696395 -2.836570
-2.696344 -2.836573
-2.696319 -2.836567
-2.696212 -2.836423
-2.696037 -2.836415
-2.696055 -2.836445
-2.696156 -2.836278
-2.696084 -2.836311
-2.696052 -2.836184
-2.696084 -2.836097
-2.696146 -2.836106
-2.696125 -2.836065
-2.696205 -2.836064
-2.696173 -2.835667
-2.696093 -2.835721
-2.696050 -2.835632
-2.696051 -2.835652
-2.696153 -2.835633
-2.696245 -2.835656
-2.696210 -2.835600
-2.696285 -2.835596
-2.696217 -2.835561
-2.696336 -2.835355
-2.696454 -2.835333
-2.696419 -2.835404
-2.696520 -2.835324
-2.696235 -2.835142
-2.696327 -2.835226
-2.696355 -2.835100
-2.696238 -2.835167
-2.696329 -2.835139
-2.696270 -2.834959
-2.696242 -2.834974
-2.696040 -2.834818
-2.696210 -2.834661
-2.696082 -2.834553
-2.696063 -2.834537
-2.696125 -2.834430
-2.696167 -2.834208
-2.696164 -2.834191
-2.696141 -2.834296
-2.696100 -2.834174
-2.696052 -2.834179
-2.696071 -2.834160
-2.696005 -2.834171
-2.695866 -2.834113
-2.695751 -2.833570
-2.695719 -2.833461
-2.695599 -2.833317
-2.695521 -2.833351
-2.695470 -2.833324
-2.695376 -2.833362
-2.695301 -2.833309
-2.695309 -2.833237
-2.695383 -2.833173
-2.695363 -2.833126
-2.695319 -2.833089
-2.695232 -2.833090
-2.695126 -2.833009
-2.695258 -2.832895
-2.695354 -2.832866
-2.695389 -2.832832
-2.695427 -2.832781
-2.695495 -2.832805
-2.695420 -2.832778
-2.695507 -2.832687
-2.695416 -2.832587
-2.695365 -2.832656
-2.695310 -2.832569
-2.695303 -2.832616
-2.695448 -2.832535
-2.695472 -2.832423
-2.695510 -2.832386
-2.695551 -2.832224
-2.695546 -2.832173
-2.695622 -2.831937
-2.695628 -2.831956
-2.695535 -2.831989
-2.695717 -2.832067
-2.695624 -2.831932
-2.695660 -2.831872
-2.695625 -2.831720
-2.695644 -2.831576
-2.695781 -2.831559
-2.695778 -2.831646
-2.695935 -2.831503
-2.695850 -2.831363
-2.695760 -2.831382
-2.695792 -2.831330
-2.695782 -2.831155
-2.695760 -2.831020
-2.695688 -2.831013
-2.695671 -2.830948
-2.695586 -2.830900
-2.695465 -2.830813
-2.695603 -2.830797
-2.695624 -2.830721
-2.695560 -2.830692
-2.695456 -2.830629
-2.695438 -2.830544
-2.695393 -2.830469
-2.695298 -2.830501
-2.695296 -2.830459
-2.695336 -2.830463
-2.695312 -2.830476
-2.695307 -2.830334
-2.695329 -2.830219
-2.695315 -2.830256
-2.695222 -2.830257
-2.695131 -2.830231
-2.695008 -2.830064
-2.695150 -2.829948
-2.695160 -2.829999
-2.694986 -2.830104
-2.694977 -2.830020
-2.695011 -2.829912
-2.695152 -2.829907
-2.695079 -2.829918
-2.695127 -2.829653
-2.695123 -2.829675
-2.695072 -2.829668
-2.694911 -2.829656
-2.694981 -2.829584
-2.695103 -2.829575
-2.695101 -2.829504
-2.695114 -2.829454
-2.694968 -2.829390
-2.694808 -2.829484
-2.694752 -2.829374
-2.694655 -2.829304
-2.694700 -2.829123
-2.694710 -2.829075
-2.694690 -2.828951
-2.694621 -2.828958
-2.694650 -2.828986
-2.694636 -2.828799
-2.694593 -2.828872
-2.694637 -2.828756
-2.694529 -2.828713
-2.694484 -2.828664
-2.694540 -2.828384
-2.694493 -2.828462
-2.694494 -2.828580
-2.694493 -2.828482
-2.694363 -2.828462
-2.694327 -2.828574
-2.694452 -2.828557
-2.694536 -2.828468
-2.694443 -2.828579
-2.694335 -2.828347
-2.694361 -2.828425
-2.694403 -2.828413
-2.694351 -2.828458
-2.694380 -2.828587
-2.694210 -2.828572
-2.694253 -2.828473
-2.694222 -2.828462
-2.694170 -2.828481
-2.694200 -2.828460
-2.694092 -2.828374
-2.694070 -2.828342
-2.693989 -2.828327
-2.694032 -2.828263
-2.693898 -2.828197
-2.693884 -2.828154
-2.693747 -2.828181
-2.693668 -2.828106
-2.693710 -2.828166
-2.693672 -2.828113
-2.693682 -2.828195
-2.693670 -2.828068
-2.693701 -2.827907
-2.693715 -2.828012
-2.693670 -2.827920
-2.693651 -2.827842
-2.693653 -2.827834
-2.693694 -2.827913
-2.693649 -2.827832
-2.693370 -2.827747
-2.693486 -2.827736
-2.693362 -2.827645
-2.693283 -2.827560
-2.693200 -2.827747
-2.693143 -2.827690
-2.693194 -2.827634
-2.693051 -2.827577
-2.693001 -2.827637
-2.692995 -2.827694
-2.692975 -2.827657
-2.692863 -2.827590
-2.692782 -2.827627
-2.692814 -2.827593
-2.692902 -2.827366
-2.692954 -2.826971
-2.692910 -2.826883
-2.693027 -2.826962
-2.692931 -2.826877
-2.692985 -2.826796
-2.693107 -2.826631
-2.692922 -2.826689
-2.692839 -2.826539
-2.692851 -2.826605
-2.692894 -2.826406
-2.692698 -2.824641
-2.692502 -2.822549
-2.692359 -2.822431
-2.692323 -2.822268
-2.692225 -2.822323
-2.691920 -2.821426
-2.691590 -2.819047
-2.691354 -2.816387
-2.691075 -2.813385
-2.703638 -2.804678
-2.985426 -3.062124
-2.986926 -3.055391
-2.986383 -3.051061
-2.987785 -3.042515
-2.989859 -3.033373
-2.991290 -3.023065
-2.990704 -3.018722
-2.977935 -3.019954
-2.977572 -3.016896
-2.977463 -3.016903
-2.974321 -3.019297
-2.974296 -3.019410
-2.986902 -3.012155
-3.005174 -3.004153
-3.027839 -2.996675
-3.027756 -2.996770
-3.027620 -2.996946
-3.027578 -2.997117
-3.027558 -2.997315
-3.027598 -2.997407
-3.027669 -2.997499
-3.027586 -2.997490
-3.027326 -2.994769
-3.027411 -2.994481
-3.027459 -2.994423
-3.027402 -2.993382
-3.027175 -2.991963
-3.026587 -2.985880
-3.025894 -2.980091
-3.025533 -2.974527
-3.034040 -2.965730
-3.035190 -2.959294
-3.043312 -2.951184
-3.051597 -2.943858
-3.064983 -2.936010
-3.065005 -2.936152
-3.064625 -2.934576
-3.064870 -2.934343
-3.064795 -2.934535
-3.064641 -2.934602
-3.064653 -2.934515
-3.064508 -2.934621
-3.064645 -2.934539
-3.064335 -2.934582
-3.064398 -2.934751
-3.064325 -2.934768
-3.064320 -2.934539
-3.064263 -2.933580
-3.076062 -2.927470
-3.090311 -2.919631
-3.106825 -2.909887
-3.117706 -2.901597
-3.121907 -2.895278
-3.128260 -2.887453
-3.114783 -2.888806
-3.118218 -2.884176
-3.117935 -2.882800
-3.117749 -2.879280
-3.120872 -2.873572
-3.125259 -2.867284
-3.183115 -2.870661
-3.199033 -2.859975
-3.170569 -2.887983
-3.170581 -2.888110
-3.078333 -2.937761
-3.078149 -2.937940
-3.078185 -2.937673
-3.143753 -2.975678
-3.143714 -2.975688
-3.156969 -2.974739
-3.417880 -3.318255
-3.650494 -3.623095
-3.657217 -3.621508
-3.653925 -3.628375
-3.643955 -3.643611
-3.639293 -3.644210
-3.651176 -3.631195
-3.656169 -3.621324
-3.655520 -3.616660
-3.656778 -3.615267
-3.661927 -3.611039
-3.677207 -3.604089
-3.680007 -3.602460
-3.701990 -3.592034
-3.719538 -3.582886
-3.730736 -3.574546
-3.750572 -3.564541
-3.775229 -3.549407
-3.823235 -3.539642
-3.836421 -3.530570
-3.812746 -3.557485
-3.830920 -3.552687
-4.139737 -3.546860
-4.391919 -3.763297
-4.492121 -3.848398
-4.509510 -3.869784
-4.531856 -3.938340
-4.616827 -4.009283
-4.611287 -4.016247
-4.602759 -4.010972
-4.601935 -4.011460
-4.590432 -4.000159
-4.587886 -4.005577
-4.576724 -3.995708
-4.576563 -3.995688
-4.569964 -3.982821
-4.577056 -3.966999
-4.576910 -3.967158
-4.576889 -3.967148
-4.576710 -3.967222
-4.576349 -3.964022
-4.576322 -3.963755
-4.576226 -3.963810
-4.576008 -3.963742
-4.576051 -3.963622
-4.575698 -3.960851
-4.575724 -3.960955
-4.575773 -3.961034
-4.575055 -3.956215
-4.575054 -3.956176
-4.574886 -3.953486
-4.574341 -3.949374
-4.574237 -3.949296
-4.574189 -3.949239
-4.574144 -3.949380
-4.573981 -3.946951
-4.574009 -3.946908
-4.574083 -3.946927
-4.573486 -3.942816
-4.573456 -3.942726
-4.573478 -3.942733
-4.573562 -3.942689
-4.573573 -3.942702
-4.573429 -3.941850
-4.573382 -3.941873
-4.572769 -3.936288
-4.572791 -3.936246
-4.572495 -3.933988
-4.571742 -3.927930
-4.571741 -3.927945
-4.571490 -3.925370
-4.571477 -3.925365
-4.571540 -3.925335
-4.571606 -3.925245
-4.571478 -3.925204
-4.571468 -3.925109
-4.571735 -3.925020
-4.571722 -3.925065
-4.571669 -3.924921
-4.571627 -3.924880
-4.571616 -3.924931
-4.571532 -3.924911
-4.571552 -3.924875
-4.571571 -3.924930
-4.571488 -3.924879
-4.571408 -3.924968
-4.571498 -3.925055
-4.571480 -3.924868
-4.571510 -3.924845
-4.571391 -3.924715
-4.571517 -3.924706
-4.571443 -3.924526
-4.571477 -3.924560
-4.571482 -3.924501
-4.571466 -3.924543
-4.571255 -3.924534
-4.571250 -3.924524
-4.571176 -3.924481
-4.571323 -3.924546
-4.571244 -3.924476
-4.571344 -3.924431
-4.571255 -3.924288
-4.571309 -3.924169
-4.571213 -3.924225
-4.571313 -3.924154
-4.571246 -3.924084
-4.571202 -3.924062
-4.571171 -3.924002
-4.571163 -3.923931
-4.571211 -3.923889
-4.571197 -3.923810
-4.571161 -3.923906
-4.571259 -3.923752
-4.571185 -3.923778
-4.571180 -3.923720
-4.571105 -3.923672
-4.571145 -3.923779
-4.571238 -3.923807
-4.571113 -3.923725
-4.571106 -3.923623
-4.571123 -3.923644
-4.571122 -3.923579
-4.570993 -3.923627
-4.571018 -3.923490
-4.570917 -3.923415
-4.570991 -3.923419
-4.571053 -3.923466
-4.571050 -3.923471
-4.570974 -3.923425
-4.570948 -3.923343
-4.571050 -3.923307
-4.571064 -3.923206
-4.571048 -3.923094
-4.570982 -3.923128
-4.570992 -3.923055
-4.570995 -3.923096
-4.570865 -3.923006
-4.570863 -3.922990
-4.570851 -3.922956
-4.570809 -3.922964
-4.570757 -3.922811
-4.570680 -3.922907
-4.570735 -3.922699
-4.570743 -3.922686
-4.570841 -3.922637
-4.570804 -3.922575
-4.570818 -3.922623
-4.570975 -3.922616
-4.570993 -3.922620
-4.570930 -3.922526
-4.570859 -3.922523
-4.570769 -3.922435
-4.570692 -3.922409
-4.570668 -3.922431
-4.570552 -3.922274
-4.570564 -3.922325
-4.570611 -3.922175
-4.570610 -3.922221
-4.570579 -3.922173
-4.570560 -3.922124
-4.570454 -3.922114
-4.570496 -3.922149
-4.570698 -3.922109
-4.570509 -3.921974
-4.570569 -3.921979
-4.570716 -3.921896
-4.570732 -3.921893
-4.570767 -3.921657
-4.570677 -3.921800
-4.570720 -3.921700
-4.570709 -3.921797
-4.570597 -3.921780
-4.570443 -3.921751
-4.570509 -3.921779
-4.570428 -3.921650
-4.570466 -3.921636
-4.570467 -3.921588
-4.570450 -3.921469
-4.570530 -3.921395
-4.570422 -3.921361
-4.570463 -3.921438
-4.570442 -3.921347
-4.570412 -3.921306
-4.570391 -3.921441
-4.570338 -3.921307
-4.570508 -3.921294
-4.570552 -3.921223
-4.570433 -3.921165
-4.570384 -3.921219
-4.570505 -3.921118
-4.570522 -3.921194
-4.570572 -3.920728
-4.570486 -3.920746
-4.570559 -3.920717
-4.570574 -3.920620
-4.570519 -3.920662
-4.570495 -3.920701
-4.570466 -3.920665
-4.570478 -3.920666
-4.570548 -3.920621
-4.570654 -3.920548
-4.570699 -3.920441
-4.570540 -3.920511
-4.570629 -3.920460
-4.570678 -3.920355
-4.570695 -3.920219
-4.570592 -3.920259
-4.570680 -3.920347
-4.570524 -3.920297
-4.570657 -3.920250
-4.570592 -3.920392
-4.570562 -3.920332
-4.570541 -3.920394
-4.570460 -3.920365
-4.570536 -3.920252
-4.570538 -3.920239
-4.570529 -3.920313
-4.570451 -3.920315
-4.570390 -3.920171
-4.570286 -3.920179
-4.570300 -3.920188
-4.570214 -3.920157
-4.570139 -3.920090
-4.570150 -3.920035
-4.570073 -3.920165
-4.570024 -3.920051
-4.570050 -3.920043
-4.570107 -3.920002
-4.570067 -3.919970
-4.570062 -3.919917
-4.569864 -3.919854
-4.569919 -3.919821
-4.569907 -3.919715
-4.569886 -3.919638
-4.569993 -3.919508
-4.569983 -3.919489
-4.569979 -3.919463
-4.569950 -3.919452
-4.570013 -3.919466
-4.569901 -3.919321
-4.569997 -3.919227
-4.569916 -3.919271
-4.569855 -3.919227
-4.569906 -3.919204
-4.569927 -3.919225
-4.569772 -3.919286
-4.569886 -3.919112
-4.569752 -3.919033
-4.569667 -3.919034
-4.569724 -3.918988
-4.569718 -3.919015
-4.569639 -3.918975
-4.569705 -3.918937
-4.569557 -3.918969
-4.569631 -3.918984
-4.569563 -3.918983
-4.569481 -3.918759
-4.569419 -3.918777
-4.569582 -3.918664
-4.569643 -3.918637
-4.569594 -3.918683
-4.569623 -3.918757
-4.569473 -3.918638
-4.569584 -3.918605
-4.569486 -3.918656
-4.569473 -3.918525
-4.569557 -3.918504
-4.569473 -3.918434
-4.569475 -3.918482
-4.569463 -3.918414
-4.569397 -3.918294
-4.569266 -3.918021
-4.569203 -3.918009
-4.569179 -3.918016
-4.569128 -3.917914
-4.569234 -3.917824
-4.569221 -3.917886
-4.569195 -3.917670
-4.569209 -3.917622
-4.569302 -3.917612
-4.569272 -3.917634
-4.569236 -3.917581
-4.569196 -3.917574
-4.569105 -3.917680
-4.569138 -3.917634
-4.569173 -3.917541
-4.569045 -3.917529
-4.568943 -3.917517
-4.569007 -3.917453
-4.569021 -3.917454
-4.568877 -3.917317
-4.568872 -3.917291
-4.568912 -3.917291
-4.568911 -3.917299
-4.568972 -3.917253
-4.568734 -3.917297
-4.568806 -3.917211
-4.568618 -3.917184
-4.568572 -3.917144
-4.568720 -3.917024
-4.568794 -3.916981
-4.568594 -3.916885
-4.568690 -3.916782
-4.568598 -3.916737
-4.568455 -3.916641
-4.568456 -3.916613
-4.568519 -3.916590
-4.568427 -3.916515
-4.568388 -3.916441
-4.568397 -3.916453
-4.568367 -3.916429
-4.568464 -3.916357
-4.568389 -3.916286
-4.568382 -3.916441
-4.568546 -3.916302
-4.568366 -3.916249
-4.568369 -3.916258
-4.568431 -3.916283
-4.568403 -3.916287
-4.568416 -3.916292
-4.568334 -3.916304
-4.568261 -3.916222
-4.568300 -3.916229
-4.568335 -3.916171
-4.568366 -3.916133
-4.568316 -3.916089
-4.568272 -3.916052
-4.568277 -3.916025
-4.568243 -3.915988
-4.568252 -3.915981
-4.568121 -3.915940
-4.568118 -3.915976
-4.568214 -3.915971
-4.568376 -3.915877
-4.568176 -3.915906
-4.568080 -3.915873
-4.568073 -3.915685
-4.568164 -3.915614
-4.568159 -3.915577
-4.568166 -3.915538
-4.568131 -3.915572
-4.568148 -3.915469
-4.568051 -3.915480
-4.568059 -3.915435
-4.568138 -3.915296
-4.568087 -3.915256
-4.568031 -3.915307
-4.567885 -3.915340
-4.567944 -3.915353
-4.567918 -3.915368
-4.567898 -3.915351
-4.567714 -3.915425
-4.567792 -3.915350
-4.567799 -3.915382
-4.567749 -3.915396
-4.567658 -3.915381
-4.567686 -3.915297
-4.567711 -3.915371
-4.567864 -3.915315
-4.567958 -3.915194
-4.567936 -3.915152
-4.567875 -3.915063
-4.567896 -3.915072
-4.567909 -3.915021
-4.567856 -3.915029
-4.567915 -3.914929
-4.567913 -3.914883
-4.567853 -3.914869
-4.567779 -3.914893
-4.567787 -3.914812
-4.567760 -3.914718
-4.567782 -3.914745
-4.567648 -3.914775
-4.567784 -3.914672
-4.567867 -3.914629
-4.567917 -3.914602
-4.567940 -3.914540
-4.567951 -3.914508
-4.567881 -3.914486
-4.567890 -3.914426
-4.567983 -3.914443
-4.567884 -3.914405
-4.567872 -3.914363
-4.567907 -3.914390
-4.567873 -3.914304
-4.568011 -3.914241
-4.567917 -3.914260
-4.567930 -3.914205
-4.568026 -3.914201
-4.567844 -3.914208
-4.567812 -3.914142
-4.567834 -3.914045
-4.567926 -3.913915
-4.568009 -3.913926
-4.568109 -3.913809
-4.568090 -3.913761
-4.568104 -3.913739
-4.568110 -3.913768
-4.568009 -3.913674
-4.568037 -3.913661
-4.568066 -3.913695
-4.568030 -3.913694
-4.567963 -3.913668
-4.567874 -3.913694
-4.567798 -3.913570
-4.567970 -3.913623
-4.567951 -3.913505
-4.567838 -3.913439
-4.567817 -3.913390
-4.567832 -3.913416
-4.567842 -3.913357
-4.567876 -3.913321
-4.567826 -3.913244
-4.567803 -3.913166
-4.567764 -3.913097
-4.567727 -3.913141
-4.567727 -3.912609
-4.567720 -3.912572
-4.567622 -3.912561
-4.567570 -3.912514
-4.567755 -3.912494
-4.567743 -3.912504
-4.567756 -3.912561
-4.567677 -3.912483
-4.567674 -3.912425
-4.567587 -3.912517
-4.567771 -3.912450
-4.567645 -3.912437
-4.567687 -3.912396
-4.567667 -3.912336
-4.567691 -3.912387
-4.567699 -3.912458
-4.567650 -3.912484
-4.567627 -3.912422
-4.567458 -3.912368
-4.567430 -3.912367
-4.567333 -3.912281
-4.567387 -3.912428
-4.567437 -3.912404
-4.567314 -3.912327
-4.567337 -3.912356
-4.567392 -3.912172
-4.567395 -3.912075
-4.567352 -3.912123
-4.567386 -3.911983
-4.567399 -3.911956
-4.567340 -3.911961
-4.567356 -3.911906
-4.567221 -3.911876
-4.567354 -3.911884
-4.567316 -3.911855
-4.567472 -3.911753
-4.567296 -3.911524
-4.567327 -3.911402
-4.567224 -3.911398
-4.567251 -3.911341
-4.567227 -3.911286
-4.567144 -3.911266
-4.567186 -3.911274
-4.567266 -3.911171
-4.567129 -3.911180
-4.567007 -3.911186
-4.566956 -3.911073
-4.566943 -3.910992
-4.566764 -3.911042
-4.566884 -3.910981
-4.566956 -3.911104
-4.566814 -3.911062
-4.566789 -3.910926
-4.566814 -3.910884
-4.566802 -3.910919
-4.566664 -3.910803
-4.566819 -3.910713
-4.566686 -3.910533
-4.566555 -3.910592
-4.566635 -3.910543
-4.566642 -3.910560
-4.566543 -3.910491
-4.566554 -3.910427
-4.566595 -3.910341
-4.566537 -3.910234
-4.566568 -3.910198
-4.566571 -3.910151
-4.566583 -3.910190
-4.566589 -3.910208
-4.566475 -3.910140
-4.566432 -3.910086
-4.566362 -3.910105
-4.566371 -3.909998
-4.566443 -3.909842
-4.566341 -3.909815
-4.566332 -3.909785
-4.566404 -3.909768
-4.566389 -3.909707
-4.566378 -3.909539
-4.566314 -3.909571
-4.566239 -3.909528
-4.566197 -3.909449
-4.566046 -3.909362
-4.565916 -3.909121
-4.565907 -3.909018
-4.566006 -3.909053
-4.566000 -3.909050
-4.565888 -3.908950
-4.565895 -3.908915
-4.565783 -3.909052
-4.565788 -3.909066
-4.565818 -3.908922
-4.565684 -3.908794
-4.565622 -3.908863
-4.565614 -3.908750
-4.565535 -3.908860
-4.565472 -3.908888
-4.565487 -3.908718
-4.565547 -3.908663
-4.565594 -3.908653
-4.565451 -3.908556
-4.565324 -3.908617
-4.565169 -3.908638
-4.565164 -3.908539
-4.565205 -3.908543
-4.565184 -3.908377
-4.565208 -3.908427
-4.565109 -3.908422
-4.565067 -3.908397
-4.565145 -3.908393
-4.565096 -3.908260
-4.565223 -3.908196
-4.565151 -3.908187
-4.565106 -3.908234
-4.565200 -3.908266
-4.565128 -3.908185
-4.565147 -3.908136
-4.565199 -3.908060
-4.565248 -3.908018
-4.565193 -3.908209
-4.565182 -3.908080
-4.565144 -3.908066
-4.565149 -3.907955
-4.565142 -3.907853
-4.565186 -3.907906
-4.565331 -3.907885
-4.565203 -3.907861
-4.565199 -3.907832
-4.565224 -3.907808
-4.565316 -3.907765
-4.565281 -3.907754
-4.565134 -3.907673
-4.565142 -3.907725
-4.565013 -3.907765
-4.565014 -3.907712
-4.565047 -3.907701
-4.565058 -3.907716
-4.564959 -3.907707
-4.564997 -3.907461
-4.565007 -3.907539
-4.564881 -3.907396
-4.565076 -3.907233
-4.565162 -3.907303
-4.564960 -3.907275
-4.564973 -3.907260
-4.564918 -3.907264
-4.564919 -3.907199
-4.564571 -3.905377
-4.564236 -3.903002
-4.564055 -3.901370
-4.564019 -3.901231
-4.564009 -3.901225
-4.563735 -3.898207
-4.575922 -3.890460
-4.762686 -4.184995
-4.766678 -4.163328
-4.762824 -4.146146
-4.755150 -4.129586
-4.740074 -4.131528
-4.740731 -4.123636
-4.695532 -4.159171
-4.662123 -4.175300
-4.650827 -4.190804
-4.643008 -4.202344
-4.643095 -4.202313
-4.654747 -4.201418
-4.645697 -4.209231
-4.644804 -4.209540
-4.746701 -4.359082
-4.746583 -4.359229
-4.746482 -4.359263
-4.728765 -4.360912
-4.750618 -4.349553
-4.776379 -4.335521
-4.776353 -4.335712
-4.776510 -4.333069
-4.776617 -4.332969
-4.776298 -4.330643
-4.775597 -4.324553
-4.774976 -4.319026
-4.786500 -4.309184
-4.785997 -4.303840
-4.785546 -4.297803
-4.785404 -4.295450
-4.784806 -4.289471
-4.784458 -4.287477
-4.784402 -4.287313
-4.784489 -4.287325
-4.784524 -4.287369
-4.784596 -4.286704
-4.784652 -4.286619
-4.784623 -4.286183
-4.784317 -4.283919
-4.783902 -4.279601
-4.783925 -4.279610
-4.784017 -4.279552
-4.783995 -4.279716
-4.783869 -4.279649
-4.783807 -4.279743
-4.783695 -4.279842
-4.783683 -4.279910
-4.783661 -4.279866
-4.783658 -4.279943
-4.783639 -4.279818
-4.782916 -4.274008
-4.806793 -4.255951
-4.902032 -4.288853
-4.914273 -4.276152
-4.911915 -4.276845
-4.881629 -4.290560
-4.881697 -4.290741
-4.877817 -4.291756
-4.877650 -4.290975
-4.877619 -4.290151
-4.877662 -4.290168
-4.877641 -4.290182
-4.877523 -4.290163
-4.877565 -4.290024
-4.877574 -4.290085
-4.877659 -4.290047
-4.877615 -4.289979
-4.877491 -4.289830
-4.877434 -4.289832
-4.877457 -4.289850
-4.877549 -4.289666
-4.877452 -4.289242
-4.877599 -4.289238
-4.877485 -4.289230
-4.877503 -4.289171
-4.877448 -4.289091
-4.877553 -4.289096
-4.877513 -4.288912
-4.877369 -4.288853
-4.877476 -4.288738
-4.877407 -4.288628
-4.877503 -4.288587
-4.877666 -4.288397
-4.877655 -4.288442
-4.877587 -4.288212
-4.877515 -4.288304
-4.877601 -4.288230
-4.877624 -4.288366
-4.877564 -4.288285
-4.877660 -4.288230
-4.877610 -4.288207
-4.877588 -4.288203
-4.877495 -4.288229
-4.877492 -4.288071
-4.877318 -4.287988
-4.877445 -4.287909
-4.877294 -4.287853
-4.877297 -4.287774
-4.877319 -4.287742
-4.877266 -4.287660
-4.877181 -4.287648
-4.877297 -4.287555
-4.877280 -4.287385
-4.877327 -4.287302
-4.877139 -4.287364
-4.877146 -4.287285
-4.877148 -4.287255
-4.877202 -4.287252
-4.877183 -4.287081
-4.877147 -4.287063
-4.877182 -4.286992
-4.877133 -4.286978
-4.877047 -4.286935
-4.877049 -4.286994
-4.877088 -4.286859
-4.877160 -4.286769
-4.877154 -4.286800
-4.877230 -4.286754
-4.877176 -4.286802
-4.877204 -4.286645
-4.877202 -4.286621
-4.877161 -4.286564
-4.877358 -4.286371
-4.877243 -4.286241
-4.877181 -4.286180
-4.877239 -4.286236
-4.877231 -4.286213
-4.877129 -4.286120
-4.876827 -4.285848
-4.876856 -4.285833
-4.876912 -4.285914
-4.876866 -4.285940
-4.876825 -4.285666
-4.876851 -4.285648
-4.876862 -4.285596
-4.876777 -4.285559
-4.876777 -4.285341
-4.876829 -4.285225
-4.876830 -4.285230
-4.876836 -4.285316
-4.876731 -4.285159
-4.876678 -4.285108
-4.876612 -4.285066
-4.876523 -4.284985
-4.876586 -4.284922
-4.876631 -4.284722
-4.876589 -4.284755
-4.876610 -4.284680
-4.876563 -4.284655
-4.876492 -4.284582
-4.876479 -4.284643
-4.876451 -4.284535
-4.876540 -4.284464
-4.876517 -4.284445
-4.876503 -4.284232
-4.876489 -4.284217
-4.876476 -4.284104
-4.876511 -4.284074
-4.876447 -4.284068
-4.876480 -4.283891
-4.876363 -4.283747
-4.876386 -4.283781
-4.876336 -4.283672
-4.876350 -4.283616
-4.876448 -4.283638
-4.876383 -4.283589
-4.876421 -4.283565
-4.876360 -4.283410
-4.876423 -4.283344
-4.876441 -4.283266
-4.876167 -4.283266
-4.876269 -4.283207
-4.876214 -4.283195
-4.876182 -4.283260
-4.876313 -4.283210
-4.876275 -4.283163
-4.876264 -4.283232
-4.876235 -4.283125
-4.876121 -4.282853
-4.876082 -4.282767
-4.876115 -4.282787
-4.876019 -4.282706
-4.876084 -4.282670
-4.876075 -4.282553
-4.876218 -4.282484
-4.876210 -4.282450
-4.876215 -4.282157
-4.876191 -4.282243
-4.876156 -4.282165
-4.876167 -4.282073
-4.876310 -4.282113
-4.876344 -4.281981
-4.876254 -4.282003
-4.876298 -4.281919
-4.876283 -4.281977
-4.876087 -4.281873
-4.876111 -4.281833
-4.876124 -4.281698
-4.875956 -4.281725
-4.875885 -4.281658
-4.875977 -4.281660
-4.875913 -4.281574
-4.875994 -4.281459
-4.875946 -4.281515
-4.875920 -4.281296
-4.875757 -4.281282
-4.875895 -4.281351
-4.875909 -4.281295
-4.875964 -4.281168
-4.875995 -4.281055
-4.876032 -4.280988
-4.876075 -4.280843
-4.876035 -4.280999
-4.876014 -4.280932
-4.875990 -4.281009
-4.875944 -4.280987
-4.876062 -4.280893
-4.875995 -4.280846
-4.876061 -4.280834
-4.876064 -4.280700
-4.876016 -4.280732
-4.876071 -4.280882
-4.875947 -4.280648
-4.875974 -4.280622
-4.875945 -4.280585
-4.875907 -4.280484
-4.875845 -4.280577
-4.875895 -4.280236
-4.875905 -4.279267
-4.875262 -4.273640
-4.874825 -4.270142
-4.874894 -4.269562
-4.874860 -4.269059
-4.874779 -4.269095
-4.874842 -4.269333
-4.874802 -4.269245
-4.874621 -4.269301
-4.878333 -4.262811
-4.892501 -4.250240
-4.912875 -4.237562
-4.912943 -4.237527
-4.912834 -4.237868
-4.905475 -4.239927
-4.899200 -4.243971
-4.895632 -4.248098
-4.895648 -4.247963
-4.895581 -4.248055
-4.895360 -4.245345
-4.895049 -4.242720
-4.895020 -4.242710
-4.894430 -4.238312
-4.894166 -4.235940
-4.894245 -4.235961
-4.892797 -4.231699
-4.892760 -4.231673
-4.892281 -4.225954
-4.891945 -4.222257
-4.891779 -4.222172
-4.891093 -4.216185
-4.891092 -4.216071
-4.890953 -4.212887
-4.890352 -4.207209
-4.890404 -4.207094
-4.890318 -4.207117
-4.890186 -4.207036
-4.890331 -4.206979
-4.890383 -4.207042
-4.890482 -4.206927
-4.890304 -4.206876
-4.890210 -4.206863
-4.890277 -4.206832
-4.890137 -4.206805
-4.890072 -4.206600
-4.890128 -4.206488
-4.890171 -4.206565
-4.890176 -4.206448
-4.890099 -4.206460
-4.890122 -4.206486
-4.890082 -4.206353
-4.890132 -4.206271
-4.890142 -4.206287
-4.890129 -4.206324
-4.890275 -4.206197
-4.889857 -4.203633
-4.889856 -4.203515
-4.890054 -4.203534
-4.889979 -4.203526
-4.889894 -4.203602
-4.889960 -4.203457
-4.890029 -4.203410
-4.889720 -4.200979
-4.889671 -4.200849
-4.889635 -4.200845
-4.889657 -4.200834
-4.889533 -4.200703
-4.889578 -4.199454
-4.889336 -4.197563
-4.888245 -4.195933
-4.888259 -4.195900
-4.888260 -4.195854
-4.888262 -4.195821
-4.888309 -4.195801
-4.888254 -4.195713
-4.887075 -4.194377
-4.886968 -4.194308
-4.886963 -4.194302
-4.886921 -4.194287
-4.886892 -4.194313
-4.886940 -4.194203
-4.886773 -4.194187
-4.885348 -4.193293
-4.885250 -4.193226
-4.885078 -4.191137
-4.884971 -4.191232
-4.885021 -4.190996
-4.884962 -4.190902
-4.884105 -4.188229
-4.884739 -4.187389
-4.885182 -4.187243
-4.885604 -4.185096
-4.885637 -4.185054
-4.885579 -4.185000
-4.884995 -4.184830
-4.884983 -4.184827
-4.884950 -4.185026
-4.884924 -4.184914
-4.885036 -4.184937
-4.885152 -4.184942
-4.885524 -4.184664
-4.885493 -4.184686
-4.885528 -4.184641
-4.885594 -4.184679
-4.885705 -4.184664
-4.885676 -4.184636
-4.886446 -4.184331
-4.889041 -4.182084
-4.889893 -4.181889
-4.889875 -4.181700
-4.890001 -4.181598
-4.891098 -4.180519
-4.893512 -4.175459
-5.410851 -4.505973
-5.415624 -4.492560
-5.374494 -4.556950
-5.377710 -4.539381
-5.073315 -5.142377
-5.155151 -5.127877
-5.187268 -5.120448
-5.173446 -5.118751
-5.125955 -5.158249
-4.763726 -5.773703
-4.752939 -5.780062
-4.729630 -5.787672
-4.770105 -5.783892
-4.769492 -5.784141
-5.122376 -6.129372
-5.715137 -6.521908
-6.393557 -6.955354
-6.617998 -7.075502
-6.668180 -7.054183
-7.002440 -7.089816
-6.954085 -7.241838
-7.034950 -7.236111
-7.008869 -7.238523
-6.930294 -7.457583
-6.929097 -7.458012
-6.926849 -7.459608
-6.819670 -7.841563
-6.809953 -7.846577
-6.847337 -7.847772
-7.358605 -8.162857
-7.602535 -8.242344
-7.594291 -8.231212
-7.580579 -8.220274
-7.500355 -8.510039
-7.502545 -8.520259
-7.492563 -8.505397
-7.485821 -8.490331
-7.461886 -8.469802
-7.923272 -9.692594
-7.803891 -10.612362
-7.803953 -10.612352
-7.803953 -10.612352
-8.341129 -10.814847
-8.341718 -10.815581
-8.522557 -10.827106
-8.577315 -10.833136
-8.598988 -10.791981
-8.665801 -10.724938
-8.659154 -10.682331
-8.629233 -10.654781
-8.585691 -10.675458
-8.562025 -10.623372
-8.497823 -10.525721
-8.492601 -10.564358
-8.446967 -10.495228
-8.445941 -10.552110
-8.456242 -10.473665
-8.514554 -10.455318
-8.579472 -10.390492
-8.564328 -10.389719
-8.540921 -10.358463
-8.541514 -10.341713
-8.538601 -10.352544
-8.519125 -10.336797
-8.588806 -10.295163
-8.580674 -10.269339
-8.550058 -10.210664
-8.514594 -10.182462
-8.490802 -10.241568
-8.402677 -10.209329
-8.392068 -10.207261
-8.428971 -10.215637
-8.382887 -10.169753
-8.383760 -10.108315
-8.433097 -10.153522
-8.443501 -10.069916
-8.472888 -10.004196
-8.505922 -10.033643
-8.465317 -10.009389
-8.448950 -10.112635
-8.368260 -10.022191
-8.367303 -10.037823
-8.325699 -9.949649
-8.349241 -9.989452
-8.329396 -10.011929
-8.341442 -10.065857
-8.332227 -10.043943
-8.311352 -10.037825
-8.284219 -10.046688
-8.292861 -10.038444
-8.300874 -10.030090
-8.270201 -10.053675
-8.225042 -10.044223
-8.190385 -10.108780
-8.152710 -10.116748
-8.081519 -10.132849
-8.008414 -10.150714
-7.976742 -10.211429
-7.973187 -10.162340
-8.018150 -10.135128
-8.046823 -10.113422
-8.056376 -10.078153
-8.091769 -10.083168
-8.118129 -10.082145
-8.091346 -10.094054
-8.057750 -10.102539
-7.999590 -10.115628
-8.026840 -10.134285
-8.076938 -10.134328
-8.092212 -10.148198
-8.022951 -10.102390
-7.989472 -10.155788
-8.014581 -10.105292
-8.068514 -10.041330
-8.116180 -10.042326
-8.105079 -9.970284
-8.143244 -10.053565
-8.157413 -10.068414
-8.213295 -10.068534
-8.190928 -10.098400
-8.240422 -10.084110
-8.290512 -10.059840
-8.359478 -9.995808
-8.416557 -9.942238
-8.489509 -9.887179
-8.589848 -9.860984
-8.623668 -9.816672
-8.696858 -9.774708
-8.786684 -9.713241
-8.867454 -9.684611
-8.833925 -9.647272
-8.782976 -9.634344
-8.829801 -9.584688
-8.916648 -9.526843
-8.928665 -9.504662
-8.920049 -9.527468
-8.995155 -9.578432
-9.088567 -9.553937
-9.175367 -9.536738
-9.278608 -9.546478
-9.358491 -9.614811
-9.418528 -9.598498
-9.506225 -9.600017
-9.550379 -9.613322
-9.530352 -9.522105
-9.572283 -9.576564
-9.629214 -9.595354
-9.691660 -9.573173
-9.756080 -9.545941
-9.798010 -9.491460
-9.905248 -9.455218
-9.953471 -9.382755
-10.026164 -9.353857
-10.041630 -9.295180
-10.090897 -9.266089
-10.163074 -9.220563
-10.191154 -9.147742
-10.263555 -9.137996
-10.264151 -9.052683
-10.262141 -9.059907
-10.228498 -9.081381
-10.244260 -9.067088
-10.277239 -8.975844
-10.324658 -8.914352
-10.368815 -8.882318
-10.359653 -8.876803
-10.441284 -8.768601
-10.492930 -8.693291
-10.519237 -8.606162
-10.542125 -8.574425
-10.603556 -8.500918
-10.605350 -8.414018
-10.637665 -8.373783
-10.665741 -8.451772
-10.595649 -8.488405
-10.598327 -8.429229
-10.650324 -8.359700
-10.683951 -8.290136
-10.720957 -8.214379
-10.774392 -8.143856
-10.795520 -8.049529
-10.778886 -7.964310
-10.798153 -8.007261
-10.850802 -7.990922
-10.886802 -7.986485
-10.829309 -7.916808
-10.750537 -7.893963
-10.742311 -7.962172
-10.717712 -8.019098
-10.690939 -8.060419
-10.691420 -8.100886
-10.638330 -8.104581
-10.638626 -8.119309
-10.643546 -8.155271
-10.613339 -8.153415
-10.576951 -8.159479
-10.676373 -7.227702
-9.566479 -8.476550
-9.576965 -8.461490
-10.296448 -8.816123
-10.525908 -8.592506
-10.535590 -8.420780
-10.759748 -8.463424
-11.016668 -8.044701
-11.101257 -8.008350
-11.104562 -8.047338
-11.298620 -8.122769
-11.335600 -8.100540
-11.343369 -8.098725
-11.352339 -8.089498
-11.332588 -8.110006
-11.349421 -8.140541
-11.348181 -8.141771
-11.347128 -8.142429
-11.347291 -8.141747
-11.348034 -8.138593
-11.348162 -8.135902
-11.352583 -8.131291
-11.345583 -8.122129
-11.351417 -8.118533
-11.353888 -8.114395
-11.368206 -8.102099
-11.368507 -8.102621
-11.378233 -8.102053
-11.382441 -8.098307
-11.387682 -8.094717
-11.391211 -8.089769
-11.396804 -8.086592
-11.401103 -8.083159
-11.408121 -8.077636
-11.412997 -8.072521
-11.416622 -8.067571
-11.421197 -8.063582
-11.425293 -8.059593
-11.430394 -8.055401
-11.438700 -8.052216
-11.444493 -8.049882
-11.448952 -8.046184
-11.453650 -8.043055
-11.458881 -8.040128
-11.465311 -8.037881
-11.473623 -8.036430
-11.480530 -8.034404
-11.487551 -8.031257
-11.493884 -8.028262
-11.500089 -8.025817
-11.507227 -8.023361
-11.513100 -8.020289
