0.041627 -17.164569 -37.394743
0.041627 -17.164569 -37.394743
0.041627 -17.164569 -37.394743
0.418410 -17.517502 -36.130410
0.418410 -17.517502 -36.130410
0.418410 -17.517502 -36.130410
0.418410 -17.517502 -36.130410
0.490959 -17.683785 -35.149089
0.490959 -17.683785 -35.149089
0.490959 -17.683785 -35.149089
0.490959 -17.683785 -35.149089
0.550539 -17.681271 -34.679664
0.550539 -17.681271 -34.679664
0.550539 -17.681271 -34.679664
0.550539 -17.681271 -34.679664
-0.096256 -15.465575 -33.999657
-0.096256 -15.465575 -33.999657
-0.096256 -15.465575 -33.999657
-0.096256 -15.465575 -33.999657
-3.625166 -16.022751 -34.600895
-3.625166 -16.022751 -34.600895
-3.625166 -16.022751 -34.600895
-3.625166 -16.022751 -34.600895
-3.625166 -16.022751 -34.600895
-4.446842 -12.424224 -35.387005
-4.446842 -12.424224 -35.387005
-4.446842 -12.424224 -35.387005
-4.446842 -12.424224 -35.387005
-4.446842 -12.424224 -35.387005
-4.446842 -12.424224 -35.387005
-6.238641 -7.706290 -28.284155
-6.238641 -7.706290 -28.284155
-6.238641 -7.706290 -28.284155
-6.238641 -7.706290 -28.284155
-6.238641 -7.706290 -28.284155
-6.238641 -7.706290 -28.284155
-3.755089 -2.957349 -25.608572
-3.755089 -2.957349 -25.608572
-3.755089 -2.957349 -25.608572
-3.755089 -2.957349 -25.608572
-3.755089 -2.957349 -25.608572
-3.755089 -2.957349 -25.608572
-2.434761 -0.566867 -22.600872
-2.434761 -0.566867 -22.600872
-2.434761 -0.566867 -22.600872
-2.434761 -0.566867 -22.600872
-2.434761 -0.566867 -22.600872
-3.288641 -3.062867 -26.844288
-3.288641 -3.062867 -26.844288
-3.288641 -3.062867 -26.844288
-3.288641 -3.062867 -26.844288
-3.288641 -3.062867 -26.844288
-3.288641 -3.062867 -26.844288
-7.034728 -3.517183 -21.854160
-7.034728 -3.517183 -21.854160
-7.034728 -3.517183 -21.854160
-7.034728 -3.517183 -21.854160
-7.034728 -3.517183 -21.854160
-7.034728 -3.517183 -21.854160
-5.148838 -1.067284 -16.354702
-5.148838 -1.067284 -16.354702
-5.148838 -1.067284 -16.354702
-5.148838 -1.067284 -16.354702
-5.148838 -1.067284 -16.354702
-3.992179 1.396095 -29.743387
-3.992179 1.396095 -29.743387
-3.992179 1.396095 -29.743387
-3.992179 1.396095 -29.743387
-3.992179 1.396095 -29.743387
-3.992179 1.396095 -29.743387
-1.313392 3.017744 -39.946713
-1.313392 3.017744 -39.946713
-1.313392 3.017744 -39.946713
-1.313392 3.017744 -39.946713
-1.313392 3.017744 -39.946713
-1.313392 3.017744 -39.946713
-0.047890 0.577621 -41.627961
-0.047890 0.577621 -41.627961
-0.047890 0.577621 -41.627961
-0.047890 0.577621 -41.627961
-0.047890 0.577621 -41.627961
-0.047890 0.577621 -41.627961
-0.116316 -1.948729 -4.156904
-0.116316 -1.948729 -4.156904
-0.116316 -1.948729 -4.156904
-0.116316 -1.948729 -4.156904
-0.116316 -1.948729 -4.156904
2.616508 -0.269541 22.408556
2.616508 -0.269541 22.408556
2.616508 -0.269541 22.408556
2.616508 -0.269541 22.408556
2.616508 -0.269541 22.408556
2.616508 -0.269541 22.408556
1.205939 8.385882 26.906118
1.205939 8.385882 26.906118
1.205939 8.385882 26.906118
1.205939 8.385882 26.906118
1.205939 8.385882 26.906118
1.205939 8.385882 26.906118
0.676223 4.071296 20.946396
0.676223 4.071296 20.946396
0.676223 4.071296 20.946396
0.676223 4.071296 20.946396
0.676223 4.071296 20.946396
-1.251392 3.342162 22.513186
-1.251392 3.342162 22.513186
-1.251392 3.342162 22.513186
-1.251392 3.342162 22.513186
-1.251392 3.342162 22.513186
-1.251392 3.342162 22.513186
-1.071894 8.352357 21.025590
-1.071894 8.352357 21.025590
-1.071894 8.352357 21.025590
-1.071894 8.352357 21.025590
-1.071894 8.352357 21.025590
-1.071894 8.352357 21.025590
-0.902188 7.493921 20.016660
-0.902188 7.493921 20.016660
-0.902188 7.493921 20.016660
-0.902188 7.493921 20.016660
-0.902188 7.493921 20.016660
-0.902188 7.493921 20.016660
3.904048 4.689463 12.071582
3.904048 4.689463 12.071582
3.904048 4.689463 12.071582
3.904048 4.689463 12.071582
3.904048 4.689463 12.071582
18.674142 -18.120200 -12.922726
18.674142 -18.120200 -12.922726
18.674142 -18.120200 -12.922726
18.674142 -18.120200 -12.922726
18.674142 -18.120200 -12.922726
18.674142 -18.120200 -12.922726
12.752166 -27.740542 -13.641395
12.752166 -27.740542 -13.641395
12.752166 -27.740542 -13.641395
12.752166 -27.740542 -13.641395
12.752166 -27.740542 -13.641395
12.752166 -27.740542 -13.641395
5.850953 -12.391968 -3.134115
5.850953 -12.391968 -3.134115
5.850953 -12.391968 -3.134115
5.850953 -12.391968 -3.134115
5.850953 -12.391968 -3.134115
5.850953 -12.391968 -3.134115
-7.880234 -4.466477 1.577903
-7.880234 -4.466477 1.577903
-7.880234 -4.466477 1.577903
-7.880234 -4.466477 1.577903
-7.880234 -4.466477 1.577903
-7.880234 -4.466477 1.577903
-3.603875 -14.006214 11.320050
-3.603875 -14.006214 11.320050
-3.603875 -14.006214 11.320050
-3.603875 -14.006214 11.320050
-3.603875 -14.006214 11.320050
-1.287866 -14.742557 17.040277
-1.287866 -14.742557 17.040277
-1.287866 -14.742557 17.040277
-1.287866 -14.742557 17.040277
-1.287866 -14.742557 17.040277
-1.005741 -11.977558 20.775902
-1.005741 -11.977558 20.775902
-1.005741 -11.977558 20.775902
-1.005741 -11.977558 20.775902
-1.005741 -11.977558 20.775902
-1.005741 -11.977558 20.775902
0.745386 -13.394637 25.161097
0.745386 -13.394637 25.161097
0.745386 -13.394637 25.161097
0.745386 -13.394637 25.161097
0.745386 -13.394637 25.161097
0.745386 -13.394637 25.161097
0.745386 -13.394637 25.161097
0.745386 -13.394637 25.161097
0.745386 -13.394637 25.161097
0.745386 -13.394637 25.161097
0.745386 -13.394637 25.161097
4.885707 -13.668483 38.280960
4.885707 -13.668483 38.280960
4.885707 -13.668483 38.280960
4.885707 -13.668483 38.280960
4.885707 -13.668483 38.280960
5.106178 -14.098569 36.909598
5.106178 -14.098569 36.909598
5.106178 -14.098569 36.909598
5.106178 -14.098569 36.909598
5.106178 -14.098569 36.909598
5.106178 -14.098569 36.909598
4.134161 -17.027848 38.522824
4.134161 -17.027848 38.522824
4.134161 -17.027848 38.522824
4.134161 -17.027848 38.522824
4.134161 -17.027848 38.522824
4.134161 -17.027848 38.522824
1.529556 -13.702016 41.532263
1.529556 -13.702016 41.532263
1.529556 -13.702016 41.532263
1.529556 -13.702016 41.532263
1.529556 -13.702016 41.532263
1.529556 -13.702016 41.532263
1.752545 -9.512507 45.974710
1.752545 -9.512507 45.974710
1.752545 -9.512507 45.974710
1.752545 -9.512507 45.974710
1.752545 -9.512507 45.974710
1.752545 -9.512507 45.974710
1.682326 1.927680 40.353311
1.682326 1.927680 40.353311
1.682326 1.927680 40.353311
1.682326 1.927680 40.353311
1.682326 1.927680 40.353311
-0.668561 2.916436 36.926038
-0.668561 2.916436 36.926038
-0.668561 2.916436 36.926038
-0.668561 2.916436 36.926038
-0.668561 2.916436 36.926038
-0.668561 2.916436 36.926038
-1.796904 1.932675 32.014862
-1.796904 1.932675 32.014862
-1.796904 1.932675 32.014862
-1.796904 1.932675 32.014862
-1.796904 1.932675 32.014862
-2.591433 -3.392462 28.635455
-2.591433 -3.392462 28.635455
-2.591433 -3.392462 28.635455
-2.591433 -3.392462 28.635455
-2.591433 -3.392462 28.635455
-2.591433 -3.392462 28.635455
-3.017939 -0.623185 25.039646
-3.017939 -0.623185 25.039646
-3.017939 -0.623185 25.039646
-3.017939 -0.623185 25.039646
-3.017939 -0.623185 25.039646
-3.162725 -1.476302 23.070905
-3.162725 -1.476302 23.070905
-3.162725 -1.476302 23.070905
-3.162725 -1.476302 23.070905
-3.162725 -1.476302 23.070905
-3.162725 -1.476302 23.070905
-2.875572 -0.937863 21.453535
-2.875572 -0.937863 21.453535
-2.875572 -0.937863 21.453535
-2.875572 -0.937863 21.453535
-2.875572 -0.937863 21.453535
-3.249481 -1.483914 19.312080
-3.249481 -1.483914 19.312080
-3.249481 -1.483914 19.312080
-3.249481 -1.483914 19.312080
-3.249481 -1.483914 19.312080
-3.249481 -1.483914 19.312080
-2.337946 -1.939650 18.589931
-2.337946 -1.939650 18.589931
-2.337946 -1.939650 18.589931
-2.337946 -1.939650 18.589931
-2.337946 -1.939650 18.589931
-2.337946 -1.939650 18.589931
-2.338937 -3.840277 17.944942
-2.338937 -3.840277 17.944942
-2.338937 -3.840277 17.944942
-2.338937 -3.840277 17.944942
-2.338937 -3.840277 17.944942
-2.411159 -4.814200 17.454504
-2.411159 -4.814200 17.454504
-2.411159 -4.814200 17.454504
-2.411159 -4.814200 17.454504
-2.411159 -4.814200 17.454504
-2.411159 -4.814200 17.454504
-2.428490 -4.985429 17.081569
-2.428490 -4.985429 17.081569
-2.428490 -4.985429 17.081569
-2.428490 -4.985429 17.081569
-2.428490 -4.985429 17.081569
-2.423079 -5.046250 16.827505
-2.423079 -5.046250 16.827505
-2.423079 -5.046250 16.827505
-2.423079 -5.046250 16.827505
-2.423079 -5.046250 16.827505
-2.423079 -5.046250 16.827505
-2.418828 -5.089472 16.560883
-2.418828 -5.089472 16.560883
-2.418828 -5.089472 16.560883
-2.418828 -5.089472 16.560883
-2.418828 -5.089472 16.560883
-2.418828 -5.089472 16.560883
-2.412592 -5.119894 16.287361
-2.412592 -5.119894 16.287361
-2.412592 -5.119894 16.287361
-2.412592 -5.119894 16.287361
-2.412592 -5.119894 16.287361
-2.412592 -5.119894 16.287361
-2.402914 -5.140591 16.056101
-2.402914 -5.140591 16.056101
-2.402914 -5.140591 16.056101
-2.402914 -5.140591 16.056101
-2.402914 -5.140591 16.056101
-2.402914 -5.140591 16.056101
-2.398209 -5.165713 15.909385
-2.398209 -5.165713 15.909385
-2.398209 -5.165713 15.909385
-2.398209 -5.165713 15.909385
-2.398209 -5.165713 15.909385
-2.376463 -5.184761 15.850412
-2.376463 -5.184761 15.850412
-2.376463 -5.184761 15.850412
-2.376463 -5.184761 15.850412
-2.376463 -5.184761 15.850412
-2.376463 -5.184761 15.850412
-2.365768 -5.201735 15.823837
-2.365768 -5.201735 15.823837
-2.365768 -5.201735 15.823837
-2.365768 -5.201735 15.823837
-2.365768 -5.201735 15.823837
-2.365768 -5.201735 15.823837
-2.353435 -5.216037 15.791879
-2.353435 -5.216037 15.791879
-2.353435 -5.216037 15.791879
-2.353435 -5.216037 15.791879
-2.353435 -5.216037 15.791879
-2.349565 -5.226899 15.791326
-2.349565 -5.226899 15.791326
-2.349565 -5.226899 15.791326
-2.349565 -5.226899 15.791326
-2.349565 -5.226899 15.791326
-2.349565 -5.226899 15.791326
-2.340900 -5.237389 15.829271
-2.340900 -5.237389 15.829271
-2.340900 -5.237389 15.829271
-2.340900 -5.237389 15.829271
-2.340900 -5.237389 15.829271
-2.340900 -5.237389 15.829271
-2.336835 -5.252494 15.892921
-2.336835 -5.252494 15.892921
-2.336835 -5.252494 15.892921
-2.336835 -5.252494 15.892921
-2.336835 -5.252494 15.892921
-2.336835 -5.252494 15.892921
-2.341826 -5.267603 15.933937
-2.341826 -5.267603 15.933937
-2.341826 -5.267603 15.933937
-2.341826 -5.267603 15.933937
-2.341826 -5.267603 15.933937
-2.330268 -5.275414 15.968779
-2.330268 -5.275414 15.968779
-2.330268 -5.275414 15.968779
-2.330268 -5.275414 15.968779
-2.330268 -5.275414 15.968779
-2.330268 -5.275414 15.968779
-2.323770 -5.304745 15.987712
-2.323770 -5.304745 15.987712
-2.323770 -5.304745 15.987712
-2.323770 -5.304745 15.987712
-2.323770 -5.304745 15.987712
-2.312848 -5.312262 15.988691
-2.312848 -5.312262 15.988691
-2.312848 -5.312262 15.988691
-2.312848 -5.312262 15.988691
-2.312848 -5.312262 15.988691
-2.317930 -5.332650 15.984801
-2.317930 -5.332650 15.984801
-2.317930 -5.332650 15.984801
-2.317930 -5.332650 15.984801
-2.317930 -5.332650 15.984801
-2.320449 -5.330362 15.992936
-2.320449 -5.330362 15.992936
-2.320449 -5.330362 15.992936
-2.320449 -5.330362 15.992936
-2.320449 -5.330362 15.992936
-2.315156 -5.334389 15.989871
-2.315156 -5.334389 15.989871
