0.000158 0.001065
0.001816 0.000047
0.006632 -0.009187
0.192624 -0.228668
1.641229 -2.469339
3.459702 -3.283332
3.459696 -3.283329
1.988684 0.873777
2.014176 0.861752
1.990413 0.839524
2.122448 0.739691
2.473957 0.401090
4.590091 -1.612866
4.540006 -1.828987
4.808669 -1.856991
4.984283 -2.045875
5.636120 -1.650718
6.542908 -2.011188
5.885237 -1.744262
4.669398 -1.157585
4.720733 -0.351662
5.281281 -0.973484
5.513268 -1.185301
6.793956 -1.207001
7.080218 -0.608042
6.731479 0.018923
6.650486 0.728507
6.071818 1.246899
5.016328 1.801569
3.858851 2.222832
3.015231 3.000141
2.655403 3.164073
1.986388 3.752955
1.107107 4.381699
0.303525 5.120087
-0.288013 5.919729
-1.402340 6.084012
-2.034436 6.237227
-2.543296 6.648093
-3.509350 7.129906
-4.433349 7.513130
-5.367276 8.288666
-6.427997 8.985632
-6.863829 8.778976
-6.384943 9.250147
-7.421869 9.520897
-8.689464 9.564638
-9.153751 9.652507
-10.029443 10.554211
-10.557920 11.628888
-10.033499 12.484700
-10.995050 12.741258
-11.735476 13.189526
-12.117579 14.010788
-12.794274 14.293183
-13.700534 14.742315
-14.589705 14.923901
-15.263841 15.838473
-15.974075 16.721488
-16.800172 16.900054
-16.885970 17.776964
-18.148936 18.099718
-18.948031 18.063578
-18.692855 18.440285
-19.098497 19.703672
-20.098859 20.697876
-21.109950 21.298527
-22.183401 21.837230
-23.537952 22.208919
-24.747461 22.930754
-25.512811 23.578308
-26.695566 24.117745
-27.730641 24.819924
-29.103391 25.345555
-30.628016 25.537956
-31.491902 26.326451
-32.264628 26.658056
-33.217510 26.737126
-34.346112 27.285091
-35.255254 28.089835
-35.604924 29.334775
-35.318056 30.133274
-36.343290 30.437852
-37.491955 31.235816
-38.344341 32.158182
-39.407811 32.690613
-40.157607 33.332066
-40.890866 33.796916
-41.522657 34.658686
-42.762986 35.622509
-43.276473 36.278028
-43.190453 37.204024
-44.168315 37.858585
-44.257063 38.154661
-43.785926 38.304141
-43.198836 38.940604
-43.608379 40.224152
-43.552085 40.280011
-44.271146 41.026762
-44.869036 42.131405
-45.024341 43.164332
-45.191786 43.447907
-45.009198 44.667315
-44.875913 44.349281
-43.741107 44.019911
-43.544843 44.565589
-44.407961 45.092514
-44.770028 46.293410
-45.558288 47.477275
-45.580852 47.626099
-45.627918 46.856748
-45.471439 46.038468
-45.327755 44.530529
-45.518942 43.838527
-45.735775 43.545777
-46.964296 43.023747
-47.639293 41.918570
-47.426505 41.388453
-46.387957 42.182535
-47.198875 42.881323
-46.191876 43.205670
-45.074835 43.908705
-46.442340 44.291092
-46.089421 44.048860
-46.110958 43.929169
-46.249636 45.315952
-46.405179 45.755454
-46.473052 44.152274
-46.363484 42.732250
-47.625101 42.898486
-47.162721 42.179835
-47.230829 42.986028
-47.146722 43.552678
-46.413269 42.967615
-45.499902 42.549498
-45.354358 42.367200
-45.290969 42.602618
-46.307816 43.716055
-46.145644 43.853150
-45.769021 43.956579
-45.523435 43.821182
-45.780461 44.504353
-45.843463 44.727674
-45.889922 44.292524
-46.305061 44.730855
-46.139772 44.007606
-46.241830 44.410370
-46.200923 44.318059
-46.390298 44.533242
-46.513595 44.936792
-46.522823 44.893271
-46.605301 45.030941
-46.569330 44.843227
-46.614777 44.990089
-46.327628 44.785937
-46.306978 44.702697
-46.308276 44.917779
-46.155957 44.628331
-46.204598 44.591727
-46.199462 44.586243
-46.255536 44.587715
-45.973806 44.282434
-46.116699 44.553910
-45.919242 44.574169
-45.956814 44.662624
-45.879468 44.577215
-45.898253 44.410474
-45.623662 44.212702
-45.735603 44.280485
-45.642062 44.206141
-45.584137 44.238515
