-0.000377 0.002874
-0.018335 0.082756
-0.020413 0.086701
-0.022561 0.093065
-0.024452 0.095250
-0.032762 0.104327
-0.032963 0.108922
-0.040007 0.120082
-0.045334 0.129737
-0.046924 0.138472
-0.052205 0.144752
-0.049575 0.146850
-0.055821 0.154883
-0.054538 0.158288
-0.056005 0.162264
-0.054628 0.163097
-0.059800 0.163041
-0.059413 0.164957
-0.058340 0.165533
-0.060688 0.168044
-0.059250 0.171235
-0.059227 0.170123
-0.061429 0.178386
-0.060328 0.180195
-0.063520 0.188148
-0.069486 0.206564
-0.071643 0.207633
-0.072481 0.210203
-0.071241 0.214522
-0.072514 0.215970
-0.073016 0.216578
-0.071756 0.218985
-0.072747 0.222033
-0.071810 0.222821
-0.073887 0.224720
-0.074267 0.226891
-0.073174 0.228890
-0.075598 0.234876
-0.078908 0.234352
-0.077098 0.235655
-0.077675 0.241508
-0.076446 0.240837
-0.075909 0.243079
-0.077281 0.244849
-0.076682 0.247058
-0.077622 0.248570
-0.075228 0.250817
-0.076272 0.252564
-0.076172 0.249810
-0.076236 0.255472
-0.075871 0.254772
-0.077047 0.257390
-0.076255 0.259997
-0.073659 0.260202
-0.072591 0.263587
-0.072084 0.264681
-0.073071 0.265189
-0.073375 0.267574
-0.074471 0.268357
-0.074980 0.271310
-0.074938 0.272541
-0.076455 0.273265
-0.076902 0.275552
-0.074581 0.276585
-0.077168 0.278327
-0.077922 0.281229
-0.075822 0.280788
-0.075099 0.282847
-0.078273 0.285784
-0.075930 0.286382
-0.074661 0.286539
-0.079315 0.295388
-0.083541 0.312592
-0.084011 0.313006
-0.084395 0.314522
-0.086820 0.321760
-0.090354 0.328027
-0.088530 0.329776
-0.087983 0.329427
-0.089856 0.332582
-0.087415 0.333795
-0.086220 0.334629
-0.087557 0.335769
-0.087421 0.334426
-0.083776 0.334768
-0.086244 0.345936
-0.090661 0.346154
-0.088722 0.347871
-0.090317 0.347575
-0.093779 0.349276
-0.094783 0.348706
-0.094499 0.349994
-0.091929 0.350910
-0.092170 0.350540
-0.092683 0.350943
-0.091143 0.354176
-0.093158 0.358556
-0.094523 0.366782
-0.097388 0.371807
-0.097429 0.378640
-0.101064 0.384580
-0.104055 0.385200
-0.100681 0.388601
-0.107032 0.397060
-0.103803 0.398051
-0.103395 0.399575
-0.104870 0.400951
-0.105787 0.403191
-0.106358 0.402660
-0.107654 0.405732
-0.105129 0.408279
-0.105947 0.407265
-0.108199 0.410969
-0.107420 0.409227
-0.103865 0.410312
-0.106363 0.411785
-0.108417 0.411747
-0.106320 0.412952
-0.109103 0.415368
-0.108515 0.416892
-0.105774 0.416773
-0.109907 0.417634
-0.106997 0.420113
-0.108989 0.421695
-0.107925 0.422852
-0.106914 0.423082
-0.105842 0.423899
-0.106226 0.423847
-0.108234 0.429410
-0.108284 0.428453
-0.110103 0.431767
-0.108829 0.432752
-0.107343 0.431436
-0.109568 0.433833
-0.111404 0.435393
-0.110445 0.435636
-0.109592 0.438896
-0.109952 0.439251
-0.105723 0.440247
-0.108733 0.439483
-0.111061 0.441260
-0.109515 0.440151
-0.110714 0.441300
-0.112328 0.439657
-0.111481 0.440633
-0.118204 0.442976
-0.120203 0.443508
-0.119234 0.443480
-0.122126 0.445936
-0.123628 0.445965
-0.120377 0.448307
-0.125896 0.453284
-0.126286 0.453861
-0.126439 0.455722
-0.126030 0.456521
-0.126351 0.458649
-0.128784 0.458606
-0.127815 0.459071
-0.129509 0.460921
-0.127796 0.464043
-0.131063 0.464163
-0.134084 0.464778
-0.132688 0.466417
-0.134500 0.467153
-0.132920 0.471047
-0.135599 0.469634
-0.134203 0.471833
-0.135827 0.474717
-0.137664 0.474130
-0.139003 0.476291
-0.138663 0.477546
-0.138736 0.477965
-0.140319 0.480585
-0.138094 0.480689
-0.138806 0.481661
-0.140991 0.484530
-0.142646 0.486109
-0.142660 0.484723
-0.141040 0.486660
-0.142183 0.486637
-0.140926 0.487695
-0.140119 0.487848
-0.141122 0.487529
-0.143775 0.488982
-0.144160 0.491092
-0.146512 0.492414
-0.144809 0.491553
-0.145623 0.491729
-0.145779 0.493969
-0.148265 0.492501
-0.145945 0.495373
-0.147101 0.495653
-0.144257 0.494563
-0.148309 0.498133
-0.148550 0.498031
-0.151492 0.497208
-0.156142 0.501171
-0.159900 0.501700
-0.170438 0.505864
-0.172653 0.513059
-0.168103 0.513462
-0.164809 0.513814
-0.161813 0.513986
-0.158404 0.514287
-0.160083 0.523553
-0.157824 0.526391
-0.159914 0.536776
-0.160889 0.536981
-0.164085 0.539754
-0.165653 0.540357
-0.171814 0.541424
-0.171699 0.543056
-0.175785 0.546840
-0.170063 0.548429
-0.172362 0.548257
-0.169676 0.544424
-0.170530 0.546195
-0.168918 0.544614
-0.168594 0.544916
-0.166891 0.546013
-0.167057 0.545523
-0.170469 0.552132
-0.168359 0.554055
-0.169438 0.554209
-0.164573 0.556592
-0.163901 0.558385
-0.167522 0.559003
-0.167807 0.559844
-0.171233 0.558397
-0.173704 0.560640
-0.170714 0.563194
-0.173588 0.563988
-0.175030 0.563925
-0.175776 0.563753
-0.177656 0.565525
-0.180669 0.571718
-0.181789 0.575451
-0.182085 0.579273
-0.180240 0.581398
-0.180818 0.580530
-0.177972 0.582933
-0.178223 0.585045
-0.179595 0.586721
-0.177389 0.583069
-0.176748 0.586460
-0.179422 0.586119
-0.178399 0.588379
-0.176679 0.588789
-0.178476 0.591477
-0.180354 0.592008
-0.180725 0.591467
-0.183518 0.593821
-0.181117 0.593901
-0.180234 0.594380
-0.181580 0.596298
-0.178939 0.598211
-0.175601 0.602038
-0.169260 0.606775
-0.172586 0.609821
-0.168803 0.613055
-0.171273 0.614806
-0.176669 0.629468
-0.183238 0.646541
-0.186301 0.649705
-0.187082 0.649858
-0.191040 0.651578
-0.191020 0.653215
-0.191956 0.656153
-0.191361 0.658692
-0.191321 0.658688
-0.192162 0.662065
-0.189123 0.664712
-0.191048 0.663736
-0.193529 0.663096
-0.194567 0.667395
-0.194563 0.667778
-0.195265 0.670893
-0.195186 0.673704
-0.195132 0.673143
-0.197982 0.675387
-0.198833 0.675633
-0.196263 0.676398
-0.199186 0.679148
-0.196585 0.680360
-0.197783 0.680429
-0.194580 0.680450
-0.194862 0.682016
-0.196728 0.685052
-0.195600 0.688106
-0.195879 0.689394
-0.196133 0.690203
-0.195428 0.692702
-0.195065 0.694227
-0.194842 0.693858
-0.194125 0.695854
-0.192205 0.697842
-0.191747 0.698582
-0.191036 0.697682
-0.191089 0.700332
-0.193554 0.702131
-0.192855 0.701110
-0.191717 0.700510
-0.193210 0.703411
-0.190756 0.703482
-0.189877 0.704129
-0.189908 0.705522
-0.190098 0.705235
-0.189800 0.707725
-0.190359 0.711332
-0.188437 0.710596
-0.191172 0.712621
-0.193309 0.713699
-0.192869 0.713995
-0.196028 0.727790
-0.195132 0.728648
-0.196488 0.730520
-0.197456 0.733205
-0.200447 0.733748
-0.197152 0.734632
-0.200460 0.734895
-0.202525 0.735230
-0.204899 0.736190
-0.210634 0.736228
-0.212924 0.736222
-0.220794 0.734408
-0.224549 0.735263
-0.220925 0.734304
-0.217137 0.734542
-0.216605 0.736595
-0.212869 0.735094
-0.213439 0.738080
-0.212296 0.737810
-0.216621 0.739895
-0.216840 0.740648
-0.214293 0.743257
-0.215565 0.742012
-0.216082 0.744032
-0.216637 0.745086
-0.217070 0.744407
-0.218784 0.745414
-0.216979 0.747252
-0.216411 0.747004
-0.219594 0.747831
-0.217679 0.748957
-0.217129 0.752324
-0.217051 0.753625
-0.217992 0.754803
-0.218902 0.755469
-0.220927 0.757372
-0.220624 0.759825
-0.219377 0.762984
-0.216424 0.764332
-0.217192 0.764907
-0.216449 0.765115
-0.213450 0.765726
-0.217065 0.768936
-0.217601 0.772285
-0.218477 0.771738
-0.218810 0.773250
-0.223253 0.774418
-0.224591 0.777423
-0.228268 0.778606
-0.228369 0.778188
-0.228855 0.777463
-0.229197 0.780721
-0.251456 0.786241
-0.253753 0.787768
-0.252013 0.790065
-0.252408 0.790918
-0.251597 0.792545
-0.252596 0.792577
-0.276448 0.791483
-0.274945 0.794006
-0.275617 0.793417
-0.278032 0.794070
-0.275627 0.796677
-0.285101 0.798270
-0.284980 0.799906
-0.287864 0.801067
-0.288185 0.803106
-0.288269 0.802924
-0.289494 0.801921
-0.290614 0.800493
-0.289852 0.804021
-0.291299 0.806032
-0.291631 0.806576
-0.290216 0.806892
-0.290349 0.808291
-0.289862 0.809739
-0.288532 0.810926
-0.286796 0.811905
-0.287338 0.812754
-0.281376 0.813654
-0.281737 0.814054
-0.281184 0.813937
-0.280156 0.818399
-0.280612 0.816957
-0.274243 0.819074
-0.271664 0.819826
-0.273987 0.821223
-0.273641 0.824823
-0.275306 0.825291
-0.272835 0.827706
-0.267186 0.832637
-0.267235 0.835361
-0.266001 0.836160
-0.265383 0.839120
-0.266030 0.841363
-0.263098 0.848638
-0.259079 0.849869
-0.259315 0.850565
-0.256495 0.852420
-0.256324 0.859376
-0.255100 0.861650
-0.257090 0.859982
-0.257257 0.864010
-0.259092 0.862891
-0.259164 0.864450
-0.258014 0.870827
-0.254661 0.872742
-0.256549 0.874979
-0.254263 0.876736
-0.254984 0.878572
-0.259193 0.878414
-0.258702 0.879570
-0.258685 0.880449
-0.258818 0.883974
-0.257135 0.884514
-0.256861 0.887105
-0.261693 0.885954
-0.259459 0.887441
-0.260017 0.887686
-0.264038 0.889733
-0.264434 0.890394
-0.264047 0.892377
-0.266418 0.892943
-0.266878 0.894965
-0.265687 0.897022
-0.265373 0.897341
-0.263437 0.900700
-0.266670 0.899311
-0.264215 0.906473
-0.264847 0.906504
-0.264976 0.908510
-0.265967 0.909963
-0.266484 0.909652
-0.268296 0.911558
-0.267269 0.916415
-0.267644 0.915296
-0.267755 0.916938
-0.266828 0.918441
-0.263544 0.923019
-0.264542 0.924648
-0.261713 0.926444
-0.265223 0.926815
-0.262189 0.929561
-0.266727 0.929509
-0.264374 0.932721
-0.263292 0.934270
-0.267231 0.934632
-0.266477 0.937735
-0.263902 0.937869
-0.258326 0.941749
-0.262649 0.943072
-0.259323 0.943948
-0.265757 0.944546
-0.265064 0.948519
-0.258136 0.953014
-0.257292 0.951905
-0.258369 0.952979
-0.260454 0.954784
-0.256784 0.953800
-0.256363 0.955312
-0.249619 0.959594
-0.251892 0.961308
-0.249327 0.962452
-0.248542 0.963019
-0.250193 0.962903
-0.246852 0.969929
-0.246710 0.970796
-0.246252 0.973058
-0.247725 0.972860
-0.249804 0.974665
-0.247457 0.974862
-0.247807 0.978773
-0.249786 0.980490
-0.248508 0.981277
-0.247724 0.980224
-0.249832 0.984061
-0.246978 0.986343
-0.246252 0.988420
-0.245425 0.989663
-0.246181 0.989042
-0.249486 0.989665
-0.260314 0.993546
-0.260868 0.992846
-0.263007 0.994891
-0.258441 0.996156
-0.263866 0.995290
-0.265399 0.997251
-0.259388 0.999804
-0.264124 0.999488
-0.261762 1.002717
-0.263131 1.002010
-0.260365 1.001247
-0.256402 1.004568
-0.256781 1.007410
-0.258709 1.007396
-0.256143 1.007238
-0.257307 1.010053
-0.256010 1.013047
-0.253375 1.012513
-0.253331 1.016268
-0.252892 1.016039
-0.252886 1.017521
-0.252030 1.019126
-0.249547 1.021183
-0.247711 1.022994
-0.248245 1.023803
-0.248210 1.024620
-0.246010 1.028048
-0.245292 1.030632
-0.243589 1.030945
-0.246976 1.030708
-0.246743 1.033507
-0.246099 1.034247
-0.247456 1.036198
-0.261714 1.039016
-0.264119 1.039429
-0.266702 1.040097
-0.264628 1.041829
-0.263496 1.041525
-0.278957 1.041723
-0.276133 1.043313
-0.279390 1.044835
-0.279192 1.044832
-0.277477 1.044932
-0.279145 1.046405
-0.275511 1.049182
-0.275567 1.049859
-0.273746 1.048840
-0.274952 1.047743
-0.275007 1.048975
-0.273386 1.050464
-0.265261 1.055271
-0.263380 1.055162
-0.271118 1.056332
-0.274127 1.057024
-0.270835 1.061672
-0.274116 1.063255
-0.270877 1.070162
-0.269877 1.067461
-0.271809 1.069322
-0.273219 1.070212
-0.273918 1.073120
-0.272546 1.077539
-0.273474 1.079084
-0.274091 1.077757
-0.269326 1.079465
-0.270159 1.079574
-0.270152 1.082948
-0.267226 1.082519
-0.267398 1.081519
-0.266876 1.084050
-0.266990 1.084300
-0.267331 1.085824
-0.267753 1.086219
-0.266653 1.087589
-0.267838 1.090777
-0.266214 1.093236
-0.266934 1.092639
-0.264982 1.097813
-0.262147 1.102938
-0.266381 1.112713
-0.266307 1.115200
-0.266137 1.116348
-0.271763 1.125563
-0.272017 1.126073
-0.270018 1.127839
-0.267321 1.127890
-0.269787 1.129729
-0.268465 1.132969
-0.274206 1.132850
-0.275476 1.135467
-0.276006 1.138818
-0.273564 1.140912
-0.244381 1.140913
-0.293644 1.159526
-0.296100 1.156513
-0.293329 1.158081
-0.292686 1.157715
-0.290174 1.160648
-0.288293 1.161333
-0.291390 1.163389
-0.287964 1.164987
-0.288113 1.164747
-0.290030 1.165886
-0.273443 1.169630
-0.274782 1.172306
-0.275204 1.174142
-0.278267 1.174356
-0.277533 1.176280
-0.276541 1.181199
-0.271471 1.183328
-0.273746 1.185441
-0.271016 1.185951
-0.274201 1.187595
-0.275958 1.188053
-0.268835 1.193940
-0.268344 1.194757
-0.268550 1.196709
-0.266641 1.196515
-0.267362 1.198819
-0.268893 1.200422
-0.268074 1.201784
-0.263213 1.204550
-0.267115 1.204394
-0.266994 1.206500
-0.266356 1.207166
-0.268323 1.208725
-0.264341 1.211429
-0.264490 1.210981
-0.260037 1.212872
-0.264603 1.212434
-0.264582 1.215831
-0.265186 1.215856
-0.262849 1.217075
-0.266363 1.220218
-0.269819 1.219653
-0.265927 1.220718
-0.277670 1.219791
-0.276151 1.219879
-0.275926 1.224383
-0.277804 1.225738
-0.274472 1.225691
-0.273207 1.227074
-0.279025 1.228291
-0.278624 1.227889
-0.278082 1.228804
-0.279703 1.230604
-0.279263 1.232965
-0.286543 1.239585
-0.290541 1.254419
-0.293228 1.266926
-0.296365 1.275999
-0.297122 1.277420
-0.294806 1.279943
-0.297808 1.281526
-0.300939 1.282077
-0.299762 1.282260
-0.299301 1.283112
-0.300548 1.281852
-0.303074 1.280684
-0.303152 1.282506
-0.304772 1.284952
-0.305002 1.286804
-0.302810 1.287621
-0.305665 1.289006
-0.305256 1.288690
-0.310022 1.292108
-0.316218 1.294480
-0.315747 1.305791
-0.313938 1.306244
-0.312000 1.305835
-0.311074 1.308738
-0.312967 1.309621
-0.313411 1.309547
-0.312511 1.309238
-0.313462 1.310214
-0.308770 1.311264
-0.310266 1.312310
-0.312404 1.316498
-0.313636 1.317940
-0.313170 1.318406
-0.317009 1.319836
-0.316402 1.323918
-0.318762 1.327127
-0.320393 1.328790
-0.322834 1.330640
-0.323822 1.331383
-0.323978 1.335604
-0.322897 1.333814
-0.322338 1.333731
-0.322458 1.334554
-0.323072 1.335568
-0.322855 1.337221
-0.326352 1.339958
-0.323010 1.338517
-0.323565 1.341298
-0.322656 1.339711
-0.321777 1.340174
-0.322228 1.342525
-0.324221 1.345678
-0.323933 1.346311
-0.327265 1.346760
-0.327493 1.348521
-0.327148 1.349409
-0.327828 1.353642
-0.326886 1.356288
-0.329468 1.359383
-0.329918 1.360329
-0.332741 1.373111
-0.337037 1.382773
-0.339381 1.385613
-0.336476 1.379878
-0.339181 1.381376
-0.328923 1.387133
-0.333734 1.394911
-0.330319 1.391623
-0.328584 1.391091
-0.325562 1.392056
-0.326136 1.393458
-0.325109 1.395011
-0.324694 1.396737
-0.323721 1.398724
-0.324422 1.400700
-0.325160 1.400762
-0.325586 1.402238
-0.325740 1.402388
-0.326686 1.404512
-0.326168 1.406727
-0.326109 1.406527
-0.326938 1.408490
-0.330244 1.410731
-0.330078 1.411036
-0.330447 1.413507
-0.331319 1.417702
-0.328497 1.418664
-0.328664 1.419807
-0.329035 1.421493
-0.331087 1.420729
-0.330605 1.423012
-0.333949 1.423181
-0.333912 1.425041
-0.338109 1.428332
-0.341237 1.429576
-0.338201 1.432019
-0.341540 1.433125
-0.340626 1.434866
-0.341575 1.433085
-0.343551 1.434535
-0.341297 1.436473
-0.342768 1.436220
-0.343159 1.437150
-0.342727 1.437545
-0.342175 1.437693
-0.342929 1.438756
-0.343252 1.439489
-0.344041 1.439737
-0.341823 1.442466
-0.342733 1.443460
-0.342280 1.443825
-0.342654 1.447629
-0.342769 1.448753
-0.349128 1.464543
-0.349944 1.468649
-0.349581 1.469971
-0.350433 1.473085
-0.352067 1.474446
-0.353906 1.474248
-0.353781 1.475520
-0.354560 1.477451
-0.355324 1.478364
-0.360032 1.478072
-0.361655 1.480313
-0.359853 1.479628
-0.361484 1.482050
-0.358608 1.480921
-0.360175 1.480455
-0.362043 1.481309
-0.361213 1.479944
-0.357571 1.478974
-0.357556 1.476438
-0.358560 1.478204
-0.354496 1.456414
-0.354918 1.455418
-0.356230 1.474862
-0.369826 1.529514
-0.370946 1.566475
-0.373341 1.541433
-0.366228 1.544301
-0.360572 1.546578
-0.363843 1.548665
-0.369694 1.551404
-0.375214 1.545801
-0.386658 1.547370
-0.396650 1.544484
-0.411371 1.562044
-0.442363 1.589059
-0.459329 1.574042
-0.480496 1.559651
-0.482928 1.558761
-0.491475 1.576100
-0.494676 1.572747
-0.493729 1.564581
-0.491351 1.554865
-0.482220 1.549939
-0.474126 1.546667
-0.472674 1.547306
-0.479850 1.552264
-0.482755 1.564709
-0.489764 1.569215
-0.490197 1.581405
-0.496273 1.590538
-0.499904 1.596269
-0.505560 1.602711
-0.511954 1.607929
-0.523252 1.660859
-0.489102 1.605635
-0.457280 1.600295
-0.451835 1.606135
-0.461080 1.613924
-0.461705 1.722542
-0.476873 1.740178
-0.499952 1.713836
-0.487888 1.593207
-0.484350 1.393862
-0.731687 1.466464
-0.647218 1.222534
-0.552719 0.719256
-0.781469 0.742059
-0.961923 1.093710
-0.626726 0.652261
-0.417004 0.371087
-0.353327 0.287577
-0.324223 0.338039
-0.211530 0.059149
0.129475 -0.602904
0.338001 -1.156608
0.275270 -0.908321
0.282921 -0.816116
0.207412 -0.674731
-0.057975 -0.083309
-0.284128 0.436136
-0.325337 0.313498
-0.576975 0.426380
-0.768424 0.559940
-0.710007 0.671311
-0.455515 0.209783
-0.741484 -0.384242
-1.496302 -0.125462
-2.252965 0.719124
-3.051418 0.224027
-2.193295 0.797088
-1.470274 0.867474
-0.730874 1.157517
0.470118 0.759532
0.497913 0.144656
0.990011 -0.469635
1.109653 -1.513702
1.576655 -1.871393
1.964240 -2.579724
2.547201 -3.501036
3.143715 -4.751390
3.727211 -6.112808
4.017522 -7.532770
4.970141 -8.231285
6.164868 -9.519087
7.219696 -10.345514
7.939569 -10.132594
7.892566 -9.256159
8.596463 -9.106705
9.155580 -9.075201
10.589904 -9.527887
10.457264 -10.426393
11.898675 -13.403062
11.010410 -12.242818
10.795595 -11.792130
9.335849 -12.119483
10.301269 -13.707908
10.094908 -14.122957
9.691644 -14.844745
9.593658 -15.560460
10.175451 -15.985739
10.296872 -17.364216
10.992051 -19.106928
11.692343 -19.285582
11.581883 -18.240811
11.068635 -17.451223
11.619694 -17.585091
11.900258 -16.870145
12.221378 -16.659531
12.626003 -16.393767
13.449218 -15.938769
13.695878 -15.456669
13.778437 -15.078475
13.974897 -15.102798
14.410135 -15.365125
14.367574 -14.654152
14.473394 -13.519514
14.796517 -12.319756
16.169314 -11.704658
16.917925 -10.834246
17.473432 -8.780083
14.082488 -9.172186
12.100915 -8.452400
11.632448 -7.687107
10.023236 -7.997379
10.100974 -7.895128
9.883387 -7.805499
10.633631 -7.677755
10.147004 -7.843880
6.736834 -7.180554
6.780530 -6.712970
4.845028 -6.365772
2.607030 -5.299870
2.127331 -5.257203
2.238446 -6.690171
1.837981 -7.257153
1.348819 -5.936668
2.215607 -5.402655
3.968274 -7.473365
4.271022 -9.048395
2.339611 -8.350613
-0.183669 -6.311249
-0.346739 -6.443974
-1.488492 -5.723201
-1.389862 -5.620564
-0.281779 -6.448235
-1.100645 -6.458143
-2.086972 -6.096046
-1.945936 -6.243048
-2.476642 -6.008762
-1.538346 -5.586870
-0.790098 -4.103851
-0.615044 -3.310211
-2.008503 -2.724229
-3.362988 -2.964162
-4.402347 -4.293241
-4.776435 -3.382099
-5.513260 -5.615902
-4.361136 -6.254917
-2.133310 -6.502872
0.775752 -6.400245
2.070725 -6.660707
2.520578 -7.406118
3.143574 -7.560258
2.391072 -6.168199
3.131447 -5.364045
3.664753 -5.769085
2.150513 -4.679882
1.269592 -3.846831
3.651737 -6.363196
4.874554 -7.686130
3.281519 -5.782646
-0.630167 -1.241508
-1.488718 -2.799689
-1.834028 -2.428291
-3.350943 -0.723092
-4.835911 1.016670
-6.443436 2.879063
-4.215192 2.362733
-4.801935 2.854222
-1.076165 -0.766990
3.027408 -5.597461
5.640609 -8.765316
6.262817 -9.421649
5.988776 -10.059626
5.801601 -10.038637
6.103645 -10.483407
6.620372 -10.995413
6.875520 -11.249638
6.816842 -11.146282
5.669429 -10.941488
6.115072 -11.428584
6.547657 -12.121223
6.084084 -11.769857
6.462339 -11.622831
5.519793 -10.509860
1.909274 -6.742542
1.597752 -6.265191
1.263771 -5.759175
-0.088640 -4.287601
-1.448749 -2.970054
-1.404901 -2.989652
-1.956099 -2.362602
-2.076112 -2.209125
-2.580581 -1.687148
-2.546199 -1.761524
-2.375977 -1.950785
-1.757201 -2.677146
-1.253031 -3.358321
-1.329764 -3.412126
-0.847124 -3.904261
-0.319219 -4.689323
-0.264840 -4.779507
0.211263 -5.184298
1.280153 -6.127280
2.052440 -6.787040
-2.944800 -2.090909
-3.040787 -1.996412
-3.184337 -1.846700
-4.824061 -0.142361
-5.664359 0.754594
-5.908346 1.110172
-10.765698 6.491245
-11.404220 7.223990
-12.922399 9.016856
-13.530228 9.704447
-13.477389 9.681591
-13.515079 9.732191
-15.142266 11.642113
-15.615435 12.234615
-16.497311 13.378992
-16.901080 13.861654
-17.402082 14.482410
-33.920620 37.218483
-34.680568 38.306985
-34.770871 38.420677
-34.984835 38.732198
-34.999186 38.747947
-35.123760 38.942356
-35.133238 38.957395
-35.130135 38.955148
-35.161402 38.990503
-35.236039 39.088023
-34.492585 38.210361
-34.468284 38.174454
-34.463345 38.167668
-34.459614 38.159070
-34.459757 38.159061
-33.917629 37.495930
-33.919278 37.498051
-33.915905 37.496610
-33.912313 37.492572
-33.910264 37.486963
-33.902770 37.484020
-28.919458 32.106335
-28.910798 32.088523
-29.258017 32.542110
-30.197117 33.829231
-31.132011 35.109117
-30.787954 35.351525
-30.985267 35.627756
-31.710624 36.614405
-31.962643 36.923311
-32.265903 37.333509
-32.196701 37.220810
-32.400190 37.509102
-32.267601 37.323513
-31.895822 36.801371
-31.911072 36.837905
-31.900895 36.824879
-31.908029 36.836753
-31.892614 36.796468
-31.876348 36.762594
-31.881364 36.767493
-31.884665 36.783521
-31.872489 36.757588
-31.842128 36.711159
-31.821557 36.675005
-31.843649 36.701305
-31.853827 36.726613
-31.809408 36.632720
-31.783890 36.575507
-31.773564 36.550507
-31.799297 36.592272
-31.766314 36.556795
-31.779697 36.576973
-31.768212 36.552344
-31.782012 36.576308
-31.762023 36.552679
-31.781888 36.587766
-31.783673 36.563943
-31.833175 36.620282
-31.804687 36.571707
-31.826845 36.616878
-31.822944 36.615789
-31.780621 36.553815
-31.782002 36.545019
-31.791803 36.556870
-31.827326 36.620674
-31.811835 36.589590
-31.783221 36.532136
-31.749616 36.495272
-31.747874 36.477470
-31.747198 36.480160
-31.704910 36.418483
-31.732839 36.453780
-31.750554 36.468349
-31.733933 36.468826
-31.763649 36.515662
-31.793940 36.547098
-31.789898 36.533216
-31.813507 36.575114
-31.784257 36.605858
-31.898154 36.775653
-32.087853 37.055988
-31.989787 36.902934
-31.967699 36.891131
-31.996304 36.932427
-31.957212 36.870499
-31.960141 36.861675
-31.971332 36.878794
-31.961517 36.874220
-31.912964 36.791832
-31.926424 36.802852
-31.898102 36.760314
-31.878984 36.730324
-31.921582 36.785851
-31.904490 36.771849
-31.909676 36.778651
-31.948530 36.828382
-31.970017 36.856842
-31.927673 36.794236
-31.957001 36.824888
-31.952752 36.829635
-31.934904 36.795987
-31.964208 36.827687
-31.988623 36.875947
-32.012836 36.921406
-31.997181 36.873136
-31.998871 36.865875
-32.015277 36.900985
-31.961345 36.821178
-31.990380 36.873398
-31.985183 36.845718
-31.999288 36.874764
-32.037340 36.938664
-32.048387 36.953366
-31.991600 36.843847
-32.032822 36.902689
-32.022832 36.893530
-32.025558 36.902137
-31.954557 36.775521
-31.993799 36.836686
-32.029763 36.896092
-31.975311 36.818024
-32.023556 36.889876
-32.028447 36.898910
-32.033513 36.891000
-32.015667 36.870857
-32.050210 36.922476
-32.001035 36.862462
-32.046007 36.925772
-32.034859 36.913128
-32.037743 36.958294
-32.076062 37.017706
-32.102893 37.063414
-32.132526 37.092124
-32.156813 37.122944
-32.217470 37.214349
-32.202739 37.162152
-32.201339 37.192371
-32.129247 37.105874
-32.158518 37.150341
-32.130227 37.092708
-32.178207 37.162953
-32.175199 37.138880
-32.183996 37.157046
-32.158742 37.111319
-32.165068 37.099100
-32.110722 37.017622
-32.154837 37.091135
-32.149187 37.077726
-32.161665 37.108364
-32.167319 37.139873
-32.156738 37.119866
-32.202125 37.179866
-32.208081 37.193809
-32.197564 37.184220
-32.168147 37.117632
-32.162513 37.107245
-32.153602 37.088205
-32.162299 37.102438
-32.169266 37.117231
-32.186990 37.159676
-32.188819 37.144846
-32.218189 37.176325
-32.224366 37.194525
-32.211539 37.182761
-32.253789 37.302764
-32.227165 37.250632
-32.279889 37.319659
-32.257010 37.294141
-32.358646 37.469783
-32.357084 37.551245
-32.412534 37.636598
-32.434844 37.677307
-32.480334 37.760950
-32.490957 37.772033
-32.454104 37.771098
-32.454131 37.792508
-32.449770 37.790185
-32.554729 37.953416
-32.517080 37.882144
-32.545009 37.923480
-32.520843 37.851258
-32.514096 37.854997
-32.465193 37.787203
-32.472863 37.812339
-32.457327 37.787962
-32.484820 37.831593
-32.502719 37.862931
-32.462395 37.790409
-32.461206 37.774745
-32.438078 37.745606
-32.450049 37.763413
-32.425263 37.727921
-32.395165 37.678810
-32.397409 37.677815
-32.388270 37.668478
-32.440420 37.768610
-32.401174 37.691775
-32.401652 37.684380
-32.373424 37.628280
-32.367384 37.619943
-32.348146 37.567504
-32.347658 37.567709
-32.344270 37.567168
-32.331999 37.546626
-32.354012 37.595793
-32.336774 37.593459
-32.366773 37.648755
-32.378002 37.654197
-32.422209 37.744599
-32.394212 37.680669
-32.429134 37.794434
-32.467462 37.855829
-32.447038 37.819933
-32.475424 37.872169
-32.555357 38.010451
-32.539403 38.002174
-32.577734 38.078801
-32.581156 38.097041
-32.551096 38.050387
-32.506418 37.986019
-32.547042 38.042741
-32.531738 38.028665
-32.534307 38.031205
-32.517679 37.995306
-32.503025 37.975906
-32.512927 38.011021
-32.513660 38.024434
-32.490910 37.986691
-32.511840 38.019202
-32.490465 37.985497
-32.524214 38.055545
-32.546416 38.092328
-32.542528 38.076022
-32.525276 38.034335
-32.506117 38.002965
-32.490088 37.984180
-32.490624 37.964201
-32.462486 37.919077
-32.442150 37.867265
-32.448305 37.873184
-32.449348 37.879816
-32.502408 37.969145
-32.474083 37.898485
-32.450382 37.835703
-32.450931 37.866885
-32.448708 37.899512
-32.432543 37.880586
-32.453535 37.903033
-32.416682 37.840003
-32.433281 37.879623
-32.428889 37.885688
-32.456777 37.935262
-32.492574 38.001222
-32.468968 37.963723
-32.450571 37.925282
-32.506076 38.032317
-32.453954 37.935476
-32.478515 37.986410
-32.442695 37.934847
-32.460797 37.973308
-32.480686 38.011579
-32.548374 38.121475
-32.526888 38.074865
-32.556846 38.135414
-32.607760 38.221101
-32.626541 38.259264
-32.642761 38.295295
-32.670806 38.342882
-32.624001 38.339998
-32.704700 38.495127
-32.733656 38.551209
-32.835087 38.748110
-32.825496 38.711987
-32.873698 38.800064
-32.859512 38.784726
-32.781947 38.656333
-32.824906 38.758679
-32.730190 38.567521
-32.771492 38.643366
-32.745757 38.606296
-32.767636 38.591730
-33.150550 38.940698
-33.477677 39.143567
-34.007812 39.361244
-34.143399 38.896310
-34.362285 38.901289
-34.430645 38.634604
-34.355634 38.386986
-34.142523 37.975678
-34.138725 37.987746
-34.080010 37.967925
-34.075452 38.037958
-34.030348 38.011663
-33.982039 37.924076
-34.084204 38.153849
-34.151030 38.346531
-34.061138 38.273221
-34.024006 38.260405
-34.108975 38.409539
-34.070223 38.376113
-34.119824 38.460189
-34.148081 38.520433
-34.130210 38.540283
-34.139344 38.640074
-34.214464 38.919034
-34.131012 38.865634
-34.084625 38.881367
-34.067723 38.945608
-34.229102 39.274232
-34.266075 39.298602
-34.277262 39.311227
-34.185127 39.182300
-34.146574 39.097074
-34.136602 39.088733
-34.115886 39.047057
-34.123011 39.077994
-34.110428 39.109984
-34.076459 39.104949
-34.063910 39.169392
-34.061662 39.261451
-34.016668 39.238713
-34.034798 39.305077
-34.034463 39.368723
-33.985641 39.352796
-33.971688 39.324338
-33.946596 39.294690
-33.905437 39.206726
-33.928457 39.248983
-33.935690 39.307868
-33.895429 39.345793
-33.919142 39.354866
-33.848941 39.475039
-33.650426 39.336909
-33.265831 38.990301
-33.127412 38.985993
-33.134644 38.906869
-33.051777 38.937908
-32.924278 38.812904
-32.948991 38.903422
-32.911498 38.885538
-32.903969 38.853423
-32.971070 38.958334
-33.017274 38.926982
-32.822408 38.338669
-32.954539 38.603350
-33.011783 38.589392
-32.940595 38.293191
-32.981342 38.301749
-33.033872 38.321607
-32.919666 38.060474
-32.937173 38.048851
-32.990373 38.133670
-33.065550 38.262049
-33.019060 38.197296
-33.091036 38.346276
-32.990612 37.977414
-33.103331 38.729977
-32.403365 37.652922
-32.226628 37.367896
-32.165460 37.329480
-32.367817 37.093437
-32.327631 37.040832
-32.378171 37.131459
-31.862262 36.383198
-30.872600 34.968174
-31.088070 35.454813
-31.987536 36.729135
-31.506684 36.049225
-31.382256 35.915514
-31.799640 36.518594
-32.568401 37.554936
-32.218373 36.678400
-32.469855 37.151491
-32.459491 37.456080
-33.526087 39.104090
-33.825622 39.550281
-33.566270 39.400025
-35.660168 39.530728
-36.660915 41.004765
-38.452054 43.813171
-38.618773 44.809520
-38.552863 45.259353
-39.478064 46.564061
-39.232145 46.610868
-38.955901 46.479932
-38.029663 45.611694
-38.036705 45.760221
-38.560872 46.033113
-38.264230 44.871084
-37.904369 44.086678
-36.447390 42.108419
-34.692573 40.012152
-33.063477 38.139566
-32.582292 36.708216
-32.429365 36.570219
-31.836078 35.773676
-30.860303 34.502334
-30.530883 34.076642
-30.813034 34.204854
-30.820201 34.197656
-30.794145 34.140131
-30.794316 34.126877
-30.651429 33.959127
-30.069680 33.220285
-29.531714 32.032750
-29.128670 31.510136
-28.523611 30.689933
-29.684601 32.040904
-30.461932 32.975404
-30.730361 33.283455
-30.823192 33.222906
-30.654741 33.022331
-30.631888 33.008181
-29.485563 31.645469
-29.018658 31.112642
-26.935711 28.788681
-24.804697 26.689661
-24.859567 26.746028
-25.849672 27.924645
-26.509292 28.713470
-26.567801 28.774983
-26.326983 28.470344
-26.367908 28.513456
-26.658251 28.879665
-27.496445 29.840618
-29.774844 32.285985
-30.628177 33.251990
-30.923055 33.440596
-30.890672 33.378751
-30.968285 33.472056
-31.801183 34.476771
-31.835441 34.533864
-31.822532 34.471627
-31.676971 34.277298
-31.434116 33.982678
-31.458625 33.992641
-31.447662 33.991101
-31.358277 34.261788
-32.405678 35.477706
-32.532198 35.566972
-32.583919 35.642290
-32.676009 35.803163
-32.714796 35.832234
-32.449904 35.800515
-32.830474 36.254445
-33.095533 36.556722
-33.276500 36.752383
-33.171101 36.614861
-33.170417 36.523748
-33.153147 36.488621
-33.050085 36.358417
-32.963870 36.257774
-32.843028 36.124055
-32.714008 35.781487
-32.543254 35.582345
-32.583129 35.668141
-32.440562 35.450825
-32.456569 35.511079
-32.432639 35.467691
-32.429545 35.469168
-32.366977 35.417163
-32.490112 35.567165
-32.350694 35.378095
-32.410464 35.450063
-32.359158 35.372014
-32.363506 35.399071
-32.330543 35.385173
-32.292818 35.342430
-32.298189 35.343757
-32.315906 35.349331
-32.325535 35.400869
-32.355309 35.442763
-32.331283 35.386619
-32.343878 35.405129
-32.293366 35.323895
-32.312931 35.353086
-32.258387 35.269289
-32.242151 35.254220
-32.235119 35.248168
-32.282670 35.275070
-32.289705 35.296443
-32.288313 35.288282
-32.295501 35.306838
-32.243586 35.272324
-32.137638 35.151233
-32.107671 35.167440
-32.009281 35.011707
-32.020445 35.048391
-32.044049 35.086907
-32.044106 35.085579
-32.048745 35.073924
-31.984804 34.921601
-31.979331 34.922834
-31.933127 34.849572
-31.921121 34.836799
-31.840064 34.767776
-31.800806 34.676017
-31.824746 34.708594
-31.774695 34.630327
-31.791610 34.655656
-31.756386 34.608868
-31.842977 34.695880
-31.886828 34.937623
-32.038833 35.102216
-32.383281 35.533734
-32.387634 35.564884
-32.225936 35.344548
-32.252423 35.331141
-32.202380 35.260328
-32.210153 35.262637
-32.231489 35.302425
-32.208088 35.291958
-32.181210 35.234658
-32.211547 35.230977
-32.153137 35.154007
-32.167871 35.185643
-32.134355 35.134155
-32.127680 35.150053
-32.098546 35.079382
-32.093484 35.018181
-32.005282 34.932789
-32.016874 34.953674
-32.059815 35.024734
-31.962187 34.851289
-32.029905 34.963989
-31.984043 34.903918
-32.006874 34.941123
-32.008812 34.952086
-32.014189 34.934724
-32.084770 35.091741
-32.109317 35.106573
-32.093203 35.098892
-32.076487 35.100789
-32.118063 35.152226
-32.089021 35.087377
-32.109772 35.074585
-32.149993 35.148006
-32.038847 34.990921
-32.093431 35.059513
-32.052923 34.991813
-32.097679 35.048124
-32.160435 35.101885
-32.131938 35.081837
-32.105065 35.053351
-32.098332 35.059454
-32.098419 35.051574
-32.137639 35.041624
-32.158791 35.093517
-32.086128 34.987510
-32.088864 35.010769
-32.045623 34.930311
-32.000553 34.864350
-31.978223 34.775161
-31.995492 34.813960
-31.975427 34.786521
-31.996909 34.781782
-32.008629 34.789020
-31.983891 34.760711
-31.989726 34.784353
-31.974241 34.766227
-32.003141 34.808725
-31.972923 34.767507
-31.977084 34.753755
-32.027620 34.777080
-31.998975 34.727572
-31.982980 34.742066
-31.952489 34.696892
-31.984551 34.776304
-31.916881 34.780692
-32.068276 34.977730
-32.110808 35.006899
-32.098958 35.003846
-32.212162 35.191994
-32.285857 35.263556
-32.222495 35.499583
-32.291076 35.582247
-32.880627 36.320840
-32.902419 36.322382
-32.894727 36.305998
-32.900531 36.303432
-32.835525 36.242956
-32.856187 36.294459
-32.783757 36.195719
-32.746666 36.152247
-32.700614 36.102253
-32.721526 36.130722
-32.671169 36.048983
-32.715990 36.103035
-32.700676 36.066069
-32.701486 36.071138
-32.614884 35.919542
-32.550564 35.826947
-32.610916 35.890853
-32.596998 35.841568
-32.702566 36.050467
-32.576658 35.853657
-32.805307 35.918306
-32.419144 35.347069
-32.165433 35.016389
-32.166516 35.042755
-32.208673 35.110952
-32.205433 35.253854
-32.293882 35.384456
-32.296976 35.359823
-32.383009 35.504172
-32.436470 35.537072
-32.462629 35.564369
-32.458607 35.560465
-32.463981 35.576755
-32.455501 35.573844
-32.478481 35.627162
-32.536178 35.724818
-32.519194 35.689378
-32.509562 35.774796
-32.606949 35.909923
-32.572296 35.832216
-32.593328 35.861174
-32.581323 35.834104
-32.576546 35.832211
-32.544198 35.814662
-32.620960 35.880907
-32.603185 35.849028
-32.645897 35.907169
-32.655427 35.926478
-32.614084 35.935947
-32.671222 35.987189
-32.722662 36.026030
-32.736766 36.051140
-32.674707 35.994651
-32.661109 35.900019
-32.647564 35.891260
-32.475037 35.566210
-32.527773 35.659748
-32.549975 35.719320
-32.579138 35.761960
-32.546357 35.719921
-32.652067 35.892501
-32.639879 35.883142
-32.694321 35.966682
-32.703757 35.965954
-32.711453 35.952514
-32.725395 35.998732
-32.689627 35.953219
-32.692572 35.965857
-32.666646 35.910238
-32.640828 35.879737
-32.701246 35.969383
-32.581934 35.774172
-32.677892 35.944392
-32.683363 35.935660
-32.710122 35.980861
-32.736615 36.075864
-32.796065 36.149568
-32.762235 36.070719
-32.800907 36.131467
-32.737117 35.996690
-32.798090 36.118032
-32.729602 35.882834
-32.721992 35.872166
-32.680051 35.808641
-32.556919 35.588621
-32.500567 35.490226
-32.555937 35.650287
-32.600282 35.717012
-32.645594 35.761451
-32.710946 35.879676
-32.689158 35.847058
-32.737409 36.032634
-32.791988 36.103885
-32.852984 36.189974
-32.938636 36.379758
-32.938575 36.402881
-32.949459 36.416166
-32.945799 36.352199
-32.937914 36.311235
-32.962654 36.364912
-32.945133 36.355662
-32.943496 36.348454
-32.920731 36.223177
-32.850068 36.124693
-32.872436 36.179339
-32.839173 36.084464
-32.959657 36.296381
-32.916705 36.229441
-32.911496 36.259520
-32.903397 36.250591
-32.891065 36.225730
-32.924515 36.274977
-32.893616 36.243214
-32.967988 36.388223
-32.924977 36.280839
-32.948796 36.321146
-32.933106 36.286625
-32.879411 36.218789
-32.904931 36.272653
-32.898103 36.210286
-32.871308 36.145203
-32.837016 36.105572
-32.880136 36.208472
-32.876105 36.187287
-32.884235 36.198115
-32.848271 36.029947
-32.840122 36.040793
-32.839768 36.076438
-32.759609 35.884925
-32.734237 35.777561
-32.777692 35.861843
-32.789797 35.860946
-32.721596 35.759956
-32.783907 35.843975
-32.740855 35.764346
-32.716708 35.754511
-32.733933 35.791671
-32.736436 35.773111
-32.782780 35.865629
-32.714091 35.756542
-32.791720 35.916098
-32.812920 35.932173
-32.822863 35.937728
-32.769088 35.838528
-32.822004 35.948600
-32.782392 35.844989
-32.809292 35.939860
-32.758964 35.852295
-32.771177 35.877053
-32.786700 35.901447
-32.775394 35.878697
-32.759500 35.872517
-32.691127 35.722259
-32.731634 35.812504
-32.682686 35.727338
-32.658808 35.700272
-32.618644 35.618704
-32.706711 35.748415
-32.666455 35.673918
-32.787378 35.903737
-32.733676 35.791050
-32.740879 35.801812
-32.728938 35.758787
-32.767968 35.824828
-32.725811 35.769611
-32.717781 35.744751
-32.696470 35.695773
-32.686040 35.690046
-32.684631 35.650632
-32.688364 35.664641
-32.666854 35.604524
-32.648659 35.560767
-32.633763 35.552103
-32.596922 35.489713
-32.605578 35.464163
-32.617324 35.470239
-32.620492 35.455374
-32.615803 35.432846
-32.574182 35.395149
-32.566131 35.403142
-32.607668 35.472349
-32.590858 35.426612
-32.666533 35.560444
-32.705154 35.632781
-32.645176 35.537382
-32.641770 35.605209
-32.622614 35.550436
-32.657964 35.603144
-32.701059 35.688345
-32.700578 35.687297
-32.773827 35.821007
-32.719689 35.701225
-32.686870 35.644896
-32.691532 35.674327
-32.673864 35.632734
-32.663158 35.613902
-32.689020 35.625374
-32.671135 35.582895
-32.652109 35.564201
-32.662181 35.600008
-32.693402 35.599368
-32.683071 35.567264
-32.670376 35.549278
-32.628086 35.499709
-32.640866 35.516825
-32.651862 35.500490
-32.652054 35.510466
-32.666715 35.549242
-32.635144 35.486805
-32.695268 35.600288
-32.742097 35.711571
-32.814377 35.841549
-32.741482 35.680197
-32.679831 35.564647
-32.643589 35.524614
-32.824773 35.866005
-34.707280 36.586448
-36.201939 39.384254
-37.269070 41.301097
-37.844046 42.976152
-38.440940 44.790830
-35.666606 41.793796
-36.024029 42.003072
-36.381096 42.421419
-36.652946 42.608165
-37.043160 43.786256
-37.995190 45.492563
-38.936728 46.902245
-39.239738 47.736236
-39.195807 48.365963
-38.814423 48.395255
-38.396530 49.173033
-38.764466 49.873064
-38.898074 50.101373
-38.624233 50.725842
-38.917882 51.449717
-38.981977 52.322475
-39.858984 52.844997
-40.100819 53.923952
-39.913979 55.200583
-39.324787 55.453493
-38.599723 56.096035
-38.781125 56.799824
-38.779212 56.777077
-38.281699 56.410561
-38.021669 56.114828
-38.052020 55.450597
-38.213053 55.952843
-37.630318 56.791495
-37.485740 57.663661
-37.701008 58.200649
-37.546621 58.405201
-35.229850 58.856520
-34.738940 58.490856
-34.620844 57.656786
-34.284094 56.903926
-34.683021 56.496522
-34.990715 55.938291
-34.206956 55.047866
-34.028519 55.756862
-33.335272 56.298751
-33.378812 56.511788
-34.015891 57.090217
-33.531746 56.654616
-33.268275 56.230609
-33.192943 55.464460
-33.175614 54.964986
-33.257135 54.664931
-33.441688 53.968367
-33.436672 54.139991
-33.564133 54.256211
-33.420953 53.895835
-33.735931 54.096082
-34.216344 54.583396
-34.629783 55.056062
-34.774504 54.858481
-35.030660 54.599632
-35.384495 54.608908
-35.042331 53.854834
-35.037104 53.788083
-35.188133 53.885275
-35.199054 53.887286
-35.247038 53.861659
-35.187463 53.693311
-35.094592 53.378694
-35.137343 53.506467
-35.192291 53.620118
