3.771641 0.402910 153.848905
3.771641 0.402910 153.848905
3.771641 0.402910 153.848905
3.771641 0.402910 153.848905
2.295287 1.212057 156.165322
2.295287 1.212057 156.165322
2.295287 1.212057 156.165322
2.295287 1.212057 156.165322
2.295287 1.212057 156.165322
1.983488 1.597420 157.563571
1.983488 1.597420 157.563571
1.983488 1.597420 157.563571
1.983488 1.597420 157.563571
1.983488 1.597420 157.563571
1.983488 1.597420 157.563571
2.150366 1.814838 158.833809
2.150366 1.814838 158.833809
2.150366 1.814838 158.833809
2.150366 1.814838 158.833809
2.150366 1.814838 158.833809
2.137460 2.122426 160.045157
2.137460 2.122426 160.045157
2.137460 2.122426 160.045157
2.137460 2.122426 160.045157
2.137460 2.122426 160.045157
2.137460 2.122426 160.045157
1.482171 3.022154 160.775154
1.482171 3.022154 160.775154
1.482171 3.022154 160.775154
1.482171 3.022154 160.775154
1.482171 3.022154 160.775154
2.219660 2.084851 162.802572
2.219660 2.084851 162.802572
2.219660 2.084851 162.802572
2.219660 2.084851 162.802572
2.219660 2.084851 162.802572
2.219660 2.084851 162.802572
1.828407 1.141036 164.139309
1.828407 1.141036 164.139309
1.828407 1.141036 164.139309
1.828407 1.141036 164.139309
1.828407 1.141036 164.139309
0.892652 0.927532 163.680771
0.892652 0.927532 163.680771
0.892652 0.927532 163.680771
0.892652 0.927532 163.680771
0.892652 0.927532 163.680771
0.892652 0.927532 163.680771
2.279468 2.190625 161.090025
2.279468 2.190625 161.090025
2.279468 2.190625 161.090025
2.279468 2.190625 161.090025
2.279468 2.190625 161.090025
0.702311 2.138938 158.438232
0.702311 2.138938 158.438232
0.702311 2.138938 158.438232
0.702311 2.138938 158.438232
0.702311 2.138938 158.438232
1.106119 3.096811 154.916532
1.106119 3.096811 154.916532
1.106119 3.096811 154.916532
1.106119 3.096811 154.916532
1.106119 3.096811 154.916532
1.106119 3.096811 154.916532
0.668286 0.208648 147.450110
0.668286 0.208648 147.450110
0.668286 0.208648 147.450110
0.668286 0.208648 147.450110
0.668286 0.208648 147.450110
0.589837 0.626832 144.904936
0.589837 0.626832 144.904936
0.589837 0.626832 144.904936
0.589837 0.626832 144.904936
0.589837 0.626832 144.904936
-2.929945 0.137667 145.664016
-2.929945 0.137667 145.664016
-2.929945 0.137667 145.664016
-2.929945 0.137667 145.664016
-2.929945 0.137667 145.664016
-0.207389 0.663581 145.659276
-0.207389 0.663581 145.659276
-0.207389 0.663581 145.659276
-0.207389 0.663581 145.659276
-0.207389 0.663581 145.659276
-0.207389 0.663581 145.659276
0.119477 2.196227 142.117222
0.119477 2.196227 142.117222
0.119477 2.196227 142.117222
0.119477 2.196227 142.117222
0.119477 2.196227 142.117222
-0.295157 2.300958 141.306751
-0.295157 2.300958 141.306751
-0.295157 2.300958 141.306751
-0.295157 2.300958 141.306751
-0.295157 2.300958 141.306751
-0.844383 2.504222 139.929990
-0.844383 2.504222 139.929990
-0.844383 2.504222 139.929990
-0.844383 2.504222 139.929990
-0.844383 2.504222 139.929990
-0.844383 2.504222 139.929990
-0.824598 2.794591 138.306686
-0.824598 2.794591 138.306686
-0.824598 2.794591 138.306686
-0.824598 2.794591 138.306686
-0.824598 2.794591 138.306686
-0.824598 2.794591 138.306686
-1.494178 3.787807 137.857123
-1.494178 3.787807 137.857123
-1.494178 3.787807 137.857123
-1.494178 3.787807 137.857123
-1.494178 3.787807 137.857123
-1.234577 4.487372 139.377141
-1.234577 4.487372 139.377141
-1.234577 4.487372 139.377141
-1.234577 4.487372 139.377141
-1.234577 4.487372 139.377141
-1.234577 4.487372 139.377141
-1.319114 1.455977 141.879913
-1.319114 1.455977 141.879913
-1.319114 1.455977 141.879913
-1.319114 1.455977 141.879913
-1.319114 1.455977 141.879913
1.166919 -3.170238 143.600752
1.166919 -3.170238 143.600752
1.166919 -3.170238 143.600752
1.166919 -3.170238 143.600752
1.166919 -3.170238 143.600752
2.830496 -3.310200 145.418990
2.830496 -3.310200 145.418990
2.830496 -3.310200 145.418990
2.830496 -3.310200 145.418990
2.830496 -3.310200 145.418990
2.584392 -3.249338 146.860720
2.584392 -3.249338 146.860720
2.584392 -3.249338 146.860720
2.584392 -3.249338 146.860720
2.584392 -3.249338 146.860720
2.584392 -3.249338 146.860720
1.179728 -3.763546 147.949220
1.179728 -3.763546 147.949220
1.179728 -3.763546 147.949220
1.179728 -3.763546 147.949220
1.179728 -3.763546 147.949220
2.264811 -3.000163 147.632886
2.264811 -3.000163 147.632886
2.264811 -3.000163 147.632886
2.264811 -3.000163 147.632886
2.264811 -3.000163 147.632886
2.264811 -3.000163 147.632886
4.432952 -1.702870 146.583236
4.432952 -1.702870 146.583236
4.432952 -1.702870 146.583236
4.432952 -1.702870 146.583236
4.432952 -1.702870 146.583236
3.395378 0.123571 147.083425
3.395378 0.123571 147.083425
3.395378 0.123571 147.083425
3.395378 0.123571 147.083425
3.395378 0.123571 147.083425
2.301010 0.655353 146.979360
2.301010 0.655353 146.979360
2.301010 0.655353 146.979360
2.301010 0.655353 146.979360
2.301010 0.655353 146.979360
2.804101 0.664021 146.604150
2.804101 0.664021 146.604150
2.804101 0.664021 146.604150
2.804101 0.664021 146.604150
2.804101 0.664021 146.604150
4.028782 0.550876 146.335382
4.028782 0.550876 146.335382
4.028782 0.550876 146.335382
