0.000139 0.000005
-0.001254 0.002436
-0.002063 0.001336
-0.002814 0.003211
-0.003047 0.003346
-0.003582 0.007187
-0.002789 0.009235
-0.001475 0.013221
-0.001707 0.013739
-0.002552 0.019639
0.001866 0.023897
0.002401 0.025080
-0.001978 0.024527
-0.000590 0.026446
-0.000596 0.025842
0.001749 0.027160
0.002846 0.028456
0.003110 0.028546
0.001857 0.028831
-0.001150 0.029218
-0.008314 0.030274
-0.011818 0.032106
-0.018174 0.035426
-0.030096 0.040878
-0.036248 0.044344
-0.046863 0.050468
-0.052468 0.052444
-0.061590 0.056312
-0.070666 0.060360
-0.083434 0.065685
-0.092419 0.064523
-0.102198 0.067691
-0.112213 0.073154
-0.124640 0.078854
-0.134259 0.085673
-0.136523 0.092083
-0.148526 0.092845
-0.161085 0.097648
-0.172243 0.102709
-0.185164 0.102164
-0.198533 0.107086
-0.208756 0.112116
-0.223155 0.112189
-0.231490 0.119731
-0.237442 0.127436
-0.248426 0.126543
-0.260778 0.130639
-0.267643 0.136321
-0.277872 0.146644
-0.286032 0.154469
-0.293872 0.158102
-0.296575 0.149407
-0.304917 0.146845
-0.312347 0.146039
-0.317806 0.147812
-0.327145 0.146081
-0.336654 0.151629
-0.343674 0.155662
-0.351801 0.156287
-0.360050 0.155414
-0.370612 0.161035
-0.381171 0.168103
-0.393730 0.170148
-0.405490 0.175711
-0.415797 0.182431
-0.424804 0.184491
-0.430551 0.190846
-0.432499 0.194260
-0.444825 0.194261
-0.452812 0.202341
-0.461611 0.208304
-0.469240 0.213574
-0.473627 0.222748
-0.477217 0.231330
-0.474874 0.236155
-0.468008 0.245190
-0.464333 0.246399
-0.467174 0.258863
-0.476475 0.268630
-0.487112 0.276482
-0.494365 0.285976
-0.502310 0.291775
-0.509196 0.299172
-0.516887 0.304446
-0.525601 0.313742
-0.531708 0.325582
-0.539237 0.319448
-0.531173 0.317369
-0.537601 0.313569
-0.543095 0.327094
-0.549869 0.333014
-0.554429 0.342259
-0.558030 0.354485
-0.555725 0.340252
-0.554233 0.329337
-0.547625 0.327832
-0.536871 0.334059
-0.526554 0.342998
-0.503062 0.363653
-0.482140 0.367166
-0.479127 0.354539
-0.484177 0.363733
-0.488088 0.351967
-0.522968 0.342580
-0.541065 0.211194
-0.581298 0.190653
-0.575129 0.192593
-0.576799 0.191686
-0.580071 0.187650
-0.581375 0.182456
-0.583882 0.181209
-0.585200 0.181911
-0.578898 0.196671
-0.572090 0.201483
-0.568600 0.203401
-0.561559 0.201312
-0.569600 0.185624
-0.574489 0.173268
-0.577121 0.170674
-0.580044 0.168192
-0.584771 0.163735
-0.588125 0.158335
-0.589614 0.168419
-0.586709 0.175037
-0.546713 0.159414
-0.507896 0.168589
-0.525501 0.185328
-0.530446 0.187996
-0.530745 0.188228
-0.531142 0.188002
-0.531163 0.188004
-0.531165 0.188005
-0.531163 0.188004
-0.513868 0.177568
-0.514291 0.177663
-0.514021 0.177675
-0.514034 0.177692
-0.514065 0.177742
-0.514218 0.177882
-0.514282 0.177914
-0.514389 0.177977
-0.514473 0.178034
-0.514524 0.178082
-0.514616 0.178120
-0.514725 0.178254
-0.514825 0.178278
-0.514871 0.178318
-0.514958 0.178329
-0.515069 0.178413
-0.515177 0.178440
-0.515257 0.178492
-0.515364 0.178530
-0.515466 0.178573
-0.515558 0.178591
-0.515689 0.178610
-0.515775 0.178670
-0.515874 0.178713
-0.515974 0.178746
-0.516098 0.178797
-0.516225 0.178796
-0.516280 0.178843
-0.516367 0.178836
-0.516483 0.178876
-0.516581 0.178912
-0.516687 0.178977
-0.516767 0.178997
-0.516837 0.179009
-0.516895 0.179020
-0.516983 0.179033
-0.517078 0.179062
