0.003664 0.002199
0.037339 0.014387
0.084535 0.019318
0.134566 0.026474
0.177972 0.031736
0.179677 0.032938
0.224121 0.037594
0.228118 0.037793
0.290482 0.059528
0.292658 0.058983
0.311671 0.062590
0.312240 0.066044
0.356657 0.074009
0.357522 0.075334
0.385551 0.077093
0.390144 0.076014
0.407063 0.082414
0.405980 0.079096
0.406722 0.079487
0.408623 0.081228
0.411035 0.080439
0.412079 0.080195
0.412991 0.083750
0.415401 0.081134
0.416321 0.083055
0.415866 0.080911
0.418257 0.083271
0.422816 0.088027
0.427185 0.091904
0.429789 0.094774
0.439784 0.095299
0.440298 0.096183
0.453367 0.097422
0.473996 0.096270
0.473975 0.093896
0.474450 0.098909
0.481234 0.095832
0.479878 0.097398
0.492445 0.099907
0.495225 0.099653
0.500367 0.100874
0.501698 0.104099
0.499251 0.105066
0.498687 0.105486
0.569243 0.232957
0.667705 0.423738
0.428507 1.213999
1.016688 1.162668
0.995302 1.133066
-2.338506 -0.667033
-2.401956 -0.867249
-2.404741 -0.867694
-2.352558 -0.829657
-2.286687 -0.695044
-2.192267 -0.497681
-2.025707 -0.202143
-1.032789 0.444451
-1.190251 0.105556
-1.159173 0.168529
-19.506628 -17.819950
-9.206179 -25.659539
-9.206290 -25.659544
-9.206284 -25.659542
-9.206277 -25.659541
-7.383690 -29.297577
-7.386647 -29.295964
-7.391387 -29.294137
-7.414610 -28.902720
6.751630 -31.779282
7.191354 -32.141811
8.425495 -34.555127
3.799336 -35.623207
3.792511 -36.456959
3.966141 -36.700783
4.058635 -36.764579
3.994763 -36.721065
4.077886 -36.687067
4.241172 -36.698052
4.425855 -36.876372
4.733039 -37.420317
4.803051 -37.662289
4.892974 -37.736031
5.012970 -37.818021
5.481397 -40.032855
5.562612 -40.155567
5.675829 -40.334282
5.749419 -40.412626
5.820241 -40.432666
5.111785 -54.116343
5.149028 -54.163336
5.148705 -54.162352
5.134454 -54.146336
7.004399 -46.307630
7.018645 -46.327093
7.038174 -46.337488
7.038569 -46.305377
20.345503 -41.556068
20.291133 -41.621250
20.289129 -41.598526
20.280054 -41.642504
20.281104 -41.688611
30.980065 -43.652600
30.948187 -43.736593
30.920833 -43.779908
30.920560 -43.744233
30.888030 -43.806253
30.885658 -43.805948
30.837441 -43.831026
30.786356 -43.856106
30.757871 -43.859128
30.766174 -43.879331
30.749163 -43.934060
30.736541 -43.986349
30.667837 -43.999298
30.636769 -44.029425
30.568486 -43.976122
30.567506 -43.976942
30.509246 -44.003043
30.520060 -43.978244
30.538095 -43.967538
31.315085 -40.565717
25.795662 -32.170783
27.136342 -32.736779
19.559074 -36.592890
27.488473 -35.257082
27.265208 -35.546956
27.046949 -35.314093
26.971661 -35.154468
26.789928 -35.083133
26.802476 -34.783696
26.754488 -34.840976
26.638131 -34.800774
26.454677 -34.702905
26.289769 -34.675709
26.159476 -34.571380
26.095993 -34.579605
25.994802 -34.567828
25.936301 -34.629542
25.699616 -34.798379
25.655730 -34.848521
25.652013 -34.898519
25.637829 -34.919519
13.844043 -39.990866
13.818160 -39.969822
13.814012 -40.000492
13.655190 -39.932740
16.053275 -33.852277
16.067272 -33.966961
15.998059 -33.972178
16.008884 -34.073558
15.930971 -34.077340
15.931833 -34.077677
14.311004 -28.480210
14.298531 -28.496585
14.311352 -28.552437
14.237733 -28.595694
14.120287 -22.707686
14.008651 -22.734889
14.014466 -22.780687
13.972755 -22.830223
13.928845 -22.889731
14.193598 -22.841724
14.252140 -22.928260
14.225988 -23.019895
14.239234 -23.080921
14.234448 -23.152416
14.420281 -23.312996
14.419101 -23.387699
14.407997 -23.465023
14.415953 -23.562740
14.543059 -23.569520
14.567084 -23.618723
14.647544 -23.606437
14.733534 -23.586747
14.770461 -23.615942
14.770468 -23.627237
14.734308 -23.699007
14.666806 -23.810051
14.731633 -23.910754
7.618268 -22.738055
7.578873 -22.737874
7.774594 -22.657769
8.240061 -22.697390
8.765988 -22.939000
10.806710 -21.094175
10.410328 -21.466259
10.324396 -21.643407
10.291129 -21.302062
10.140438 -21.436391
9.967143 -21.551514
9.827059 -21.556837
9.826558 -21.583977
9.591624 -21.701706
9.643169 -21.557732
9.646460 -21.608082
9.652938 -21.626619
9.463804 -21.573986
8.841922 -21.843600
7.725509 -10.222252
7.686042 -10.338989
9.340924 -11.602822
10.692444 -11.530305
12.017201 -9.872396
11.336747 -9.068455
21.646435 -4.289462
24.855011 -3.458431
34.044083 0.520088
34.386949 2.687252
36.157879 15.389300
36.419972 15.403287
36.511465 15.423967
36.720732 15.611449
40.919123 19.380985
41.001223 19.943143
35.261249 20.401236
31.619095 37.528060
36.597610 32.222571
38.487441 32.221291
39.262951 34.203248
40.986113 34.487561
41.858782 34.632692
42.166051 33.816027
42.413899 34.022464
42.951341 34.329622
43.342169 33.610315
44.891109 33.639680
45.158710 33.720676
45.163625 34.005350
47.573206 38.716929
46.112922 32.846955
42.642396 18.867832
42.958238 19.338641
39.935134 6.457354
34.060543 12.679133
41.953695 12.647663
42.636080 12.973279
42.863729 12.303435
36.093697 11.792028
33.941177 11.460789
34.425385 8.383272
34.827832 5.826528
34.488275 5.425957
30.719378 5.389737
29.959489 3.913841
29.762470 3.524884
29.940316 2.845031
30.449198 1.450673
30.907471 -0.409218
28.105000 -2.483991
31.510727 -2.704626
32.024376 -4.399636
21.744339 -9.065977
22.078229 -8.995804
32.313905 -3.918881
33.074505 4.262345
35.718739 13.872951
34.544509 12.595013
34.279512 12.649918
23.097417 9.159162
26.313824 15.327398
25.782789 15.035926
25.436293 8.746392
24.321919 9.039728
19.516661 18.634062
17.826508 19.899666
17.600253 20.053022
12.869102 17.225611
17.740097 16.955310
21.814087 16.037587
26.743715 6.680250
18.471809 10.587079
18.106410 7.718310
16.894158 4.896256
12.140458 6.509948
5.997384 6.455423
-0.684675 12.169876
-3.091893 4.268693
-2.886648 4.624773
-2.796306 4.800201
-2.915803 4.584416
-2.919697 4.369161
-10.133369 13.173367
-10.509779 14.598616
-10.551479 14.855301
-8.219381 17.420128
-9.451819 18.437797
-13.461808 20.216804
-7.284357 28.452371
-6.566706 29.783116
-6.732400 29.066907
-6.805152 28.867056
-6.452570 29.137806
-6.455358 29.132359
