0.481371 -13.029519 21.115718
0.481371 -13.029519 21.115718
0.503718 -13.336540 20.986757
0.503718 -13.336540 20.986757
0.503718 -13.336540 20.986757
0.503718 -13.336540 20.986757
0.503718 -13.336540 20.986757
0.530054 -13.515507 20.880250
0.530054 -13.515507 20.880250
0.530054 -13.515507 20.880250
0.530054 -13.515507 20.880250
0.530054 -13.515507 20.880250
0.530054 -13.515507 20.880250
0.547257 -13.621619 20.791338
0.547257 -13.621619 20.791338
0.547257 -13.621619 20.791338
0.547257 -13.621619 20.791338
0.547257 -13.621619 20.791338
0.574233 -13.693903 20.736261
0.574233 -13.693903 20.736261
0.574233 -13.693903 20.736261
0.574233 -13.693903 20.736261
0.574233 -13.693903 20.736261
0.597956 -13.765405 20.683336
0.597956 -13.765405 20.683336
0.597956 -13.765405 20.683336
0.597956 -13.765405 20.683336
0.597956 -13.765405 20.683336
0.613751 -13.803368 20.650198
0.613751 -13.803368 20.650198
0.613751 -13.803368 20.650198
0.613751 -13.803368 20.650198
0.613751 -13.803368 20.650198
0.628337 -13.824979 20.626167
0.628337 -13.824979 20.626167
0.628337 -13.824979 20.626167
0.628337 -13.824979 20.626167
0.628337 -13.824979 20.626167
0.627613 -13.846411 20.603670
0.627613 -13.846411 20.603670
0.627613 -13.846411 20.603670
0.627613 -13.846411 20.603670
0.627613 -13.846411 20.603670
0.626396 -13.839782 20.585572
0.626396 -13.839782 20.585572
0.626396 -13.839782 20.585572
0.626396 -13.839782 20.585572
0.626396 -13.839782 20.585572
0.631849 -13.842802 20.587414
0.631849 -13.842802 20.587414
0.631849 -13.842802 20.587414
0.631849 -13.842802 20.587414
0.631849 -13.842802 20.587414
0.636485 -13.855249 20.566231
0.636485 -13.855249 20.566231
0.636485 -13.855249 20.566231
0.636485 -13.855249 20.566231
0.636485 -13.855249 20.566231
0.640707 -13.848098 20.558152
0.640707 -13.848098 20.558152
0.640707 -13.848098 20.558152
0.640707 -13.848098 20.558152
0.640707 -13.848098 20.558152
0.640707 -13.848098 20.558152
0.644345 -13.849647 20.554362
0.644345 -13.849647 20.554362
0.644345 -13.849647 20.554362
0.644345 -13.849647 20.554362
0.644345 -13.849647 20.554362
0.641105 -13.846960 20.545334
0.641105 -13.846960 20.545334
0.641105 -13.846960 20.545334
0.641105 -13.846960 20.545334
0.641105 -13.846960 20.545334
0.637720 -13.846778 20.539728
0.637720 -13.846778 20.539728
0.637720 -13.846778 20.539728
0.637720 -13.846778 20.539728
0.637720 -13.846778 20.539728
0.637720 -13.846778 20.539728
0.635112 -13.860623 20.527080
0.635112 -13.860623 20.527080
0.635112 -13.860623 20.527080
0.635112 -13.860623 20.527080
0.635112 -13.860623 20.527080
0.633331 -13.868143 20.508739
0.633331 -13.868143 20.508739
0.633331 -13.868143 20.508739
0.633331 -13.868143 20.508739
0.633331 -13.868143 20.508739
0.635310 -13.863379 20.492540
0.635310 -13.863379 20.492540
0.635310 -13.863379 20.492540
0.635310 -13.863379 20.492540
0.635310 -13.863379 20.492540
0.637479 -13.861538 20.482682
0.637479 -13.861538 20.482682
0.637479 -13.861538 20.482682
0.637479 -13.861538 20.482682
0.637479 -13.861538 20.482682
0.639091 -13.851302 20.481463
0.639091 -13.851302 20.481463
0.639091 -13.851302 20.481463
0.639091 -13.851302 20.481463
0.639091 -13.851302 20.481463
0.642357 -13.855374 20.484045
0.642357 -13.855374 20.484045
0.642357 -13.855374 20.484045
0.642357 -13.855374 20.484045
0.642357 -13.855374 20.484045
0.643119 -13.854754 20.491440
0.643119 -13.854754 20.491440
0.643119 -13.854754 20.491440
0.643119 -13.854754 20.491440
0.643119 -13.854754 20.491440
0.643119 -13.854754 20.491440
0.635304 -13.849852 20.497538
0.635304 -13.849852 20.497538
0.635304 -13.849852 20.497538
0.635304 -13.849852 20.497538
0.635304 -13.849852 20.497538
0.630085 -13.854697 20.487591
0.630085 -13.854697 20.487591
0.630085 -13.854697 20.487591
0.630085 -13.854697 20.487591
0.630085 -13.854697 20.487591
0.647517 -13.858873 20.484895
0.647517 -13.858873 20.484895
0.647517 -13.858873 20.484895
0.647517 -13.858873 20.484895
0.647517 -13.858873 20.484895
0.647517 -13.858873 20.484895
0.623460 -13.847616 20.473958
0.623460 -13.847616 20.473958
0.623460 -13.847616 20.473958
0.623460 -13.847616 20.473958
0.623460 -13.847616 20.473958
0.784783 -6.603293 4.317439
0.784783 -6.603293 4.317439
0.784783 -6.603293 4.317439
0.784783 -6.603293 4.317439
0.784783 -6.603293 4.317439
-5.722361 5.259124 -1.791025
-5.722361 5.259124 -1.791025
-5.722361 5.259124 -1.791025
-5.722361 5.259124 -1.791025
-5.722361 5.259124 -1.791025
-5.556708 6.243718 -3.583134
-5.556708 6.243718 -3.583134
-5.556708 6.243718 -3.583134
-5.556708 6.243718 -3.583134
-5.556708 6.243718 -3.583134
-5.118888 4.613632 6.481260
-5.118888 4.613632 6.481260
-5.118888 4.613632 6.481260
-5.118888 4.613632 6.481260
-5.118888 4.613632 6.481260
-7.525105 4.715355 14.644364
-7.525105 4.715355 14.644364
-7.525105 4.715355 14.644364
-7.525105 4.715355 14.644364
-7.525105 4.715355 14.644364
-6.517825 3.807248 21.926101
-6.517825 3.807248 21.926101
-6.517825 3.807248 21.926101
-6.517825 3.807248 21.926101
-6.517825 3.807248 21.926101
-7.649571 4.229161 29.957736
-7.649571 4.229161 29.957736
-7.649571 4.229161 29.957736
-7.649571 4.229161 29.957736
-7.649571 4.229161 29.957736
-5.698157 2.624235 29.680351
-5.698157 2.624235 29.680351
-5.698157 2.624235 29.680351
-5.698157 2.624235 29.680351
-5.698157 2.624235 29.680351
-5.698157 2.624235 29.680351
-5.260870 1.313425 27.634700
-5.260870 1.313425 27.634700
-5.260870 1.313425 27.634700
-5.260870 1.313425 27.634700
-9.491397 3.346094 27.853156
-9.491397 3.346094 27.853156
-9.491397 3.346094 27.853156
-9.491397 3.346094 27.853156
-9.491397 3.346094 27.853156
-6.219296 1.435809 20.746018
-6.219296 1.435809 20.746018
-6.219296 1.435809 20.746018
-6.219296 1.435809 20.746018
-6.219296 1.435809 20.746018
-8.354837 1.269877 8.622006
-8.354837 1.269877 8.622006
-8.354837 1.269877 8.622006
-8.354837 1.269877 8.622006
-8.354837 1.269877 8.622006
-8.056158 2.336117 -8.252411
-8.056158 2.336117 -8.252411
-8.056158 2.336117 -8.252411
-8.056158 2.336117 -8.252411
-8.056158 2.336117 -8.252411
-6.456247 1.754606 -21.600714
-6.456247 1.754606 -21.600714
-6.456247 1.754606 -21.600714
-6.456247 1.754606 -21.600714
-6.456247 1.754606 -21.600714
-4.416478 -2.044085 -9.529967
-4.416478 -2.044085 -9.529967
-4.416478 -2.044085 -9.529967
-4.416478 -2.044085 -9.529967
-4.416478 -2.044085 -9.529967
-1.816414 -3.013545 3.259259
-1.816414 -3.013545 3.259259
-1.816414 -3.013545 3.259259
-1.816414 -3.013545 3.259259
-1.816414 -3.013545 3.259259
0.069069 2.064112 6.667997
0.069069 2.064112 6.667997
0.069069 2.064112 6.667997
0.069069 2.064112 6.667997
0.069069 2.064112 6.667997
1.283549 2.826806 7.931485
1.283549 2.826806 7.931485
1.283549 2.826806 7.931485
1.283549 2.826806 7.931485
1.283549 2.826806 7.931485
1.934155 1.774541 7.733095
1.934155 1.774541 7.733095
1.934155 1.774541 7.733095
1.934155 1.774541 7.733095
1.934155 1.774541 7.733095
-0.032897 5.694389 11.572137
-0.032897 5.694389 11.572137
-0.032897 5.694389 11.572137
-0.032897 5.694389 11.572137
-0.032897 5.694389 11.572137
-3.184814 6.437002 8.325163
-3.184814 6.437002 8.325163
-3.184814 6.437002 8.325163
-3.184814 6.437002 8.325163
-3.184814 6.437002 8.325163
-3.184814 6.437002 8.325163
-0.058093 4.222914 4.878477
-0.058093 4.222914 4.878477
-0.058093 4.222914 4.878477
-0.058093 4.222914 4.878477
1.454860 0.488038 0.782463
1.454860 0.488038 0.782463
1.454860 0.488038 0.782463
1.454860 0.488038 0.782463
1.454860 0.488038 0.782463
2.972322 -10.016600 -12.735005
2.972322 -10.016600 -12.735005
2.972322 -10.016600 -12.735005
2.972322 -10.016600 -12.735005
2.972322 -10.016600 -12.735005
3.081622 6.291001 -22.089491
3.081622 6.291001 -22.089491
3.081622 6.291001 -22.089491
3.081622 6.291001 -22.089491
3.081622 6.291001 -22.089491
-3.077754 4.951611 -22.495474
-3.077754 4.951611 -22.495474
-3.077754 4.951611 -22.495474
-3.077754 4.951611 -22.495474
-3.077754 4.951611 -22.495474
-1.351496 1.082625 2.234550
-1.351496 1.082625 2.234550
-1.351496 1.082625 2.234550
-1.351496 1.082625 2.234550
-1.351496 1.082625 2.234550
2.586080 -1.314791 11.411737
2.586080 -1.314791 11.411737
2.586080 -1.314791 11.411737
2.586080 -1.314791 11.411737
2.586080 -1.314791 11.411737
-1.565639 -13.434238 13.420151
-1.565639 -13.434238 13.420151
-1.56