-0.512239 -11.767730 -101.546410
-0.505866 -12.046536 -101.457570
-0.505866 -12.046536 -101.457570
-0.505866 -12.046536 -101.457570
-0.505866 -12.046536 -101.457570
-0.505866 -12.046536 -101.457570
-0.360001 -12.845189 -103.571964
-0.360001 -12.845189 -103.571964
-0.360001 -12.845189 -103.571964
-0.360001 -12.845189 -103.571964
-0.360001 -12.845189 -103.571964
-8.842390 -19.036962 -143.984541
-8.842390 -19.036962 -143.984541
-8.842390 -19.036962 -143.984541
-8.842390 -19.036962 -143.984541
-8.842390 -19.036962 -143.984541
-6.781217 -8.145423 165.693928
-6.781217 -8.145423 165.693928
-6.781217 -8.145423 165.693928
-6.781217 -8.145423 165.693928
-6.781217 -8.145423 165.693928
-1.164233 0.543412 163.384942
-1.164233 0.543412 163.384942
-1.164233 0.543412 163.384942
-1.164233 0.543412 163.384942
-1.164233 0.543412 163.384942
-0.522482 -3.122281 158.687479
-0.522482 -3.122281 158.687479
-0.522482 -3.122281 158.687479
-0.522482 -3.122281 158.687479
-0.522482 -3.122281 158.687479
-0.016993 -1.817941 153.253749
-0.016993 -1.817941 153.253749
-0.016993 -1.817941 153.253749
-0.016993 -1.817941 153.253749
-0.016993 -1.817941 153.253749
-0.070713 -2.910105 149.342004
-0.070713 -2.910105 149.342004
-0.070713 -2.910105 149.342004
-0.070713 -2.910105 149.342004
-0.070713 -2.910105 149.342004
-0.442622 -4.512020 147.267266
-0.442622 -4.512020 147.267266
-0.442622 -4.512020 147.267266
-0.442622 -4.512020 147.267266
-0.442622 -4.512020 147.267266
-2.337709 -4.558900 146.968541
-2.337709 -4.558900 146.968541
-2.337709 -4.558900 146.968541
-2.337709 -4.558900 146.968541
-2.337709 -4.558900 146.968541
-1.906904 -3.856408 148.265512
-1.906904 -3.856408 148.265512
-1.906904 -3.856408 148.265512
-1.906904 -3.856408 148.265512
-1.906904 -3.856408 148.265512
-2.530781 -3.092130 150.542396
-2.530781 -3.092130 150.542396
-2.530781 -3.092130 150.542396
-2.530781 -3.092130 150.542396
-2.530781 -3.092130 150.542396
2.492542 -1.877566 154.430919
2.492542 -1.877566 154.430919
2.492542 -1.877566 154.430919
2.492542 -1.877566 154.430919
2.492542 -1.877566 154.430919
3.426518 -2.010798 148.848551
3.426518 -2.010798 148.848551
3.426518 -2.010798 148.848551
3.426518 -2.010798 148.848551
3.426518 -2.010798 148.848551
3.426518 -2.010798 148.848551
1.577417 -1.947589 137.213883
1.577417 -1.947589 137.213883
1.577417 -1.947589 137.213883
1.577417 -1.947589 137.213883
1.577417 -1.947589 137.213883
2.329734 -0.675317 138.172787
2.329734 -0.675317 138.172787
2.329734 -0.675317 138.172787
2.329734 -0.675317 138.172787
2.329734 -0.675317 138.172787
1.842921 0.160660 133.730036
1.842921 0.160660 133.730036
1.842921 0.160660 133.730036
1.842921 0.160660 133.730036
1.842921 0.160660 133.730036
0.202770 -2.792231 134.894092
0.202770 -2.792231 134.894092
0.202770 -2.792231 134.894092
0.202770 -2.792231 134.894092
0.202770 -2.792231 134.894092
-10.641810 -1.303381 148.779934
-10.641810 -1.303381 148.779934
-10.641810 -1.303381 148.779934
-10.641810 -1.303381 148.779934
-10.641810 -1.303381 148.779934
-10.479364 -27.767362 157.361575
-10.479364 -27.767362 157.361575
-10.479364 -27.767362 157.361575
-10.479364 -27.767362 157.361575
-10.479364 -27.767362 157.361575
-10.479364 -27.767362 157.361575
-3.075200 -60.909155 167.444820
-3.075200 -60.909155 167.444820
-3.075200 -60.909155 167.444820
-3.075200 -60.909155 167.444820
-3.075200 -60.909155 167.444820
-1.551979 -17.744181 170.814220
-1.551979 -17.744181 170.814220
-1.551979 -17.744181 170.814220
-1.551979 -17.744181 170.814220
1.992693 -9.262671 173.660893
1.992693 -9.262671 173.660893
1.992693 -9.262671 173.660893
1.992693 -9.262671 173.660893
1.992693 -9.262671 173.660893
1.992693 -9.262671 173.660893
0.796210 -9.172603 173.957706
0.796210 -9.172603 173.957706
0.796210 -9.172603 173.957706
0.796210 -9.172603 173.957706
0.796210 -9.172603 173.957706
0.060891 -9.138241 174.189727
0.060891 -9.138241 174.189727
0.060891 -9.138241 174.189727
0.060891 -9.138241 174.189727
0.060891 -9.138241 174.189727
0.060891 -9.138241 174.189727
-0.366656 -9.111894 174.341576
-0.366656 -9.111894 174.341576
-0.366656 -9.111894 174.341576
-0.366656 -9.111894 174.341576
-0.366656 -9.111894 174.341576
-0.641012 -9.109411 174.427882
-0.641012 -9.109411 174.427882
-0.641012 -9.109411 174.427882
-0.641012 -9.109411 174.427882
-0.641012 -9.109411 174.427882
-0.797457 -9.110858 174.532452
-0.797457 -9.110858 174.532452
-0.797457 -9.110858 174.532452
-0.797457 -9.110858 174.532452
-0.797457 -9.110858 174.532452
-0.797457 -9.110858 174.532452
-0.893962 -9.107536 174.594170
-0.893962 -9.107536 174.594170
-0.893962 -9.107536 174.594170
-0.893962 -9.107536 174.594170
-0.893962 -9.107536 174.594170
-0.963167 -9.117808 174.640615
-0.963167 -9.117808 174.640615
-0.963167 -9.117808 174.640615
-0.963167 -9.117808 174.640615
-0.963167 -9.117808 174.640615
-0.963167 -9.117808 174.640615
