-1.822739 -14.030172 171.176753
-1.822739 -14.030172 171.176753
-1.822739 -14.030172 171.176753
-1.881397 -14.138388 171.482800
-1.881397 -14.138388 171.482800
-1.881397 -14.138388 171.482800
-1.881397 -14.138388 171.482800
-1.881397 -14.138388 171.482800
-1.881397 -14.138388 171.482800
-1.881397 -14.138388 171.482800
-1.941922 -14.200530 171.758918
-1.941922 -14.200530 171.758918
-1.941922 -14.200530 171.758918
-1.941922 -14.200530 171.758918
-1.941922 -14.200530 171.758918
-1.941922 -14.200530 171.758918
-1.989288 -14.257226 172.003643
-1.989288 -14.257226 172.003643
-1.989288 -14.257226 172.003643
-1.989288 -14.257226 172.003643
-1.989288 -14.257226 172.003643
-1.989288 -14.257226 172.003643
-2.028153 -14.301707 172.190476
-2.028153 -14.301707 172.190476
-2.028153 -14.301707 172.190476
-2.028153 -14.301707 172.190476
-2.028153 -14.301707 172.190476
-2.028153 -14.301707 172.190476
-2.071009 -14.332298 172.300087
-2.071009 -14.332298 172.300087
-2.071009 -14.332298 172.300087
-2.071009 -14.332298 172.300087
-2.071009 -14.332298 172.300087
-2.071009 -14.332298 172.300087
-2.071009 -14.332298 172.300087
-2.095656 -14.334450 172.417088
-2.095656 -14.334450 172.417088
-2.095656 -14.334450 172.417088
-2.095656 -14.334450 172.417088
-2.095656 -14.334450 172.417088
-2.095656 -14.334450 172.417088
-2.124798 -14.328858 172.499419
-2.124798 -14.328858 172.499419
-2.124798 -14.328858 172.499419
-2.124798 -14.328858 172.499419
-2.124798 -14.328858 172.499419
-2.124798 -14.328858 172.499419
-2.124798 -14.328858 172.499419
-2.150240 -14.332756 172.560918
-2.150240 -14.332756 172.560918
-2.150240 -14.332756 172.560918
-2.150240 -14.332756 172.560918
-2.150240 -14.332756 172.560918
-2.150240 -14.332756 172.560918
-2.164096 -14.339805 172.622486
-2.164096 -14.339805 172.622486
-2.164096 -14.339805 172.622486
-2.164096 -14.339805 172.622486
-2.164096 -14.339805 172.622486
-2.164096 -14.339805 172.622486
-2.164096 -14.339805 172.622486
-2.172583 -14.345540 172.656104
-2.172583 -14.345540 172.656104
-2.172583 -14.345540 172.656104
-2.172583 -14.345540 172.656104
-2.172583 -14.345540 172.656104
-2.172583 -14.345540 172.656104
-2.172583 -14.345540 172.656104
-2.187800 -14.350028 172.668835
-2.187800 -14.350028 172.668835
-2.187800 -14.350028 172.668835
-2.187800 -14.350028 172.668835
-2.187800 -14.350028 172.668835
-2.187800 -14.350028 172.668835
-2.205570 -14.349155 172.634999
-2.205570 -14.349155 172.634999
-2.205570 -14.349155 172.634999
-2.205570 -14.349155 172.634999
-2.205570 -14.349155 172.634999
-2.205570 -14.349155 172.634999
-2.205570 -14.349155 172.634999
-2.202328 -14.351855 172.675146
-2.202328 -14.351855 172.675146
-2.202328 -14.351855 172.675146
-2.202328 -14.351855 172.675146
-2.202328 -14.351855 172.675146
-2.202328 -14.351855 172.675146
-2.202328 -14.351855 172.675146
-2.199804 -14.352912 172.724419
-2.199804 -14.352912 172.724419
-2.199804 -14.352912 172.724419
-2.199804 -14.352912 172.724419
-2.199804 -14.352912 172.724419
-2.199804 -14.352912 172.724419
-2.199804 -14.352912 172.724419
-2.201645 -14.346193 172.772586
-2.201645 -14.346193 172.772586
-2.201645 -14.346193 172.772586
-2.201645 -14.346193 172.772586
-2.201645 -14.346193 172.772586
-2.201645 -14.346193 172.772586
-2.192609 -14.345670 172.827268
-2.192609 -14.345670 172.827268
-2.192609 -14.345670 172.827268
-2.192609 -14.345670 172.827268
-2.192609 -14.345670 172.827268
-2.192609 -14.345670 172.827268
-2.193425 -14.343643 172.846516
-2.193425 -14.343643 172.846516
-2.193425 -14.343643 172.846516
-2.193425 -14.343643 172.846516
-2.193425 -14.343643 172.846516
-2.193425 -14.343643 172.846516
-2.193425 -14.343643 172.846516
-2.195304 -14.337388 172.859780
-2.195304 -14.337388 172.859780
-2.195304 -14.337388 172.859780
-2.195304 -14.337388 172.859780
-2.195304 -14.337388 172.859780
-2.195304 -14.337388 172.859780
-2.207311 -14.345532 172.845696
-2.207311 -14.345532 172.845696
-2.207311 -14.345532 172.845696
-2.207311 -14.345532 172.845696
-2.207311 -14.345532 172.845696
-2.207311 -14.345532 172.845696
-2.207311 -14.345532 172.845696
-2.213247 -14.341181 172.862048
-2.213247 -14.341181 172.862048
-2.213247 -14.341181 172.862048
-2.213247 -14.341181 172.862048
-2.213247 -14.341181 172.862048
-2.213247 -14.341181 172.862048
-2.213247 -14.341181 172.862048
-2.231182 -14.338082 172.846693
-2.231182 -14.338082 172.846693
-2.231182 -14.338082 172.846693
-2.231182 -14.338082 172.846693
-2.231182 -14.338082 172.846693
-2.231182 -14.338082 172.846693
-2.231182 -14.338082 172.846693
-2.229001 -14.328355 172.838156
-2.229001 -14.328355 172.838156
-2.229001 -14.328355 172.838156
-2.229001 -14.328355 172.838156
-2.229001 -14.328355 172.838156
-2.229001 -14.328355 172.838156
-2.224732 -14.331972 172.819673
-2.224732 -14.331972 172.819673
-2.224732 -14.331972 172.819673
-2.224732 -14.331972 172.819673
-2.224732 -14.331972 172.819673
-2.224732 -14.331972 172.819673
-2.224732 -14.331972 172.819673
-2.230963 -14.331257 172.797502
-2.230963 -14.331257 172.797502
-2.230963 -14.331257 172.797502
-2.230963 -14.331257 172.797502
-2.230963 -14.331257 172.797502
-2.230963 -14.331257 172.797502
-2.230963 -14.331257 172.797502
-2.238344 -14.328214 172.787626
-2.238344 -14.328214 172.787626
-2.238344 -14.328214 172.787626
-2.238344 -14.328214 172.787626
-2.238344 -14.328214 172.787626
-2.238344 -14.328214 172.787626
-2.231127 -14.319446 172.801723
-2.231127 -14.319446 172.801723
-2.231127 -14.319446 172.801723
-2.231127 -14.319446 172.801723
-2.231127 -14.319446 172.801723
-2.231127 -14.319446 172.801723
-2.231127 -14.319446 172.801723
-2.237286 -14.320118 172.778774
-2.237286 -14.320118 172.778774
-2.237286 -14.320118 172.778774
-2.237286 -14.320118 172.778774
-2.237286 -14.320118 172.778774
-2.237286 -14.320118 172.778774
-2.237286 -14.320118 172.778774
-2.240443 -14.321092 172.765592
-2.240443 -14.321092 172.765592
-2.240443 -14.321092 172.765592
-2.240443 -14.321092 172.765592
-2.240443 -14.321092 172.765592
-2.240443 -14.321092 172.765592
-2.248728 -14.319746 172.699394
-2.248728 -14.319746 172.699394
-2.248728 -14.319746 172.699394
-2.248728 -14.319746 172.699394
-2.248728 -14.319746 172.699394
-2.248728 -14.319746 172.699394
-2.248728 -14.319746 172.699394
-2.222813 -14.325815 172.746249
-2.222813 -14.325815 172.746249
-2.222813 -14.325815 172.746249
-2.222813 -14.325815 172.746249
-2.222813 -14.325815 172.746249
-2.222813 -14.325815 172.746249
-2.211105 -14.336646 172.796806
-2.211105 -14.336646 172.796806
-2.211105 -14.336646 172.796806
-2.211105 -14.336646 172.796806
-2.211105 -14.336646 172.796806
-2.211105 -14.336646 172.796806
-2.211105 -14.336646 172.796806
-2.215146 -14.338724 172.817310
-2.215146 -14.338724 172.817310
-2.215146 -14.338724 172.817310
-2.215146 -14.338724 172.817310
-2.215146 -14.338724 172.817310
-2.215146 -14.338724 172.817310
-2.214813 -14.328864 172.825370
-2.214813 -14.328864 172.825370
-2.214813 -14.328864 172.825370
-2.214813 -14.328864 172.825370
-2.214813 -14.328864 172.825370
-2.214813 -14.328864 172.825370
-2.214813 -14.328864 172.825370
-2.216177 -14.338254 172.851311
-2.216177 -14.338254 172.851311
-2.216177 -14.338254 172.851311
-2.216177 -14.338254 172.851311
-2.216177 -14.338254 172.851311
-2.216177 -14.338254 172.851311
-2.216310 -14.339320 172.860204
-2.216310 -14.339320 172.860204
-2.216310 -14.339320 172.860204
-2.216310 -14.339320 172.860204
-2.216310 -14.339320 172.860204
-2.216310 -14.339320 172.860204
-2.216310 -14.339320 172.860204
-2.225901 -14.345923 172.840710
-2.225901 -14.345923 172.840710
-2.225901 -14.345923 172.840710
-2.225901 -14.345923 172.840710
-2.225901 -14.345923 172.840710
-2.225901 -14.345923 172.840710
-2.220138 -14.338059 172.861556
-2.220138 -14.338059 172.861556
-2.220138 -14.338059 172.861556
-2.220138 -14.338059 172.861556
-2.220138 -14.338059 172.861556
-2.220138 -14.338059 172.861556
-2.220138 -14.338059 172.861556
-2.229073 -14.338478 172.849876
-2.229073 -14.338478 172.849876
-2.229073 -14.338478 172.849876
-2.229073 -14.338478 172.849876
-2.229073 -14.338478 172.849876
-2.229073 -14.338478 172.849876
-2.229073 -14.338478 172.849876
-2.232457 -14.332612 172.831448
-2.232457 -14.332612 172.831448
-2.232457 -14.332612 172.831448
-2.232457 -14.332612 172.831448
-2.232457 -14.332612 172.831448
-2.244892 -14.327684 172.766821
-2.244892 -14.327684 172.766821
-2.244892 -14.327684 172.766821
-2.244892 -14.327684 172.766821
-2.244892 -14.327684 172.766821
-2.244892 -14.327684 172.766821
-2.235244 -14.330586 172.764321
-2.235244 -14.330586 172.764321
-2.235244 -14.330586 172.764321
-2.235244 -14.330586 172.764321
-2.235244 -14.330586 172.764321
-2.235244 -14.330586 172.764321
-2.235244 -14.330586 172.764321
-2.230363 -14.334439 172.768884
-2.230363 -14.334439 172.768884
-2.230363 -14.334439 172.768884
-2.230363 -14.334439 172.768884
-2.230363 -14.334439 172.768884
-2.230363 -14.334439 172.768884
-2.214379 -14.328415 172.779840
-2.214379 -14.328415 172.779840
-2.214379 -14.328415 172.779840
-2.214379 -14.328415 172.779840
-2.214379 -14.328415 172.779840
-2.214379 -14.328415 172.779840
-2.214379 -14.328415 172.779840
-2.208907 -14.328897 172.786342
-2.208907 -14.328897 172.786342
-2.208907 -14.328897 172.786342
-2.208907 -14.328897 172.786342
-2.208907 -14.328897 172.786342
-2.208907 -14.328897 172.786342
-2.216423 -14.322680 172.780085
-2.216423 -14.322680 172.780085
-2.216423 -14.322680 172.780085
-2.216423 -14.322680 172.780085
-2.216423 -14.322680 172.780085
-2.216423 -14.322680 172.780085
-2.212472 -14.317646 172.743858
-2.212472 -14.317646 172.743858
-2.212472 -14.317646 172.743858
-2.212472 -14.317646 172.743858
-2.212472 -14.317646 172.743858
-2.212472 -14.317646 172.743858
-2.225554 -14.317010 172.745170
-2.225554 -14.317010 172.745170
-2.225554 -14.317010 172.745170
-2.225554 -14.317010 172.745170
-2.225554 -14.317010 172.745170
-2.225554 -14.317010 172.745170
-2.227897 -14.312399 172.722835
-2.227897 -14.312399 172.722835
-2.227897 -14.312399 172.722835
-2.227897 -14.312399 172.722835
-2.227897 -14.312399 172.722835
-2.227897 -14.312399 172.722835
-2.227897 -14.312399 172.722835
-2.226308 -14.314097 172.676622
-2.226308 -14.314097 172.676622
-2.226308 -14.314097 172.676622
-2.226308 -14.314097 172.676622
-2.226308 -14.314097 172.676622
-2.226308 -14.314097 172.676622
-2.222236 -14.315489 172.648837
-2.222236 -14.315489 172.648837
-2.222236 -14.315489 172.648837
-2.222236 -14.315489 172.648837
-2.222236 -14.315489 172.648837
-2.222236 -14.315489 172.648837
-2.216879 -14.318518 172.636720
-2.216879 -14.318518 172.636720
-2.216879 -14.318518 172.636720
-2.216879 -14.318518 172.636720
-2.216879 -14.318518 172.636720
-2.216879 -14.318518 172.636720
-2.216879 -14.318518 172.636720
-2.223227 -14.321161 172.587693
-2.223227 -14.321161 172.587693
-2.223227 -14.321161 172.587693
-2.223227 -14.321161 172.587693
-2.223227 -14.321161 172.587693
-2.223227 -14.321161 172.587693
-2.226715 -14.323001 172.578007
-2.226715 -14.323001 172.578007
-2.226715 -14.323001 172.578007
-2.226715 -14.323001 172.578007
-2.226715 -14.323001 172.578007
-2.226715 -14.323001 172.578007
-2.226715 -14.323001 172.578007
-2.232444 -14.316495 172.566478
-2.232444 -14.316495 172.566478
-2.232444 -14.316495 172.566478
-2.232444 -14.316495 172.566478
-2.232444 -14.316495 172.566478
-2.232444 -14.316495 172.566478
-2.232444 -14.316495 172.566478
-2.219213 -14.318336 172.562762
-2.219213 -14.318336 172.562762
-2.219213 -14.318336 172.562762
-2.219213 -14.318336 172.562762
-2.219213 -14.318336 172.562762
-2.219213 -14.318336 172.562762
-2.219213 -14.318336 172.562762
-2.215144 -14.324493 172.531767
-2.215144 -14.324493 172.531767
-2.215144 -14.324493 172.531767
-2.215144 -14.324493 172.531767
-2.215144 -14.324493 172.531767
-2.215144 -14.324493 172.531767
-2.215144 -14.324493 172.531767
-2.218598 -14.320470 172.519281
-2.218598 -14.320470 172.519281
-2.218598 -14.320470 172.519281
-2.218598 -14.320470 172.519281
-2.218598 -14.320470 172.519281
-2.218598 -14.320470 172.519281
-2.213184 -14.325818 172.552176
-2.213184 -14.325818 172.552176
-2.213184 -14.325818 172.552176
-2.213184 -14.325818 172.552176
-2.213184 -14.325818 172.552176
-2.213184 -14.325818 172.552176
-2.213184 -14.325818 172.552176
-2.198668 -14.332795 172.586818
-2.198668 -14.332795 172.586818
-2.198668 -14.332795 172.586818
-2.198668 -14.332795 172.586818
-2.198668 -14.332795 172.586818
-2.198668 -14.332795 172.586818
-2.206444 -14.332937 172.556779
-2.206444 -14.332937 172.556779
-2.206444 -14.332937 172.556779
-2.206444 -14.332937 172.556779
-2.206444 -14.332937 172.556779
-2.206444 -14.332937 172.556779
-2.206444 -14.332937 172.556779
-2.199137 -14.328192 172.572106
-2.199137 -14.328192 172.572106
-2.199137 -14.328192 172.572106
-2.199137 -14.328192 172.572106
-2.199137 -14.328192 172.572106
-2.199137 -14.328192 172.572106
-2.199137 -14.328192 172.572106
-2.198198 -14.322207 172.591641
-2.198198 -14.322207 172.591641
-2.198198 -14.322207 172.591641
-2.198198 -14.322207 172.591641
-2.198198 -14.322207 172.591641
-2.198198 -14.322207 172.591641
-2.198198 -14.322207 172.591641
-2.210727 -14.319108 172.553815
-2.210727 -14.319108 172.553815
-2.210727 -14.319108 172.553815
-2.210727 -14.319108 172.553815
-2.210727 -14.319108 172.553815
-2.210727 -14.319108 172.553815
-2.210727 -14.319108 172.553815
-2.205477 -14.319654 172.551520
-2.205477 -14.319654 172.551520
-2.205477 -14.319654 172.551520
-2.205477 -14.319654 172.551520
-2.205477 -14.319654 172.551520
-2.205477 -14.319654 172.551520
-2.205477 -14.319654 172.551520
-2.193675 -14.319525 172.581245
-2.193675 -14.319525 172.581245
-2.193675 -14.319525 172.581245
-2.193675 -14.319525 172.581245
-2.193675 -14.319525 172.581245
-2.193675 -14.319525 172.581245
-2.182812 -14.316403 172.601804
-2.182812 -14.316403 172.601804
-2.182812 -14.316403 172.601804
-2.182812 -14.316403 172.601804
-2.182812 -14.316403 172.601804
-2.182812 -14.316403 172.601804
-2.182812 -14.316403 172.601804
-2.182812 -14.316403 172.601804
-2.194548 -14.322215 172.576095
-2.194548 -14.322215 172.576095
-2.194548 -14.322215 172.576095
-2.194548 -14.322215 172.576095
-2.194548 -14.322215 172.576095
-2.203645 -14.320171 172.552367
-2.203645 -14.320171 172.552367
-2.203645 -14.320171 172.552367
-2.203645 -14.320171 172.552367
-2.203645 -14.320171 172.552367
-2.203645 -14.320171 172.552367
-2.203645 -14.320171 172.552367
-2.193653 -14.321880 172.585739
-2.193653 -14.321880 172.585739
-2.193653 -14.321880 172.585739
-2.193653 -14.321880 172.585739
-2.193653 -14.321880 172.585739
-2.193653 -14.321880 172.585739
-2.193653 -14.321880 172.585739
-2.194449 -14.323892 172.602323
-2.194449 -14.323892 172.602323
-2.194449 -14.323892 172.602323
-2.194449 -14.323892 172.602323
-2.194449 -14.323892 172.602323
-2.194449 -14.323892 172.602323
-2.194449 -14.323892 172.602323
-2.202271 -14.320829 172.596326
-2.202271 -14.320829 172.596326
-2.202271 -14.320829 172.596326
-2.202271 -14.320829 172.596326
-2.202271 -14.320829 172.596326
-2.202271 -14.320829 172.596326
-2.202271 -14.320829 172.596326
-2.210778 -14.321974 172.587133
-2.210778 -14.321974 172.587133
-2.210778 -14.321974 172.587133
-2.210778 -14.321974 172.587133
-2.210778 -14.321974 172.587133
-2.210778 -14.321974 172.587133
-2.210778 -14.321974 172.587133
-2.201666 -14.313653 172.598266
-2.201666 -14.313653 172.598266
-2.201666 -14.313653 172.598266
-2.201666 -14.313653 172.598266
-2.201666 -14.313653 172.598266
-2.201666 -14.313653 172.598266
-2.205055 -14.316538 172.584360
-2.205055 -14.316538 172.584360
-2.205055 -14.316538 172.584360
-2.205055 -14.316538 172.584360
-2.205055 -14.316538 172.584360
-2.205055 -14.316538 172.584360
-2.205055 -14.316538 172.584360
-2.211276 -14.312617 172.578253
-2.211276 -14.312617 172.578253
-2.211276 -14.312617 172.578253
-2.211276 -14.312617 172.578253
-2.211276 -14.312617 172.578253
-2.211276 -14.312617 172.578253
-2.211276 -14.312617 172.578253
-2.200879 -14.314904 172.604413
-2.200879 -14.314904 172.604413
-2.200879 -14.314904 172.604413
-2.200879 -14.314904 172.604413
-2.200879 -14.314904 172.604413
-2.200879 -14.314904 172.604413
-2.200879 -14.314904 172.604413
-2.206819 -14.301759 172.585944
-2.206819 -14.301759 172.585944
-2.206819 -14.301759 172.585944
-2.206819 -14.301759 172.585944
-2.206819 -14.301759 172.585944
-2.206819 -14.301759 172.585944
-2.236749 -14.286172 172.525497
-2.236749 -14.286172 172.525497
-2.236749 -14.286172 172.525497
-2.236749 -14.286172 172.525497
-2.236749 -14.286172 172.525497
-2.236749 -14.286172 172.525497
-2.236749 -14.286172 172.525497
-2.240417 -14.290182 172.451266
-2.240417 -14.290182 172.451266
-2.240417 -14.290182 172.451266
-2.240417 -14.290182 172.451266
-2.240417 -14.290182 172.451266
-2.240417 -14.290182 172.451266
-2.240417 -14.290182 172.451266
-2.236226 -14.297077 172.459640
-2.236226 -14.297077 172.459640
-2.236226 -14.297077 172.459640
-2.236226 -14.297077 172.459640
-2.236226 -14.297077 172.459640
-2.236226 -14.297077 172.459640
-2.236226 -14.297077 172.459640
-2.216020 -14.297188 172.448931
-2.216020 -14.297188 172.448931
-2.216020 -14.297188 172.448931
-2.216020 -14.297188 172.448931
-2.216020 -14.297188 172.448931
-2.216020 -14.297188 172.448931
-2.216020 -14.297188 172.448931
-2.221658 -14.295905 172.436978
-2.221658 -14.295905 172.436978
-2.221658 -14.295905 172.436978
-2.221658 -14.295905 172.436978
-2.221658 -14.295905 172.436978
-2.221658 -14.295905 172.436978
-2.221658 -14.295905 172.436978
-2.212431 -14.297390 172.417075
-2.212431 -14.297390 172.417075
-2.212431 -14.297390 172.417075
-2.212431 -14.297390 172.417075
-2.212431 -14.297390 172.417075
-2.212431 -14.297390 172.417075
-2.202140 -14.304747 172.438125
-2.202140 -14.304747 172.438125
-2.202140 -14.304747 172.438125
-2.202140 -14.304747 172.438125
-2.202140 -14.304747 172.438125
-2.202140 -14.304747 172.438125
-2.202140 -14.304747 172.438125
-2.206623 -14.306828 172.412908
-2.206623 -14.306828 172.412908
-2.206623 -14.306828 172.412908
-2.206623 -14.306828 172.412908
-2.206623 -14.306828 172.412908
-2.206623 -14.306828 172.412908
-2.206623 -14.306828 172.412908
-2.210277 -14.300215 172.379249
-2.210277 -14.300215 172.379249
-2.210277 -14.300215 172.379249
-2.210277 -14.300215 172.379249
-2.210277 -14.300215 172.379249
-2.210277 -14.300215 172.379249
-2.199672 -14.306570 172.395805
-2.199672 -14.306570 172.395805
-2.199672 -14.306570 172.395805
-2.199672 -14.306570 172.395805
-2.199672 -14.306570 172.395805
-2.199672 -14.306570 172.395805
-2.199672 -14.306570 172.395805
-2.203631 -14.304378 172.378361
-2.203631 -14.304378 172.378361
-2.203631 -14.304378 172.378361
-2.203631 -14.304378 172.378361
-2.203631 -14.304378 172.378361
-2.203631 -14.304378 172.378361
-2.203631 -14.304378 172.378361
-2.208855 -14.301914 172.352652
-2.208855 -14.301914 172.352652
-2.208855 -14.301914 172.352652
-2.208855 -14.301914 172.352652
-2.208855 -14.301914 172.352652
-2.208855 -14.301914 172.352652
-2.208855 -14.301914 172.352652
-2.218275 -14.316887 172.311398
-2.218275 -14.316887 172.311398
-2.218275 -14.316887 172.311398
-2.218275 -14.316887 172.311398
-2.218275 -14.316887 172.311398
-2.218275 -14.316887 172.311398
-2.218275 -14.316887 172.311398
-2.215259 -14.315400 172.311575
-2.215259 -14.315400 172.311575
-2.215259 -14.315400 172.311575
-2.215259 -14.315400 172.311575
-2.215259 -14.315400 172.311575
-2.215259 -14.315400 172.311575
-2.215259 -14.315400 172.311575
-2.203209 -14.308139 172.349838
-2.203209 -14.308139 172.349838
-2.203209 -14.308139 172.349838
-2.203209 -14.308139 172.349838
-2.203209 -14.308139 172.349838
-2.203209 -14.308139 172.349838
-2.193226 -14.306939 172.387391
-2.193226 -14.306939 172.387391
-2.193226 -14.306939 172.387391
-2.193226 -14.306939 172.387391
-2.193226 -14.306939 172.387391
-2.193226 -14.306939 172.387391
-2.201610 -14.309770 172.378839
-2.201610 -14.309770 172.378839
-2.201610 -14.309770 172.378839
-2.201610 -14.309770 172.378839
-2.201610 -14.309770 172.378839
-2.201610 -14.309770 172.378839
-2.201610 -14.309770 172.378839
-2.201279 -14.301147 172.404029
-2.201279 -14.301147 172.404029
-2.201279 -14.301147 172.404029
-2.201279 -14.301147 172.404029
-2.201279 -14.301147 172.404029
-2.201279 -14.301147 172.404029
-2.199621 -14.302218 172.423454
-2.199621 -14.302218 172.423454
-2.199621 -14.302218 172.423454
-2.199621 -14.302218 172.423454
-2.199621 -14.302218 172.423454
-2.199621 -14.302218 172.423454
-2.218456 -14.307189 172.391120
-2.218456 -14.307189 172.391120
-2.218456 -14.307189 172.391120
-2.218456 -14.307189 172.391120
-2.218456 -14.307189 172.391120
-2.218456 -14.307189 172.391120
-2.227117 -14.304314 172.345057
-2.227117 -14.304314 172.345057
-2.227117 -14.304314 172.345057
-2.227117 -14.304314 172.345057
-2.227117 -14.304314 172.345057
-2.227117 -14.304314 172.345057
-2.227117 -14.304314 172.345057
-2.216929 -14.304979 172.389631
-2.216929 -14.304979 172.389631
-2.216929 -14.304979 172.389631
-2.216929 -14.304979 172.389631
-2.216929 -14.304979 172.389631
-2.216929 -14.304979 172.389631
-2.211457 -14.304165 172.404862
-2.211457 -14.304165 172.404862
-2.211457 -14.304165 172.404862
-2.211457 -14.304165 172.404862
-2.211457 -14.304165 172.404862
-2.211457 -14.304165 172.404862
-2.211457 -14.304165 172.404862
-2.206127 -14.302005 172.376558
-2.206127 -14.302005 172.376558
-2.206127 -14.302005 172.376558
-2.206127 -14.302005 172.376558
-2.206127 -14.302005 172.376558
-2.206127 -14.302005 172.376558
-2.206127 -14.302005 172.376558
-2.209854 -14.313393 172.363922
-2.209854 -14.313393 172.363922
-2.209854 -14.313393 172.363922
-2.209854 -14.313393 172.363922
-2.209854 -14.313393 172.363922
-2.209854 -14.313393 172.363922
-2.209854 -14.313393 172.363922
-2.197157 -14.314575 172.431049
-2.197157 -14.314575 172.431049
-2.197157 -14.314575 172.431049
-2.197157 -14.314575 172.431049
-2.197157 -14.314575 172.431049
-2.197157 -14.314575 172.431049
-2.197157 -14.314575 172.431049
-2.189139 -14.313272 172.466498
-2.189139 -14.313272 172.466498
-2.189139 -14.313272 172.466498
-2.189139 -14.313272 172.466498
-2.189139 -14.313272 172.466498
-2.189139 -14.313272 172.466498
-2.186279 -14.316376 172.474954
-2.186279 -14.316376 172.474954
-2.186279 -14.316376 172.474954
-2.186279 -14.316376 172.474954
-2.186279 -14.316376 172.474954
-2.186279 -14.316376 172.474954
-2.194512 -14.320988 172.486428
-2.194512 -14.320988 172.486428
-2.194512 -14.320988 172.486428
-2.194512 -14.320988 172.486428
-2.194512 -14.320988 172.486428
-2.194512 -14.320988 172.486428
-2.194512 -14.320988 172.486428
-2.196040 -14.315809 172.502916
-2.196040 -14.315809 172.502916
-2.196040 -14.315809 172.502916
-2.196040 -14.315809 172.502916
-2.196040 -14.315809 172.502916
-2.196040 -14.315809 172.502916
-2.202162 -14.308562 172.475582
-2.202162 -14.308562 172.475582
-2.202162 -14.308562 172.475582
-2.202162 -14.308562 172.475582
-2.202162 -14.308562 172.475582
-2.202162 -14.308562 172.475582
-2.202162 -14.308562 172.475582
-2.210530 -14.307791 172.453056
-2.210530 -14.307791 172.453056
-2.210530 -14.307791 172.453056
-2.210530 -14.307791 172.453056
-2.210530 -14.307791 172.453056
-2.210530 -14.307791 172.453056
-2.210975 -14.306416 172.446157
-2.210975 -14.306416 172.446157
-2.210975 -14.306416 172.446157
-2.210975 -14.306416 172.446157
-2.210975 -14.306416 172.446157
-2.202249 -14.303555 172.435338
-2.202249 -14.303555 172.435338
-2.202249 -14.303555 172.435338
-2.202249 -14.303555 172.435338
-2.202249 -14.303555 172.435338
-2.202249 -14.303555 172.435338
-2.202249 -14.303555 172.435338
-2.220540 -14.297023 172.380793
-2.220540 -14.297023 172.380793
-2.220540 -14.297023 172.380793
-2.220540 -14.297023 172.380793
-2.220540 -14.297023 172.380793
-2.220540 -14.297023 172.380793
-2.219439 -14.300090 172.334457
-2.219439 -14.300090 172.334457
-2.219439 -14.300090 172.334457
-2.219439 -14.300090 172.334457
-2.219439 -14.300090 172.334457
-2.219439 -14.300090 172.334457
-2.205589 -14.311744 172.364305
-2.205589 -14.311744 172.364305
-2.205589 -14.311744 172.364305
-2.205589 -14.311744 172.364305
-2.205589 -14.311744 172.364305
-2.205589 -14.311744 172.364305
-2.205589 -14.311744 172.364305
-2.194936 -14.304319 172.400149
-2.194936 -14.304319 172.400149
-2.194936 -14.304319 172.400149
-2.194936 -14.304319 172.400149
-2.194936 -14.304319 172.400149
-2.194936 -14.304319 172.400149
-2.192343 -14.318792 172.404111
-2.192343 -14.318792 172.404111
-2.192343 -14.318792 172.404111
-2.192343 -14.318792 172.404111
-2.192343 -14.318792 172.404111
-2.192343 -14.318792 172.404111
-2.192343 -14.318792 172.404111
-2.194589 -14.312997 172.384727
-2.194589 -14.312997 172.384727
-2.194589 -14.312997 172.384727
-2.194589 -14.312997 172.384727
-2.194589 -14.312997 172.384727
-2.194589 -14.312997 172.384727
-2.194874 -14.306704 172.400395
-2.194874 -14.306704 172.400395
-2.194874 -14.306704 172.400395
-2.194874 -14.306704 172.400395
-2.194874 -14.306704 172.400395
-2.194874 -14.306704 172.400395
-2.194874 -14.306704 172.400395
-2.199543 -14.302045 172.385410
-2.199543 -14.302045 172.385410
-2.199543 -14.302045 172.385410
-2.199543 -14.302045 172.385410
-2.199543 -14.302045 172.385410
-2.199543 -14.302045 172.385410
-2.199543 -14.302045 172.385410
-2.201784 -14.296573 172.381243
-2.201784 -14.296573 172.381243
-2.201784 -14.296573 172.381243
-2.201784 -14.296573 172.381243
-2.201784 -14.296573 172.381243
-2.201784 -14.296573 172.381243
-2.201784 -14.296573 172.381243
-2.184707 -14.304702 172.404439
-2.184707 -14.304702 172.404439
-2.184707 -14.304702 172.404439
-2.184707 -14.304702 172.404439
-2.184707 -14.304702 172.404439
-2.184707 -14.304702 172.404439
-2.193634 -14.312814 172.395245
-2.193634 -14.312814 172.395245
-2.193634 -14.312814 172.395245
-2.193634 -14.312814 172.395245
-2.193634 -14.312814 172.395245
-2.193634 -14.312814 172.395245
-2.193634 -14.312814 172.395245
-2.195403 -14.304083 172.386612
-2.195403 -14.304083 172.386612
-2.195403 -14.304083 172.386612
-2.195403 -14.304083 172.386612
-2.195403 -14.304083 172.386612
-2.195403 -14.304083 172.386612
-2.200570 -14.301028 172.330618
-2.200570 -14.301028 172.330618
-2.200570 -14.301028 172.330618
-2.200570 -14.301028 172.330618
-2.200570 -14.301028 172.330618
-2.200570 -14.301028 172.330618
-2.200570 -14.301028 172.330618
-2.195098 -14.300245 172.333282
-2.195098 -14.300245 172.333282
-2.195098 -14.300245 172.333282
-2.195098 -14.300245 172.333282
-2.195098 -14.300245 172.333282
-2.195098 -14.300245 172.333282
-2.175312 -14.312462 172.378061
-2.175312 -14.312462 172.378061
-2.175312 -14.312462 172.378061
-2.175312 -14.312462 172.378061
-2.175312 -14.312462 172.378061
-2.175312 -14.312462 172.378061
-2.180737 -14.306926 172.358185
-2.180737 -14.306926 172.358185
-2.180737 -14.306926 172.358185
-2.180737 -14.306926 172.358185
-2.180737 -14.306926 172.358185
-2.180737 -14.306926 172.358185
-2.170171 -14.307145 172.377746
-2.170171 -14.307145 172.377746
-2.170171 -14.307145 172.377746
-2.170171 -14.307145 172.377746
-2.170171 -14.307145 172.377746
-2.170171 -14.307145 172.377746
-2.170171 -14.307145 172.377746
-2.170540 -14.308082 172.391407
-2.170540 -14.308082 172.391407
-2.170540 -14.308082 172.391407
-2.170540 -14.308082 172.391407
-2.170540 -14.308082 172.391407
-2.170540 -14.308082 172.391407
-2.170540 -14.308082 172.391407
-2.177183 -14.307297 172.387459
-2.177183 -14.307297 172.387459
-2.177183 -14.307297 172.387459
-2.177183 -14.307297 172.387459
-2.177183 -14.307297 172.387459
-2.177183 -14.307297 172.387459
-2.180212 -14.308966 172.374359
-2.180212 -14.308966 172.374359
-2.180212 -14.308966 172.374359
-2.180212 -14.308966 172.374359
-2.180212 -14.308966 172.374359
-2.180212 -14.308966 172.374359
-2.180212 -14.308966 172.374359
-2.179765 -14.305104 172.358376
-2.179765 -14.305104 172.358376
-2.179765 -14.305104 172.358376
-2.179765 -14.305104 172.358376
-2.179765 -14.305104 172.358376
-2.179765 -14.305104 172.358376
-2.185480 -14.301608 172.335959
-2.185480 -14.301608 172.335959
-2.185480 -14.301608 172.335959
-2.185480 -14.301608 172.335959
-2.185480 -14.301608 172.335959
-2.185480 -14.301608 172.335959
-2.185480 -14.301608 172.335959
-2.186665 -14.294386 172.333541
-2.186665 -14.294386 172.333541
-2.186665 -14.294386 172.333541
-2.186665 -14.294386 172.333541
-2.186665 -14.294386 172.333541
-2.186665 -14.294386 172.333541
-2.204860 -14.287396 172.269351
-2.204860 -14.287396 172.269351
-2.204860 -14.287396 172.269351
-2.204860 -14.287396 172.269351
-2.204860 -14.287396 172.269351
-2.204860 -14.287396 172.269351
-2.204430 -14.289502 172.256592
-2.204430 -14.289502 172.256592
-2.204430 -14.289502 172.256592
-2.204430 -14.289502 172.256592
-2.204430 -14.289502 172.256592
-2.204430 -14.289502 172.256592
-2.204430 -14.289502 172.256592
-2.196523 -14.296600 172.289268
-2.196523 -14.296600 172.289268
-2.196523 -14.296600 172.289268
-2.196523 -14.296600 172.289268
-2.196523 -14.296600 172.289268
-2.196523 -14.296600 172.289268
-2.189098 -14.299985 172.310851
-2.189098 -14.299985 172.310851
-2.189098 -14.299985 172.310851
-2.189098 -14.299985 172.310851
-2.189098 -14.299985 172.310851
-2.189098 -14.299985 172.310851
-2.189098 -14.299985 172.310851
-2.188836 -14.301188 172.328665
-2.188836 -14.301188 172.328665
-2.188836 -14.301188 172.328665
-2.188836 -14.301188 172.328665
-2.188836 -14.301188 172.328665
-2.188836 -14.301188 172.328665
-2.188836 -14.301188 172.328665
-2.184815 -14.303426 172.378156
-2.184815 -14.303426 172.378156
-2.184815 -14.303426 172.378156
-2.184815 -14.303426 172.378156
-2.184815 -14.303426 172.378156
-2.184815 -14.303426 172.378156
-2.174813 -14.304516 172.413045
-2.174813 -14.304516 172.413045
-2.174813 -14.304516 172.413045
-2.174813 -14.304516 172.413045
-2.174813 -14.304516 172.413045
-2.174813 -14.304516 172.413045
-2.191852 -14.303158 172.404575
-2.191852 -14.303158 172.404575
-2.191852 -14.303158 172.404575
-2.191852 -14.303158 172.404575
-2.191852 -14.303158 172.404575
-2.191852 -14.303158 172.404575
-2.191852 -14.303158 172.404575
-2.185842 -14.298452 172.419902
-2.185842 -14.298452 172.419902
-2.185842 -14.298452 172.419902
-2.185842 -14.298452 172.419902
-2.185842 -14.298452 172.419902
-2.185842 -14.298452 172.419902
-2.185842 -14.298452 172.419902
-2.174872 -14.302347 172.433699
-2.174872 -14.302347 172.433699
-2.174872 -14.302347 172.433699
-2.174872 -14.302347 172.433699
-2.174872 -14.302347 172.433699
-2.174872 -14.302347 172.433699
-2.187648 -14.302276 172.435038
-2.187648 -14.302276 172.435038
-2.187648 -14.302276 172.435038
-2.187648 -14.302276 172.435038
-2.187648 -14.302276 172.435038
-2.187648 -14.302276 172.435038
-2.187648 -14.302276 172.435038
-2.201285 -14.286477 172.374249
-2.201285 -14.286477 172.374249
-2.201285 -14.286477 172.374249
-2.201285 -14.286477 172.374249
-2.201285 -14.286477 172.374249
-2.201285 -14.286477 172.374249
-2.201285 -14.286477 172.374249
-2.205398 -14.289024 172.330222
-2.205398 -14.289024 172.330222
-2.205398 -14.289024 172.330222
-2.205398 -14.289024 172.330222
-2.205398 -14.289024 172.330222
-2.205398 -14.289024 172.330222
-2.189432 -14.299496 172.375165
-2.189432 -14.299496 172.375165
-2.189432 -14.299496 172.375165
-2.189432 -14.299496 172.375165
-2.189432 -14.299496 172.375165
-2.189432 -14.299496 172.375165
-2.187179 -14.309627 172.402677
-2.187179 -14.309627 172.402677
-2.187179 -14.309627 172.402677
-2.187179 -14.309627 172.402677
-2.187179 -14.309627 172.402677
-2.187179 -14.309627 172.402677
-2.187179 -14.309627 172.402677
-2.195924 -14.306667 172.391338
-2.195924 -14.306667 172.391338
-2.195924 -14.306667 172.391338
-2.195924 -14.306667 172.391338
-2.195924 -14.306667 172.391338
-2.195924 -14.306667 172.391338
-2.189833 -14.312981 172.410080
-2.189833 -14.312981 172.410080
-2.189833 -14.312981 172.410080
-2.189833 -14.312981 172.410080
-2.189833 -14.312981 172.410080
-2.189833 -14.312981 172.410080
-2.189833 -14.312981 172.410080
-2.193060 -14.311606 172.432074
-2.193060 -14.311606 172.432074
-2.193060 -14.311606 172.432074
-2.193060 -14.311606 172.432074
-2.193060 -14.311606 172.432074
-2.193060 -14.311606 172.432074
-2.180946 -14.314946 172.437114
-2.180946 -14.314946 172.437114
-2.180946 -14.314946 172.437114
-2.180946 -14.314946 172.437114
-2.180946 -14.314946 172.437114
-2.180946 -14.314946 172.437114
-2.180946 -14.314946 172.437114
-2.179420 -14.313587 172.431281
-2.179420 -14.313587 172.431281
-2.179420 -14.313587 172.431281
-2.179420 -14.313587 172.431281
-2.179420 -14.313587 172.431281
-2.179420 -14.313587 172.431281
-2.191947 -14.308218 172.398483
-2.191947 -14.308218 172.398483
-2.191947 -14.308218 172.398483
-2.191947 -14.308218 172.398483
-2.191947 -14.308218 172.398483
-2.191947 -14.308218 172.398483
-2.189928 -14.302954 172.389440
-2.189928 -14.302954 172.389440
-2.189928 -14.302954 172.389440
-2.189928 -14.302954 172.389440
-2.189928 -14.302954 172.389440
-2.189928 -14.302954 172.389440
-2.189928 -14.302954 172.389440
-2.202725 -14.296849 172.331697
-2.202725 -14.296849 172.331697
-2.202725 -14.296849 172.331697
-2.202725 -14.296849 172.331697
-2.202725 -14.296849 172.331697
-2.202725 -14.296849 172.331697
-2.193406 -14.296324 172.310073
-2.193406 -14.296324 172.310073
-2.193406 -14.296324 172.310073
-2.193406 -14.296324 172.310073
-2.193406 -14.296324 172.310073
-2.193406 -14.296324 172.310073
-2.185670 -14.307899 172.319020
-2.185670 -14.307899 172.319020
-2.185670 -14.307899 172.319020
-2.185670 -14.307899 172.319020
-2.185670 -14.307899 172.319020
-2.185670 -14.307899 172.319020
-2.185670 -14.307899 172.319020
-2.171304 -14.318685 172.356026
-2.171304 -14.318685 172.356026
-2.171304 -14.318685 172.356026
-2.171304 -14.318685 172.356026
-2.171304 -14.318685 172.356026
-2.171304 -14.318685 172.356026
-2.171304 -14.318685 172.356026
-2.171069 -14.313731 172.358226
-2.171069 -14.313731 172.358226
-2.171069 -14.313731 172.358226
-2.171069 -14.313731 172.358226
-2.171069 -14.313731 172.358226
-2.171069 -14.313731 172.358226
-2.171069 -14.313731 172.358226
-2.167206 -14.307001 172.372050
-2.167206 -14.307001 172.372050
-2.167206 -14.307001 172.372050
-2.167206 -14.307001 172.372050
-2.167206 -14.307001 172.372050
-2.167206 -14.307001 172.372050
-2.167206 -14.307001 172.372050
-2.170264 -14.305638 172.393838
-2.170264 -14.305638 172.393838
-2.170264 -14.305638 172.393838
-2.170264 -14.305638 172.393838
-2.170264 -14.305638 172.393838
-2.170264 -14.305638 172.393838
-2.172878 -14.302544 172.382541
-2.172878 -14.302544 172.382541
-2.172878 -14.302544 172.382541
-2.172878 -14.302544 172.382541
-2.172878 -14.302544 172.382541
-2.172878 -14.302544 172.382541
-2.172878 -14.302544 172.382541
-2.162703 -14.302499 172.409206
-2.162703 -14.302499 172.409206
-2.162703 -14.302499 172.409206
-2.162703 -14.302499 172.409206
-2.162703 -14.302499 172.409206
-2.162703 -14.302499 172.409206
-2.168949 -14.292322 172.430776
-2.168949 -14.292322 172.430776
-2.168949 -14.292322 172.430776
-2.168949 -14.292322 172.430776
-2.168949 -14.292322 172.430776
-2.168949 -14.292322 172.430776
-2.168949 -14.292322 172.430776
-2.169978 -14.293673 172.433822
-2.169978 -14.293673 172.433822
-2.169978 -14.293673 172.433822
-2.169978 -14.293673 172.433822
-2.169978 -14.293673 172.433822
-2.169978 -14.293673 172.433822
-2.169978 -14.293673 172.433822
-2.181439 -14.297714 172.404220
-2.181439 -14.297714 172.404220
-2.181439 -14.297714 172.404220
-2.181439 -14.297714 172.404220
-2.181439 -14.297714 172.404220
-2.181439 -14.297714 172.404220
-2.183323 -14.297420 172.367706
-2.183323 -14.297420 172.367706
-2.183323 -14.297420 172.367706
-2.183323 -14.297420 172.367706
-2.183323 -14.297420 172.367706
-2.183323 -14.297420 172.367706
-2.183323 -14.297420 172.367706
-2.168285 -14.303379 172.394562
-2.168285 -14.303379 172.394562
-2.168285 -14.303379 172.394562
-2.168285 -14.303379 172.394562
-2.168285 -14.303379 172.394562
-2.168285 -14.303379 172.394562
-2.161483 -14.302841 172.423481
-2.161483 -14.302841 172.423481
-2.161483 -14.302841 172.423481
-2.161483 -14.302841 172.423481
-2.161483 -14.302841 172.423481
-2.161483 -14.302841 172.423481
-2.161483 -14.302841 172.423481
-2.170580 -14.291670 172.386940
-2.170580 -14.291670 172.386940
-2.170580 -14.291670 172.386940
-2.170580 -14.291670 172.386940
-2.170580 -14.291670 172.386940
-2.170580 -14.291670 172.386940
-2.170580 -14.291670 172.386940
-2.177411 -14.292298 172.382295
-2.177411 -14.292298 172.382295
-2.177411 -14.292298 172.382295
-2.177411 -14.292298 172.382295
-2.177411 -14.292298 172.382295
-2.177411 -14.292298 172.382295
-2.172993 -14.289506 172.395054
-2.172993 -14.289506 172.395054
-2.172993 -14.289506 172.395054
-2.172993 -14.289506 172.395054
-2.172993 -14.289506 172.395054
-2.172993 -14.289506 172.395054
-2.172993 -14.289506 172.395054
-2.177277 -14.285619 172.389166
-2.177277 -14.285619 172.389166
-2.177277 -14.285619 172.389166
-2.177277 -14.285619 172.389166
-2.177277 -14.285619 172.389166
-2.177277 -14.285619 172.389166
-2.178684 -14.284514 172.371968
-2.178684 -14.284514 172.371968
-2.178684 -14.284514 172.371968
-2.178684 -14.284514 172.371968
-2.178684 -14.284514 172.371968
-2.178684 -14.284514 172.371968
-2.178684 -14.284514 172.371968
-2.162502 -14.295605 172.426459
-2.162502 -14.295605 172.426459
-2.162502 -14.295605 172.426459
-2.162502 -14.295605 172.426459
-2.162502 -14.295605 172.426459
-2.162502 -14.295605 172.426459
-2.162502 -14.295605 172.426459
-2.168860 -14.294692 172.410067
-2.168860 -14.294692 172.410067
-2.168860 -14.294692 172.410067
-2.168860 -14.294692 172.410067
-2.168860 -14.294692 172.410067
-2.168860 -14.294692 172.410067
-2.170531 -14.289669 172.423304
-2.170531 -14.289669 172.423304
-2.170531 -14.289669 172.423304
-2.170531 -14.289669 172.423304
-2.170531 -14.289669 172.423304
-2.170531 -14.289669 172.423304
-2.170531 -14.289669 172.423304
-2.175187 -14.285435 172.387650
-2.175187 -14.285435 172.387650
-2.175187 -14.285435 172.387650
-2.175187 -14.285435 172.387650
-2.175187 -14.285435 172.387650
-2.175187 -14.285435 172.387650
-2.175187 -14.285435 172.387650
-2.157798 -14.304544 172.423563
-2.157798 -14.304544 172.423563
-2.157798 -14.304544 172.423563
-2.157798 -14.304544 172.423563
-2.157798 -14.304544 172.423563
-2.157798 -14.304544 172.423563
-2.162147 -14.296922 172.426760
-2.162147 -14.296922 172.426760
-2.162147 -14.296922 172.426760
-2.162147 -14.296922 172.426760
-2.162147 -14.296922 172.426760
-2.162147 -14.296922 172.426760
-2.162147 -14.296922 172.426760
-2.179547 -14.285493 172.384344
-2.179547 -14.285493 172.384344
-2.179547 -14.285493 172.384344
-2.179547 -14.285493 172.384344
-2.179547 -14.285493 172.384344
-2.179547 -14.285493 172.384344
-2.176743 -14.294933 172.395450
-2.176743 -14.294933 172.395450
-2.176743 -14.294933 172.395450
-2.176743 -14.294933 172.395450
-2.176743 -14.294933 172.395450
-2.176743 -14.294933 172.395450
-2.176743 -14.294933 172.395450
-2.173119 -14.297848 172.397130
-2.173119 -14.297848 172.397130
-2.173119 -14.297848 172.397130
-2.173119 -14.297848 172.397130
-2.173119 -14.297848 172.397130
-2.173119 -14.297848 172.397130
-2.173119 -14.297848 172.397130
-2.171356 -14.299169 172.411870
-2.171356 -14.299169 172.411870
-2.171356 -14.299169 172.411870
-2.171356 -14.299169 172.411870
-2.171356 -14.299169 172.411870
-2.171356 -14.299169 172.411870
-2.171356 -14.299169 172.411870
-2.171805 -14.292414 172.408660
-2.171805 -14.292414 172.408660
-2.171805 -14.292414 172.408660
-2.171805 -14.292414 172.408660
-2.171805 -14.292414 172.408660
-2.171805 -14.292414 172.408660
-2.163223 -14.299681 172.428426
-2.163223 -14.299681 172.428426
-2.163223 -14.299681 172.428426
-2.163223 -14.299681 172.428426
-2.163223 -14.299681 172.428426
-2.163223 -14.299681 172.428426
-2.163223 -14.299681 172.428426
-2.176433 -14.293454 172.385423
-2.176433 -14.293454 172.385423
-2.176433 -14.293454 172.385423
-2.176433 -14.293454 172.385423
-2.176433 -14.293454 172.385423
-2.176433 -14.293454 172.385423
-2.176433 -14.293454 172.385423
-2.185160 -14.292424 172.380164
-2.185160 -14.292424 172.380164
-2.185160 -14.292424 172.380164
-2.185160 -14.292424 172.380164
-2.185160 -14.292424 172.380164
-2.185160 -14.292424 172.380164
-2.185160 -14.292424 172.380164
-2.192028 -14.294619 172.336997
-2.192028 -14.294619 172.336997
-2.192028 -14.294619 172.336997
-2.192028 -14.294619 172.336997
-2.192028 -14.294619 172.336997
-2.192028 -14.294619 172.336997
-2.192028 -14.294619 172.336997
-2.168551 -14.294879 172.392035
-2.168551 -14.294879 172.392035
-2.168551 -14.294879 172.392035
-2.168551 -14.294879 172.392035
-2.168551 -14.294879 172.392035
-2.168551 -14.294879 172.392035
-2.168551 -14.294879 172.392035
-2.167098 -14.301117 172.420216
-2.167098 -14.301117 172.420216
-2.167098 -14.301117 172.420216
-2.167098 -14.301117 172.420216
-2.167098 -14.301117 172.420216
-2.167098 -14.301117 172.420216
-2.167098 -14.301117 172.420216
-2.157340 -14.295107 172.449791
-2.157340 -14.295107 172.449791
-2.157340 -14.295107 172.449791
-2.157340 -14.295107 172.449791
-2.157340 -14.295107 172.449791
-2.157340 -14.295107 172.449791
-2.150652 -14.298893 172.478956
-2.150652 -14.298893 172.478956
-2.150652 -14.298893 172.478956
-2.150652 -14.298893 172.478956
-2.150652 -14.298893 172.478956
-2.150652 -14.298893 172.478956
-2.150652 -14.298893 172.478956
-2.157775 -14.294499 172.486551
-2.157775 -14.294499 172.486551
-2.157775 -14.294499 172.486551
-2.157775 -14.294499 172.486551
-2.157775 -14.294499 172.486551
-2.157775 -14.294499 172.486551
-2.157775 -14.294499 172.486551
-2.156496 -14.296301 172.487644
-2.156496 -14.296301 172.487644
-2.156496 -14.296301 172.487644
-2.156496 -14.296301 172.487644
-2.156496 -14.296301 172.487644
-2.156496 -14.296301 172.487644
-2.164120 -14.291276 172.476019
-2.164120 -14.291276 172.476019
-2.164120 -14.291276 172.476019
-2.164120 -14.291276 172.476019
-2.164120 -14.291276 172.476019
-2.164120 -14.291276 172.476019
-2.164120 -14.291276 172.476019
-2.157909 -14.307469 172.474735
-2.157909 -14.307469 172.474735
-2.157909 -14.307469 172.474735
-2.157909 -14.307469 172.474735
-2.157909 -14.307469 172.474735
-2.157909 -14.307469 172.474735
-2.157909 -14.307469 172.474735
-2.162587 -14.314137 172.472290
-2.162587 -14.314137 172.472290
-2.162587 -14.314137 172.472290
-2.162587 -14.314137 172.472290
-2.162587 -14.314137 172.472290
-2.162587 -14.314137 172.472290
-2.181367 -14.311178 172.407540
-2.181367 -14.311178 172.407540
-2.181367 -14.311178 172.407540
-2.181367 -14.311178 172.407540
-2.181367 -14.311178 172.407540
-2.181367 -14.311178 172.407540
-2.181367 -14.311178 172.407540
-2.190101 -14.308531 172.347434
-2.190101 -14.308531 172.347434
-2.190101 -14.308531 172.347434
-2.190101 -14.308531 172.347434
-2.190101 -14.308531 172.347434
-2.190101 -14.308531 172.347434
-2.176994 -14.304983 172.366026
-2.176994 -14.304983 172.366026
-2.176994 -14.304983 172.366026
-2.176994 -14.304983 172.366026
-2.176994 -14.304983 172.366026
-2.176994 -14.304983 172.366026
-2.168822 -14.301743 172.376763
-2.168822 -14.301743 172.376763
-2.168822 -14.301743 172.376763
-2.168822 -14.301743 172.376763
-2.168822 -14.301743 172.376763
-2.168822 -14.301743 172.376763
-2.168822 -14.301743 172.376763
-2.164446 -14.294793 172.384754
-2.164446 -14.294793 172.384754
-2.164446 -14.294793 172.384754
-2.164446 -14.294793 172.384754
-2.164446 -14.294793 172.384754
-2.164446 -14.294793 172.384754
-2.164446 -14.294793 172.384754
-2.157639 -14.300828 172.392199
-2.157639 -14.300828 172.392199
-2.157639 -14.300828 172.392199
-2.157639 -14.300828 172.392199
-2.157639 -14.300828 172.392199
-2.157639 -14.300828 172.392199
-2.162032 -14.300251 172.403004
-2.162032 -14.300251 172.403004
-2.162032 -14.300251 172.403004
-2.162032 -14.300251 172.403004
-2.162032 -14.300251 172.403004
-2.162032 -14.300251 172.403004
-2.162032 -14.300251 172.403004
-2.164166 -14.298561 172.418632
-2.164166 -14.298561 172.418632
-2.164166 -14.298561 172.418632
-2.164166 -14.298561 172.418632
-2.164166 -14.298561 172.418632
-2.164166 -14.298561 172.418632
-2.164166 -14.298561 172.418632
-2.167752 -14.291931 172.401174
-2.167752 -14.291931 172.401174
-2.167752 -14.291931 172.401174
-2.167752 -14.291931 172.401174
-2.167752 -14.291931 172.401174
-2.167752 -14.291931 172.401174
-2.162353 -14.296943 172.420039
-2.162353 -14.296943 172.420039
-2.162353 -14.296943 172.420039
-2.162353 -14.296943 172.420039
-2.162353 -14.296943 172.420039
-2.162353 -14.296943 172.420039
-2.162353 -14.296943 172.420039
-2.154769 -14.290066 172.430639
-2.154769 -14.290066 172.430639
-2.154769 -14.290066 172.430639
-2.154769 -14.290066 172.430639
-2.154769 -14.290066 172.430639
-2.154769 -14.290066 172.430639
-2.153924 -14.300193 172.434068
-2.153924 -14.300193 172.434068
-2.153924 -14.300193 172.434068
-2.153924 -14.300193 172.434068
-2.153924 -14.300193 172.434068
-2.153924 -14.300193 172.434068
-2.164063 -14.303231 172.395669
-2.164063 -14.303231 172.395669
-2.164063 -14.303231 172.395669
-2.164063 -14.303231 172.395669
-2.164063 -14.303231 172.395669
-2.164063 -14.303231 172.395669
-2.164063 -14.303231 172.395669
-2.157835 -14.310478 172.398742
-2.157835 -14.310478 172.398742
-2.157835 -14.310478 172.398742
-2.157835 -14.310478 172.398742
-2.157835 -14.310478 172.398742
-2.157835 -14.310478 172.398742
-2.147156 -14.308685 172.433590
-2.147156 -14.308685 172.433590
-2.147156 -14.308685 172.433590
-2.147156 -14.308685 172.433590
-2.147156 -14.308685 172.433590
-2.147156 -14.308685 172.433590
-2.147156 -14.308685 172.433590
-2.167537 -14.297784 172.383825
-2.167537 -14.297784 172.383825
-2.167537 -14.297784 172.383825
-2.167537 -14.297784 172.383825
-2.167537 -14.297784 172.383825
-2.167537 -14.297784 172.383825
-2.151923 -14.306704 172.426227
-2.151923 -14.306704 172.426227
-2.151923 -14.306704 172.426227
-2.151923 -14.306704 172.426227
-2.151923 -14.306704 172.426227
-2.151923 -14.306704 172.426227
-2.151923 -14.306704 172.426227
-2.152514 -14.300195 172.427661
-2.152514 -14.300195 172.427661
-2.152514 -14.300195 172.427661
-2.152514 -14.300195 172.427661
-2.152514 -14.300195 172.427661
-2.152514 -14.300195 172.427661
-2.143563 -14.294793 172.424588
-2.143563 -14.294793 172.424588
-2.143563 -14.294793 172.424588
-2.143563 -14.294793 172.424588
-2.143563 -14.294793 172.424588
-2.143563 -14.294793 172.424588
-2.143563 -14.294793 172.424588
-2.142060 -14.290310 172.460187
-2.142060 -14.290310 172.460187
-2.142060 -14.290310 172.460187
-2.142060 -14.290310 172.460187
-2.142060 -14.290310 172.460187
-2.142060 -14.290310 172.460187
-2.137793 -14.292587 172.472221
-2.137793 -14.292587 172.472221
-2.137793 -14.292587 172.472221
-2.137793 -14.292587 172.472221
-2.137793 -14.292587 172.472221
-2.137793 -14.292587 172.472221
-2.137793 -14.292587 172.472221
-2.160224 -14.290326 172.423877
-2.160224 -14.290326 172.423877
-2.160224 -14.290326 172.423877
-2.160224 -14.290326 172.423877
-2.160224 -14.290326 172.423877
-2.160224 -14.290326 172.423877
-2.160271 -14.294924 172.430120
-2.160271 -14.294924 172.430120
-2.160271 -14.294924 172.430120
-2.160271 -14.294924 172.430120
-2.160271 -14.294924 172.430120
-2.160271 -14.294924 172.430120
-2.160271 -14.294924 172.430120
-2.156560 -14.284208 172.445857
-2.156560 -14.284208 172.445857
-2.156560 -14.284208 172.445857
-2.156560 -14.284208 172.445857
-2.156560 -14.284208 172.445857
-2.156560 -14.284208 172.445857
-2.147793 -14.283177 172.449764
-2.147793 -14.283177 172.449764
-2.147793 -14.283177 172.449764
-2.147793 -14.283177 172.449764
-2.147793 -14.283177 172.449764
-2.147793 -14.283177 172.449764
-2.147793 -14.283177 172.449764
-2.162376 -14.284514 172.424014
-2.162376 -14.284514 172.424014
-2.162376 -14.284514 172.424014
-2.162376 -14.284514 172.424014
-2.162376 -14.284514 172.424014
-2.162376 -14.284514 172.424014
-2.162512 -14.290374 172.405163
-2.162512 -14.290374 172.405163
-2.162512 -14.290374 172.405163
-2.162512 -14.290374 172.405163
-2.162512 -14.290374 172.405163
-2.162512 -14.290374 172.405163
-2.162512 -14.290374 172.405163
-2.149185 -14.293436 172.440857
-2.149185 -14.293436 172.440857
-2.149185 -14.293436 172.440857
-2.149185 -14.293436 172.440857
-2.149185 -14.293436 172.440857
-2.149185 -14.293436 172.440857
-2.135118 -14.293081 172.487207
-2.135118 -14.293081 172.487207
-2.135118 -14.293081 172.487207
-2.135118 -14.293081 172.487207
-2.135118 -14.293081 172.487207
-2.135118 -14.293081 172.487207
-2.135118 -14.293081 172.487207
-2.142168 -14.290626 172.477549
-2.142168 -14.290626 172.477549
-2.142168 -14.290626 172.477549
-2.142168 -14.290626 172.477549
-2.142168 -14.290626 172.477549
-2.142168 -14.290626 172.477549
-2.145607 -14.290184 172.477016
-2.145607 -14.290184 172.477016
-2.145607 -14.290184 172.477016
-2.145607 -14.290184 172.477016
-2.145607 -14.290184 172.477016
-2.145607 -14.290184 172.477016
-2.145607 -14.290184 172.477016
-2.147715 -14.297504 172.483915
-2.147715 -14.297504 172.483915
-2.147715 -14.297504 172.483915
-2.147715 -14.297504 172.483915
-2.147715 -14.297504 172.483915
-2.147715 -14.297504 172.483915
-2.147715 -14.297504 172.483915
-2.159869 -14.282906 172.454326
-2.159869 -14.282906 172.454326
-2.159869 -14.282906 172.454326
-2.159869 -14.282906 172.454326
-2.159869 -14.282906 172.454326
-2.159869 -14.282906 172.454326
-2.159869 -14.282906 172.454326
-2.152067 -14.288261 172.463206
-2.152067 -14.288261 172.463206
-2.152067 -14.288261 172.463206
-2.152067 -14.288261 172.463206
-2.152067 -14.288261 172.463206
-2.152067 -14.288261 172.463206
-2.152067 -14.288261 172.463206
-2.155857 -14.296786 172.461648
-2.155857 -14.296786 172.461648
-2.155857 -14.296786 172.461648
-2.155857 -14.296786 172.461648
-2.155857 -14.296786 172.461648
-2.155857 -14.296786 172.461648
-2.163483 -14.297477 172.451608
-2.163483 -14.297477 172.451608
-2.163483 -14.297477 172.451608
-2.163483 -14.297477 172.451608
-2.163483 -14.297477 172.451608
-2.163483 -14.297477 172.451608
-2.163483 -14.297477 172.451608
-2.164825 -14.295302 172.390232
-2.164825 -14.295302 172.390232
-2.164825 -14.295302 172.390232
-2.164825 -14.295302 172.390232
-2.164825 -14.295302 172.390232
-2.164825 -14.295302 172.390232
-2.164825 -14.295302 172.390232
-2.163218 -14.305508 172.358704
-2.163218 -14.305508 172.358704
-2.163218 -14.305508 172.358704
-2.163218 -14.305508 172.358704
-2.163218 -14.305508 172.358704
-2.163218 -14.305508 172.358704
-2.163218 -14.305508 172.358704
-2.163218 -14.305508 172.358704
-2.163218 -14.305508 172.358704
-2.163218 -14.305508 172.358704
-2.163218 -14.305508 172.358704
-2.163218 -14.305508 172.358704
-2.163218 -14.305508 172.358704
-2.148576 -14.305036 172.417075
-2.148576 -14.305036 172.417075
-2.148576 -14.305036 172.417075
-2.148576 -14.305036 172.417075
-2.148576 -14.305036 172.417075
-2.148576 -14.305036 172.417075
-2.138034 -14.298062 172.415176
-2.138034 -14.298062 172.415176
-2.138034 -14.298062 172.415176
-2.138034 -14.298062 172.415176
-2.138034 -14.298062 172.415176
-2.138034 -14.298062 172.415176
-2.138034 -14.298062 172.415176
-2.142453 -14.297113 172.439614
-2.142453 -14.297113 172.439614
-2.142453 -14.297113 172.439614
-2.142453 -14.297113 172.439614
-2.142453 -14.297113 172.439614
-2.142453 -14.297113 172.439614
-2.139914 -14.294197 172.472986
-2.139914 -14.294197 172.472986
-2.139914 -14.294197 172.472986
-2.139914 -14.294197 172.472986
-2.139914 -14.294197 172.472986
-2.139914 -14.294197 172.472986
-2.139914 -14.294197 172.472986
-2.134889 -14.293515 172.482508
-2.134889 -14.293515 172.482508
-2.134889 -14.293515 172.482508
-2.134889 -14.293515 172.482508
-2.134889 -14.293515 172.482508
-2.134889 -14.293515 172.482508
-2.136181 -14.292165 172.475637
-2.136181 -14.292165 172.475637
-2.136181 -14.292165 172.475637
-2.136181 -14.292165 172.475637
-2.136181 -14.292165 172.475637
-2.136181 -14.292165 172.475637
-2.136181 -14.292165 172.475637
-2.142011 -14.292216 172.499023
-2.142011 -14.292216 172.499023
-2.142011 -14.292216 172.499023
-2.142011 -14.292216 172.499023
-2.142011 -14.292216 172.499023
-2.142011 -14.292216 172.499023
-2.146349 -14.290428 172.467577
-2.146349 -14.290428 172.467577
-2.146349 -14.290428 172.467577
-2.146349 -14.290428 172.467577
-2.146349 -14.290428 172.467577
-2.146349 -14.290428 172.467577
-2.146349 -14.290428 172.467577
-2.149730 -14.302499 172.455337
-2.149730 -14.302499 172.455337
-2.149730 -14.302499 172.455337
-2.149730 -14.302499 172.455337
-2.149730 -14.302499 172.455337
-2.149730 -14.302499 172.455337
-2.149450 -14.300381 172.420421
-2.149450 -14.300381 172.420421
-2.149450 -14.300381 172.420421
-2.149450 -14.300381 172.420421
-2.149450 -14.300381 172.420421
-2.149450 -14.300381 172.420421
-2.149450 -14.300381 172.420421
-2.147194 -14.298335 172.447769
-2.147194 -14.298335 172.447769
-2.147194 -14.298335 172.447769
-2.147194 -14.298335 172.447769
-2.147194 -14.298335 172.447769
-2.147194 -14.298335 172.447769
-2.149438 -14.297355 172.471716
-2.149438 -14.297355 172.471716
-2.149438 -14.297355 172.471716
-2.149438 -14.297355 172.471716
-2.149438 -14.297355 172.471716
-2.149438 -14.297355 172.471716
-2.149438 -14.297355 172.471716
-2.152917 -14.289490 172.473137
-2.152917 -14.289490 172.473137
-2.152917 -14.289490 172.473137
-2.152917 -14.289490 172.473137
-2.152917 -14.289490 172.473137
-2.152917 -14.289490 172.473137
-2.152917 -14.289490 172.473137
-2.143732 -14.282387 172.512902
-2.143732 -14.282387 172.512902
-2.143732 -14.282387 172.512902
-2.143732 -14.282387 172.512902
-2.143732 -14.282387 172.512902
-2.143732 -14.282387 172.512902
-2.142458 -14.285421 172.544348
-2.142458 -14.285421 172.544348
-2.142458 -14.285421 172.544348
-2.142458 -14.285421 172.544348
-2.142458 -14.285421 172.544348
-2.142458 -14.285421 172.544348
-2.142458 -14.285421 172.544348
-2.148211 -14.288080 172.526030
-2.148211 -14.288080 172.526030
-2.148211 -14.288080 172.526030
-2.148211 -14.288080 172.526030
-2.148211 -14.288080 172.526030
-2.148211 -14.288080 172.526030
-2.148211 -14.288080 172.526030
-2.149345 -14.292143 172.515771
-2.149345 -14.292143 172.515771
-2.149345 -14.292143 172.515771
-2.149345 -14.292143 172.515771
-2.149345 -14.292143 172.515771
-2.149345 -14.292143 172.515771
-2.149345 -14.292143 172.515771
-2.137429 -14.291963 172.543884
-2.137429 -14.291963 172.543884
-2.137429 -14.291963 172.543884
-2.137429 -14.291963 172.543884
-2.137429 -14.291963 172.543884
-2.137429 -14.291963 172.543884
-2.149052 -14.297382 172.496469
-2.149052 -14.297382 172.496469
-2.149052 -14.297382 172.496469
-2.149052 -14.297382 172.496469
-2.149052 -14.297382 172.496469
-2.149052 -14.297382 172.496469
-2.149052 -14.297382 172.496469
-2.158302 -14.290085 172.440830
-2.158302 -14.290085 172.440830
-2.158302 -14.290085 172.440830
-2.158302 -14.290085 172.440830
-2.158302 -14.290085 172.440830
-2.158302 -14.290085 172.440830
-2.162907 -14.288116 172.395218
-2.162907 -14.288116 172.395218
-2.162907 -14.288116 172.395218
-2.162907 -14.288116 172.395218
-2.162907 -14.288116 172.395218
-2.162907 -14.288116 172.395218
-2.162907 -14.288116 172.395218
-2.152478 -14.291589 172.432442
-2.152478 -14.291589 172.432442
-2.152478 -14.291589 172.432442
-2.152478 -14.291589 172.432442
-2.152478 -14.291589 172.432442
-2.152478 -14.291589 172.432442
-2.152478 -14.291589 172.432442
-2.145389 -14.302680 172.427593
-2.145389 -14.302680 172.427593
-2.145389 -14.302680 172.427593
-2.145389 -14.302680 172.427593
-2.145389 -14.302680 172.427593
-2.145389 -14.302680 172.427593
-2.152709 -14.304785 172.399931
-2.152709 -14.304785 172.399931
-2.152709 -14.304785 172.399931
-2.152709 -14.304785 172.399931
-2.152709 -14.304785 172.399931
-2.152709 -14.304785 172.399931
-2.152709 -14.304785 172.399931
-2.138982 -14.303106 172.437196
-2.138982 -14.303106 172.437196
-2.138982 -14.303106 172.437196
-2.138982 -14.303106 172.437196
-2.138982 -14.303106 172.437196
-2.138982 -14.303106 172.437196
-2.132544 -14.301392 172.479502
-2.132544 -14.301392 172.479502
-2.132544 -14.301392 172.479502
-2.132544 -14.301392 172.479502
-2.132544 -14.301392 172.479502
-2.132544 -14.301392 172.479502
-2.132544 -14.301392 172.479502
-2.134814 -14.299968 172.505799
-2.134814 -14.299968 172.505799
-2.134814 -14.299968 172.505799
-2.134814 -14.299968 172.505799
-2.134814 -14.299968 172.505799
-2.134814 -14.299968 172.505799
-2.136622 -14.300509 172.513858
-2.136622 -14.300509 172.513858
-2.136622 -14.300509 172.513858
-2.136622 -14.300509 172.513858
-2.136622 -14.300509 172.513858
-2.136622 -14.300509 172.513858
-2.136622 -14.300509 172.513858
-2.136702 -14.294532 172.521932
-2.136702 -14.294532 172.521932
-2.136702 -14.294532 172.521932
-2.136702 -14.294532 172.521932
-2.136702 -14.294532 172.521932
-2.136702 -14.294532 172.521932
-2.136702 -14.294532 172.521932
-2.141924 -14.296377 172.510976
-2.141924 -14.296377 172.510976
-2.141924 -14.296377 172.510976
-2.141924 -14.296377 172.510976
-2.141924 -14.296377 172.510976
-2.141924 -14.296377 172.510976
-2.145577 -14.299214 172.521057
-2.145577 -14.299214 172.521057
-2.145577 -14.299214 172.521057
-2.145577 -14.299214 172.521057
-2.145577 -14.299214 172.521057
-2.145577 -14.299214 172.521057
-2.145577 -14.299214 172.521057
-2.155129 -14.292851 172.481661
-2.155129 -14.292851 172.481661
-2.155129 -14.292851 172.481661
-2.155129 -14.292851 172.481661
-2.155129 -14.292851 172.481661
-2.155129 -14.292851 172.481661
-2.140982 -14.299307 172.497821
-2.140982 -14.299307 172.497821
-2.140982 -14.299307 172.497821
-2.140982 -14.299307 172.497821
-2.140982 -14.299307 172.497821
-2.140982 -14.299307 172.497821
-2.140982 -14.299307 172.497821
-2.126607 -14.293159 172.528967
-2.126607 -14.293159 172.528967
-2.126607 -14.293159 172.528967
-2.126607 -14.293159 172.528967
-2.126607 -14.293159 172.528967
-2.126607 -14.293159 172.528967
-2.126607 -14.293159 172.528967
-2.132305 -14.293837 172.533816
-2.132305 -14.293837 172.533816
-2.132305 -14.293837 172.533816
-2.132305 -14.293837 172.533816
-2.132305 -14.293837 172.533816
-2.132305 -14.293837 172.533816
-2.137671 -14.295878 172.519186
-2.137671 -14.295878 172.519186
-2.137671 -14.295878 172.519186
-2.137671 -14.295878 172.519186
-2.137671 -14.295878 172.519186
-2.137671 -14.295878 172.519186
-2.137671 -14.295878 172.519186
-2.143851 -14.299822 172.510621
-2.143851 -14.299822 172.510621
-2.143851 -14.299822 172.510621
-2.143851 -14.299822 172.510621
-2.143851 -14.299822 172.510621
-2.143851 -14.299822 172.510621
-2.148860 -14.301557 172.469162
-2.148860 -14.301557 172.469162
-2.148860 -14.301557 172.469162
-2.148860 -14.301557 172.469162
-2.148860 -14.301557 172.469162
-2.148860 -14.301557 172.469162
-2.148860 -14.301557 172.469162
-2.144399 -14.304163 172.482467
-2.144399 -14.304163 172.482467
-2.144399 -14.304163 172.482467
-2.144399 -14.304163 172.482467
-2.144399 -14.304163 172.482467
-2.144399 -14.304163 172.482467
-2.144399 -14.304163 172.482467
-2.136052 -14.307085 172.492261
-2.136052 -14.307085 172.492261
-2.136052 -14.307085 172.492261
-2.136052 -14.307085 172.492261
-2.136052 -14.307085 172.492261
-2.136052 -14.307085 172.492261
-2.136052 -14.307085 172.492261
-2.139998 -14.302934 172.467058
-2.139998 -14.302934 172.467058
-2.139998 -14.302934 172.467058
-2.139998 -14.302934 172.467058
-2.139998 -14.302934 172.467058
-2.139998 -14.302934 172.467058
-2.137807 -14.302574 172.456580
-2.137807 -14.302574 172.456580
-2.137807 -14.302574 172.456580
-2.137807 -14.302574 172.456580
-2.137807 -14.302574 172.456580
-2.137807 -14.302574 172.456580
-2.136820 -14.297766 172.454723
-2.136820 -14.297766 172.454723
-2.136820 -14.297766 172.454723
-2.136820 -14.297766 172.454723
-2.136820 -14.297766 172.454723
-2.136820 -14.297766 172.454723
-2.136820 -14.297766 172.454723
-2.145038 -14.297959 172.432634
-2.145038 -14.297959 172.432634
-2.145038 -14.297959 172.432634
-2.145038 -14.297959 172.432634
-2.145038 -14.297959 172.432634
-2.145038 -14.297959 172.432634
-2.145038 -14.297959 172.432634
-2.160871 -14.303793 172.351846
-2.160871 -14.303793 172.351846
-2.160871 -14.303793 172.351846
-2.160871 -14.303793 172.351846
-2.160871 -14.303793 172.351846
-2.160871 -14.303793 172.351846
-2.160667 -14.297442 172.335017
-2.160667 -14.297442 172.335017
-2.160667 -14.297442 172.335017
-2.160667 -14.297442 172.335017
-2.160667 -14.297442 172.335017
-2.160667 -14.297442 172.335017
-2.160667 -14.297442 172.335017
-2.149443 -14.300054 172.358553
-2.149443 -14.300054 172.358553
-2.149443 -14.300054 172.358553
-2.149443 -14.300054 172.358553
-2.149443 -14.300054 172.358553
-2.149443 -14.300054 172.358553
-2.149443 -14.300054 172.358553
-2.129864 -14.299940 172.389972
-2.129864 -14.299940 172.389972
-2.129864 -14.299940 172.389972
-2.129864 -14.299940 172.389972
-2.129864 -14.299940 172.389972
-2.129864 -14.299940 172.389972
-2.129864 -14.299940 172.389972
-2.134172 -14.299557 172.383634
-2.134172 -14.299557 172.383634
-2.134172 -14.299557 172.383634
-2.134172 -14.299557 172.383634
-2.134172 -14.299557 172.383634
-2.134172 -14.299557 172.383634
-2.134172 -14.299557 172.383634
-2.136609 -14.298710 172.410313
-2.136609 -14.298710 172.410313
-2.136609 -14.298710 172.410313
-2.136609 -14.298710 172.410313
-2.136609 -14.298710 172.410313
-2.132732 -14.305271 172.422798
-2.132732 -14.305271 172.422798
-2.132732 -14.305271 172.422798
-2.132732 -14.305271 172.422798
-2.132732 -14.305271 172.422798
-2.132732 -14.305271 172.422798
-2.132732 -14.305271 172.422798
-2.133024 -14.295116 172.438672
-2.133024 -14.295116 172.438672
-2.133024 -14.295116 172.438672
-2.133024 -14.295116 172.438672
-2.133024 -14.295116 172.438672
-2.133024 -14.295116 172.438672
-2.126622 -14.292290 172.458015
-2.126622 -14.292290 172.458015
-2.126622 -14.292290 172.458015
-2.126622 -14.292290 172.458015
-2.126622 -14.292290 172.458015
-2.126622 -14.292290 172.458015
-2.126622 -14.292290 172.458015
-2.131366 -14.290451 172.469722
-2.131366 -14.290451 172.469722
-2.131366 -14.290451 172.469722
-2.131366 -14.290451 172.469722
-2.131366 -14.290451 172.469722
-2.131366 -14.290451 172.469722
-2.131366 -14.290451 172.469722
-2.137160 -14.291520 172.448862
-2.137160 -14.291520 172.448862
-2.137160 -14.291520 172.448862
-2.137160 -14.291520 172.448862
-2.137160 -14.291520 172.448862
-2.137160 -14.291520 172.448862
-2.137160 -14.291520 172.448862
-2.153443 -14.291213 172.427484
-2.153443 -14.291213 172.427484
-2.153443 -14.291213 172.427484
-2.153443 -14.291213 172.427484
-2.153443 -14.291213 172.427484
-2.153443 -14.291213 172.427484
-2.159941 -14.289327 172.407799
-2.159941 -14.289327 172.407799
-2.159941 -14.289327 172.407799
-2.159941 -14.289327 172.407799
-2.159941 -14.289327 172.407799
-2.159941 -14.289327 172.407799
-2.159941 -14.289327 172.407799
-2.144631 -14.295749 172.462167
-2.144631 -14.295749 172.462167
-2.144631 -14.295749 172.462167
-2.144631 -14.295749 172.462167
-2.144631 -14.295749 172.462167
-2.144631 -14.295749 172.462167
-2.145306 -14.292654 172.481374
-2.145306 -14.292654 172.481374
-2.145306 -14.292654 172.481374
-2.145306 -14.292654 172.481374
-2.145306 -14.292654 172.481374
-2.145306 -14.292654 172.481374
-2.145306 -14.292654 172.481374
-2.152065 -14.284551 172.453780
-2.152065 -14.284551 172.453780
-2.152065 -14.284551 172.453780
-2.152065 -14.284551 172.453780
-2.152065 -14.284551 172.453780
-2.152065 -14.284551 172.453780
-2.141960 -14.287202 172.490103
-2.141960 -14.287202 172.490103
-2.141960 -14.287202 172.490103
-2.141960 -14.287202 172.490103
-2.141960 -14.287202 172.490103
-2.141960 -14.287202 172.490103
-2.138929 -14.288850 172.513790
-2.138929 -14.288850 172.513790
-2.138929 -14.288850 172.513790
-2.138929 -14.288850 172.513790
-2.138929 -14.288850 172.513790
-2.138929 -14.288850 172.513790
-2.138929 -14.288850 172.513790
-2.136725 -14.296574 172.523475
-2.136725 -14.296574 172.523475
-2.136725 -14.296574 172.523475
-2.136725 -14.296574 172.523475
-2.136725 -14.296574 172.523475
-2.136725 -14.296574 172.523475
-2.141799 -14.302952 172.524691
-2.141799 -14.302952 172.524691
-2.141799 -14.302952 172.524691
-2.141799 -14.302952 172.524691
-2.141799 -14.302952 172.524691
-2.141799 -14.302952 172.524691
-2.141799 -14.302952 172.524691
-2.141876 -14.298607 172.543966
-2.141876 -14.298607 172.543966
-2.141876 -14.298607 172.543966
-2.141876 -14.298607 172.543966
-2.141876 -14.298607 172.543966
-2.141876 -14.298607 172.543966
-2.142839 -14.298633 172.523830
-2.142839 -14.298633 172.523830
-2.142839 -14.298633 172.523830
-2.142839 -14.298633 172.523830
-2.142839 -14.298633 172.523830
-2.132058 -14.299701 172.520880
-2.132058 -14.299701 172.520880
-2.132058 -14.299701 172.520880
-2.132058 -14.299701 172.520880
-2.132058 -14.299701 172.520880
-2.138461 -14.294777 172.474380
-2.138461 -14.294777 172.474380
-2.138461 -14.294777 172.474380
-2.138461 -14.294777 172.474380
-2.138461 -14.294777 172.474380
-2.138461 -14.294777 172.474380
-2.139906 -14.289267 172.468397
-2.139906 -14.289267 172.468397
-2.139906 -14.289267 172.468397
-2.139906 -14.289267 172.468397
-2.139906 -14.289267 172.468397
-2.139906 -14.289267 172.468397
-2.139906 -14.289267 172.468397
-2.133421 -14.293046 172.467181
-2.133421 -14.293046 172.467181
-2.133421 -14.293046 172.467181
-2.133421 -14.293046 172.467181
-2.133421 -14.293046 172.467181
-2.133421 -14.293046 172.467181
-2.133421 -14.293046 172.467181
-2.134991 -14.290026 172.485827
-2.134991 -14.290026 172.485827
-2.134991 -14.290026 172.485827
-2.134991 -14.290026 172.485827
-2.134991 -14.290026 172.485827
-2.134991 -14.290026 172.485827
-2.134991 -14.290026 172.485827
-2.139107 -14.292768 172.476183
-2.139107 -14.292768 172.476183
-2.139107 -14.292768 172.476183
-2.139107 -14.292768 172.476183
-2.139107 -14.292768 172.476183
-2.139107 -14.292768 172.476183
-2.139107 -14.292768 172.476183
-2.143250 -14.295040 172.469530
-2.143250 -14.295040 172.469530
-2.143250 -14.295040 172.469530
-2.143250 -14.295040 172.469530
-2.143250 -14.295040 172.469530
-2.143250 -14.295040 172.469530
-2.139331 -14.289744 172.459627
-2.139331 -14.289744 172.459627
-2.139331 -14.289744 172.459627
-2.139331 -14.289744 172.459627
-2.139331 -14.289744 172.459627
-2.139331 -14.289744 172.459627
-2.139331 -14.289744 172.459627
-2.135633 -14.292508 172.451786
-2.135633 -14.292508 172.451786
-2.135633 -14.292508 172.451786
-2.135633 -14.292508 172.451786
-2.135633 -14.292508 172.451786
-2.135633 -14.292508 172.451786
-2.135633 -14.292508 172.451786
-2.126331 -14.294430 172.469339
-2.126331 -14.294430 172.469339
-2.126331 -14.294430 172.469339
-2.126331 -14.294430 172.469339
-2.126331 -14.294430 172.469339
-2.126331 -14.294430 172.469339
-2.132281 -14.287772 172.457400
-2.132281 -14.287772 172.457400
-2.132281 -14.287772 172.457400
-2.132281 -14.287772 172.457400
-2.132281 -14.287772 172.457400
-2.132281 -14.287772 172.457400
-2.132281 -14.287772 172.457400
-2.135247 -14.286334 172.466880
-2.135247 -14.286334 172.466880
-2.135247 -14.286334 172.466880
-2.135247 -14.286334 172.466880
-2.135247 -14.286334 172.466880
-2.135247 -14.286334 172.466880
-2.135247 -14.286334 172.466880
-2.129084 -14.269862 172.485090
-2.129084 -14.269862 172.485090
-2.129084 -14.269862 172.485090
-2.129084 -14.269862 172.485090
-2.129084 -14.269862 172.485090
-2.129084 -14.269862 172.485090
-2.129084 -14.269862 172.485090
-2.134605 -14.270704 172.485322
-2.134605 -14.270704 172.485322
-2.134605 -14.270704 172.485322
-2.134605 -14.270704 172.485322
-2.134605 -14.270704 172.485322
-2.134605 -14.270704 172.485322
-2.134605 -14.270704 172.485322
-2.135008 -14.283546 172.482945
-2.135008 -14.283546 172.482945
-2.135008 -14.283546 172.482945
-2.135008 -14.283546 172.482945
-2.135008 -14.283546 172.482945
-2.135008 -14.283546 172.482945
-2.135739 -14.279111 172.475609
-2.135739 -14.279111 172.475609
-2.135739 -14.279111 172.475609
-2.135739 -14.279111 172.475609
-2.135739 -14.279111 172.475609
-2.135739 -14.279111 172.475609
-2.132704 -14.293826 172.480746
-2.132704 -14.293826 172.480746
-2.132704 -14.293826 172.480746
-2.132704 -14.293826 172.480746
-2.132704 -14.293826 172.480746
-2.132704 -14.293826 172.480746
-2.132704 -14.293826 172.480746
-2.123121 -14.294896 172.508517
-2.123121 -14.294896 172.508517
-2.123121 -14.294896 172.508517
-2.123121 -14.294896 172.508517
-2.123121 -14.294896 172.508517
-2.123121 -14.294896 172.508517
-2.123121 -14.294896 172.508517
-2.122896 -14.295378 172.517738
-2.122896 -14.295378 172.517738
-2.122896 -14.295378 172.517738
-2.122896 -14.295378 172.517738
-2.122896 -14.295378 172.517738
-2.122896 -14.295378 172.517738
-2.121649 -14.299696 172.543201
-2.121649 -14.299696 172.543201
-2.121649 -14.299696 172.543201
-2.121649 -14.299696 172.543201
-2.121649 -14.299696 172.543201
-2.121649 -14.299696 172.543201
-2.121649 -14.299696 172.543201
-2.124880 -14.294294 172.566847
-2.124880 -14.294294 172.566847
-2.124880 -14.294294 172.566847
-2.124880 -14.294294 172.566847
-2.124880 -14.294294 172.566847
-2.124880 -14.294294 172.566847
-2.124880 -14.294294 172.566847
-2.132843 -14.294100 172.541862
-2.132843 -14.294100 172.541862
-2.132843 -14.294100 172.541862
-2.132843 -14.294100 172.541862
-2.132843 -14.294100 172.541862
-2.132843 -14.294100 172.541862
-2.132843 -14.294100 172.541862
-2.127202 -14.298876 172.546875
-2.127202 -14.298876 172.546875
-2.127202 -14.298876 172.546875
-2.127202 -14.298876 172.546875
-2.127202 -14.298876 172.546875
-2.127202 -14.298876 172.546875
-2.144265 -14.300128 172.493477
-2.144265 -14.300128 172.493477
-2.144265 -14.300128 172.493477
-2.144265 -14.300128 172.493477
-2.144265 -14.300128 172.493477
-2.144265 -14.300128 172.493477
-2.135834 -14.300783 172.502916
-2.135834 -14.300783 172.502916
-2.135834 -14.300783 172.502916
-2.135834 -14.300783 172.502916
-2.135834 -14.300783 172.502916
-2.135834 -14.300783 172.502916
-2.135834 -14.300783 172.502916
-2.146518 -14.302298 172.450966
-2.146518 -14.302298 172.450966
-2.146518 -14.302298 172.450966
-2.146518 -14.302298 172.450966
-2.146518 -14.302298 172.450966
-2.146518 -14.302298 172.450966
-2.146518 -14.302298 172.450966
-2.137899 -14.293085 172.432811
-2.137899 -14.293085 172.432811
-2.137899 -14.293085 172.432811
-2.137899 -14.293085 172.432811
-2.137899 -14.293085 172.432811
-2.137899 -14.293085 172.432811
-2.126377 -14.298311 172.478041
-2.126377 -14.298311 172.478041
-2.126377 -14.298311 172.478041
-2.126377 -14.298311 172.478041
-2.126377 -14.298311 172.478041
-2.126377 -14.298311 172.478041
-2.126377 -14.298311 172.478041
-2.113271 -14.289053 172.487876
-2.113271 -14.289053 172.487876
-2.113271 -14.289053 172.487876
-2.113271 -14.289053 172.487876
-2.113271 -14.289053 172.487876
-2.113271 -14.289053 172.487876
-2.111611 -14.295508 172.516549
-2.111611 -14.295508 172.516549
-2.111611 -14.295508 172.516549
-2.111611 -14.295508 172.516549
-2.111611 -14.295508 172.516549
-2.111611 -14.295508 172.516549
-2.111611 -14.295508 172.516549
-2.111547 -14.297714 172.523981
-2.111547 -14.297714 172.523981
-2.111547 -14.297714 172.523981
-2.111547 -14.297714 172.523981
-2.111547 -14.297714 172.523981
-2.111547 -14.297714 172.523981
-2.113998 -14.302382 172.541138
-2.113998 -14.302382 172.541138
-2.113998 -14.302382 172.541138
-2.113998 -14.302382 172.541138
-2.113998 -14.302382 172.541138
-2.113998 -14.302382 172.541138
-2.113998 -14.302382 172.541138
-2.120930 -14.301228 172.527751
-2.120930 -14.301228 172.527751
-2.120930 -14.301228 172.527751
-2.120930 -14.301228 172.527751
-2.120930 -14.301228 172.527751
-2.120930 -14.301228 172.527751
-2.125637 -14.306502 172.529882
-2.125637 -14.306502 172.529882
-2.125637 -14.306502 172.529882
-2.125637 -14.306502 172.529882
-2.125637 -14.306502 172.529882
-2.125637 -14.306502 172.529882
-2.133964 -14.301801 172.530879
-2.133964 -14.301801 172.530879
-2.133964 -14.301801 172.530879
-2.133964 -14.301801 172.530879
-2.133964 -14.301801 172.530879
-2.133964 -14.301801 172.530879
-2.133964 -14.301801 172.530879
-2.132495 -14.302624 172.527382
-2.132495 -14.302624 172.527382
-2.132495 -14.302624 172.527382
-2.132495 -14.302624 172.527382
-2.132495 -14.302624 172.527382
-2.132495 -14.302624 172.527382
-2.132495 -14.302624 172.527382
-2.128101 -14.303363 172.545482
-2.128101 -14.303363 172.545482
-2.128101 -14.303363 172.545482
-2.128101 -14.303363 172.545482
-2.128101 -14.303363 172.545482
-2.128101 -14.303363 172.545482
-2.128101 -14.303363 172.545482
-2.125021 -14.298240 172.554853
-2.125021 -14.298240 172.554853
-2.125021 -14.298240 172.554853
-2.125021 -14.298240 172.554853
-2.125021 -14.298240 172.554853
-2.125021 -14.298240 172.554853
-2.133826 -14.290975 172.529377
-2.133826 -14.290975 172.529377
-2.133826 -14.290975 172.529377
-2.133826 -14.290975 172.529377
-2.133826 -14.290975 172.529377
-2.133826 -14.290975 172.529377
-2.133826 -14.290975 172.529377
-2.084851 -14.297282 172.870900
-2.084851 -14.297282 172.870900
-2.084851 -14.297282 172.870900
-2.084851 -14.297282 172.870900
-2.084851 -14.297282 172.870900
-2.084851 -14.297282 172.870900
-2.084851 -14.297282 172.870900
-2.136148 -14.294708 172.744650
-2.136148 -14.294708 172.744650
-2.136148 -14.294708 172.744650
-2.136148 -14.294708 172.744650
-2.136148 -14.294708 172.744650
-2.136148 -14.294708 172.744650
-2.136148 -14.294708 172.744650
-2.161114 -14.288984 172.675256
-2.161114 -14.288984 172.675256
-2.161114 -14.288984 172.675256
-2.161114 -14.288984 172.675256
-2.161114 -14.288984 172.675256
-2.161114 -14.288984 172.675256
-2.161114 -14.288984 172.675256
-2.179636 -14.296534 172.568076
-2.179636 -14.296534 172.568076
-2.179636 -14.296534 172.568076
-2.179636 -14.296534 172.568076
-2.179636 -14.296534 172.568076
-2.179636 -14.296534 172.568076
-2.171176 -14.299652 172.537723
-2.171176 -14.299652 172.537723
-2.171176 -14.299652 172.537723
-2.171176 -14.299652 172.537723
-2.171176 -14.299652 172.537723
-2.171176 -14.299652 172.537723
-2.158768 -14.300803 172.542395
-2.158768 -14.300803 172.542395
-2.158768 -14.300803 172.542395
-2.158768 -14.300803 172.542395
-2.158768 -14.300803 172.542395
-2.158768 -14.300803 172.542395
-2.158768 -14.300803 172.542395
-2.157050 -14.295404 172.533584
-2.157050 -14.295404 172.533584
-2.157050 -14.295404 172.533584
-2.157050 -14.295404 172.533584
-2.157050 -14.295404 172.533584
-2.153144 -14.301405 172.514405
-2.153144 -14.301405 172.514405
-2.153144 -14.301405 172.514405
-2.153144 -14.301405 172.514405
-2.153144 -14.301405 172.514405
-2.153144 -14.301405 172.514405
-2.153144 -14.301405 172.514405
-2.146125 -14.302678 172.536275
-2.146125 -14.302678 172.536275
-2.146125 -14.302678 172.536275
-2.146125 -14.302678 172.536275
-2.146125 -14.302678 172.536275
-2.146125 -14.302678 172.536275
-2.146441 -14.294236 172.523339
-2.146441 -14.294236 172.523339
-2.146441 -14.294236 172.523339
-2.146441 -14.294236 172.523339
-2.146441 -14.294236 172.523339
-2.146441 -14.294236 172.523339
-2.142694 -14.293124 172.549075
-2.142694 -14.293124 172.549075
-2.142694 -14.293124 172.549075
-2.142694 -14.293124 172.549075
-2.142694 -14.293124 172.549075
-2.142694 -14.293124 172.549075
-2.142694 -14.293124 172.549075
-2.142096 -14.288608 172.536193
-2.142096 -14.288608 172.536193
-2.142096 -14.288608 172.536193
-2.142096 -14.288608 172.536193
-2.142096 -14.288608 172.536193
-2.142096 -14.288608 172.536193
-2.141749 -14.293540 172.529527
-2.141749 -14.293540 172.529527
-2.141749 -14.293540 172.529527
-2.141749 -14.293540 172.529527
-2.141749 -14.293540 172.529527
-2.141749 -14.293540 172.529527
-2.141710 -14.298931 172.529472
-2.141710 -14.298931 172.529472
-2.141710 -14.298931 172.529472
-2.141710 -14.298931 172.529472
-2.141710 -14.298931 172.529472
-2.141710 -14.298931 172.529472
-2.143536 -14.298363 172.527164
-2.143536 -14.298363 172.527164
-2.143536 -14.298363 172.527164
-2.143536 -14.298363 172.527164
-2.143536 -14.298363 172.527164
-2.143536 -14.298363 172.527164
-2.145206 -14.296327 172.497206
-2.145206 -14.296327 172.497206
-2.145206 -14.296327 172.497206
-2.145206 -14.296327 172.497206
-2.145206 -14.296327 172.497206
-2.145206 -14.296327 172.497206
-2.140418 -14.289877 172.480049
-2.140418 -14.289877 172.480049
-2.140418 -14.289877 172.480049
-2.140418 -14.289877 172.480049
-2.140418 -14.289877 172.480049
-2.140418 -14.289877 172.480049
-2.140418 -14.289877 172.480049
-2.152138 -14.292371 172.427293
-2.152138 -14.292371 172.427293
-2.152138 -14.292371 172.427293
-2.152138 -14.292371 172.427293
-2.152138 -14.292371 172.427293
-2.152138 -14.292371 172.427293
-2.152138 -14.292371 172.427293
-2.128916 -14.289368 172.466675
-2.128916 -14.289368 172.466675
-2.128916 -14.289368 172.466675
-2.128916 -14.289368 172.466675
-2.128916 -14.289368 172.466675
-2.128916 -14.289368 172.466675
-2.126531 -14.285770 172.498122
-2.126531 -14.285770 172.498122
-2.126531 -14.285770 172.498122
-2.126531 -14.285770 172.498122
-2.126531 -14.285770 172.498122
-2.126531 -14.285770 172.498122
-2.126531 -14.285770 172.498122
-2.126424 -14.284694 172.485404
-2.126424 -14.284694 172.485404
-2.126424 -14.284694 172.485404
-2.126424 -14.284694 172.485404
-2.126424 -14.284694 172.485404
-2.126424 -14.284694 172.485404
-2.123991 -14.291600 172.491906
-2.123991 -14.291600 172.491906
-2.123991 -14.291600 172.491906
-2.123991 -14.291600 172.491906
-2.123991 -14.291600 172.491906
-2.123991 -14.291600 172.491906
-2.124072 -14.283597 172.482276
-2.124072 -14.283597 172.482276
-2.124072 -14.283597 172.482276
-2.124072 -14.283597 172.482276
-2.124072 -14.283597 172.482276
-2.124072 -14.283597 172.482276
-2.120338 -14.285310 172.504405
-2.120338 -14.285310 172.504405
-2.120338 -14.285310 172.504405
-2.120338 -14.285310 172.504405
-2.120338 -14.285310 172.504405
-2.120338 -14.285310 172.504405
-2.115246 -14.287415 172.509665
-2.115246 -14.287415 172.509665
-2.115246 -14.287415 172.509665
-2.115246 -14.287415 172.509665
-2.115246 -14.287415 172.509665
-2.115246 -14.287415 172.509665
-2.115458 -14.291261 172.507042
-2.115458 -14.291261 172.507042
-2.115458 -14.291261 172.507042
-2.115458 -14.291261 172.507042
-2.115458 -14.291261 172.507042
-2.115458 -14.291261 172.507042
-2.110184 -14.293381 172.520661
-2.110184 -14.293381 172.520661
-2.110184 -14.293381 172.520661
-2.110184 -14.293381 172.520661
-2.110184 -14.293381 172.520661
-2.110184 -14.293381 172.520661
-2.118260 -14.287285 172.500977
-2.118260 -14.287285 172.500977
-2.118260 -14.287285 172.500977
-2.118260 -14.287285 172.500977
-2.118260 -14.287285 172.500977
-2.118260 -14.287285 172.500977
-2.134251 -14.284975 172.437989
-2.134251 -14.284975 172.437989
-2.134251 -14.284975 172.437989
-2.134251 -14.284975 172.437989
-2.134251 -14.284975 172.437989
-2.134251 -14.284975 172.437989
-2.122954 -14.295843 172.448452
-2.122954 -14.295843 172.448452
-2.122954 -14.295843 172.448452
-2.122954 -14.295843 172.448452
-2.109877 -14.296109 172.469394
-2.109877 -14.296109 172.469394
-2.109877 -14.296109 172.469394
-2.109877 -14.296109 172.469394
-2.109877 -14.296109 172.469394
-2.111638 -14.292983 172.486401
-2.111638 -14.292983 172.486401
-2.111638 -14.292983 172.486401
-2.111638 -14.292983 172.486401
-2.111638 -14.292983 172.486401
-2.111638 -14.292983 172.486401
-2.105723 -14.284939 172.508954
-2.105723 -14.284939 172.508954
-2.105723 -14.284939 172.508954
-2.105723 -14.284939 172.508954
-2.105723 -14.284939 172.508954
-2.105723 -14.284939 172.508954
-2.114491 -14.279008 172.511686
-2.114491 -14.279008 172.511686
-2.114491 -14.279008 172.511686
-2.114491 -14.279008 172.511686
-2.114491 -14.279008 172.511686
-2.113921 -14.285996 172.517656
-2.113921 -14.285996 172.517656
-2.113921 -14.285996 172.517656
-2.113921 -14.285996 172.517656
-2.113921 -14.285996 172.517656
-2.113921 -14.285996 172.517656
-2.113921 -14.285996 172.517656
-2.128467 -14.293088 172.480978
-2.128467 -14.293088 172.480978
-2.128467 -14.293088 172.480978
-2.128467 -14.293088 172.480978
-2.128467 -14.293088 172.480978
-2.128467 -14.293088 172.480978
-2.111819 -14.297061 172.501127
-2.111819 -14.297061 172.501127
-2.111819 -14.297061 172.501127
-2.111819 -14.297061 172.501127
-2.111819 -14.297061 172.501127
-2.111819 -14.297061 172.501127
-2.113594 -14.295609 172.490690
-2.113594 -14.295609 172.490690
-2.113594 -14.295609 172.490690
-2.113594 -14.295609 172.490690
-2.113594 -14.295609 172.490690
-2.113594 -14.295609 172.490690
-2.119213 -14.286806 172.475158
-2.119213 -14.286806 172.475158
-2.119213 -14.286806 172.475158
-2.119213 -14.286806 172.475158
-2.119213 -14.286806 172.475158
-2.119213 -14.286806 172.475158
-2.043427 -14.291824 172.803568
-2.043427 -14.291824 172.803568
-2.043427 -14.291824 172.803568
-2.043427 -14.291824 172.803568
-2.043427 -14.291824 172.803568
-2.043427 -14.291824 172.803568
-2.043427 -14.291824 172.803568
-2.085185 -14.296045 172.705650
-2.085185 -14.296045 172.705650
-2.085185 -14.296045 172.705650
-2.085185 -14.296045 172.705650
-2.085185 -14.296045 172.705650
-2.085185 -14.296045 172.705650
-2.104117 -14.289556 172.669272
-2.104117 -14.289556 172.669272
-2.104117 -14.289556 172.669272
-2.104117 -14.289556 172.669272
-2.104117 -14.289556 172.669272
-2.104117 -14.289556 172.669272
-2.104117 -14.289556 172.669272
-2.102987 -14.287657 172.651992
-2.102987 -14.287657 172.651992
-2.102987 -14.287657 172.651992
-2.102987 -14.287657 172.651992
-2.102987 -14.287657 172.651992
-2.102987 -14.287657 172.651992
-2.114963 -14.276615 172.607951
-2.114963 -14.276615 172.607951
-2.114963 -14.276615 172.607951
-2.114963 -14.276615 172.607951
-2.114963 -14.276615 172.607951
-2.114963 -14.276615 172.607951
-2.119163 -14.286312 172.565604
-2.119163 -14.286312 172.565604
-2.119163 -14.286312 172.565604
-2.119163 -14.286312 172.565604
-2.119163 -14.286312 172.565604
-2.119163 -14.286312 172.565604
-2.107556 -14.276215 172.596312
-2.107556 -14.276215 172.596312
-2.107556 -14.276215 172.596312
-2.107556 -14.276215 172.596312
-2.107556 -14.276215 172.596312
-2.107556 -14.276215 172.596312
-2.026379 -14.264838 172.905119
-2.026379 -14.264838 172.905119
-2.026379 -14.264838 172.905119
-2.026379 -14.264838 172.905119
-2.026379 -14.264838 172.905119
-2.026379 -14.264838 172.905119
-1.970036 -14.270484 173.272651
-1.970036 -14.270484 173.272651
-1.970036 -14.270484 173.272651
-1.970036 -14.270484 173.272651
-1.970036 -14.270484 173.272651
-1.970036 -14.270484 173.272651
-1.970036 -14.270484 173.272651
-1.938804 -14.283276 173.632261
-1.938804 -14.283276 173.632261
-1.938804 -14.283276 173.632261
-1.938804 -14.283276 173.632261
-1.938804 -14.283276 173.632261
-1.938804 -14.283276 173.632261
-1.938571 -14.280481 173.881740
-1.938571 -14.280481 173.881740
-1.938571 -14.280481 173.881740
-1.938571 -14.280481 173.881740
-1.938571 -14.280481 173.881740
-1.938571 -14.280481 173.881740
-1.966803 -14.275955 174.046594
-1.966803 -14.275955 174.046594
-1.966803 -14.275955 174.046594
-1.966803 -14.275955 174.046594
-1.966803 -14.275955 174.046594
-1.966803 -14.275955 174.046594
-1.987397 -14.264579 174.164975
-1.987397 -14.264579 174.164975
-1.987397 -14.264579 174.164975
-1.987397 -14.264579 174.164975
-1.987397 -14.264579 174.164975
-1.987397 -14.264579 174.164975
-1.987397 -14.264579 174.164975
-1.993776 -14.255762 174.304871
-1.993776 -14.255762 174.304871
-1.993776 -14.255762 174.304871
-1.993776 -14.255762 174.304871
-1.993776 -14.255762 174.304871
-1.993776 -14.255762 174.304871
-2.012590 -14.266159 174.400138
-2.012590 -14.266159 174.400138
-2.012590 -14.266159 174.400138
-2.012590 -14.266159 174.400138
-2.012590 -14.266159 174.400138
-2.012590 -14.266159 174.400138
-2.048959 -14.260897 174.425492
-2.048959 -14.260897 174.425492
-2.048959 -14.260897 174.425492
-2.048959 -14.260897 174.425492
-2.048959 -14.260897 174.425492
-2.048959 -14.260897 174.425492
-2.058576 -14.264363 174.479969
-2.058576 -14.264363 174.479969
-2.058576 -14.264363 174.479969
-2.058576 -14.264363 174.479969
-2.058576 -14.264363 174.479969
-2.058576 -14.264363 174.479969
-2.057006 -14.263047 174.536291
-2.057006 -14.263047 174.536291
-2.057006 -14.263047 174.536291
-2.057006 -14.263047 174.536291
-2.057006 -14.263047 174.536291
-2.057006 -14.263047 174.536291
-2.073194 -14.262700 174.557847
-2.073194 -14.262700 174.557847
-2.073194 -14.262700 174.557847
-2.073194 -14.262700 174.557847
-2.073194 -14.262700 174.557847
-2.073194 -14.262700 174.557847
-2.084960 -14.256802 174.576657
-2.084960 -14.256802 174.576657
-2.084960 -14.256802 174.576657
-2.084960 -14.256802 174.576657
-2.084960 -14.256802 174.576657
-2.084960 -14.256802 174.576657
-0.803724 -18.113902 171.255027
-0.803724 -18.113902 171.255027
-0.803724 -18.113902 171.255027
-0.803724 -18.113902 171.255027
-0.803724 -18.113902 171.255027
-0.803724 -18.113902 171.255027
-0.781375 -13.398068 142.506146
-0.781375 -13.398068 142.506146
-0.781375 -13.398068 142.506146
-0.781375 -13.398068 142.506146
-0.781375 -13.398068 142.506146
-0.781375 -13.398068 142.506146
0.294265 -6.651167 133.895258
0.294265 -6.651167 133.895258
0.294265 -6.651167 133.895258
0.294265 -6.651167 133.895258
0.294265 -6.651167 133.895258
0.294265 -6.651167 133.895258
1.007165 -2.111455 142.695821
1.007165 -2.111455 142.695821
1.007165 -2.111455 142.695821
1.007165 -2.111455 142.695821
1.007165 -2.111455 142.695821
1.007165 -2.111455 142.695821
1.007165 -2.111455 142.695821
2.253299 -1.181525 147.677364
2.253299 -1.181525 147.677364
2.253299 -1.181525 147.677364
2.253299 -1.181525 147.677364
2.253299 -1.181525 147.677364
2.253299 -1.181525 147.677364
1.547344 0.263977 149.259250
1.547344 0.263977 149.259250
1.547344 0.263977 149.259250
1.547344 0.263977 149.259250
1.547344 0.263977 149.259250
1.547344 0.263977 149.259250
3.846800 2.272310 151.525370
3.846800 2.272310 151.525370
3.846800 2.272310 151.525370
3.846800 2.272310 151.525370
3.846800 2.272310 151.525370
3.846800 2.272310 151.525370
3.846800 2.272310 151.525370
1.333523 2.403237 152.929384
1.333523 2.403237 152.929384
1.333523 2.403237 152.929384
1.333523 2.403237 152.929384
1.333523 2.403237 152.929384
1.333523 2.403237 152.929384
0.778370 2.534064 155.384236
0.778370 2.534064 155.384236
0.778370 2.534064 155.384236
0.778370 2.534064 155.384236
0.778370 2.534064 155.384236
0.778370 2.534064 155.384236
0.778370 2.534064 155.384236
-1.866601 2.799682 156.419091
-1.866601 2.799682 156.419091
-1.866601 2.799682 156.419091
-1.866601 2.799682 156.419091
-1.866601 2.799682 156.419091
-1.866601 2.799682 156.419091
-1.125383 3.134113 157.108394
-1.125383 3.134113 157.108394
-1.125383 3.134113 157.108394
-1.125383 3.134113 157.108394
-1.125383 3.134113 157.108394
-1.125383 3.134113 157.108394
-1.125383 3.134113 157.108394
-1.146591 2.706732 159.491447
-1.146591 2.706732 159.491447
-1.146591 2.706732 159.491447
-1.146591 2.706732 159.491447
-1.146591 2.706732 159.491447
-1.146591 2.706732 159.491447
-1.382868 4.526899 156.302637
-1.382868 4.526899 156.302637
-1.382868 4.526899 156.302637
-1.382868 4.526899 156.302637
-1.382868 4.526899 156.302637
-1.382868 4.526899 156.302637
-1.382868 4.526899 156.302637
-4.127702 4.361574 153.929788
-4.127702 4.361574 153.929788
-4.127702 4.361574 153.929788
-4.127702 4.361574 153.929788
-4.127702 4.361574 153.929788
-4.127702 4.361574 153.929788
1.228564 5.865699 153.462794
1.228564 5.865699 153.462794
1.228564 5.865699 153.462794
1.228564 5.865699 153.462794
1.228564 5.865699 153.462794
1.228564 5.865699 153.462794
-0.536663 7.345493 146.763239
-0.536663 7.345493 146.763239
-0.536663 7.345493 146.763239
-0.536663 7.345493 146.763239
-0.536663 7.345493 146.763239
-0.536663 7.345493 146.763239
-0.536663 7.345493 146.763239
-0.382153 4.681229 144.428079
-0.382153 4.681229 144.428079
-0.382153 4.681229 144.428079
-0.382153 4.681229 144.428079
-0.382153 4.681229 144.428079
-2.607051 2.947904 145.642460
-2.607051 2.947904 145.642460
-2.607051 2.947904 145.642460
-2.607051 2.947904 145.642460
-2.607051 2.947904 145.642460
-2.607051 2.947904 145.642460
0.172332 1.404916 143.836913
0.172332 1.404916 143.836913
0.172332 1.404916 143.836913
0.172332 1.404916 143.836913
0.172332 1.404916 143.836913
0.172332 1.404916 143.836913
1.439283 2.245351 137.272049
1.439283 2.245351 137.272049
1.439283 2.245351 137.272049
1.439283 2.245351 137.272049
1.439283 2.245351 137.272049
1.439283 2.245351 137.272049
-0.117559 2.346168 129.953693
-0.117559 2.346168 129.953693
-0.117559 2.346168 129.953693
-0.117559 2.346168 129.953693
-0.117559 2.346168 129.953693
-0.117559 2.346168 129.953693
-0.117559 2.346168 129.953693
2.917613 3.221278 126.852637
2.917613 3.221278 126.852637
2.917613 3.221278 126.852637
2.917613 3.221278 126.852637
2.917613 3.221278 126.852637
2.917613 3.221278 126.852637
2.105081 3.388844 124.869573
2.105081 3.388844 124.869573
2.105081 3.388844 124.869573
2.105081 3.388844 124.869573
2.105081 3.388844 124.869573
2.105081 3.388844 124.869573
5.941345 4.486762 126.010024
5.941345 4.486762 126.010024
5.941345 4.486762 126.010024
5.941345 4.486762 126.010024
5.941345 4.486762 126.010024
5.941345 4.486762 126.010024
5.834115 10.519423 125.686286
5.834115 10.519423 125.686286
5.834115 10.519423 125.686286
5.834115 10.519423 125.686286
5.834115 10.519423 125.686286
5.834115 10.519423 125.686286
5.834115 10.519423 125.686286
-14.292737 11.630270 138.590918
-14.292737 11.630270 138.590918
-14.292737 11.630270 138.590918
-14.292737 11.630270 138.590918
-14.292737 11.630270 138.590918
-14.292737 11.630270 138.590918
-7.861707 -7.063581 166.909688
-7.861707 -7.063581 166.909688
-7.861707 -7.063581 166.909688
-7.861707 -7.063581 166.909688
-7.861707 -7.063581 166.909688
-7.861707 -7.063581 166.909688
2.223402 -13.900617 -171.779463
2.223402 -13.900617 -171.779463
2.223402 -13.900617 -171.779463
2.223402 -13.900617 -171.779463
2.223402 -13.900617 -171.779463
2.223402 -13.900617 -171.779463
2.223402 -13.900617 -171.779463
2.989678 -12.345648 -164.389417
2.989678 -12.345648 -164.389417
2.989678 -12.345648 -164.389417
2.989678 -12.345648 -164.389417
2.989678 -12.345648 -164.389417
2.989678 -12.345648 -164.389417
2.536046 -12.089252 -158.437371
2.536046 -12.089252 -158.437371
2.536046 -12.089252 -158.437371
2.536046 -12.089252 -158.437371
2.536046 -12.089252 -158.437371
1.939660 -12.325033 -152.838406
1.939660 -12.325033 -152.838406
1.939660 -12.325033 -152.838406
1.939660 -12.325033 -152.838406
1.939660 -12.325033 -152.838406
1.939660 -12.325033 -152.838406
1.410113 -12.446045 -149.060874
1.410113 -12.446045 -149.060874
1.410113 -12.446045 -149.060874
1.410113 -12.446045 -149.060874
1.410113 -12.446045 -149.060874
1.410113 -12.446045 -149.060874
0.937753 -12.559507 -146.121324
0.937753 -12.559507 -146.121324
0.937753 -12.559507 -146.121324
0.937753 -12.559507 -146.121324
0.937753 -12.559507 -146.121324
0.937753 -12.559507 -146.121324
0.509660 -12.670481 -143.865053
0.509660 -12.670481 -143.865053
0.509660 -12.670481 -143.865053
0.509660 -12.670481 -143.865053
0.509660 -12.670481 -143.865053
0.509660 -12.670481 -143.865053
0.509660 -12.670481 -143.865053
0.134246 -12.755952 -142.116498
