-0.219944 -13.696432 -109.301018
-0.219944 -13.696432 -109.301018
-0.219944 -13.696432 -109.301018
-0.301194 -13.771868 -108.966229
-0.301194 -13.771868 -108.966229
-0.301194 -13.771868 -108.966229
-0.301194 -13.771868 -108.966229
-0.301194 -13.771868 -108.966229
-0.397631 -13.832689 -108.793944
-0.397631 -13.832689 -108.793944
-0.397631 -13.832689 -108.793944
-0.397631 -13.832689 -108.793944
-0.397631 -13.832689 -108.793944
-0.458608 -13.866074 -108.621625
-0.458608 -13.866074 -108.621625
-0.458608 -13.866074 -108.621625
-0.458608 -13.866074 -108.621625
-0.458608 -13.866074 -108.621625
-0.490597 -13.886594 -108.422280
-0.490597 -13.886594 -108.422280
-0.490597 -13.886594 -108.422280
-0.490597 -13.886594 -108.422280
-0.490597 -13.886594 -108.422280
-0.563263 -13.896684 -108.493921
-0.563263 -13.896684 -108.493921
-0.563263 -13.896684 -108.493921
-0.563263 -13.896684 -108.493921
-0.563263 -13.896684 -108.493921
-0.584640 -13.895967 -108.453972
-0.584640 -13.895967 -108.453972
-0.584640 -13.895967 -108.453972
-0.584640 -13.895967 -108.453972
-0.584640 -13.895967 -108.453972
-0.589857 -13.888412 -108.368710
-0.589857 -13.888412 -108.368710
-0.589857 -13.888412 -108.368710
-0.589857 -13.888412 -108.368710
-0.589857 -13.888412 -108.368710
-0.589857 -13.888412 -108.368710
-0.569991 -13.886732 -108.233056
-0.569991 -13.886732 -108.233056
-0.569991 -13.886732 -108.233056
-0.569991 -13.886732 -108.233056
-0.569991 -13.886732 -108.233056
-0.614981 -13.898435 -108.304834
-0.614981 -13.898435 -108.304834
-0.614981 -13.898435 -108.304834
-0.614981 -13.898435 -108.304834
-0.652842 -13.908269 -108.389447
-0.652842 -13.908269 -108.389447
-0.652842 -13.908269 -108.389447
-0.652842 -13.908269 -108.389447
-0.652842 -13.908269 -108.389447
-0.652842 -13.908269 -108.389447
-0.660669 -13.916066 -108.439703
-0.660669 -13.916066 -108.439703
-0.660669 -13.916066 -108.439703
-0.660669 -13.916066 -108.439703
-0.660669 -13.916066 -108.439703
-0.660669 -13.916066 -108.439703
-0.655123 -13.913699 -108.431336
-0.655123 -13.913699 -108.431336
-0.655123 -13.913699 -108.431336
-0.655123 -13.913699 -108.431336
-0.655123 -13.913699 -108.431336
-0.655123 -13.913699 -108.431336
-0.657719 -13.912223 -108.474674
-0.657719 -13.912223 -108.474674
-0.657719 -13.912223 -108.474674
-0.657719 -13.912223 -108.474674
-0.657719 -13.912223 -108.474674
-0.656930 -13.908565 -108.482652
-0.656930 -13.908565 -108.482652
-0.656930 -13.908565 -108.482652
-0.656930 -13.908565 -108.482652
-0.656930 -13.908565 -108.482652
-0.625291 -13.914265 -108.347257
-0.625291 -13.914265 -108.347257
-0.625291 -13.914265 -108.347257
-0.625291 -13.914265 -108.347257
-0.625291 -13.914265 -108.347257
-0.649298 -13.917196 -108.420087
-0.649298 -13.917196 -108.420087
-0.649298 -13.917196 -108.420087
-0.649298 -13.917196 -108.420087
-0.649298 -13.917196 -108.420087
-0.665485 -13.918832 -108.468998
-0.665485 -13.918832 -108.468998
-0.665485 -13.918832 -108.468998
-0.665485 -13.918832 -108.468998
-0.665485 -13.918832 -108.468998
-0.665485 -13.918832 -108.468998
-0.653745 -13.914385 -108.412137
-0.653745 -13.914385 -108.412137
-0.653745 -13.914385 -108.412137
-0.653745 -13.914385 -108.412137
-0.653745 -13.914385 -108.412137
-0.610339 -13.915306 -108.231847
-0.610339 -13.915306 -108.231847
-0.610339 -13.915306 -108.231847
-0.610339 -13.915306 -108.231847
-0.610339 -13.915306 -108.231847
-0.610339 -13.915306 -108.231847
-0.621271 -13.912073 -108.215400
-0.621271 -13.912073 -108.215400
-0.621271 -13.912073 -108.215400
-0.621271 -13.912073 -108.215400
-0.621271 -13.912073 -108.215400
-0.654389 -13.912719 -108.285710
-0.654389 -13.912719 -108.285710
-0.654389 -13.912719 -108.285710
-0.654389 -13.912719 -108.285710
-0.654389 -13.912719 -108.285710
-0.654389 -13.912719 -108.285710
-0.669514 -13.919995 -108.359080
-0.669514 -13.919995 -108.359080
-0.669514 -13.919995 -108.359080
-0.669514 -13.919995 -108.359080
-0.669514 -13.919995 -108.359080
-0.630830 -13.917364 -108.243923
-0.630830 -13.917364 -108.243923
-0.630830 -13.917364 -108.243923
-0.630830 -13.917364 -108.243923
-0.630830 -13.917364 -108.243923
-0.641970 -13.916814 -108.270062
-0.641970 -13.916814 -108.270062
-0.641970 -13.916814 -108.270062
-0.641970 -13.916814 -108.270062
-0.641970 -13.916814 -108.270062
-0.663079 -13.916275 -108.352455
-0.663079 -13.916275 -108.352455
-0.663079 -13.916275 -108.352455
-0.663079 -13.916275 -108.352455
-0.663079 -13.916275 -108.352455
-0.656291 -13.900149 -108.359913
-0.656291 -13.900149 -108.359913
