0.673328 -12.995719 -42.933483
0.673328 -12.995719 -42.933483
0.673328 -12.995719 -42.933483
0.660815 -13.067026 -42.886833
0.660815 -13.067026 -42.886833
0.660815 -13.067026 -42.886833
0.660815 -13.067026 -42.886833
0.660815 -13.067026 -42.886833
0.660815 -13.067026 -42.886833
0.648127 -13.102969 -42.866254
0.648127 -13.102969 -42.866254
0.648127 -13.102969 -42.866254
0.648127 -13.102969 -42.866254
0.648127 -13.102969 -42.866254
0.648127 -13.102969 -42.866254
0.648127 -13.102969 -42.866254
0.638992 -13.127567 -42.856896
0.638992 -13.127567 -42.856896
0.638992 -13.127567 -42.856896
0.638992 -13.127567 -42.856896
0.638992 -13.127567 -42.856896
0.638992 -13.127567 -42.856896
0.639284 -13.139416 -42.840367
0.639284 -13.139416 -42.840367
0.639284 -13.139416 -42.840367
0.639284 -13.139416 -42.840367
0.639284 -13.139416 -42.840367
0.639284 -13.139416 -42.840367
0.639284 -13.139416 -42.840367
0.629342 -13.150395 -42.836399
0.629342 -13.150395 -42.836399
0.629342 -13.150395 -42.836399
0.629342 -13.150395 -42.836399
0.629342 -13.150395 -42.836399
0.629342 -13.150395 -42.836399
0.627279 -13.147145 -42.830549
0.627279 -13.147145 -42.830549
0.627279 -13.147145 -42.830549
0.627279 -13.147145 -42.830549
0.627279 -13.147145 -42.830549
0.627279 -13.147145 -42.830549
0.631451 -13.146370 -42.820515
0.631451 -13.146370 -42.820515
0.631451 -13.146370 -42.820515
0.631451 -13.146370 -42.820515
0.631451 -13.146370 -42.820515
0.631451 -13.146370 -42.820515
0.633745 -13.145056 -42.803190
0.633745 -13.145056 -42.803190
0.633745 -13.145056 -42.803190
0.633745 -13.145056 -42.803190
0.633745 -13.145056 -42.803190
0.633745 -13.145056 -42.803190
0.633745 -13.145056 -42.803190
0.631271 -13.146512 -42.791251
0.631271 -13.146512 -42.791251
0.631271 -13.146512 -42.791251
0.631271 -13.146512 -42.791251
0.631271 -13.146512 -42.791251
0.631271 -13.146512 -42.791251
0.631271 -13.146512 -42.791251
0.628094 -13.139624 -42.793761
0.628094 -13.139624 -42.793761
0.628094 -13.139624 -42.793761
0.628094 -13.139624 -42.793761
0.628094 -13.139624 -42.793761
0.628094 -13.139624 -42.793761
0.622569 -13.139126 -42.802497
0.622569 -13.139126 -42.802497
0.622569 -13.139126 -42.802497
0.622569 -13.139126 -42.802497
0.622569 -13.139126 -42.802497
0.622569 -13.139126 -42.802497
0.622569 -13.139126 -42.802497
0.620093 -13.149201 -42.809959
0.620093 -13.149201 -42.809959
0.620093 -13.149201 -42.809959
0.620093 -13.149201 -42.809959
0.620093 -13.149201 -42.809959
0.620093 -13.149201 -42.809959
0.619837 -13.159396 -42.814891
0.619837 -13.159396 -42.814891
0.619837 -13.159396 -42.814891
0.619837 -13.159396 -42.814891
0.619837 -13.159396 -42.814891
0.619837 -13.159396 -42.814891
0.627133 -13.162919 -42.813361
0.627133 -13.162919 -42.813361
0.627133 -13.162919 -42.813361
0.627133 -13.162919 -42.813361
0.627133 -13.162919 -42.813361
0.627133 -13.162919 -42.813361
0.627133 -13.162919 -42.813361
0.630240 -13.157098 -42.819194
0.630240 -13.157098 -42.819194
0.630240 -13.157098 -42.819194
0.630240 -13.157098 -42.819194
0.630240 -13.157098 -42.819194
0.630240 -13.157098 -42.819194
0.623583 -13.157596 -42.803973
0.623583 -13.157596 -42.803973
0.623583 -13.157596 -42.803973
0.623583 -13.157596 -42.803973
0.623583 -13.157596 -42.803973
0.623583 -13.157596 -42.803973
0.621007 -13.161771 -42.802518
0.621007 -13.161771 -42.802518
0.621007 -13.161771 -42.802518
0.621007 -13.161771 -42.802518
0.621007 -13.161771 -42.802518
0.621007 -13.161771 -42.802518
0.611377 -13.162119 -42.803593
0.611377 -13.162119 -42.803593
0.611377 -13.162119 -42.803593
0.611377 -13.162119 -42.803593
0.611377 -13.162119 -42.803593
0.611377 -13.162119 -42.803593
0.606027 -13.161974 -42.801131
0.606027 -13.161974 -42.801131
0.606027 -13.161974 -42.801131
0.606027 -13.161974 -42.801131
0.606027 -13.161974 -42.801131
0.606027 -13.161974 -42.801131
0.606027 -13.161974 -42.801131
0.604684 -13.161837 -42.807640
0.604684 -13.161837 -42.807640
0.604684 -13.161837 -42.807640
0.604684 -13.161837 -42.807640
0.604684 -13.161837 -42.807640
0.604684 -13.161837 -42.807640
0.611608 -13.171403 -42.807750
0.611608 -13.171403 -42.807750
0.611608 -13.171403 -42.807750
0.611608 -13.171403 -42.807750
0.611608 -13.171403 -42.807750
0.611608 -13.171403 -42.807750
0.611608 -13.171403 -42.807750
0.607224 -13.173226 -42.822595
0.607224 -13.173226 -42.822595
0.607224 -13.173226 -42.822595
0.607224 -13.173226 -42.822595
0.607224 -13.173226 -42.822595
0.607224 -13.173226 -42.822595
0.612181 -13.165914 -42.820300
0.612181 -13.165914 -42.820300
0.612181 -13.165914 -42.820300
0.612181 -13.165914 -42.820300
0.612181 -13.165914 -42.820300
0.612181 -13.165914 -42.820300
0.612181 -13.165914 -42.820300
0.610506 -13.168006 -42.828414
0.610506 -13.168006 -42.828414
0.610506 -13.168006 -42.828414
0.610506 -13.168006 -42.828414
0.610506 -13.168006 -42.828414
0.610506 -13.168006 -42.828414
0.536220 -13.252054 -42.843232
0.536220 -13.252054 -42.843232
0.536220 -13.252054 -42.843232
0.536220 -13.252054 -42.843232
0.536220 -13.252054 -42.843232
0.536220 -13.252054 -42.843232
0.536220 -13.252054 -42.843232
0.539714 -13.257526 -42.891696
0.539714 -13.257526 -42.891696
0.539714 -13.257526 -42.891696
0.539714 -13.257526 -42.891696
0.539714 -13.257526 -42.891696
0.539714 -13.257526 -42.891696
0.532650 -13.242385 -42.940696
0.532650 -13.242385 -42.940696
0.532650 -13.242385 -42.940696
0.532650 -13.242385 -42.940696
0.532650 -13.242385 -42.940696
0.532650 -13.242385 -42.940696
0.535470 -13.226564 -42.969130
0.535470 -13.226564 -42.969130
0.535470 -13.226564 -42.969130
0.535470 -13.226564 -42.969130
0.535470 -13.226564 -42.969130
0.535470 -13.226564 -42.969130
0.535470 -13.226564 -42.969130
0.536096 -13.229625 -42.976971
0.536096 -13.229625 -42.976971
0.536096 -13.229625 -42.976971
0.536096 -13.229625 -42.976971
0.536096 -13.229625 -42.976971
0.549547 -13.242813 -42.984901
0.549547 -13.242813 -42.984901
0.549547 -13.242813 -42.984901
0.549547 -13.242813 -42.984901
0.549547 -13.242813 -42.984901
0.549547 -13.242813 -42.984901
0.552099 -13.238995 -42.995597
0.552099 -13.238995 -42.995597
0.552099 -13.238995 -42.995597
0.552099 -13.238995 -42.995597
0.552099 -13.238995 -42.995597
0.552099 -13.238995 -42.995597
0.546161 -13.236626 -43.030120
0.546161 -13.236626 -43.030120
0.546161 -13.236626 -43.030120
0.546161 -13.236626 -43.030120
0.546161 -13.236626 -43.030120
0.546161 -13.236626 -43.030120
0.550738 -13.231801 -43.025698
0.550738 -13.231801 -43.025698
0.550738 -13.231801 -43.025698
0.550738 -13.231801 -43.025698
0.550738 -13.231801 -43.025698
0.550738 -13.231801 -43.025698
0.554035 -13.237721 -43.019195
0.554035 -13.237721 -43.019195
0.554035 -13.237721 -43.019195
0.554035 -13.237721 -43.019195
0.554035 -13.237721 -43.019195
0.560451 -13.233978 -43.025568
0.560451 -13.233978 -43.025568
0.560451 -13.233978 -43.025568
0.560451 -13.233978 -43.025568
0.564597 -13.235403 -43.022928
0.564597 -13.235403 -43.022928
0.564597 -13.235403 -43.022928
0.564597 -13.235403 -43.022928
0.564597 -13.235403 -43.022928
0.564597 -13.235403 -43.022928
0.563867 -13.238371 -43.034573
0.563867 -13.238371 -43.034573
0.563867 -13.238371 -43.034573
0.563867 -13.238371 -43.034573
0.563867 -13.238371 -43.034573
0.555606 -13.231947 -43.048063
0.555606 -13.231947 -43.048063
0.555606 -13.231947 -43.048063
0.555606 -13.231947 -43.048063
0.555606 -13.231947 -43.048063
0.555606 -13.231947 -43.048063
0.555606 -13.231947 -43.048063
0.555606 -13.231947 -43.048063
0.555606 -13.231947 -43.048063
0.555606 -13.231947 -43.048063
0.555606 -13.231947 -43.048063
0.555606 -13.231947 -43.048063
0.555606 -13.231947 -43.048063
0.560263 -13.225051 -43.057752
0.560263 -13.225051 -43.057752
0.560263 -13.225051 -43.057752
0.560263 -13.225051 -43.057752
0.560263 -13.225051 -43.057752
0.560263 -13.225051 -43.057752
0.563094 -13.221150 -43.076080
0.563094 -13.221150 -43.076080
0.563094 -13.221150 -43.076080
0.563094 -13.221150 -43.076080
0.563094 -13.221150 -43.076080
0.563094 -13.221150 -43.076080
0.559702 -13.218695 -43.083402
0.559702 -13.218695 -43.083402
0.559702 -13.218695 -43.083402
0.559702 -13.218695 -43.083402
0.559702 -13.218695 -43.083402
0.559702 -13.218695 -43.083402
0.561484 -13.217723 -43.088283
0.561484 -13.217723 -43.088283
0.561484 -13.217723 -43.088283
0.561484 -13.217723 -43.088283
0.561484 -13.217723 -43.088283
0.561484 -13.217723 -43.088283
0.559792 -13.211871 -43.087326
0.559792 -13.211871 -43.087326
0.559792 -13.211871 -43.087326
0.559792 -13.211871 -43.087326
0.559792 -13.211871 -43.087326
0.559792 -13.211871 -43.087326
0.556415 -13.215953 -43.086261
0.556415 -13.215953 -43.086261
0.556415 -13.215953 -43.086261
0.556415 -13.215953 -43.086261
0.556415 -13.215953 -43.086261
0.557957 -13.222742 -43.080537
0.557957 -13.222742 -43.080537
0.557957 -13.222742 -43.080537
0.557957 -13.222742 -43.080537
0.557957 -13.222742 -43.080537
0.557957 -13.222742 -43.080537
0.535907 -13.254657 -43.078150
0.535907 -13.254657 -43.078150
0.535907 -13.254657 -43.078150
0.535907 -13.254657 -43.078150
0.535907 -13.254657 -43.078150
0.535907 -13.254657 -43.078150
0.579048 -13.165630 -39.619004
0.579048 -13.165630 -39.619004
0.579048 -13.165630 -39.619004
0.579048 -13.165630 -39.619004
0.579048 -13.165630 -39.619004
0.579048 -13.165630 -39.619004
0.579048 -13.165630 -39.619004
3.089515 -9.248748 -38.899683
3.089515 -9.248748 -38.899683
3.089515 -9.248748 -38.899683
3.089515 -9.248748 -38.899683
3.089515 -9.248748 -38.899683
3.089515 -9.248748 -38.899683
-1.086566 -1.606818 -48.644020
-1.086566 -1.606818 -48.644020
-1.086566 -1.606818 -48.644020
-1.086566 -1.606818 -48.644020
-1.086566 -1.606818 -48.644020
-1.086566 -1.606818 -48.644020
-1.086566 -1.606818 -48.644020
-1.086566 -1.606818 -48.644020
-1.086566 -1.606818 -48.644020
-1.086566 -1.606818 -48.644020
-1.086566 -1.606818 -48.644020
-1.086566 -1.606818 -48.644020
-9.801510 -4.710244 -48.755635
-9.801510 -4.710244 -48.755635
-9.801510 -4.710244 -48.755635
-9.801510 -4.710244 -48.755635
-9.801510 -4.710244 -48.755635
-9.801510 -4.710244 -48.755635
-5.846594 -1.894001 -39.895173
-5.846594 -1.894001 -39.895173
-5.846594 -1.894001 -39.895173
-5.846594 -1.894001 -39.895173
-5.846594 -1.894001 -39.895173
-5.846594 -1.894001 -39.895173
-6.537119 -3.249528 -35.409873
-6.537119 -3.249528 -35.409873
-6.537119 -3.249528 -35.409873
-6.537119 -3.249528 -35.409873
-6.537119 -3.249528 -35.409873
-6.537119 -3.249528 -35.409873
-6.537119 -3.249528 -35.409873
-4.755417 -3.737445 -33.045347
-4.755417 -3.737445 -33.045347
-4.755417 -3.737445 -33.045347
-4.755417 -3.737445 -33.045347
-4.755417 -3.737445 -33.045347
-4.755417 -3.737445 -33.045347
5.633297 -13.832754 -26.862185
5.633297 -13.832754 -26.862185
5.633297 -13.832754 -26.862185
5.633297 -13.832754 -26.862185
5.633297 -13.832754 -26.862185
2.713854 -5.769434 -21.481507
2.713854 -5.769434 -21.481507
2.713854 -5.769434 -21.481507
2.713854 -5.769434 -21.481507
2.713854 -5.769434 -21.481507
2.713854 -5.769434 -21.481507
2.596411 -7.555037 -17.882171
2.596411 -7.555037 -17.882171
2.596411 -7.555037 -17.882171
2.596411 -7.555037 -17.882171
2.596411 -7.555037 -17.882171
2.596411 -7.555037 -17.882171
4.756930 -3.859079 -15.497184
4.756930 -3.859079 -15.497184
4.756930 -3.859079 -15.497184
4.756930 -3.859079 -15.497184
4.756930 -3.859079 -15.497184
4.756930 -3.859079 -15.497184
5.974466 -4.676368 -13.336556
5.974466 -4.676368 -13.336556
5.974466 -4.676368 -13.336556
5.974466 -4.676368 -13.336556
5.974466 -4.676368 -13.336556
5.974466 -4.676368 -13.336556
9.155045 -3.621247 -11.195597
9.155045 -3.621247 -11.195597
9.155045 -3.621247 -11.195597
9.155045 -3.621247 -11.195597
9.155045 -3.621247 -11.195597
9.155045 -3.621247 -11.195597
6.015365 -3.543620 -10.005360
6.015365 -3.543620 -10.005360
6.015365 -3.543620 -10.005360
6.015365 -3.543620 -10.005360
6.015365 -3.543620 -10.005360
6.015365 -3.543620 -10.005360
6.015365 -3.543620 -10.005360
7.232630 -3.835711 -5.706509
7.232630 -3.835711 -5.706509
7.232630 -3.835711 -5.706509
7.232630 -3.835711 -5.706509
7.232630 -3.835711 -5.706509
6.921885 -3.248647 -5.506530
6.921885 -3.248647 -5.506530
6.921885 -3.248647 -5.506530
6.921885 -3.248647 -5.506530
6.921885 -3.248647 -5.506530
6.921885 -3.248647 -5.506530
6.410552 -2.770409 -5.541016
6.410552 -2.770409 -5.541016
6.410552 -2.770409 -5.541016
6.410552 -2.770409 -5.541016
6.410552 -2.770409 -5.541016
6.410552 -2.770409 -5.541016
6.410552 -2.770409 -5.541016
5.299620 -2.762240 -5.264732
5.299620 -2.762240 -5.264732
5.299620 -2.762240 -5.264732
5.299620 -2.762240 -5.264732
5.299620 -2.762240 -5.264732
5.299620 -2.762240 -5.264732
5.299620 -2.762240 -5.264732
5.724353 -3.387087 -5.233147
5.724353 -3.387087 -5.233147
5.724353 -3.387087 -5.233147
5.724353 -3.387087 -5.233147
5.724353 -3.387087 -5.233147
5.724353 -3.387087 -5.233147
6.491145 -4.347915 -5.810242
6.491145 -4.347915 -5.810242
6.491145 -4.347915 -5.810242
6.491145 -4.347915 -5.810242
6.491145 -4.347915 -5.810242
6.491145 -4.347915 -5.810242
7.607711 -4.037624 -4.994856
7.607711 -4.037624 -4.994856
7.607711 -4.037624 -4.994856
7.607711 -4.037624 -4.994856
7.607711 -4.037624 -4.994856
7.607711 -4.037624 -4.994856
7.785881 -3.891036 -3.721230
7.785881 -3.891036 -3.721230
7.785881 -3.891036 -3.721230
7.785881 -3.891036 -3.721230
7.785881 -3.891036 -3.721230
7.785881 -3.891036 -3.721230
7.785881 -3.891036 -3.721230
7.271383 -4.403865 -3.223072
7.271383 -4.403865 -3.223072
7.271383 -4.403865 -3.223072
7.271383 -4.403865 -3.223072
7.271383 -4.403865 -3.223072
7.271383 -4.403865 -3.223072
4.616788 -4.243030 -4.150988
4.616788 -4.243030 -4.150988
4.616788 -4.243030 -4.150988
4.616788 -4.243030 -4.150988
4.616788 -4.243030 -4.150988
4.616788 -4.243030 -4.150988
3.289638 -4.134765 -5.366863
3.289638 -4.134765 -5.366863
3.289638 -4.134765 -5.366863
3.289638 -4.134765 -5.366863
3.289638 -4.134765 -5.366863
3.169080 -4.183468 -6.160513
3.169080 -4.183468 -6.160513
3.169080 -4.183468 -6.160513
3.169080 -4.183468 -6.160513
3.169080 -4.183468 -6.160513
3.169080 -4.183468 -6.160513
4.561211 -3.761038 -5.670652
4.561211 -3.761038 -5.670652
4.561211 -3.761038 -5.670652
4.561211 -3.761038 -5.670652
4.561211 -3.761038 -5.670652
4.561211 -3.761038 -5.670652
5.001130 -5.789395 -5.764984
5.001130 -5.789395 -5.764984
5.001130 -5.789395 -5.764984
5.001130 -5.789395 -5.764984
5.001130 -5.789395 -5.764984
5.001130 -5.789395 -5.764984
5.013227 -6.518831 -4.136214
5.013227 -6.518831 -4.136214
5.013227 -6.518831 -4.136214
5.013227 -6.518831 -4.136214
5.013227 -6.518831 -4.136214
-1.484672 -12.082630 -4.628248
-1.484672 -12.082630 -4.628248
-1.484672 -12.082630 -4.628248
-1.484672 -12.082630 -4.628248
-1.484672 -12.082630 -4.628248
-1.484672 -12.082630 -4.628248
-2.711782 -13.005581 -5.218110
-2.711782 -13.005581 -5.218110
-2.711782 -13.005581 -5.218110
-2.711782 -13.005581 -5.218110
-2.711782 -13.005581 -5.218110
-2.711782 -13.005581 -5.218110
-2.711782 -13.005581 -5.218110
-0.374570 -15.537912 -6.273282
-0.374570 -15.537912 -6.273282
-0.374570 -15.537912 -6.273282
-0.374570 -15.537912 -6.273282
-0.374570 -15.537912 -6.273282
-0.374570 -15.537912 -6.273282
0.069207 -15.935528 -3.358886
0.069207 -15.935528 -3.358886
0.069207 -15.935528 -3.358886
0.069207 -15.935528 -3.358886
0.069207 -15.935528 -3.358886
0.362919 -15.014441 -2.296493
0.362919 -15.014441 -2.296493
0.362919 -15.014441 -2.296493
0.362919 -15.014441 -2.296493
0.362919 -15.014441 -2.296493
0.362919 -15.014441 -2.296493
-0.926817 -18.295389 -1.052640
-0.926817 -18.295389 -1.052640
-0.926817 -18.295389 -1.052640
-0.926817 -18.295389 -1.052640
-0.926817 -18.295389 -1.052640
0.936480 -16.661193 1.538966
0.936480 -16.661193 1.538966
0.936480 -16.661193 1.538966
0.936480 -16.661193 1.538966
0.936480 -16.661193 1.538966
0.936480 -16.661193 1.538966
0.141588 -21.564348 4.975859
0.141588 -21.564348 4.975859
0.141588 -21.564348 4.975859
0.141588 -21.564348 4.975859
0.141588 -21.564348 4.975859
0.141588 -21.564348 4.975859
1.315201 -14.815351 -0.927964
1.315201 -14.815351 -0.927964
1.315201 -14.815351 -0.927964
1.315201 -14.815351 -0.927964
1.315201 -14.815351 -0.927964
0.845230 -12.071856 -2.505559
0.845230 -12.071856 -2.505559
0.845230 -12.071856 -2.505559
0.845230 -12.071856 -2.505559
0.845230 -12.071856 -2.505559
0.845230 -12.071856 -2.505559
1.115906 -15.110742 -0.218184
1.115906 -15.110742 -0.218184
1.115906 -15.110742 -0.218184
1.115906 -15.110742 -0.218184
1.115906 -15.110742 -0.218184
1.115906 -15.110742 -0.218184
1.201050 -13.163919 -1.202338
1.201050 -13.163919 -1.202338
1.201050 -13.163919 -1.202338
1.201050 -13.163919 -1.202338
1.201050 -13.163919 -1.202338
1.201050 -13.163919 -1.202338
2.132924 -13.102208 -1.979426
2.132924 -13.102208 -1.979426
2.132924 -13.102208 -1.979426
2.132924 -13.102208 -1.979426
2.132924 -13.102208 -1.979426
1.827513 -12.882301 -1.047463
1.827513 -12.882301 -1.047463
1.827513 -12.882301 -1.047463
1.827513 -12.882301 -1.047463
1.827513 -12.882301 -1.047463
1.827513 -12.882301 -1.047463
1.378534 -13.380424 -0.957392
1.378534 -13.380424 -0.957392
1.378534 -13.380424 -0.957392
1.378534 -13.380424 -0.957392
1.378534 -13.380424 -0.957392
1.378534 -13.380424 -0.957392
1.388623 -13.123420 -1.267543
1.388623 -13.123420 -1.267543
1.388623 -13.123420 -1.267543
1.388623 -13.123420 -1.267543
1.388623 -13.123420 -1.267543
1.388623 -13.123420 -1.267543
1.002235 -13.443384 -1.723697
1.002235 -13.443384 -1.723697
1.002235 -13.443384 -1.723697
1.002235 -13.443384 -1.723697
1.002235 -13.443384 -1.723697
1.002235 -13.443384 -1.723697
0.502601 -13.563750 -1.492134
0.502601 -13.563750 -1.492134
0.502601 -13.563750 -1.492134
0.502601 -13.563750 -1.492134
0.502601 -13.563750 -1.492134
-0.283246 -13.277903 -2.114814
-0.283246 -13.277903 -2.114814
-0.283246 -13.277903 -2.114814
-0.283246 -13.277903 -2.114814
-0.283246 -13.277903 -2.114814
-0.283246 -13.277903 -2.114814
-0.291869 -13.271208 -2.381983
-0.291869 -13.271208 -2.381983
-0.291869 -13.271208 -2.381983
-0.291869 -13.271208 -2.381983
-0.291869 -13.271208 -2.381983
-0.291869 -13.271208 -2.381983
-1.116642 -13.446768 -2.257426
-1.116642 -13.446768 -2.257426
-1.116642 -13.446768 -2.257426
-1.116642 -13.446768 -2.257426
-1.116642 -13.446768 -2.257426
-1.116642 -13.446768 -2.257426
-0.981218 -13.647637 -2.369352
-0.981218 -13.647637 -2.369352
-0.981218 -13.647637 -2.369352
-0.981218 -13.647637 -2.369352
-0.981218 -13.647637 -2.369352
-0.918245 -14.159538 -2.261421
-0.918245 -14.159538 -2.261421
-0.918245 -14.159538 -2.261421
-0.918245 -14.159538 -2.261421
-0.918245 -14.159538 -2.261421
-0.918245 -14.159538 -2.261421
-0.740004 -14.750646 -1.532103
-0.740004 -14.750646 -1.532103
-0.740004 -14.750646 -1.532103
-0.740004 -14.750646 -1.532103
-0.740004 -14.750646 -1.532103
-0.740004 -14.750646 -1.532103
-1.679976 -14.358876 -1.972548
-1.679976 -14.358876 -1.972548
-1.679976 -14.358876 -1.972548
-1.679976 -14.358876 -1.972548
-1.679976 -14.358876 -1.972548
-1.679976 -14.358876 -1.972548
-0.175859 -14.420100 -3.347708
-0.175859 -14.420100 -3.347708
-0.175859 -14.420100 -3.347708
-0.175859 -14.420100 -3.347708
-0.175859 -14.420100 -3.347708
-0.675830 -13.422552 -2.507767
-0.675830 -13.422552 -2.507767
-0.675830 -13.422552 -2.507767
-0.675830 -13.422552 -2.507767
-0.675830 -13.422552 -2.507767
-0.675830 -13.422552 -2.507767
-0.950616 -8.592714 -2.846076
-0.950616 -8.592714 -2.846076
-0.950616 -8.592714 -2.846076
-0.950616 -8.592714 -2.846076
-0.950616 -8.592714 -2.846076
-0.950616 -8.592714 -2.846076
-1.208290 -7.707828 -2.348369
-1.208290 -7.707828 -2.348369
-1.208290 -7.707828 -2.348369
-1.208290 -7.707828 -2.348369
-1.208290 -7.707828 -2.348369
-1.208290 -7.707828 -2.348369
-0.711598 -7.035739 -1.594102
-0.711598 -7.035739 -1.594102
-0.711598 -7.035739 -1.594102
-0.711598 -7.035739 -1.594102
-0.711598 -7.035739 -1.594102
-0.711598 -7.035739 -1.594102
-0.706050 -8.971263 -1.230467
-0.706050 -8.971263 -1.230467
-0.706050 -8.971263 -1.230467
-0.706050 -8.971263 -1.230467
-0.706050 -8.971263 -1.230467
-0.706050 -8.971263 -1.230467
-1.857103 -8.106720 -2.298921
-1.857103 -8.106720 -2.298921
-1.857103 -8.106720 -2.298921
-1.857103 -8.106720 -2.298921
-1.857103 -8.106720 -2.298921
-1.857103 -8.106720 -2.298921
-1.665682 -9.147811 -2.410988
-1.665682 -9.147811 -2.410988
-1.665682 -9.147811 -2.410988
-1.665682 -9.147811 -2.410988
-1.665682 -9.147811 -2.410988
-1.665682 -9.147811 -2.410988
-1.944900 -7.914179 -2.742705
-1.944900 -7.914179 -2.742705
-1.944900 -7.914179 -2.742705
-1.944900 -7.914179 -2.742705
-1.944900 -7.914179 -2.742705
-1.944900 -7.914179 -2.742705
-2.254111 -8.050495 -2.910878
-2.254111 -8.050495 -2.910878
-2.254111 -8.050495 -2.910878
-2.254111 -8.050495 -2.910878
-2.254111 -8.050495 -2.910878
-2.254111 -8.050495 -2.910878
-2.508621 -7.998195 -2.880235
-2.508621 -7.998195 -2.880235
-2.508621 -7.998195 -2.880235
-2.508621 -7.998195 -2.880235
-2.508621 -7.998195 -2.880235
-2.508621 -7.998195 -2.880235
-3.425330 -7.609600 -2.887516
-3.425330 -7.609600 -2.887516
-3.425330 -7.609600 -2.887516
-3.425330 -7.609600 -2.887516
-3.425330 -7.609600 -2.887516
-3.425330 -7.609600 -2.887516
-2.793423 -7.225850 -2.031928
-2.793423 -7.225850 -2.031928
-2.793423 -7.225850 -2.031928
-2.793423 -7.225850 -2.031928
-2.793423 -7.225850 -2.031928
-2.793423 -7.225850 -2.031928
-2.943358 -8.078734 -2.328341
-2.943358 -8.078734 -2.328341
-2.943358 -8.078734 -2.328341
-2.943358 -8.078734 -2.328341
-2.943358 -8.078734 -2.328341
-2.943358 -8.078734 -2.328341
-2.943358 -8.078734 -2.328341
-2.504739 -8.497300 -2.362581
-2.504739 -8.497300 -2.362581
-2.504739 -8.497300 -2.362581
-2.504739 -8.497300 -2.362581
-2.504739 -8.497300 -2.362581
-2.504739 -8.497300 -2.362581
-2.044774 -7.868071 -2.477074
-2.044774 -7.868071 -2.477074
-2.044774 -7.868071 -2.477074
-2.044774 -7.868071 -2.477074
-2.044774 -7.868071 -2.477074
-2.044774 -7.868071 -2.477074
-2.117315 -8.577623 -2.073485
-2.117315 -8.577623 -2.073485
-2.117315 -8.577623 -2.073485
-2.117315 -8.577623 -2.073485
-2.117315 -8.577623 -2.073485
-2.117315 -8.577623 -2.073485
-1.742908 -7.875597 -2.386034
-1.742908 -7.875597 -2.386034
-1.742908 -7.875597 -2.386034
-1.742908 -7.875597 -2.386034
-1.742908 -7.875597 -2.386034
-1.742908 -7.875597 -2.386034
-1.381861 -8.344294 -2.345859
-1.381861 -8.344294 -2.345859
-1.381861 -8.344294 -2.345859
-1.381861 -8.344294 -2.345859
-1.381861 -8.344294 -2.345859
-1.381861 -8.344294 -2.345859
-1.080907 -7.875754 -2.279560
-1.080907 -7.875754 -2.279560
-1.080907 -7.875754 -2.279560
-1.080907 -7.875754 -2.279560
-1.080907 -7.875754 -2.279560
-1.080907 -7.875754 -2.279560
-0.844957 -7.476936 -2.231495
-0.844957 -7.476936 -2.231495
-0.844957 -7.476936 -2.231495
-0.844957 -7.476936 -2.231495
-0.844957 -7.476936 -2.231495
-0.844957 -7.476936 -2.231495
-0.958856 -7.573844 -2.003349
-0.958856 -7.573844 -2.003349
-0.958856 -7.573844 -2.003349
-0.958856 -7.573844 -2.003349
-0.958856 -7.573844 -2.003349
-0.532793 -7.067268 -1.971842
-0.532793 -7.067268 -1.971842
-0.532793 -7.067268 -1.971842
-0.532793 -7.067268 -1.971842
-0.532793 -7.067268 -1.971842
-0.532793 -7.067268 -1.971842
-0.324465 -6.661903 -2.057440
-0.324465 -6.661903 -2.057440
-0.324465 -6.661903 -2.057440
-0.324465 -6.661903 -2.057440
-0.324465 -6.661903 -2.057440
-0.324465 -6.661903 -2.057440
-0.655092 -7.064990 -1.949708
-0.655092 -7.064990 -1.949708
-0.655092 -7.064990 -1.949708
-0.655092 -7.064990 -1.949708
-0.655092 -7.064990 -1.949708
-0.655092 -7.064990 -1.949708
-0.847811 -6.248667 -2.079837
-0.847811 -6.248667 -2.079837
-0.847811 -6.248667 -2.079837
-0.847811 -6.248667 -2.079837
-0.847811 -6.248667 -2.079837
-0.847811 -6.248667 -2.079837
-0.847811 -6.248667 -2.079837
-0.835431 -6.208627 -1.818505
-0.835431 -6.208627 -1.818505
-0.835431 -6.208627 -1.818505
-0.835431 -6.208627 -1.818505
-0.835431 -6.208627 -1.818505
-0.835431 -6.208627 -1.818505
-0.481959 -6.229197 -1.377333
-0.481959 -6.229197 -1.377333
-0.481959 -6.229197 -1.377333
-0.481959 -6.229197 -1.377333
-0.481959 -6.229197 -1.377333
-0.481959 -6.229197 -1.377333
-0.173863 -6.281161 -1.600745
-0.173863 -6.281161 -1.600745
-0.173863 -6.281161 -1.600745
-0.173863 -6.281161 -1.600745
-0.173863 -6.281161 -1.600745
-0.173863 -6.281161 -1.600745
-0.852096 -7.029459 -1.423306
-0.852096 -7.029459 -1.423306
-0.852096 -7.029459 -1.423306
-0.852096 -7.029459 -1.423306
-0.852096 -7.029459 -1.423306
-0.852096 -7.029459 -1.423306
-1.889937 -5.873465 -0.664451
-1.889937 -5.873465 -0.664451
-1.889937 -5.873465 -0.664451
-1.889937 -5.873465 -0.664451
-1.889937 -5.873465 -0.664451
-1.889937 -5.873465 -0.664451
-1.691502 -5.783228 -1.256083
-1.691502 -5.783228 -1.256083
-1.691502 -5.783228 -1.256083
-1.691502 -5.783228 -1.256083
-1.691502 -5.783228 -1.256083
-1.691502 -5.783228 -1.256083
-2.404991 -5.761049 -1.024945
-2.404991 -5.761049 -1.024945
-2.404991 -5.761049 -1.024945
-2.404991 -5.761049 -1.024945
-2.404991 -5.761049 -1.024945
-2.404991 -5.761049 -1.024945
-2.624109 -5.574739 -0.222536
-2.624109 -5.574739 -0.222536
-2.624109 -5.574739 -0.222536
-2.624109 -5.574739 -0.222536
-2.624109 -5.574739 -0.222536
-2.624109 -5.574739 -0.222536
-2.183383 -4.944222 -0.214017
-2.183383 -4.944222 -0.214017
-2.183383 -4.944222 -0.214017
-2.183383 -4.944222 -0.214017
-2.183383 -4.944222 -0.214017
-2.183383 -4.944222 -0.214017
-2.050614 -5.403565 -0.164047
-2.050614 -5.403565 -0.164047
-2.050614 -5.403565 -0.164047
-2.050614 -5.403565 -0.164047
-2.050614 -5.403565 -0.164047
-2.050614 -5.403565 -0.164047
-2.275125 -4.525831 0.687827
-2.275125 -4.525831 0.687827
-2.275125 -4.525831 0.687827
-2.275125 -4.525831 0.687827
-2.275125 -4.525831 0.687827
-2.192393 -5.638759 1.173369
-2.192393 -5.638759 1.173369
-2.192393 -5.638759 1.173369
-2.192393 -5.638759 1.173369
-2.192393 -5.638759 1.173369
-2.192393 -5.638759 1.173369
-2.113581 -6.050152 1.288662
-2.113581 -6.050152 1.288662
-2.113581 -6.050152 1.288662
-2.113581 -6.050152 1.288662
-2.113581 -6.050152 1.288662
-2.113581 -6.050152 1.288662
-2.031647 -5.940261 1.292553
-2.031647 -5.940261 1.292553
-2.031647 -5.940261 1.292553
-2.031647 -5.940261 1.292553
-2.031647 -5.940261 1.292553
-2.031647 -5.940261 1.292553
-2.031647 -5.940261 1.292553
-2.110091 -5.799139 1.440696
-2.110091 -5.799139 1.440696
-2.110091 -5.799139 1.440696
-2.110091 -5.799139 1.440696
-2.110091 -5.799139 1.440696
-2.110091 -5.799139 1.440696
-2.285166 -5.695690 1.588601
-2.285166 -5.695690 1.588601
-2.285166 -5.695690 1.588601
-2.285166 -5.695690 1.588601
-2.285166 -5.695690 1.588601
-2.285166 -5.695690 1.588601
-2.564590 -5.610215 1.712090
-2.564590 -5.610215 1.712090
-2.564590 -5.610215 1.712090
-2.564590 -5.610215 1.712090
-2.564590 -5.610215 1.712090
-2.564590 -5.610215 1.712090
-2.362722 -5.129726 1.196088
-2.362722 -5.129726 1.196088
-2.362722 -5.129726 1.196088
-2.362722 -5.129726 1.196088
-2.362722 -5.129726 1.196088
-2.362722 -5.129726 1.196088
-2.040486 -5.149406 1.258220
-2.040486 -5.149406 1.258220
-2.040486 -5.149406 1.258220
-2.040486 -5.149406 1.258220
-2.040486 -5.149406 1.258220
-2.040486 -5.149406 1.258220
-2.040486 -5.149406 1.258220
-1.608835 -4.893577 1.028915
-1.608835 -4.893577 1.028915
-1.608835 -4.893577 1.028915
-1.608835 -4.893577 1.028915
-1.608835 -4.893577 1.028915
-1.608835 -4.893577 1.028915
-1.710779 -5.072890 1.240704
-1.710779 -5.072890 1.240704
-1.710779 -5.072890 1.240704
-1.710779 -5.072890 1.240704
-1.710779 -5.072890 1.240704
-1.710779 -5.072890 1.240704
-1.710779 -5.072890 1.240704
-1.939077 -5.472390 1.189009
-1.939077 -5.472390 1.189009
-1.939077 -5.472390 1.189009
-1.939077 -5.472390 1.189009
-1.939077 -5.472390 1.189009
-1.939077 -5.472390 1.189009
-1.546012 -5.900220 1.238454
-1.546012 -5.900220 1.238454
-1.546012 -5.900220 1.238454
-1.546012 -5.900220 1.238454
-1.546012 -5.900220 1.238454
-1.546012 -5.900220 1.238454
-1.537124 -6.096053 0.932972
-1.537124 -6.096053 0.932972
-1.537124 -6.096053 0.932972
-1.537124 -6.096053 0.932972
-1.537124 -6.096053 0.932972
-1.537124 -6.096053 0.932972
-1.545069 -6.221344 1.235416
-1.545069 -6.221344 1.235416
-1.545069 -6.221344 1.235416
-1.545069 -6.221344 1.235416
-1.545069 -6.221344 1.235416
-1.545069 -6.221344 1.235416
-1.545069 -6.221344 1.235416
-1.414150 -5.798642 1.301279
-1.414150 -5.798642 1.301279
-1.414150 -5.798642 1.301279
-1.414150 -5.798642 1.301279
-1.414150 -5.798642 1.301279
-1.414150 -5.798642 1.301279
-1.161256 -5.275592 1.382167
-1.161256 -5.275592 1.382167
-1.161256 -5.275592 1.382167
-1.161256 -5.275592 1.382167
-1.161256 -5.275592 1.382167
-1.161256 -5.275592 1.382167
-1.161256 -5.275592 1.382167
-0.957345 -5.403341 1.302862
-0.957345 -5.403341 1.302862
-0.957345 -5.403341 1.302862
-0.957345 -5.403341 1.302862
-0.957345 -5.403341 1.302862
-0.984809 -5.608029 1.244887
-0.984809 -5.608029 1.244887
-0.984809 -5.608029 1.244887
-0.984809 -5.608029 1.244887
-0.984809 -5.608029 1.244887
-0.984809 -5.608029 1.244887
-0.927219 -5.521143 1.590811
-0.927219 -5.521143 1.590811
-0.927219 -5.521143 1.590811
-0.927219 -5.521143 1.590811
-0.927219 -5.521143 1.590811
-0.927219 -5.521143 1.590811
-0.921241 -5.258252 1.541911
-0.921241 -5.258252 1.541911
-0.921241 -5.258252 1.541911
-0.921241 -5.258252 1.541911
-0.921241 -5.258252 1.541911
-0.921241 -5.258252 1.541911
-0.554537 -5.506806 1.596282
-0.554537 -5.506806 1.596282
-0.554537 -5.506806 1.596282
-0.554537 -5.506806 1.596282
-0.554537 -5.506806 1.596282
-0.554537 -5.506806 1.596282
-0.608070 -5.601806 1.798099
-0.608070 -5.601806 1.798099
-0.608070 -5.601806 1.798099
-0.608070 -5.601806 1.798099
-0.608070 -5.601806 1.798099
-0.608070 -5.601806 1.798099
-0.464048 -5.663496 1.604881
-0.464048 -5.663496 1.604881
-0.464048 -5.663496 1.604881
-0.464048 -5.663496 1.604881
-0.464048 -5.663496 1.604881
-0.464048 -5.663496 1.604881
-0.297801 -5.824574 1.897562
-0.297801 -5.824574 1.897562
-0.297801 -5.824574 1.897562
-0.297801 -5.824574 1.897562
-0.297801 -5.824574 1.897562
-0.297801 -5.824574 1.897562
-0.398182 -6.259424 2.035120
-0.398182 -6.259424 2.035120
-0.398182 -6.259424 2.035120
-0.398182 -6.259424 2.035120
-0.398182 -6.259424 2.035120
-0.398182 -6.259424 2.035120
-0.059789 -5.976350 2.641598
-0.059789 -5.976350 2.641598
-0.059789 -5.976350 2.641598
-0.059789 -5.976350 2.641598
-0.059789 -5.976350 2.641598
-0.059789 -5.976350 2.641598
0.145128 -6.040354 2.697632
0.145128 -6.040354 2.697632
0.145128 -6.040354 2.697632
0.145128 -6.040354 2.697632
0.145128 -6.040354 2.697632
0.145128 -6.040354 2.697632
0.291097 -6.589681 2.265073
0.291097 -6.589681 2.265073
0.291097 -6.589681 2.265073
0.291097 -6.589681 2.265073
0.291097 -6.589681 2.265073
0.291097 -6.589681 2.265073
0.677082 -5.907234 2.286642
0.677082 -5.907234 2.286642
0.677082 -5.907234 2.286642
0.677082 -5.907234 2.286642
0.677082 -5.907234 2.286642
0.677082 -5.907234 2.286642
0.575099 -6.773570 1.885872
0.575099 -6.773570 1.885872
0.575099 -6.773570 1.885872
0.575099 -6.773570 1.885872
0.575099 -6.773570 1.885872
0.575099 -6.773570 1.885872
0.715536 -6.260831 2.271731
0.715536 -6.260831 2.271731
0.715536 -6.260831 2.271731
0.715536 -6.260831 2.271731
0.715536 -6.260831 2.271731
0.715536 -6.260831 2.271731
0.821895 -5.972823 2.854246
0.821895 -5.972823 2.854246
0.821895 -5.972823 2.854246
0.821895 -5.972823 2.854246
0.821895 -5.972823 2.854246
0.821895 -5.972823 2.854246
0.821895 -5.972823 2.854246
0.853265 -6.211000 2.362297
0.853265 -6.211000 2.362297
0.853265 -6.211000 2.362297
0.853265 -6.211000 2.362297
0.853265 -6.211000 2.362297
0.853265 -6.211000 2.362297
0.599987 -6.463894 2.714940
0.599987 -6.463894 2.714940
0.599987 -6.463894 2.714940
0.599987 -6.463894 2.714940
0.599987 -6.463894 2.714940
0.599987 -6.463894 2.714940
0.599987 -6.463894 2.714940
0.738658 -6.069844 2.593233
0.738658 -6.069844 2.593233
0.738658 -6.069844 2.593233
0.738658 -6.069844 2.593233
0.738658 -6.069844 2.593233
0.738658 -6.069844 2.593233
0.344202 -6.092024 2.456207
0.344202 -6.092024 2.456207
0.344202 -6.092024 2.456207
0.344202 -6.092024 2.456207
0.344202 -6.092024 2.456207
0.344202 -6.092024 2.456207
0.265697 -6.201951 1.920247
0.265697 -6.201951 1.920247
0.265697 -6.201951 1.920247
0.265697 -6.201951 1.920247
0.265697 -6.201951 1.920247
0.265697 -6.201951 1.920247
0.174479 -6.659286 2.601165
0.174479 -6.659286 2.601165
0.174479 -6.659286 2.601165
0.174479 -6.659286 2.601165
0.174479 -6.659286 2.601165
0.174479 -6.659286 2.601165
0.174479 -6.659286 2.601165
0.319347 -6.494870 1.783017
0.319347 -6.494870 1.783017
0.319347 -6.494870 1.783017
0.319347 -6.494870 1.783017
0.319347 -6.494870 1.783017
0.319347 -6.494870 1.783017
0.733220 -6.317400 1.926941
0.733220 -6.317400 1.926941
0.733220 -6.317400 1.926941
0.733220 -6.317400 1.926941
0.733220 -6.317400 1.926941
0.733220 -6.317400 1.926941
0.741967 -6.490065 1.969498
0.741967 -6.490065 1.969498
0.741967 -6.490065 1.969498
0.741967 -6.490065 1.969498
0.741967 -6.490065 1.969498
0.950649 -7.038015 1.886659
0.950649 -7.038015 1.886659
0.950649 -7.038015 1.886659
0.950649 -7.038015 1.886659
0.950649 -7.038015 1.886659
0.950649 -7.038015 1.886659
1.022710 -6.697200 2.048699
1.022710 -6.697200 2.048699
1.022710 -6.697200 2.048699
1.022710 -6.697200 2.048699
1.022710 -6.697200 2.048699
1.078953 -6.445188 2.066416
1.078953 -6.445188 2.066416
1.078953 -6.445188 2.066416
1.078953 -6.445188 2.066416
1.078953 -6.445188 2.066416
1.078953 -6.445188 2.066416
1.142565 -6.531756 2.145099
1.142565 -6.531756 2.145099
1.142565 -6.531756 2.145099
1.142565 -6.531756 2.145099
1.142565 -6.531756 2.145099
1.142565 -6.531756 2.145099
1.142565 -6.531756 2.145099
1.394615 -6.355357 2.165818
1.394615 -6.355357 2.165818
1.394615 -6.355357 2.165818
1.394615 -6.355357 2.165818
1.394615 -6.355357 2.165818
1.394615 -6.355357 2.165818
1.455135 -5.803561 2.170463
1.455135 -5.803561 2.170463
1.455135 -5.803561 2.170463
1.455135 -5.803561 2.170463
1.455135 -5.803561 2.170463
1.455135 -5.803561 2.170463
2.453528 -6.476536 2.883710
2.453528 -6.476536 2.883710
2.453528 -6.476536 2.883710
2.453528 -6.476536 2.883710
2.453528 -6.476536 2.883710
1.669323 -5.454798 2.710812
1.669323 -5.454798 2.710812
1.669323 -5.454798 2.710812
1.669323 -5.454798 2.710812
1.669323 -5.454798 2.710812
1.669323 -5.454798 2.710812
1.921198 -6.042250 2.684287
1.921198 -6.042250 2.684287
1.921198 -6.042250 2.684287
1.921198 -6.042250 2.684287
1.921198 -6.042250 2.684287
1.921198 -6.042250 2.684287
1.882309 -5.769444 2.600112
1.882309 -5.769444 2.600112
1.882309 -5.769444 2.600112
1.882309 -5.769444 2.600112
1.882309 -5.769444 2.600112
1.882309 -5.769444 2.600112
1.884039 -5.878621 3.018845
1.884039 -5.878621 3.018845
1.884039 -5.878621 3.018845
1.884039 -5.878621 3.018845
1.884039 -5.878621 3.018845
1.884039 -5.878621 3.018845
1.859647 -5.602299 3.431898
1.859647 -5.602299 3.431898
1.859647 -5.602299 3.431898
1.859647 -5.602299 3.431898
1.859647 -5.602299 3.431898
2.020427 -5.339558 3.594559
2.020427 -5.339558 3.594559
2.020427 -5.339558 3.594559
2.020427 -5.339558 3.594559
2.020427 -5.339558 3.594559
2.020427 -5.339558 3.594559
1.982642 -5.319794 3.718712
1.982642 -5.319794 3.718712
1.982642 -5.319794 3.718712
1.982642 -5.319794 3.718712
1.982642 -5.319794 3.718712
1.982642 -5.319794 3.718712
2.045025 -5.068257 3.870509
2.045025 -5.068257 3.870509
2.045025 -5.068257 3.870509
2.045025 -5.068257 3.870509
2.045025 -5.068257 3.870509
1.960025 -5.237602 4.312711
1.960025 -5.237602 4.312711
1.960025 -5.237602 4.312711
1.960025 -5.237602 4.312711
1.960025 -5.237602 4.312711
1.960025 -5.237602 4.312711
1.981209 -4.093385 4.665234
1.981209 -4.093385 4.665234
1.981209 -4.093385 4.665234
1.981209 -4.093385 4.665234
1.981209 -4.093385 4.665234
1.981209 -4.093385 4.665234
2.048905 -3.595376 4.924478
2.048905 -3.595376 4.924478
2.048905 -3.595376 4.924478
2.048905 -3.595376 4.924478
2.048905 -3.595376 4.924478
2.048905 -3.595376 4.924478
1.298438 -3.394851 5.018420
1.298438 -3.394851 5.018420
1.298438 -3.394851 5.018420
1.298438 -3.394851 5.018420
1.298438 -3.394851 5.018420
1.298438 -3.394851 5.018420
1.248880 -3.432479 4.750901
1.248880 -3.432479 4.750901
1.248880 -3.432479 4.750901
1.248880 -3.432479 4.750901
1.248880 -3.432479 4.750901
1.248880 -3.432479 4.750901
1.248880 -3.432479 4.750901
1.157649 -3.227514 4.717969
1.157649 -3.227514 4.717969
1.157649 -3.227514 4.717969
1.157649 -3.227514 4.717969
1.157649 -3.227514 4.717969
1.157649 -3.227514 4.717969
-0.119935 -2.941571 4.441296
-0.119935 -2.941571 4.441296
-0.119935 -2.941571 4.441296
-0.119935 -2.941571 4.441296
-0.119935 -2.941571 4.441296
-0.119935 -2.941571 4.441296
-0.302911 -2.940630 3.695826
-0.302911 -2.940630 3.695826
-0.302911 -2.940630 3.695826
-0.302911 -2.940630 3.695826
-0.302911 -2.940630 3.695826
-0.625478 -2.729003 3.569015
-0.625478 -2.729003 3.569015
-0.625478 -2.729003 3.569015
-0.625478 -2.729003 3.569015
-0.625478 -2.729003 3.569015
-0.625478 -2.729003 3.569015
-0.405566 -2.493364 3.683734
-0.405566 -2.493364 3.683734
-0.405566 -2.493364 3.683734
-0.405566 -2.493364 3.683734
-0.405566 -2.493364 3.683734
-0.405566 -2.493364 3.683734
-0.348896 -2.549817 3.529354
-0.348896 -2.549817 3.529354
-0.348896 -2.549817 3.529354
-0.348896 -2.549817 3.529354
-0.348896 -2.549817 3.529354
-0.348896 -2.549817 3.529354
-0.374222 -2.850374 3.200258
-0.374222 -2.850374 3.200258
-0.374222 -2.850374 3.200258
-0.374222 -2.850374 3.200258
-0.374222 -2.850374 3.200258
-0.374222 -2.850374 3.200258
-0.269979 -3.233445 2.989575
-0.269979 -3.233445 2.989575
-0.269979 -3.233445 2.989575
-0.269979 -3.233445 2.989575
-0.269979 -3.233445 2.989575
-0.480026 -3.421792 3.356853
-0.480026 -3.421792 3.356853
-0.480026 -3.421792 3.356853
-0.480026 -3.421792 3.356853
-0.480026 -3.421792 3.356853
-0.480026 -3.421792 3.356853
-0.466329 -3.599970 3.277935
-0.466329 -3.599970 3.277935
-0.466329 -3.599970 3.277935
-0.466329 -3.599970 3.277935
-0.466329 -3.599970 3.277935
-0.110091 -3.320051 2.838342
-0.110091 -3.320051 2.838342
-0.110091 -3.320051 2.838342
-0.110091 -3.320051 2.838342
-0.110091 -3.320051 2.838342
-0.096677 -3.412319 3.350747
-0.096677 -3.412319 3.350747
-0.096677 -3.412319 3.350747
-0.096677 -3.412319 3.350747
-0.096677 -3.412319 3.350747
-0.035981 -3.367594 3.199748
-0.035981 -3.367594 3.199748
-0.035981 -3.367594 3.199748
-0.035981 -3.367594 3.199748
-0.035981 -3.367594 3.199748
-0.035981 -3.367594 3.199748
-0.159100 -3.566721 3.060017
-0.159100 -3.566721 3.060017
-0.159100 -3.566721 3.060017
-0.159100 -3.566721 3.060017
-0.159100 -3.566721 3.060017
-0.282738 -3.243553 3.329969
-0.282738 -3.243553 3.329969
-0.282738 -3.243553 3.329969
-0.282738 -3.243553 3.329969
-0.282738 -3.243553 3.329969
-0.282738 -3.243553 3.329969
-0.064005 -3.239212 3.312000
-0.064005 -3.239212 3.312000
-0.064005 -3.239212 3.312000
-0.064005 -3.239212 3.312000
-0.064005 -3.239212 3.312000
-0.064005 -3.239212 3.312000
-0.021335 -3.206521 3.301629
-0.021335 -3.206521 3.301629
-0.021335 -3.206521 3.301629
-0.021335 -3.206521 3.301629
-0.021335 -3.206521 3.301629
-0.021335 -3.206521 3.301629
-0.019349 -3.187067 3.219986
-0.019349 -3.187067 3.219986
-0.019349 -3.187067 3.219986
-0.019349 -3.187067 3.219986
-0.019349 -3.187067 3.219986
-0.019349 -3.187067 3.219986
-0.143603 -2.945348 3.152067
-0.143603 -2.945348 3.152067
-0.143603 -2.945348 3.152067
-0.143603 -2.945348 3.152067
-0.143603 -2.945348 3.152067
-0.143603 -2.945348 3.152067
-0.135534 -2.927069 3.636255
-0.135534 -2.927069 3.636255
-0.135534 -2.927069 3.636255
-0.135534 -2.927069 3.636255
-0.135534 -2.927069 3.636255
-0.135534 -2.927069 3.636255
-0.170882 -2.948165 3.616434
-0.170882 -2.948165 3.616434
-0.170882 -2.948165 3.616434
-0.170882 -2.948165 3.616434
-0.170882 -2.948165 3.616434
-0.131863 -2.958211 3.304936
-0.131863 -2.958211 3.304936
-0.131863 -2.958211 3.304936
-0.131863 -2.958211 3.304936
-0.131863 -2.958211 3.304936
-0.131863 -2.958211 3.304936
-0.012816 -2.767844 3.582752
-0.012816 -2.767844 3.582752
-0.012816 -2.767844 3.582752
-0.012816 -2.767844 3.582752
-0.012816 -2.767844 3.582752
-0.012816 -2.767844 3.582752
-0.076975 -3.195249 3.636796
-0.076975 -3.195249 3.636796
-0.076975 -3.195249 3.636796
-0.076975 -3.195249 3.636796
-0.076975 -3.195249 3.636796
-0.076975 -3.195249 3.636796
-0.044384 -3.277410 3.754947
-0.044384 -3.277410 3.754947
-0.044384 -3.277410 3.754947
-0.044384 -3.277410 3.754947
-0.044384 -3.277410 3.754947
-0.044384 -3.277410 3.754947
-0.062492 -3.356407 3.533215
-0.062492 -3.356407 3.533215
-0.062492 -3.356407 3.533215
-0.062492 -3.356407 3.533215
-0.062492 -3.356407 3.533215
-0.062492 -3.356407 3.533215
-0.077747 -3.268426 3.411862
-0.077747 -3.268426 3.411862
-0.077747 -3.268426 3.411862
-0.077747 -3.268426 3.411862
-0.077747 -3.268426 3.411862
-0.077747 -3.268426 3.411862
-0.100298 -3.562022 3.320529
-0.100298 -3.562022 3.320529
-0.100298 -3.562022 3.320529
-0.100298 -3.562022 3.320529
-0.100298 -3.562022 3.320529
-0.100298 -3.562022 3.320529
-0.156550 -3.268411 3.560693
-0.156550 -3.268411 3.560693
-0.156550 -3.268411 3.560693
-0.156550 -3.268411 3.560693
-0.156550 -3.268411 3.560693
-0.156550 -3.268411 3.560693
-0.354411 -2.804084 3.208928
-0.354411 -2.804084 3.208928
-0.354411 -2.804084 3.208928
-0.354411 -2.804084 3.208928
-0.354411 -2.804084 3.208928
-0.354411 -2.804084 3.208928
0.045653 -3.180464 3.440151
0.045653 -3.180464 3.440151
0.045653 -3.180464 3.440151
0.045653 -3.180464 3.440151
0.045653 -3.180464 3.440151
0.045653 -3.180464 3.440151
-0.258745 -4.387819 3.333465
-0.258745 -4.387819 3.333465
-0.258745 -4.387819 3.333465
-0.258745 -4.387819 3.333465
-0.258745 -4.387819 3.333465
-0.258745 -4.387819 3.333465
0.106084 -4.174721 3.403338
0.106084 -4.174721 3.403338
0.106084 -4.174721 3.403338
0.106084 -4.174721 3.403338
0.106084 -4.174721 3.403338
0.106084 -4.174721 3.403338
-1.755011 -4.024633 2.316349
-1.755011 -4.024633 2.316349
-1.755011 -4.024633 2.316349
-1.755011 -4.024633 2.316349
-1.755011 -4.024633 2.316349
-1.755011 -4.024633 2.316349
-2.042207 -4.614493 3.071896
-2.042207 -4.614493 3.071896
-2.042207 -4.614493 3.071896
-2.042207 -4.614493 3.071896
-2.042207 -4.614493 3.071896
-2.042207 -4.614493 3.071896
-1.447977 -4.208699 3.062987
-1.447977 -4.208699 3.062987
-1.447977 -4.208699 3.062987
-1.447977 -4.208699 3.062987
-1.447977 -4.208699 3.062987
-1.554626 -4.763069 2.774587
-1.554626 -4.763069 2.774587
-1.554626 -4.763069 2.774587
-1.554626 -4.763069 2.774587
-1.554626 -4.763069 2.774587
-1.554626 -4.763069 2.774587
-1.615572 -4.703649 2.909836
-1.615572 -4.703649 2.909836
-1.615572 -4.703649 2.909836
-1.615572 -4.703649 2.909836
-1.615572 -4.703649 2.909836
-1.615572 -4.703649 2.909836
-1.626407 -4.314224 2.731526
-1.626407 -4.314224 2.731526
-1.626407 -4.314224 2.731526
-1.626407 -4.314224 2.731526
-1.626407 -4.314224 2.731526
-1.626407 -4.314224 2.731526
-1.626407 -4.314224 2.731526
-1.641868 -4.290951 2.563264
-1.641868 -4.290951 2.563264
-1.641868 -4.290951 2.563264
-1.641868 -4.290951 2.563264
-1.641868 -4.290951 2.563264
-1.641868 -4.290951 2.563264
-1.621517 -4.232521 2.511961
-1.621517 -4.232521 2.511961
-1.621517 -4.232521 2.511961
-1.621517 -4.232521 2.511961
-1.621517 -4.232521 2.511961
-1.621517 -4.232521 2.511961
-1.648495 -3.994538 2.450125
-1.648495 -3.994538 2.450125
-1.648495 -3.994538 2.450125
-1.648495 -3.994538 2.450125
-1.648495 -3.994538 2.450125
-1.648495 -3.994538 2.450125
-1.705714 -3.985597 2.693795
-1.705714 -3.985597 2.693795
-1.705714 -3.985597 2.693795
-1.705714 -3.985597 2.693795
-1.705714 -3.985597 2.693795
-1.705714 -3.985597 2.693795
-1.800466 -4.204594 2.655845
-1.800466 -4.204594 2.655845
-1.800466 -4.204594 2.655845
-1.800466 -4.204594 2.655845
-1.800466 -4.204594 2.655845
-1.800466 -4.204594 2.655845
-1.338513 -4.207341 2.632886
-1.338513 -4.207341 2.632886
-1.338513 -4.207341 2.632886
-1.338513 -4.207341 2.632886
-1.338513 -4.207341 2.632886
-1.338513 -4.207341 2.632886
-1.603040 -4.098117 2.725258
-1.603040 -4.098117 2.725258
-1.603040 -4.098117 2.725258
-1.603040 -4.098117 2.725258
-1.603040 -4.098117 2.725258
-1.603040 -4.098117 2.725258
-1.483440 -3.815836 2.479309
-1.483440 -3.815836 2.479309
-1.483440 -3.815836 2.479309
-1.483440 -3.815836 2.479309
-1.483440 -3.815836 2.479309
-1.483440 -3.815836 2.479309
-1.583129 -3.941096 2.387188
-1.583129 -3.941096 2.387188
-1.583129 -3.941096 2.387188
-1.583129 -3.941096 2.387188
-1.583129 -3.941096 2.387188
-1.583129 -3.941096 2.387188
-1.583129 -3.941096 2.387188
-1.730536 -4.204342 2.837397
-1.730536 -4.204342 2.837397
-1.730536 -4.204342 2.837397
-1.730536 -4.204342 2.837397
-1.730536 -4.204342 2.837397
-1.730536 -4.204342 2.837397
-1.584944 -3.665560 2.616189
-1.584944 -3.665560 2.616189
-1.584944 -3.665560 2.616189
-1.584944 -3.665560 2.616189
-1.584944 -3.665560 2.616189
-1.584944 -3.665560 2.616189
-1.425560 -3.838938 2.539593
-1.425560 -3.838938 2.539593
-1.425560 -3.838938 2.539593
-1.425560 -3.838938 2.539593
-1.425560 -3.838938 2.539593
-1.425560 -3.838938 2.539593
-1.451238 -3.934473 2.642376
-1.451238 -3.934473 2.642376
-1.451238 -3.934473 2.642376
-1.451238 -3.934473 2.642376
-1.451238 -3.934473 2.642376
-1.451238 -3.934473 2.642376
-1.490508 -4.141591 2.890248
-1.490508 -4.141591 2.890248
-1.490508 -4.141591 2.890248
-1.490508 -4.141591 2.890248
-1.490508 -4.141591 2.890248
-1.490508 -4.141591 2.890248
-1.456495 -4.164491 2.737537
-1.456495 -4.164491 2.737537
-1.456495 -4.164491 2.737537
-1.456495 -4.164491 2.737537
-1.456495 -4.164491 2.737537
-1.456495 -4.164491 2.737537
-1.685126 -3.257928 2.629171
-1.685126 -3.257928 2.629171
-1.685126 -3.257928 2.629171
-1.685126 -3.257928 2.629171
-1.685126 -3.257928 2.629171
-1.685126 -3.257928 2.629171
-1.512074 -3.207679 2.346082
-1.512074 -3.207679 2.346082
-1.512074 -3.207679 2.346082
-1.512074 -3.207679 2.346082
-1.512074 -3.207679 2.346082
-1.512074 -3.207679 2.346082
-1.512074 -3.207679 2.346082
-1.997198 -2.856427 1.465663
-1.997198 -2.856427 1.465663
-1.997198 -2.856427 1.465663
-1.997198 -2.856427 1.465663
-1.997198 -2.856427 1.465663
-2.052655 -2.953482 1.942470
-2.052655 -2.953482 1.942470
-2.052655 -2.953482 1.942470
-2.052655 -2.953482 1.942470
-2.052655 -2.953482 1.942470
-2.052655 -2.953482 1.942470
-1.708792 -2.589459 2.128288
-1.708792 -2.589459 2.128288
-1.708792 -2.589459 2.128288
-1.708792 -2.589459 2.128288
-1.708792 -2.589459 2.128288
-1.708792 -2.589459 2.128288
-1.859284 -3.305726 2.159748
-1.859284 -3.305726 2.159748
-1.859284 -3.305726 2.159748
-1.859284 -3.305726 2.159748
-1.859284 -3.305726 2.159748
-1.859284 -3.305726 2.159748
-1.904891 -2.923144 1.135243
-1.904891 -2.923144 1.135243
-1.904891 -2.923144 1.135243
-1.904891 -2.923144 1.135243
-1.904891 -2.923144 1.135243
-1.904891 -2.923144 1.135243
-1.888690 -2.898576 1.816880
-1.888690 -2.898576 1.816880
-1.888690 -2.898576 1.816880
-1.888690 -2.898576 1.816880
-1.888690 -2.898576 1.816880
-1.888690 -2.898576 1.816880
-0.110925 -4.148489 1.670862
-0.110925 -4.148489 1.670862
-0.110925 -4.148489 1.670862
-0.110925 -4.148489 1.670862
-0.110925 -4.148489 1.670862
-0.110925 -4.148489 1.670862
1.054535 -4.921659 0.541895
1.054535 -4.921659 0.541895
1.054535 -4.921659 0.541895
1.054535 -4.921659 0.541895
1.054535 -4.921659 0.541895
1.054535 -4.921659 0.541895
0.812781 -3.792226 0.959338
0.812781 -3.792226 0.959338
0.812781 -3.792226 0.959338
0.812781 -3.792226 0.959338
0.812781 -3.792226 0.959338
0.812781 -3.792226 0.959338
0.721151 -4.259433 0.876178
0.721151 -4.259433 0.876178
0.721151 -4.259433 0.876178
0.721151 -4.259433 0.876178
0.721151 -4.259433 0.876178
0.721151 -4.259433 0.876178
0.716450 -4.227098 0.310414
0.716450 -4.227098 0.310414
0.716450 -4.227098 0.310414
0.716450 -4.227098 0.310414
0.716450 -4.227098 0.310414
0.716450 -4.227098 0.310414
0.980101 -3.865029 -0.035622
0.980101 -3.865029 -0.035622
0.980101 -3.865029 -0.035622
0.980101 -3.865029 -0.035622
0.980101 -3.865029 -0.035622
0.655459 -4.370138 0.217288
0.655459 -4.370138 0.217288
0.655459 -4.370138 0.217288
0.655459 -4.370138 0.217288
0.655459 -4.370138 0.217288
0.942066 -4.242730 -0.132811
0.942066 -4.242730 -0.132811
0.942066 -4.242730 -0.132811
0.942066 -4.242730 -0.132811
0.942066 -4.242730 -0.132811
0.944753 -4.836719 -0.123218
0.944753 -4.836719 -0.123218
0.944753 -4.836719 -0.123218
0.944753 -4.836719 -0.123218
0.944753 -4.836719 -0.123218
0.944753 -4.836719 -0.123218
-0.128469 -5.791947 0.175653
-0.128469 -5.791947 0.175653
-0.128469 -5.791947 0.175653
-0.128469 -5.791947 0.175653
-0.128469 -5.791947 0.175653
-0.128469 -5.791947 0.175653
-0.936430 -5.469766 -0.377739
-0.936430 -5.469766 -0.377739
-0.936430 -5.469766 -0.377739
-0.936430 -5.469766 -0.377739
-0.936430 -5.469766 -0.377739
-0.936430 -5.469766 -0.377739
-0.565192 -5.367230 1.591630
-0.565192 -5.367230 1.591630
-0.565192 -5.367230 1.591630
-0.565192 -5.367230 1.591630
-0.565192 -5.367230 1.591630
-0.565192 -5.367230 1.591630
-1.140077 -6.787302 1.353030
-1.140077 -6.787302 1.353030
-1.140077 -6.787302 1.353030
-1.140077 -6.787302 1.353030
-1.140077 -6.787302 1.353030
-1.140077 -6.787302 1.353030
-1.159002 -5.509197 -0.059998
-1.159002 -5.509197 -0.059998
-1.159002 -5.509197 -0.059998
-1.159002 -5.509197 -0.059998
-1.159002 -5.509197 -0.059998
-1.159002 -5.509197 -0.059998
-0.343333 -6.819314 0.085106
-0.343333 -6.819314 0.085106
-0.343333 -6.819314 0.085106
-0.343333 -6.819314 0.085106
-0.343333 -6.819314 0.085106
0.127412 -7.700430 -5.804843
0.127412 -7.700430 -5.804843
0.127412 -7.700430 -5.804843
0.127412 -7.700430 -5.804843
0.127412 -7.700430 -5.804843
0.127412 -7.700430 -5.804843
-0.405559 -8.946219 -9.538140
-0.405559 -8.946219 -9.538140
-0.405559 -8.946219 -9.538140
-0.405559 -8.946219 -9.538140
-0.405559 -8.946219 -9.538140
-0.405559 -8.946219 -9.538140
-2.495769 -10.466406 -12.925296
-2.495769 -10.466406 -12.925296
-2.495769 -10.466406 -12.925296
-2.495769 -10.466406 -12.925296
-2.495769 -10.466406 -12.925296
-2.495769 -10.466406 -12.925296
-2.986401 -8.852752 -12.497464
-2.986401 -8.852752 -12.497464
-2.986401 -8.852752 -12.497464
-2.986401 -8.852752 -12.497464
-2.986401 -8.852752 -12.497464
-2.986401 -8.852752 -12.497464
-4.033415 -17.083671 -13.078430
-4.033415 -17.083671 -13.078430
-4.033415 -17.083671 -13.078430
-4.033415 -17.083671 -13.078430
-4.033415 -17.083671 -13.078430
-4.033415 -17.083671 -13.078430
-3.908788 -12.239609 -15.664991
-3.908788 -12.239609 -15.664991
-3.908788 -12.239609 -15.664991
-3.908788 -12.239609 -15.664991
-3.908788 -12.239609 -15.664991
-3.908788 -12.239609 -15.664991
-1.892230 -10.801081 -14.735930
-1.892230 -10.801081 -14.735930
-1.892230 -10.801081 -14.735930
-1.892230 -10.801081 -14.735930
-1.892230 -10.801081 -14.735930
-1.892230 -10.801081 -14.735930
-0.614886 -6.710279 -13.187070
-0.614886 -6.710279 -13.187070
-0.614886 -6.710279 -13.187070
-0.614886 -6.710279 -13.187070
-0.614886 -6.710279 -13.187070
-0.614886 -6.710279 -13.187070
0.505566 -4.455881 -13.214912
0.505566 -4.455881 -13.214912
0.505566 -4.455881 -13.214912
0.505566 -4.455881 -13.214912
0.505566 -4.455881 -13.214912
0.505566 -4.455881 -13.214912
2.825543 -5.799369 -11.962546
2.825543 -5.799369 -11.962546
2.825543 -5.799369 -11.962546
2.825543 -5.799369 -11.962546
2.825543 -5.799369 -11.962546
2.825543 -5.799369 -11.962546
4.006426 -4.839687 -11.715426
4.006426 -4.839687 -11.715426
4.006426 -4.839687 -11.715426
4.006426 -4.839687 -11.715426
4.006426 -4.839687 -11.715426
4.006426 -4.839687 -11.715426
3.232748 -4.714352 -13.523060
3.232748 -4.714352 -13.523060
3.232748 -4.714352 -13.523060
3.232748 -4.714352 -13.523060
3.232748 -4.714352 -13.523060
3.232748 -4.714352 -13.523060
3.218605 -6.570559 -9.027579
3.218605 -6.570559 -9.027579
3.218605 -6.570559 -9.027579
3.218605 -6.570559 -9.027579
3.218605 -6.570559 -9.027579
3.218605 -6.570559 -9.027579
2.427981 -5.154791 -4.754775
2.427981 -5.154791 -4.754775
2.427981 -5.154791 -4.754775
2.427981 -5.154791 -4.754775
2.427981 -5.154791 -4.754775
2.427981 -5.154791 -4.754775
2.088633 -1.722891 -1.954479
2.088633 -1.722891 -1.954479
2.088633 -1.722891 -1.954479
2.088633 -1.722891 -1.954479
2.088633 -1.722891 -1.954479
2.088633 -1.722891 -1.954479
2.008460 -1.256794 0.290473
2.008460 -1.256794 0.290473
2.008460 -1.256794 0.290473
2.008460 -1.256794 0.290473
2.008460 -1.256794 0.290473
2.008460 -1.256794 0.290473
2.059460 -3.416498 2.036307
2.059460 -3.416498 2.036307
2.059460 -3.416498 2.036307
2.059460 -3.416498 2.036307
2.059460 -3.416498 2.036307
3.507385 -1.551086 1.994543
3.507385 -1.551086 1.994543
3.507385 -1.551086 1.994543
3.507385 -1.551086 1.994543
3.507385 -1.551086 1.994543
3.507385 -1.551086 1.994543
3.646405 -1.165359 1.137165
3.646405 -1.165359 1.137165
3.646405 -1.165359 1.137165
3.646405 -1.165359 1.137165
3.646405 -1.165359 1.137165
3.646405 -1.165359 1.137165
3.305662 -0.336579 -0.643928
3.305662 -0.336579 -0.643928
3.305662 -0.336579 -0.643928
3.305662 -0.336579 -0.643928
3.305662 -0.336579 -0.643928
3.305662 -0.336579 -0.643928
-0.553026 -1.089670 -0.422703
-0.553026 -1.089670 -0.422703
-0.553026 -1.089670 -0.422703
-0.553026 -1.089670 -0.422703
-0.553026 -1.089670 -0.422703
-0.553026 -1.089670 -0.422703
-0.172900 -0.997904 0.429071
-0.172900 -0.997904 0.429071
-0.172900 -0.997904 0.429071
-0.172900 -0.997904 0.429071
-0.172900 -0.997904 0.429071
-0.172900 -0.997904 0.429071
-0.306748 0.592291 4.047924
-0.306748 0.592291 4.047924
-0.306748 0.592291 4.047924
-0.306748 0.592291 4.047924
-0.306748 0.592291 4.047924
-0.306748 0.592291 4.047924
-1.129488 -1.880207 10.793213
-1.129488 -1.880207 10.793213
-1.129488 -1.880207 10.793213
-1.129488 -1.880207 10.793213
-1.129488 -1.880207 10.793213
-1.129488 -1.880207 10.793213
-2.189312 -1.166327 12.373823
-2.189312 -1.166327 12.373823
-2.189312 -1.166327 12.373823
-2.189312 -1.166327 12.373823
-2.189312 -1.166327 12.373823
-2.189312 -1.166327 12.373823
0.609264 -2.031262 13.203629
0.609264 -2.031262 13.203629
0.609264 -2.031262 13.203629
0.609264 -2.031262 13.203629
0.609264 -2.031262 13.203629
0.735363 -1.261055 14.064885
0.735363 -1.261055 14.064885
0.735363 -1.261055 14.064885
0.735363 -1.261055 14.064885
0.735363 -1.261055 14.064885
0.735363 -1.261055 14.064885
-0.376997 -2.247834 5.287731
-0.376997 -2.247834 5.287731
-0.376997 -2.247834 5.287731
-0.376997 -2.247834 5.287731
-0.376997 -2.247834 5.287731
-0.376997 -2.247834 5.287731
-2.772297 9.353982 5.290302
-2.772297 9.353982 5.290302
-2.772297 9.353982 5.290302
-2.772297 9.353982 5.290302
-2.772297 9.353982 5.290302
-4.366229 8.074099 7.258181
-4.366229 8.074099 7.258181
-4.366229 8.074099 7.258181
-4.366229 8.074099 7.258181
-4.366229 8.074099 7.258181
-4.366229 8.074099 7.258181
-3.825928 -6.904003 4.296893
-3.825928 -6.904003 4.296893
-3.825928 -6.904003 4.296893
-3.825928 -6.904003 4.296893
-3.825928 -6.904003 4.296893
-3.825928 -6.904003 4.296893
-4.606068 -5.232535 5.129038
-4.606068 -5.232535 5.129038
-4.606068 -5.232535 5.129038
-4.606068 -5.232535 5.129038
-4.606068 -5.232535 5.129038
-4.606068 -5.232535 5.129038
-4.168510 -2.125463 4.230317
-4.168510 -2.125463 4.230317
-4.168510 -2.125463 4.230317
-4.168510 -2.125463 4.230317
-4.168510 -2.125463 4.230317
-4.168510 -2.125463 4.230317
-4.428437 -0.434585 3.388106
-4.428437 -0.434585 3.388106
-4.428437 -0.434585 3.388106
-4.428437 -0.434585 3.388106
-4.428437 -0.434585 3.388106
-4.428437 -0.434585 3.388106
-5.520247 -4.132846 2.936062
-5.520247 -4.132846 2.936062
-5.520247 -4.132846 2.936062
-5.520247 -4.132846 2.936062
-5.520247 -4.132846 2.936062
-5.520247 -4.132846 2.936062
-7.569717 0.769512 -1.698415
-7.569717 0.769512 -1.698415
-7.569717 0.769512 -1.698415
-7.569717 0.769512 -1.698415
-7.569717 0.769512 -1.698415
-6.204869 1.363216 -0.387818
-6.204869 1.363216 -0.387818
-6.204869 1.363216 -0.387818
-6.204869 1.363216 -0.387818
-6.204869 1.363216 -0.387818
-6.204869 1.363216 -0.387818
-4.576905 -2.241488 -1.402659
-4.576905 -2.241488 -1.402659
-4.576905 -2.241488 -1.402659
-4.576905 -2.241488 -1.402659
-4.576905 -2.241488 -1.402659
-4.576905 -2.241488 -1.402659
-6.045563 -4.951473 -1.461242
-6.045563 -4.951473 -1.461242
-6.045563 -4.951473 -1.461242
-6.045563 -4.951473 -1.461242
-6.045563 -4.951473 -1.461242
-6.045563 -4.951473 -1.461242
-6.048660 -3.826583 -2.513769
-6.048660 -3.826583 -2.513769
-6.048660 -3.826583 -2.513769
-6.048660 -3.826583 -2.513769
-6.048660 -3.826583 -2.513769
-6.048660 -3.826583 -2.513769
-5.273699 -1.983355 -4.900223
-5.273699 -1.983355 -4.900223
-5.273699 -1.983355 -4.900223
-5.273699 -1.983355 -4.900223
-5.273699 -1.983355 -4.900223
-5.273699 -1.983355 -4.900223
-5.273699 -1.983355 -4.900223
-6.046774 -3.182086 -5.135946
-6.046774 -3.182086 -5.135946
-6.046774 -3.182086 -5.135946
-6.046774 -3.182086 -5.135946
-6.046774 -3.182086 -5.135946
-6.046774 -3.182086 -5.135946
-6.046774 -3.182086 -5.135946
-6.046774 -3.182086 -5.135946
-6.046774 -3.182086 -5.135946
-6.046774 -3.182086 -5.135946
-6.046774 -3.182086 -5.135946
-4.431166 -8.008553 -6.516605
-4.431166 -8.008553 -6.516605
-4.431166 -8.008553 -6.516605
-4.431166 -8.008553 -6.516605
-4.431166 -8.008553 -6.516605
-4.431166 -8.008553 -6.516605
-6.267209 -9.010328 -4.220525
-6.267209 -9.010328 -4.220525
-6.267209 -9.010328 -4.220525
-6.267209 -9.010328 -4.220525
-6.267209 -9.010328 -4.220525
-6.267209 -9.010328 -4.220525
-4.589127 -11.687720 -2.322188
-4.589127 -11.687720 -2.322188
-4.589127 -11.687720 -2.322188
-4.589127 -11.687720 -2.322188
-4.589127 -11.687720 -2.322188
-4.589127 -11.687720 -2.322188
-4.944572 -7.117962 -2.250841
-4.944572 -7.117962 -2.250841
-4.944572 -7.117962 -2.250841
-4.944572 -7.117962 -2.250841
-4.944572 -7.117962 -2.250841
-4.944572 -7.117962 -2.250841
-5.653321 -7.529110 -1.844159
-5.653321 -7.529110 -1.844159
-5.653321 -7.529110 -1.844159
-5.653321 -7.529110 -1.844159
-5.653321 -7.529110 -1.844159
-5.653321 -7.529110 -1.844159
-5.480573 -9.043678 -1.230695
-5.480573 -9.043678 -1.230695
-5.480573 -9.043678 -1.230695
-5.480573 -9.043678 -1.230695
-6.350794 -12.566825 2.868755
-6.350794 -12.566825 2.868755
-6.350794 -12.566825 2.868755
-6.350794 -12.566825 2.868755
-6.350794 -12.566825 2.868755
-5.715620 -11.915689 0.948310
-5.715620 -11.915689 0.948310
-5.715620 -11.915689 0.948310
-5.715620 -11.915689 0.948310
-5.715620 -11.915689 0.948310
-5.007122 -11.267751 5.212276
-5.007122 -11.267751 5.212276
-5.007122 -11.267751 5.212276
-5.007122 -11.267751 5.212276
-4.766434 -11.105090 3.591707
-4.766434 -11.105090 3.591707
-4.766434 -11.105090 3.591707
-4.766434 -11.105090 3.591707
-4.766434 -11.105090 3.591707
-4.766434 -11.105090 3.591707
-4.827932 -11.729704 3.758552
-4.827932 -11.729704 3.758552
-4.827932 -11.729704 3.758552
-4.827932 -11.729704 3.758552
-4.827932 -11.729704 3.758552
-4.827932 -11.729704 3.758552
-4.351484 -11.355690 2.872990
-4.351484 -11.355690 2.872990
-4.351484 -11.355690 2.872990
-4.351484 -11.355690 2.872990
-4.351484 -11.355690 2.872990
-4.351484 -11.355690 2.872990
-4.445960 -10.241519 2.315180
-4.445960 -10.241519 2.315180
-4.445960 -10.241519 2.315180
-4.445960 -10.241519 2.315180
-4.445960 -10.241519 2.315180
-4.445960 -10.241519 2.315180
-4.795000 -9.663365 1.721019
-4.795000 -9.663365 1.721019
-4.795000 -9.663365 1.721019
-4.795000 -9.663365 1.721019
-4.795000 -9.663365 1.721019
-4.795000 -9.663365 1.721019
-5.239157 -9.810613 1.594449
-5.239157 -9.810613 1.594449
-5.239157 -9.810613 1.594449
-5.239157 -9.810613 1.594449
-5.239157 -9.810613 1.594449
-5.155234 -9.742173 1.611569
-5.155234 -9.742173 1.611569
-5.155234 -9.742173 1.611569
-5.155234 -9.742173 1.611569
-5.155234 -9.742173 1.611569
-5.155234 -9.742173 1.611569
-4.702165 -10.834928 1.563329
-4.702165 -10.834928 1.563329
-4.702165 -10.834928 1.563329
-4.702165 -10.834928 1.563329
-4.702165 -10.834928 1.563329
-4.702165 -10.834928 1.563329
-4.527472 -11.179199 1.445532
-4.527472 -11.179199 1.445532
-4.527472 -11.179199 1.445532
-4.527472 -11.179199 1.445532
-4.527472 -11.179199 1.445532
-4.527472 -11.179199 1.445532
-4.723277 -11.071386 1.372729
-4.723277 -11.071386 1.372729
-4.723277 -11.071386 1.372729
-4.723277 -11.071386 1.372729
-4.723277 -11.071386 1.372729
-4.723277 -11.071386 1.372729
-4.769968 -11.207193 1.408671
-4.769968 -11.207193 1.408671
-4.769968 -11.207193 1.408671
-4.769968 -11.207193 1.408671
-4.769968 -11.207193 1.408671
-4.769968 -11.207193 1.408671
-4.485881 -11.531178 1.499705
-4.485881 -11.531178 1.499705
