-1.252817 -12.196167 -136.000036
-11.501326 -20.361993 -161.186317
-11.501326 -20.361993 -161.186317
-11.501326 -20.361993 -161.186317
-11.501326 -20.361993 -161.186317
-11.501326 -20.361993 -161.186317
-11.501326 -20.361993 -161.186317
0.644242 -5.034503 176.211436
0.644242 -5.034503 176.211436
0.644242 -5.034503 176.211436
0.644242 -5.034503 176.211436
0.644242 -5.034503 176.211436
0.644242 -5.034503 176.211436
0.666654 -0.650800 173.977704
0.666654 -0.650800 173.977704
0.666654 -0.650800 173.977704
0.666654 -0.650800 173.977704
0.666654 -0.650800 173.977704
0.666654 -0.650800 173.977704
0.440705 0.962643 174.198688
0.440705 0.962643 174.198688
0.440705 0.962643 174.198688
0.440705 0.962643 174.198688
0.440705 0.962643 174.198688
0.440705 0.962643 174.198688
0.440705 0.962643 174.198688
0.466813 2.093680 173.008760
0.466813 2.093680 173.008760
0.466813 2.093680 173.008760
0.466813 2.093680 173.008760
0.466813 2.093680 173.008760
0.466813 2.093680 173.008760
0.466813 2.093680 173.008760
0.560076 -1.565598 172.367952
0.560076 -1.565598 172.367952
0.560076 -1.565598 172.367952
0.560076 -1.565598 172.367952
0.560076 -1.565598 172.367952
0.560076 -1.565598 172.367952
0.805885 -1.037826 171.563588
0.805885 -1.037826 171.563588
0.805885 -1.037826 171.563588
0.805885 -1.037826 171.563588
0.805885 -1.037826 171.563588
0.805885 -1.037826 171.563588
0.843515 -0.985383 171.417203
0.843515 -0.985383 171.417203
0.843515 -0.985383 171.417203
0.843515 -0.985383 171.417203
0.843515 -0.985383 171.417203
0.843515 -0.985383 171.417203
0.804735 -1.505474 171.147930
0.804735 -1.505474 171.147930
0.804735 -1.505474 171.147930
0.804735 -1.505474 171.147930
0.804735 -1.505474 171.147930
0.804735 -1.505474 171.147930
0.804735 -1.505474 171.147930
-0.635886 -2.309060 171.745913
-0.635886 -2.309060 171.745913
-0.635886 -2.309060 171.745913
-0.635886 -2.309060 171.745913
-0.635886 -2.309060 171.745913
-0.635886 -2.309060 171.745913
1.232699 -2.169401 169.191518
1.232699 -2.169401 169.191518
1.232699 -2.169401 169.191518
1.232699 -2.169401 169.191518
1.232699 -2.169401 169.191518
1.232699 -2.169401 169.191518
1.232699 -2.169401 169.191518
1.232699 -2.169401 169.191518
1.232699 -2.169401 169.191518
1.232699 -2.169401 169.191518
1.232699 -2.169401 169.191518
1.232699 -2.169401 169.191518
-0.398035 -2.058235 166.488293
-0.398035 -2.058235 166.488293
-0.398035 -2.058235 166.488293
-0.398035 -2.058235 166.488293
-0.398035 -2.058235 166.488293
-0.398035 -2.058235 166.488293
-0.810361 -0.474638 164.162422
-0.810361 -0.474638 164.162422
-0.810361 -0.474638 164.162422
-0.810361 -0.474638 164.162422
-0.810361 -0.474638 164.162422
-0.810361 -0.474638 164.162422
-0.810361 -0.474638 164.162422
-0.946286 -0.907234 163.342963
-0.946286 -0.907234 163.342963
-0.946286 -0.907234 163.342963
-0.946286 -0.907234 163.342963
-0.946286 -0.907234 163.342963
-0.946286 -0.907234 163.342963
-1.634903 -1.019005 161.275083
-1.634903 -1.019005 161.275083
-1.634903 -1.019005 161.275083
-1.634903 -1.019005 161.275083
-1.634903 -1.019005 161.275083
-1.634903 -1.019005 161.275083
-1.634903 -1.019005 161.275083
-1.661372 -1.561012 158.618262
-1.661372 -1.561012 158.618262
-1.661372 -1.561012 158.618262
-1.661372 -1.561012 158.618262
-1.661372 -1.561012 158.618262
-1.661372 -1.561012 158.618262
-0.772786 -1.002603 158.336913
-0.772786 -1.002603 158.336913
-0.772786 -1.002603 158.336913
-0.772786 -1.002603 158.336913
-0.772786 -1.002603 158.336913
-0.772786 -1.002603 158.336913
0.107376 2.554082 151.805217
0.107376 2.554082 151.805217
0.107376 2.554082 151.805217
0.107376 2.554082 151.805217
0.107376 2.554082 151.805217
0.107376 2.554082 151.805217
0.107376 2.554082 151.805217
0.762336 1.686423 147.237623
0.762336 1.686423 147.237623
0.762336 1.686423 147.237623
0.762336 1.686423 147.237623
0.762336 1.686423 147.237623
0.762336 1.686423 147.237623
1.295586 -0.167919 146.599724
1.295586 -0.167919 146.599724
1.295586 -0.167919 146.599724
1.295586 -0.167919 146.599724
1.295586 -0.167919 146.599724
1.295586 -0.167919 146.599724
1.069642 -2.158149 142.654812
1.069642 -2.158149 142.654812
1.069642 -2.158149 142.654812
1.069642 -2.158149 142.654812
1.069642 -2.158149 142.654812
1.069642 -2.158149 142.654812
1.125987 -0.103094 135.224126
1.125987 -0.103094 135.224126
1.125987 -0.103094 135.224126
1.125987 -0.103094 135.224126
1.125987 -0.103094 135.224126
1.125987 -0.103094 135.224126
-1.074685 0.406564 129.923503
-1.074685 0.406564 129.923503
-1.074685 0.406564 129.923503
-1.074685 0.406564 129.923503
-1.074685 0.406564 129.923503
-1.074685 0.406564 129.923503
-0.012864 0.633631 125.602302
-0.012864 0.633631 125.602302
-0.012864 0.633631 125.602302
-0.012864 0.633631 125.602302
-0.012864 0.633631 125.602302
-0.012864 0.633631 125.602302
-0.012864 0.633631 125.602302
1.215012 0.465378 121.837652
1.215012 0.465378 121.837652
1.215012 0.465378 121.837652
1.215012 0.465378 121.837652
1.215012 0.465378 121.837652
1.483092 0.405986 119.940881
1.483092 0.405986 119.940881
1.483092 0.405986 119.940881
1.483092 0.405986 119.940881
1.483092 0.405986 119.940881
1.483092 0.405986 119.940881
1.483092 0.405986 119.940881
-0.823068 0.994920 120.406973
-0.823068 0.994920 120.406973
-0.823068 0.994920 120.406973
-0.823068 0.994920 120.406973
-0.823068 0.994920 120.406973
0.965122 1.762457 120.101363
0.965122 1.762457 120.101363
0.965122 1.762457 120.101363
0.965122 1.762457 120.101363
0.965122 1.762457 120.101363
0.965122 1.762457 120.101363
1.495087 3.389603 115.333482
1.495087 3.389603 115.333482
1.495087 3.389603 115.333482
1.495087 3.389603 115.333482
1.495087 3.389603 115.333482
1.495087 3.389603 115.333482
0.511523 2.497932 115.756639
0.511523 2.497932 115.756639
0.511523 2.497932 115.756639
0.511523 2.497932 115.756639
0.511523 2.497932 115.756639
0.511523 2.497932 115.756639
-2.654577 2.658785 117.440117
-2.654577 2.658785 117.440117
-2.654577 2.658785 117.440117
-2.654577 2.658785 117.440117
-2.654577 2.658785 117.440117
-2.654577 2.658785 117.440117
-1.651302 3.389985 116.295719
-1.651302 3.389985 116.295719
-1.651302 3.389985 116.295719
-1.651302 3.389985 116.295719
-1.651302 3.389985 116.295719
-1.651302 3.389985 116.295719
-2.226635 1.734376 116.599758
-2.226635 1.734376 116.599758
-2.226635 1.734376 116.599758
-2.226635 1.734376 116.599758
-2.226635 1.734376 116.599758
-2.226635 1.734376 116.599758
1.204675 0.879293 113.222543
1.204675 0.879293 113.222543
1.204675 0.879293 113.222543
1.204675 0.879293 113.222543
1.204675 0.879293 113.222543
1.204675 0.879293 113.222543
1.875804 2.162575 119.148497
1.875804 2.162575 119.148497
1.875804 2.162575 119.148497
1.875804 2.162575 119.148497
1.875804 2.162575 119.148497
1.875804 2.162575 119.148497
4.442020 0.240792 128.536729
4.442020 0.240792 128.536729
4.442020 0.240792 128.536729
4.442020 0.240792 128.536729
4.442020 0.240792 128.536729
4.442020 0.240792 128.536729
1.017022 -0.513057 131.051263
1.017022 -0.513057 131.051263
1.017022 -0.513057 131.051263
1.017022 -0.513057 131.051263
1.017022 -0.513057 131.051263
1.017022 -0.513057 131.051263
0.956102 -1.069570 140.131180
0.956102 -1.069570 140.131180
0.956102 -1.069570 140.131180
0.956102 -1.069570 140.131180
0.956102 -1.069570 140.131180
0.956102 -1.069570 140.131180
0.887248 -24.870088 143.272220
0.887248 -24.870088 143.272220
0.887248 -24.870088 143.272220
0.887248 -24.870088 143.272220
0.887248 -24.870088 143.272220
0.887248 -24.870088 143.272220
5.865923 -86.014847 146.218859
5.865923 -86.014847 146.218859
5.865923 -86.014847 146.218859
5.865923 -86.014847 146.218859
5.865923 -86.014847 146.218859
5.865923 -86.014847 146.218859
-3.901829 -154.466641 149.012311
-3.901829 -154.466641 149.012311
-3.901829 -154.466641 149.012311
-3.901829 -154.466641 149.012311
-3.901829 -154.466641 149.012311
-3.901829 -154.466641 149.012311
-5.569307 -154.754369 161.973415
-5.569307 -154.754369 161.973415
-5.569307 -154.754369 161.973415
-5.569307 -154.754369 161.973415
-5.569307 -154.754369 161.973415
-5.569307 -154.754369 161.973415
0.301725 -163.953528 169.386479
0.301725 -163.953528 169.386479
0.301725 -163.953528 169.386479
0.301725 -163.953528 169.386479
0.301725 -163.953528 169.386479
0.301725 -163.953528 169.386479
0.301725 -163.953528 169.386479
7.586907 -98.211522 -178.962882
7.586907 -98.211522 -178.962882
7.586907 -98.211522 -178.962882
7.586907 -98.211522 -178.962882
7.586907 -98.211522 -178.962882
7.586907 -98.211522 -178.962882
-0.651438 0.131880 -179.323366
-0.651438 0.131880 -179.323366
-0.651438 0.131880 -179.323366
-0.651438 0.131880 -179.323366
-0.651438 0.131880 -179.323366
-0.651438 0.131880 -179.323366
-2.438878 -2.641885 173.619092
-2.438878 -2.641885 173.619092
-2.438878 -2.641885 173.619092
-2.438878 -2.641885 173.619092
-2.438878 -2.641885 173.619092
-2.438878 -2.641885 173.619092
-1.580244 -2.881493 176.504314
-1.580244 -2.881493 176.504314
-1.580244 -2.881493 176.504314
-1.580244 -2.881493 176.504314
-1.580244 -2.881493 176.504314
-1.580244 -2.881493 176.504314
-1.196544 -2.764737 177.227618
-1.196544 -2.764737 177.227618
-1.196544 -2.764737 177.227618
-1.196544 -2.764737 177.227618
-1.196544 -2.764737 177.227618
-1.196544 -2.764737 177.227618
-0.963317 -2.707168 177.824358
-0.963317 -2.707168 177.824358
-0.963317 -2.707168 177.824358
-0.963317 -2.707168 177.824358
-0.963317 -2.707168 177.824358
-0.963317 -2.707168 177.824358
-0.877789 -2.790282 178.731270
-0.877789 -2.790282 178.731270
-0.877789 -2.790282 178.731270
-0.877789 -2.790282 178.731270
-0.877789 -2.790282 178.731270
-0.817098 -2.752750 179.065335
-0.817098 -2.752750 179.065335
-0.817098 -2.752750 179.065335
-0.817098 -2.752750 179.065335
-0.817098 -2.752750 179.065335
-0.773095 -2.749465 179.339184
-0.773095 -2.749465 179.339184
-0.773095 -2.749465 179.339184
-0.773095 -2.749465 179.339184
-0.773095 -2.749465 179.339184
-0.773095 -2.749465 179.339184
-0.745760 -2.755952 179.576984
-0.745760 -2.755952 179.576984
-0.745760 -2.755952 179.576984
-0.745760 -2.755952 179.576984
-0.745760 -2.755952 179.576984
-0.718665 -2.791655 179.853470
-0.718665 -2.791655 179.853470
-0.718665 -2.791655 179.853470
-0.718665 -2.791655 179.853470
-0.718665 -2.791655 179.853470
-0.722836 -2.860057 179.965772
-0.722836 -2.860057 179.965772
-0.722836 -2.860057 179.965772
-0.722836 -2.860057 179.965772
-0.722836 -2.860057 179.965772
-0.720039 -2.867593 179.976755
-0.720039 -2.867593 179.976755
-0.720039 -2.867593 179.976755
-0.720039 -2.867593 179.976755
-0.720039 -2.867593 179.976755
-0.724177 -2.896638 -179.987943
-0.724177 -2.896638 -179.987943
-0.724177 -2.896638 -179.987943
-0.724177 -2.896638 -179.987943
-0.724177 -2.896638 -179.987943
-0.724177 -2.896638 -179.987943
-0.721212 -2.909898 -179.963874
-0.721212 -2.909898 -179.963874
-0.721212 -2.909898 -179.963874
-0.721212 -2.909898 -179.963874
-0.721212 -2.909898 -179.963874
-0.721645 -2.920462 -179.944394
-0.721645 -2.920462 -179.944394
-0.721645 -2.920462 -179.944394
-0.721645 -2.920462 -179.944394
-0.721645 -2.920462 -179.944394
-0.722615 -2.931493 -179.952235
-0.722615 -2.931493 -179.952235
-0.722615 -2.931493 -179.952235
-0.722615 -2.931493 -179.952235
-0.722615 -2.931493 -179.952235
-0.722615 -2.931493 -179.952235
-0.735252 -2.941560 -179.961879
-0.735252 -2.941560 -179.961879
-0.735252 -2.941560 -179.961879
-0.735252 -2.941560 -179.961879
-0.735252 -2.941560 -179.961879
-0.731010 -2.933232 -179.977616
-0.731010 -2.933232 -179.977616
-0.731010 -2.933232 -179.977616
-0.731010 -2.933232 -179.977616
-0.731010 -2.933232 -179.977616
-0.729732 -2.937118 -179.997519
-0.729732 -2.937118 -179.997519
-0.729732 -2.937118 -179.997519
-0.729732 -2.937118 -179.997519
-0.729732 -2.937118 -179.997519
