1.002186 -0.086874 154.770666
0.001873 -1.151999 153.291397
0.001873 -1.151999 153.291397
0.001873 -1.151999 153.291397
0.001873 -1.151999 153.291397
0.001873 -1.151999 153.291397
-0.247997 -0.250117 151.752856
-0.247997 -0.250117 151.752856
-0.247997 -0.250117 151.752856
-0.247997 -0.250117 151.752856
-0.247997 -0.250117 151.752856
-0.247997 -0.250117 151.752856
-0.399196 -0.055234 151.360981
-0.399196 -0.055234 151.360981
-0.399196 -0.055234 151.360981
-0.399196 -0.055234 151.360981
-0.399196 -0.055234 151.360981
-0.002012 -0.251424 150.474108
-0.002012 -0.251424 150.474108
-0.002012 -0.251424 150.474108
-0.002012 -0.251424 150.474108
-0.002012 -0.251424 150.474108
-0.003081 0.252535 151.266123
-0.003081 0.252535 151.266123
-0.003081 0.252535 151.266123
-0.003081 0.252535 151.266123
-0.003081 0.252535 151.266123
-0.003081 0.252535 151.266123
-0.780805 0.171199 150.358255
-0.780805 0.171199 150.358255
-0.780805 0.171199 150.358255
-0.780805 0.171199 150.358255
-0.780805 0.171199 150.358255
-1.600397 0.487312 148.662237
-1.600397 0.487312 148.662237
-1.600397 0.487312 148.662237
-1.600397 0.487312 148.662237
-1.600397 0.487312 148.662237
-0.927435 -0.710101 149.682926
-0.927435 -0.710101 149.682926
-0.927435 -0.710101 149.682926
-0.927435 -0.710101 149.682926
-0.927435 -0.710101 149.682926
-0.927435 -0.710101 149.682926
0.266309 -1.011132 153.383851
0.266309 -1.011132 153.383851
0.266309 -1.011132 153.383851
0.266309 -1.011132 153.383851
1.278593 -1.644801 158.027451
1.278593 -1.644801 158.027451
1.278593 -1.644801 158.027451
1.278593 -1.644801 158.027451
1.278593 -1.644801 158.027451
1.278593 -1.644801 158.027451
1.347518 -3.002051 151.372401
1.347518 -3.002051 151.372401
1.347518 -3.002051 151.372401
1.347518 -3.002051 151.372401
1.347518 -3.002051 151.372401
0.408437 -3.221872 145.275583
0.408437 -3.221872 145.275583
0.408437 -3.221872 145.275583
0.408437 -3.221872 145.275583
0.408437 -3.221872 145.275583
0.613903 -4.621107 143.403879
0.613903 -4.621107 143.403879
0.613903 -4.621107 143.403879
0.613903 -4.621107 143.403879
0.613903 -4.621107 143.403879
0.613903 -4.621107 143.403879
1.117742 -3.481444 138.039640
1.117742 -3.481444 138.039640
1.117742 -3.481444 138.039640
1.117742 -3.481444 138.039640
1.117742 -3.481444 138.039640
-1.667426 -0.589885 131.582515
-1.667426 -0.589885 131.582515
-1.667426 -0.589885 131.582515
-1.667426 -0.589885 131.582515
-1.667426 -0.589885 131.582515
-1.667426 -0.589885 131.582515
1.548724 -0.426106 125.031695
1.548724 -0.426106 125.031695
1.548724 -0.426106 125.031695
1.548724 -0.426106 125.031695
1.548724 -0.426106 125.031695
-0.033246 -0.873228 120.204472
-0.033246 -0.873228 120.204472
-0.033246 -0.873228 120.204472
-0.033246 -0.873228 120.204472
-0.033246 -0.873228 120.204472
-0.033246 -0.873228 120.204472
-0.784281 0.823933 119.036428
-0.784281 0.823933 119.036428
-0.784281 0.823933 119.036428
-0.784281 0.823933 119.036428
-0.784281 0.823933 119.036428
0.771336 37.454241 117.231154
0.771336 37.454241 117.231154
0.771336 37.454241 117.231154
0.771336 37.454241 117.231154
0.771336 37.454241 117.231154
-8.331064 -29.608276 127.705919
-8.331064 -29.608276 127.705919
-8.331064 -29.608276 127.705919
-8.331064 -29.608276 127.705919
7.373466 -68.408723 128.291717
7.373466 -68.408723 128.291717
7.373466 -68.408723 128.291717
7.373466 -68.408723 128.291717
7.373466 -68.408723 128.291717
5.907426 -38.918175 129.194709
5.907426 -38.918175 129.194709
5.907426 -38.918175 129.194709
5.907426 -38.918175 129.194709
5.907426 -38.918175 129.194709
17.714463 -75.165747 142.810254
17.714463 -75.165747 142.810254
17.714463 -75.165747 142.810254
17.714463 -75.165747 142.810254
17.714463 -75.165747 142.810254
8.233326 -8.397896 -171.753289
8.233326 -8.397896 -171.753289
8.233326 -8.397896 -171.753289
8.233326 -8.397896 -171.753289
8.233326 -8.397896 -171.753289
8.233326 -8.397896 -171.753289
-1.014228 -0.673447 -155.891227
-1.014228 -0.673447 -155.891227
-1.014228 -0.673447 -155.891227
-1.014228 -0.673447 -155.891227
-1.014228 -0.673447 -155.891227
1.684946 -12.233591 -129.631827
1.684946 -12.233591 -129.631827
1.684946 -12.233591 -129.631827
1.684946 -12.233591 -129.631827
1.684946 -12.233591 -129.631827
2.083296 -12.056991 -122.906495
2.083296 -12.056991 -122.906495
2.083296 -12.056991 -122.906495
2.083296 -12.056991 -122.906495
2.083296 -12.056991 -122.906495
2.083296 -12.056991 -122.906495
2.025822 -11.999286 -117.865993
2.025822 -11.999286 -117.865993
2.025822 -11.999286 -117.865993
2.025822 -11.999286 -117.865993
2.025822 -11.999286 -117.865993
1.751382 -12.053108 -113.977225
1.751382 -12.053108 -113.977225
1.751382 -12.053108 -113.977225
1.751382 -12.053108 -113.977225
1.751382 -12.053108 -113.977225
1.416850 -12.110223 -111.021378
1.416850 -12.110223 -111.021378
1.416850 -12.110223 -111.021378
1.416850 -12.110223 -111.021378
1.416850 -12.110223 -111.021378
1.052721 -12.179238 -108.821723
1.052721 -12.179238 -108.821723
1.052721 -12.179238 -108.821723
1.052721 -12.179238 -108.821723
1.052721 -12.179238 -108.821723
0.745679 -12.239141 -107.100092
0.745679 -12.239141 -107.100092
0.745679 -12.239141 -107.100092
0.745679 -12.239141 -107.100092
0.745679 -12.239141 -107.100092
0.464661 -12.295409 -105.818550
0.464661 -12.295409 -105.818550
