0.002464 0.000107
0.002460 0.000103
-0.006440 -0.003364
-0.007355 -0.003287
-0.009460 -0.005316
-0.010187 -0.005455
-0.010688 -0.005404
-0.008982 -0.007166
-0.008628 -0.007582
-0.008574 -0.007790
-0.008855 -0.007739
-0.009358 -0.007387
-0.009369 -0.008094
-0.009467 -0.007476
-0.009712 -0.006843
-0.009765 -0.005558
-0.009719 -0.004883
-0.009676 -0.004936
-0.009621 -0.004669
-0.009615 -0.004517
-0.009701 -0.004514
-0.009724 -0.003877
-0.009642 -0.003570
-0.009576 -0.003280
-0.009575 -0.002658
-0.009548 -0.001912
-0.009527 -0.001532
-0.009641 -0.000354
-0.009662 0.000696
-0.009689 0.001602
-0.009702 0.001874
-0.009768 0.001070
-0.009827 0.000714
-0.009645 0.001429
-0.009758 -0.000558
-0.009736 -0.000467
-0.009922 -0.001746
-0.009769 -0.000504
-0.009871 -0.001313
-0.009954 -0.000927
-0.010031 -0.001160
-0.009994 -0.000702
-0.010144 -0.001338
-0.010034 -0.000809
-0.009954 0.000045
-0.010063 -0.000630
-0.010145 -0.000863
-0.010182 -0.000503
-0.010195 -0.001012
-0.010182 -0.001111
-0.010138 -0.000638
-0.010137 -0.000770
-0.010136 -0.000952
-0.010117 -0.000780
-0.010194 -0.001680
-0.010147 -0.001778
-0.010180 -0.002031
-0.010107 -0.001577
-0.009963 -0.001288
-0.009897 -0.000999
-0.009852 -0.001962
-0.008734 -0.003012
-0.007846 -0.004079
-0.008068 -0.005579
-0.009085 -0.004804
-0.010353 -0.004331
-0.011436 -0.004458
-0.011532 -0.003902
-0.010402 -0.003032
-0.008865 -0.003517
-0.008418 -0.003991
-0.008615 -0.004084
-0.009255 -0.004661
-0.009214 -0.005239
-0.008869 -0.006141
-0.008461 -0.006621
-0.008330 -0.007539
-0.009524 -0.007245
-0.009878 -0.006647
-0.009395 -0.006651
-0.008706 -0.006276
-0.008796 -0.006151
-0.009220 -0.005781
-0.008953 -0.004848
-0.008601 -0.003995
-0.008219 -0.003572
-0.007927 -0.003127
-0.007295 -0.003943
-0.006948 -0.004325
-0.007766 -0.004894
-0.008990 -0.004758
-0.010419 -0.004062
-0.011467 -0.003740
-0.011975 -0.003494
-0.012905 -0.002924
-0.014002 -0.002656
-0.014964 -0.002489
-0.016097 -0.002094
-0.017074 -0.002218
-0.017721 -0.001885
-0.018614 -0.001839
-0.019241 -0.001316
-0.020315 -0.000864
-0.021311 -0.000256
-0.022852 -0.000378
-0.023854 -0.000985
-0.025039 -0.000971
-0.026255 -0.000381
-0.027545 -0.000050
-0.028774 -0.000740
-0.027696 -0.000719
-0.028143 0.000130
-0.028973 0.000482
-0.029699 0.000912
-0.029798 0.002104
-0.030743 0.002843
-0.031512 0.003814
-0.032385 0.004720
-0.032902 0.006262
-0.033378 0.006346
-0.034392 0.004711
-0.035114 0.005471
-0.035768 0.006210
-0.037520 0.006042
-0.039203 0.005636
-0.040768 0.005611
-0.041794 0.005305
-0.042156 0.004840
-0.043503 0.004392
-0.045504 0.004566
-0.046924 0.005157
-0.048904 0.006136
-0.049484 0.005011
-0.049672 0.003517
-0.050453 0.004390
-0.051635 0.005230
-0.053270 0.006003
-0.053546 0.005649
-0.053157 0.007149
-0.054175 0.008796
-0.055412 0.009815
-0.056116 0.010982
-0.056138 0.011471
-0.055289 0.012293
-0.056024 0.013863
-0.056695 0.015523
-0.056813 0.015779
-0.056818 0.015308
-0.056721 0.015446
-0.057111 0.015747
-0.057611 0.016756
-0.058880 0.018071
-0.059687 0.019081
-0.060365 0.020220
-0.060908 0.021478
-0.061186 0.022306
-0.061503 0.023489
-0.061998 0.025187
-0.062781 0.026161
-0.063580 0.027230
-0.064590 0.028064
-0.064683 0.028199
-0.065025 0.028265
-0.065587 0.029125
-0.065898 0.029767
-0.065890 0.030048
-0.066214 0.030541
-0.066889 0.030932
-0.067100 0.031185
-0.066824 0.031346
-0.066874 0.031192
-0.066672 0.030424
-0.065426 0.029177
-0.064631 0.029235
-0.064763 0.029146
-0.064584 0.028765
-0.064881 0.030632
-0.065216 0.033303
-0.066528 0.032950
-0.066151 0.033253
-0.064871 0.032053
-0.064357 0.033580
-0.064210 0.035075
-0.064894 0.037313
-0.064130 0.038620
-0.064118 0.039459
-0.064986 0.040462
-0.065672 0.041075
-0.065884 0.041595
-0.066619 0.042492
-0.066793 0.042064
-0.066884 0.041224
-0.066952 0.041378
-0.066540 0.041165
-0.065855 0.039733
-0.065065 0.038238
-0.064353 0.036747
-0.063761 0.035125
-0.062558 0.033123
-0.062372 0.032590
-0.061841 0.031126
-0.061049 0.029536
-0.060316 0.028080
-0.059745 0.026413
-0.058836 0.025264
-0.058227 0.024641
-0.057891 0.023855
-0.058234 0.022527
-0.058252 0.021383
-0.058179 0.020697
-0.058166 0.019854
-0.057959 0.018854
-0.057203 0.018494
-0.055853 0.018337
-0.055052 0.018754
-0.055016 0.017816
-0.054647 0.017001
-0.054001 0.016298
-0.052953 0.015838
-0.051871 0.015127
-0.050590 0.014199
-0.049466 0.013677
-0.048949 0.013136
-0.049090 0.011719
-0.049342 0.011198
-0.049472 0.009655
-0.048780 0.008635
-0.047691 0.008188
-0.047012 0.007401
-0.046583 0.006784
-0.045763 0.006520
-0.044570 0.005615
-0.043938 0.004351
-0.043167 0.003207
-0.042513 0.002189
-0.041713 0.001499
-0.041444 0.003150
-0.041641 0.002898
-0.040523 0.003718
-0.040358 0.005092
-0.040690 0.005353
-0.033870 -0.001183
-0.034051 -0.001255
-0.033394 0.001693
-0.033558 0.001927
-0.036222 -0.021949
-0.051761 -0.032311
-0.063391 -0.027730
-0.062642 -0.026197
-0.061227 -0.024491
-0.064314 -0.028783
-0.067440 -0.033151
-0.069055 -0.035446
-0.076056 -0.046053
-0.079873 -0.051135
-0.082008 -0.051405
-0.081946 -0.050822
-0.081718 -0.052595
-0.082882 -0.054018
-0.082165 -0.053021
-0.080695 -0.052173
-0.077726 -0.052306
-0.076592 -0.053805
-0.077183 -0.054205
-0.077526 -0.054511
-0.078131 -0.055064
-0.079431 -0.056518
-0.080082 -0.058704
-0.080236 -0.061144
-0.081087 -0.060715
-0.081935 -0.058488
-0.082358 -0.057904
-0.082293 -0.057312
-0.084778 -0.058977
-0.084830 -0.054193
-0.085313 -0.041603
-0.085429 -0.037863
-0.085447 -0.037191
-0.085392 -0.033559
-0.088271 -0.027617
-0.079051 -0.040155
-0.064530 -0.033869
-0.044418 -0.024909
-0.044680 -0.014873
-0.060268 -0.006264
-0.061381 -0.005060
-0.061381 -0.005060
-0.061381 -0.005061
-0.061382 -0.005061
-0.061381 -0.005061
-0.061381 -0.005061
-0.061379 -0.005061
-0.061379 -0.005060
-0.061379 -0.005060
-0.061379 -0.005060
-0.061379 -0.005060
-0.061379 -0.005060
-0.061379 -0.005060
-0.061379 -0.005061
-0.061379 -0.005061
-0.061379 -0.005060
-0.061379 -0.005060
-0.061379 -0.005060
-0.061379 -0.005060
-0.061379 -0.005060
-0.061379 -0.005060
-0.061379 -0.005060
-0.061379 -0.005060
-0.061379 -0.005060
-0.061379 -0.005060
-0.061379 -0.005060
-0.061379 -0.005060
-0.061379 -0.005060
-0.061379 -0.005060
-0.061379 -0.005060
-0.061379 -0.005060
-0.061379 -0.005060
-0.061379 -0.005060
-0.061379 -0.005061
-0.061379 -0.005061
-0.061379 -0.005061
-0.061379 -0.005061
-0.061379 -0.005061
-0.061379 -0.005061
-0.061379 -0.005061
-0.061379 -0.005062
-0.061379 -0.005062
-0.061379 -0.005062
-0.061378 -0.005062
-0.061378 -0.005062
-0.061379 -0.005062
-0.061380 -0.005062
-0.061378 -0.005062
-0.061379 -0.005062
-0.061379 -0.005062
-0.061379 -0.005063
-0.061379 -0.005063
-0.061380 -0.005063
-0.061379 -0.005063
-0.061380 -0.005063
-0.061379 -0.005063
-0.061379 -0.005063
-0.061379 -0.005063
-0.061380 -0.005063
-0.061379 -0.005063
-0.061380 -0.005063
-0.061379 -0.005063
-0.061379 -0.005063
-0.061380 -0.005063
-0.061379 -0.005063
-0.061378 -0.005063
-0.061378 -0.005063
-0.061378 -0.005063
-0.061379 -0.005063
-0.061378 -0.005063
-0.061378 -0.005063
-0.061377 -0.005064
-0.061377 -0.005063
-0.061378 -0.005063
-0.061377 -0.005064
-0.061377 -0.005064
-0.061377 -0.005063
-0.061376 -0.005063
-0.061379 -0.005063
-0.061380 -0.005063
-0.061380 -0.005063
-0.061380 -0.005063
-0.061379 -0.005063
-0.061379 -0.005063
-0.061380 -0.005063
-0.061381 -0.005063
-0.061381 -0.005063
-0.061380 -0.005063
-0.061380 -0.005063
-0.061382 -0.005063
-0.061382 -0.005063
-0.061382 -0.005063
-0.061383 -0.005063
-0.061384 -0.005063
-0.061383 -0.005063
-0.061382 -0.005063
