0.183608 0.594539
0.145234 0.426275
0.138540 0.265787
0.142871 0.179481
0.108100 0.032354
0.059865 -0.113375
0.037521 -0.262417
-0.005819 -0.435644
-0.034120 -0.614517
-0.056981 -0.761734
-0.093766 -0.925030
-0.126517 -1.083059
-0.142915 -1.263373
-0.182324 -1.421049
-0.205311 -1.579093
-0.220333 -1.769406
-0.248482 -1.927628
-0.249881 -2.071706
-0.287424 -2.231679
-0.299002 -2.395575
-0.336154 -2.537673
-0.340198 -2.688615
-0.352626 -2.848897
-0.390012 -3.002573
-0.429324 -3.157358
-0.467031 -3.297365
-0.475815 -3.453592
-0.510493 -3.615252
-0.536323 -3.758469
-0.562167 -3.927499
-0.570857 -4.083681
-0.618949 -4.225655
-0.632699 -4.376824
-0.661210 -4.536517
-0.680909 -4.697735
-0.683650 -4.860926
-0.721382 -5.005313
-0.756070 -5.171924
-0.777818 -5.331533
-0.788931 -5.468091
-0.827166 -5.631312
-0.852916 -5.785781
-0.884959 -5.940800
-0.929216 -6.092231
-0.949292 -6.263553
-0.997655 -6.417286
-1.020083 -6.566389
-1.063205 -6.717611
-1.079980 -6.869816
-1.099848 -7.040553
-1.135143 -7.180092
-1.179656 -7.335565
-1.215205 -7.479199
-1.237813 -7.615621
-1.268919 -7.769296
-1.305571 -7.914135
-1.333739 -8.090402
-1.353654 -8.237514
-1.395223 -8.397897
-1.443769 -8.533518
-1.481399 -8.685569
-1.507159 -8.826848
-1.512772 -8.984103
-1.540063 -9.141817
-1.573250 -9.296628
-1.600895 -9.450154
-1.617516 -9.610368
-1.632201 -9.778180
-1.668754 -9.932082
-1.687074 -10.084865
-1.712573 -10.245480
-1.760121 -10.389427
-1.785352 -10.546691
-1.822609 -10.686495
-1.831207 -10.854093
-1.874569 -11.008794
-1.881608 -11.168481
-1.906495 -11.337115
-1.925799 -11.498019
-1.958921 -11.659536
-1.996863 -11.812452
-2.007745 -11.987350
-2.039603 -12.150123
-2.056423 -12.304563
-2.075401 -12.474651
-2.104811 -12.621287
-2.107394 -12.781396
-2.143469 -12.920953
-2.159636 -13.083789
-2.210747 -13.228712
-2.239501 -13.371634
-2.273850 -13.520250
-2.299839 -13.666140
-2.326264 -13.842689
-2.340626 -14.005644
-2.352311 -14.178565
-2.385377 -14.330227
-2.400444 -14.512540
-2.445316 -14.651669
-2.445842 -14.822611
-2.462640 -14.989444
-2.462321 -15.162262
-2.497904 -15.314562
-2.516885 -15.462443
-2.530796 -15.622165
-2.570996 -15.773360
-2.597688 -15.932211
-2.641516 -16.070895
-2.661273 -16.230546
-2.695667 -16.371096
-2.732820 -16.526636
-2.764993 -16.670573
-2.785603 -16.812740
-2.835702 -16.969834
-2.849610 -17.134570
-2.883852 -17.284471
-2.902850 -17.436203
-2.927618 -17.601653
-2.966585 -17.735058
-3.009835 -17.874089
-3.044982 -18.024813
-3.067854 -18.186734
-3.115157 -18.352882
-3.142162 -18.504639
-3.180985 -18.665546
-3.206334 -18.816742
-3.226753 -18.979582
-3.280885 -19.128509
-3.303791 -19.279241
-3.344505 -19.445807
-3.358138 -19.601786
-3.370637 -19.776177
-3.408706 -19.922833
-3.419823 -20.084455
-3.459456 -20.250074
-3.476070 -20.405262
-3.515567 -20.555774
-3.540945 -20.722941
-3.577167 -20.882321
-3.595973 -21.028913
-3.612134 -21.207293
-3.659286 -21.358552
-3.690990 -21.519829
-3.730712 -21.664233
-3.736720 -21.819692
-3.752619 -21.994042
-3.774470 -22.149332
-3.811157 -22.324423
-3.845968 -22.466794
-3.873467 -22.617152
-3.917409 -22.762890
-3.931568 -22.916811
-3.968401 -23.078012
-3.963372 -23.235775
-3.965018 -23.409192
-3.999845 -23.558258
-4.006671 -23.714321
-4.027165 -23.790101
-4.054000 -23.960440
-4.079041 -24.136827
-4.104278 -24.293740
-4.123226 -24.471127
-4.144130 -24.620075
-4.181639 -24.784544
-4.223940 -24.938237
-4.247581 -25.089171
-4.292946 -25.250555
-4.316461 -25.394524
-4.338650 -25.561602
-4.364180 -25.713819
-4.411392 -25.879523
-4.437185 -26.027678
-4.455666 -26.191902
-4.492854 -26.326013
-4.524609 -26.484322
-4.555057 -26.624986
-4.574279 -26.791516
-4.600926 -26.961034
-4.639975 -27.115767
-4.684345 -27.285535
-4.704918 -27.436560
-4.740210 -27.616970
-4.782327 -27.777385
-4.827162 -27.933752
-4.877242 -28.068185
-4.890769 -28.231520
-4.930219 -28.408397
-4.948376 -28.571480
-4.980003 -28.733904
-5.011482 -28.890634
-5.062338 -29.053390
-5.076224 -29.229639
-5.123399 -29.392689
-5.155608 -29.561517
-5.199195 -29.711993
-5.229634 -29.882420
-5.265835 -30.032124
-5.293931 -30.188226
-5.346562 -30.326957
-5.382043 -30.484987
-5.405935 -30.638758
-5.430811 -30.800449
-5.490235 -30.932363
-5.519435 -31.088763
-5.549109 -31.263739
-5.574295 -31.426318
-5.611725 -31.574096
-5.635773 -31.729445
-5.655373 -31.893112
-5.702791 -32.054490
-5.746881 -32.218224
-5.783732 -32.378709
-5.814461 -32.527565
-5.858530 -32.707732
-5.879860 -32.857536
-5.909709 -33.029705
-5.950239 -33.185381
-6.000738 -33.348665
-6.031457 -33.511104
-6.075750 -33.674913
-6.098811 -33.843908
-6.135487 -34.004327
-6.191103 -34.163604
-6.228041 -34.339416
-6.252478 -34.510233
-6.288683 -34.650517
-6.311324 -34.825668
-6.365022 -34.962367
-6.391064 -35.116830
-6.429533 -35.256940
-6.486127 -35.414853
-6.520559 -35.571094
-6.544851 -35.720822
-6.576458 -35.877358
-6.606396 -36.034430
-6.640140 -36.176648
-6.675633 -36.337451
-6.724859 -36.491580
-6.748210 -36.646873
-6.776217 -36.811169
-6.805815 -36.969580
-6.839802 -37.134236
-6.857094 -37.294533
-6.884692 -37.461776
-6.928737 -37.619976
-6.965345 -37.771197
-7.015755 -37.905756
-7.045515 -38.075688
-7.076306 -38.232657
-7.097082 -38.395106
-7.138803 -38.554208
-7.185696 -38.709017
-7.222353 -38.854488
-7.251323 -39.011839
-7.295615 -39.192437
-7.309119 -39.350798
-7.327727 -39.537514
-7.352827 -39.693125
-7.387434 -39.849443
-7.421528 -40.001585
-7.472702 -40.168785
-7.503373 -40.324775
-7.533115 -40.479633
-7.572348 -40.623362
-7.619467 -40.774240
-7.656707 -40.932638
-7.680025 -41.088503
-7.742001 -41.242155
-7.756523 -41.394436
-7.787378 -41.553541
-7.824712 -41.711149
-7.850512 -41.903403
-7.876443 -42.066315
-7.904425 -42.242257
-7.933822 -42.414287
-7.945415 -42.596160
-7.959197 -42.783928
-8.000054 -42.950586
-8.021622 -43.120197
-8.034419 -43.332238
-8.054838 -43.499434
-8.057836 -43.653486
-8.095096 -43.822122
-8.101523 -44.014858
-8.120161 -44.192551
-8.144510 -44.370668
-8.165425 -44.512227
-8.218597 -44.669274
-8.232040 -44.833414
-8.246670 -45.002981
-8.279301 -45.172522
-8.290446 -45.356972
-8.328059 -45.585489
-8.304513 -45.936682
-8.211964 -46.204001
-8.182576 -46.384409
-8.194541 -46.499666
-8.204854 -46.518249
-8.206785 -46.791309
-8.207165 -46.932765
-8.220574 -46.997854
-8.492062 -47.468651
-0.515046 -34.648948
1.032506 -31.590885
-6.003391 -24.885823
-6.003151 -24.886214
-6.037184 -24.889739
-8.749693 -25.919693
-6.968060 -27.286078
-7.170578 -28.286871
-7.906258 -29.143709
-8.077320 -29.438930
-8.250530 -29.343004
-8.089476 -29.407469
-8.051052 -29.147121
-8.041110 -28.946302
-8.143471 -28.968069
-8.317261 -29.043734
-8.318243 -28.903451
-8.251669 -28.755030
-8.141906 -28.608371
-7.815794 -28.709830
-7.965974 -28.987905
-8.043981 -29.097895
-7.828280 -29.302891
-7.611493 -29.060426
-7.407202 -29.051590
-7.173305 -29.130524
-6.850946 -29.110424
-6.786832 -29.036873
-6.750571 -28.702461
-6.675930 -28.471330
-6.526085 -28.045570
-6.812319 -28.044827
-6.635588 -27.843117
-6.418620 -27.746745
-6.152923 -27.896474
-5.895029 -27.824640
-5.591145 -27.840907
-5.267212 -27.922282
-5.190314 -27.761334
-5.058301 -27.663316
-4.774471 -27.831221
-4.489539 -27.952486
-4.330242 -27.824585
-4.134443 -27.555789
-4.302957 -27.768369
-4.641905 -28.389415
-4.698965 -28.752552
-4.739769 -29.044377
-5.021490 -28.855151
-5.349859 -28.816370
-5.172359 -28.806658
-4.942705 -28.649509
-5.175307 -28.634185
-5.279809 -28.872714
-5.169266 -28.651102
-4.974297 -28.763237
-4.771467 -28.909375
-5.015372 -28.985636
-5.077770 -29.236150
-5.015333 -29.468937
-4.872096 -29.535895
-4.847059 -29.500450
-4.603423 -29.435893
-4.402523 -29.368380
-4.488456 -29.418298
-4.206218 -29.548982
-4.187503 -29.497314
-4.109903 -29.788306
-3.800483 -29.826034
-4.056884 -30.065625
-3.906952 -29.855148
-3.921446 -29.656860
-3.841426 -29.929618
-3.382574 -29.381764
-3.648408 -29.828998
-4.272501 -30.085738
-4.704315 -30.192625
-4.673023 -30.441055
-4.440376 -30.345588
-4.624049 -30.034254
-4.720767 -30.044581
-4.681936 -30.205547
-4.445173 -30.313803
-4.288041 -30.043772
-4.062856 -30.012778
-4.108483 -29.850262
-4.346072 -30.092236
-4.145379 -30.172306
-4.474586 -30.122132
-4.364234 -30.178055
-4.609629 -30.376072
-4.854727 -30.617658
-4.741547 -30.470753
-4.763574 -30.680134
-4.693475 -30.841114
-4.883016 -30.893985
-4.604820 -30.640414
-4.613201 -30.486555
-4.657532 -30.414745
-4.687114 -30.422946
-5.063180 -30.452672
-5.271767 -30.527576
-5.043214 -30.730190
-5.232101 -30.547068
-5.581360 -30.750774
-5.797237 -30.661792
-5.493561 -30.407416
-5.323314 -30.485101
-5.352923 -30.775914
-4.995398 -30.592115
-5.316352 -30.544178
-5.420111 -30.760644
-5.131058 -30.494080
-4.899211 -30.480037
-4.761887 -30.727145
-4.624284 -30.601486
-4.565689 -30.491078
-4.177680 -30.462700
-3.846136 -30.317307
-4.150572 -30.664530
-4.260280 -30.860717
-4.265852 -30.569498
-4.218878 -30.501829
-4.470532 -30.693889
-4.514197 -30.481892
-4.421568 -30.365927
-4.614318 -30.628442
-4.674194 -30.818920
-4.692357 -30.563087
-4.586388 -30.397899
-4.744706 -30.324994
-4.743170 -30.051667
-4.848062 -29.837761
-5.091834 -29.813271
-5.335078 -29.944416
-5.392646 -30.149080
-5.789375 -30.214455
-6.193852 -30.161662
-6.306109 -30.165849
-6.562980 -29.980350
-6.600673 -30.264637
-6.672835 -30.366031
-6.754051 -30.388025
-7.064476 -30.507789
-7.049847 -30.487728
-6.962666 -30.320337
-6.798752 -30.206887
-6.736567 -30.360068
-6.663787 -30.372598
-6.452430 -30.252194
-6.585526 -30.341497
-6.519380 -30.316567
-6.447554 -30.343184
-6.404587 -30.237674
-6.444696 -30.552069
-6.411665 -30.537992
-6.201027 -30.590333
-6.044333 -30.751701
-5.819133 -30.697746
-6.184083 -30.571864
-5.863756 -30.453001
-5.619414 -30.258584
-5.989992 -30.208263
-5.751513 -30.044875
-5.495646 -29.955583
-5.229943 -30.036773
-5.008861 -30.026498
-5.237559 -29.838925
-5.533151 -29.916627
-5.367498 -30.045653
-5.530719 -29.949290
-5.836806 -29.936373
-5.925785 -29.758606
-6.013676 -29.675110
-6.271519 -29.576281
-6.284989 -29.664699
-6.046940 -29.383503
-6.163013 -29.228021
-6.115684 -29.791722
-6.246957 -30.098736
-6.231872 -30.206254
-6.048851 -30.427716
-5.886404 -30.506289
-5.812504 -30.372971
-5.560683 -30.412395
-5.310706 -30.439643
-5.209338 -30.236051
-4.959529 -30.005487
-4.749767 -29.991335
-4.852286 -29.930577
-4.872977 -30.064690
-4.949720 -30.122973
-5.093647 -29.834310
-5.177207 -30.084555
-5.368145 -29.915934
-5.477210 -30.188540
-5.496252 -30.437879
-5.477936 -30.278829
-5.521017 -30.303193
-5.459846 -30.567629
-5.311545 -30.824166
-5.271510 -30.814152
-5.492728 -30.726755
-5.683186 -30.509096
-5.709708 -30.222243
-5.879297 -29.887205
-5.968406 -29.500142
-5.722107 -29.735374
-5.608015 -29.690372
-5.442926 -30.135585
-5.436031 -30.251258
-5.595137 -29.920156
-5.903240 -29.566035
-5.994623 -29.789154
-6.103837 -30.069088
-6.499017 -29.783354
-6.615265 -29.391529
-6.426233 -29.764694
-6.126659 -29.822253
-5.633130 -30.382988
-5.428936 -30.771275
-5.215929 -31.138378
-5.329671 -31.224873
-5.201296 -31.690634
-5.046042 -31.634973
-5.062576 -31.604581
-4.972324 -31.849381
-4.918278 -31.937084
-4.819227 -31.675513
-4.860044 -31.455885
-5.008962 -31.187136
-5.085261 -31.472839
-5.155344 -31.513449
-5.224680 -31.241437
-5.192595 -31.678195
-5.014998 -31.852597
-4.830442 -31.760376
-4.810363 -31.523444
-4.806476 -31.854551
-4.863050 -31.982439
-4.788867 -31.940023
-4.618127 -32.167189
-4.511842 -32.378758
-4.415743 -32.216878
-4.304088 -31.975335
-4.289348 -32.015408
-4.331239 -32.194543
-4.366351 -31.961664
-4.487510 -31.757326
-4.605162 -32.012840
-4.817076 -32.030481
-5.024000 -31.788737
-5.080586 -31.990558
-5.190117 -31.975976
-5.377648 -31.857631
-5.352022 -31.914232
-5.309170 -31.681164
-5.188507 -31.939323
-5.238944 -31.645448
-5.181088 -31.723169
-5.085266 -31.879597
-5.064263 -31.802337
-5.072878 -31.887367
-5.052254 -31.720551
-5.117328 -31.654062
-5.192985 -31.408095
-5.145913 -31.475677
-5.065881 -31.612199
-5.067844 -31.406387
-5.154177 -31.157464
-5.276970 -31.412080
-5.401895 -31.578826
-5.410827 -31.527778
-5.373612 -31.739000
-5.447545 -31.520736
-5.576861 -31.342602
-5.662121 -31.439686
-5.694612 -31.746812
-5.798058 -31.587929
-5.831183 -31.641353
-5.838809 -31.964596
-5.960898 -31.658772
-5.917385 -31.713744
-5.910606 -31.798390
-5.863706 -31.762658
-5.842298 -31.815781
-5.883194 -31.861997
-6.037230 -31.720632
-6.148167 -31.637753
-6.324099 -31.695546
-6.507764 -31.463067
-6.637268 -31.753458
-6.708779 -31.476880
-6.772168 -31.519121
-6.614424 -31.388311
-6.610057 -31.178261
-6.466695 -30.965408
-6.466163 -31.306888
-6.469221 -31.044208
-6.533629 -30.943121
-6.534972 -30.822743
-6.552564 -30.497451
-6.383700 -30.570546
-6.268871 -30.497800
-6.197509 -30.252733
-6.236172 -30.574511
-6.363224 -30.298708
-6.411963 -30.330924
-6.475891 -30.172254
-6.629663 -30.316166
-6.692173 -30.186751
-7.007997 -30.151372
-7.044467 -30.201096
-7.046884 -30.292492
-6.984243 -30.594115
-6.841070 -30.862050
-6.653366 -30.600479
-6.330944 -30.548608
-6.181169 -30.389835
-6.112649 -30.116441
-6.301839 -30.230435
-6.553624 -30.372965
-6.730757 -30.533184
-6.731545 -30.816433
-6.861681 -31.090347
-7.042016 -30.942847
-7.106943 -31.235125
-6.979558 -31.548474
-6.936726 -31.812288
-6.840585 -31.659535
-6.872346 -31.484743
-6.822763 -31.360761
-6.874296 -31.665607
-7.036295 -31.825364
-7.045423 -31.534117
-7.005463 -31.466685
-6.976397 -31.759730
-7.119537 -32.009012
-7.077377 -31.811722
-7.036044 -31.576108
-6.779006 -31.368968
-6.512019 -31.207494
-6.809759 -31.268575
-6.880407 -31.433175
-6.932539 -31.686277
-6.929427 -31.262758
-7.016921 -31.592207
-7.083731 -31.549189
-7.189282 -31.233503
-7.230103 -30.958554
-7.293252 -31.286775
-7.401060 -31.012566
-7.486956 -30.800109
-7.507743 -31.136074
-7.642090 -30.894970
-7.716582 -31.210866
-7.828696 -30.898035
-7.875729 -31.066832
-7.902532 -31.307941
-7.780787 -30.995618
-7.660929 -30.810507
-7.646550 -30.958851
-7.657549 -31.181034
-7.790018 -30.883911
-7.759579 -31.090277
-7.758931 -31.242577
-7.593283 -31.291558
-7.402622 -31.313777
-7.283615 -31.208380
-7.342088 -31.219850
-7.363900 -30.878202
-7.409425 -30.980017
-7.371016 -31.119914
-7.436140 -31.123864
-7.591204 -31.103661
-7.635400 -31.375777
-7.606424 -31.354056
-7.633293 -31.175682
-7.693727 -31.096425
-7.866895 -31.133991
-8.118321 -31.338533
-8.122765 -31.457519
-8.175758 -31.254504
-8.188354 -31.425394
-8.185719 -31.167893
-8.178865 -30.941763
-7.993361 -31.057896
-7.961126 -31.351877
-7.953560 -31.098456
-7.894857 -30.802795
-7.883945 -30.914670
-7.967823 -31.098154
-8.016040 -30.888498
-8.165634 -30.730748
-8.224987 -30.870493
-8.087782 -30.631080
-8.100350 -30.359965
-8.088230 -30.647884
-8.044016 -30.776315
-8.033392 -30.459589
-7.941600 -30.751315
-7.837310 -30.938830
-7.839475 -30.638408
-7.731406 -30.762455
-7.652803 -30.565557
-7.475788 -30.475836
-7.376183 -30.751366
-7.262432 -30.976041
-7.170787 -31.123331
-7.209143 -31.287637
-7.311760 -31.299523
-7.386170 -31.409004
-7.500389 -31.178393
-7.553987 -30.874925
-7.606651 -31.155321
-7.635965 -30.958873
-7.685793 -30.873501
-7.615466 -31.196281
-7.615073 -31.153947
-7.662015 -30.873745
-7.571924 -31.025065
-7.510077 -31.110413
-7.365663 -31.418399
-7.295148 -31.497860
-7.316954 -31.201614
-7.306630 -31.086887
-7.265929 -31.236631
-7.188800 -31.146646
-7.044813 -31.277154
-7.077602 -31.068186
-7.008163 -31.068769
-6.978653 -31.370845
-6.951878 -31.302732
-6.968698 -31.168980
-6.931992 -31.347146
-6.993071 -31.478686
-7.073656 -31.342064
-6.985828 -31.381222
-6.891380 -31.664545
-6.844717 -31.801925
-6.831920 -31.451279
-6.810553 -31.422610
-6.787045 -31.688101
-6.854105 -31.540409
-6.813147 -31.623813
-6.879855 -31.569201
-6.864887 -31.499842
-6.689364 -31.788456
-6.602919 -31.591435
-6.418929 -31.778483
-6.494214 -31.534753
-6.593874 -31.639652
-6.475508 -31.902015
-6.432766 -31.811973
-6.349640 -31.945937
-6.345465 -31.978761
-6.361846 -31.649105
-6.353356 -31.746382
-6.394045 -31.995754
-6.531949 -31.689953
-6.545702 -31.880154
-6.442908 -31.915067
-6.433632 -32.023109
-6.480229 -31.751452
-6.405759 -32.095634
-6.285516 -32.125371
-6.526167 -32.199622
-6.417797 -32.331759
-6.411243 -32.133344
-6.281634 -32.206421
-6.287248 -32.274720
-6.336434 -32.081663
-6.324558 -32.265909
-6.329738 -32.385087
-6.326990 -32.604002
-6.389329 -32.545657
-6.382809 -32.471299
-6.395735 -32.493518
-6.425577 -32.249390
-6.342880 -32.490958
-6.318193 -32.244217
-6.207110 -32.418366
-6.383515 -32.561405
-6.355569 -32.421763
-6.288383 -32.487359
-6.298119 -32.728681
-6.230981 -32.437370
-6.208850 -32.288555
-6.259403 -32.573154
-6.320258 -32.404495
-6.313067 -32.725940
-6.386564 -32.466271
-6.428477 -32.258674
-6.458592 -32.527279
-6.591172 -32.301186
-6.695710 -32.535966
-6.887036 -32.516678
-6.818607 -32.399135
-6.930187 -32.736906
-7.121470 -32.598786
-7.355358 -32.516575
-7.359513 -32.766980
-7.316977 -32.539032
-7.261416 -32.375236
-7.139422 -32.330598
-7.049925 -32.525865
-7.012292 -32.772542
-7.178946 -32.778127
-7.205894 -33.102675
-7.289847 -32.801637
-7.285413 -32.802486
-7.305853 -33.145935
-7.301718 -33.056130
-7.285668 -33.127145
-7.287359 -33.144772
-7.382722 -33.376493
-7.467478 -33.082714
-7.538375 -33.250903
-7.696080 -32.999056
-7.599526 -33.200536
-7.501246 -33.507660
-7.478949 -33.124879
-7.512880 -33.034186
-7.453368 -33.366449
-7.499746 -33.142944
-7.477486 -32.925058
-7.420396 -33.194096
-7.330471 -33.375204
-7.347329 -33.101985
-7.349973 -32.998013
-7.307564 -33.276695
-7.331356 -32.967755
-7.424051 -33.300971
-7.695227 -33.320108
-7.885458 -33.095061
-7.855902 -33.329083
-7.795241 -33.375574
-7.798726 -33.046290
-7.946148 -33.117951
-8.008914 -33.205391
-8.063258 -32.842359
-8.031956 -33.135276
-8.084437 -32.826642
-8.028229 -32.911390
-7.935832 -33.159427
-7.993580 -32.926746
-7.966855 -32.888460
-7.948731 -33.091948
-7.878510 -32.947671
-7.746367 -32.997159
-7.695263 -32.883559
-7.726826 -32.953442
-7.710497 -33.218007
-7.763798 -33.008067
-7.821363 -33.139020
-7.881682 -32.986415
-7.897201 -32.996107
-7.863366 -33.144921
-7.907296 -33.257712
-7.916254 -33.225989
-7.937740 -33.057072
-7.833013 -33.351531
-7.875044 -33.282430
-7.896946 -33.282430
-7.987447 -33.298697
-8.015803 -33.373474
-8.230957 -33.314876
-8.230999 -33.503439
-8.189173 -33.367287
-8.172498 -33.558789
-8.177554 -33.643338
-8.235125 -33.868113
-8.409649 -33.557554
-8.365803 -33.755373
-8.264107 -33.721857
-8.132871 -33.841446
-8.095711 -33.757444
-8.103334 -33.596591
-7.924567 -33.814884
-7.823158 -33.512879
-7.668711 -33.519653
-7.605985 -33.783606
-7.726223 -33.498234
-7.757109 -33.429222
-7.784349 -33.578742
-7.822885 -33.434454
-7.707389 -33.469792
-7.624685 -33.489214
-7.515380 -33.530482
-7.348395 -33.620829
-7.432417 -33.530401
-7.371886 -33.763257
-7.407403 -33.761159
-7.419388 -33.497298
-7.409105 -33.356096
-7.345503 -33.565475
-7.350219 -33.609690
-7.465960 -33.410871
-7.615057 -33.358823
-7.656810 -33.249826
-7.732546 -33.185929
-7.786961 -33.254110
-7.800364 -33.003145
-7.830931 -32.928148
-7.807104 -33.061167
-7.800056 -32.974602
-7.795678 -32.905064
-7.701049 -32.819428
-7.590150 -32.963637
-7.568437 -32.693308
-7.415784 -32.802361
-7.407188 -32.793851
-7.422343 -32.737405
-7.417206 -32.565674
-7.399977 -32.664190
-7.369991 -32.678076
-7.368308 -32.563806
-7.356264 -32.622197
-7.368190 -32.663216
-7.416073 -32.609145
-7.448081 -32.693319
-7.470942 -32.694293
-7.537325 -32.467741
-7.485511 -32.726947
-7.507171 -32.515521
-7.507809 -32.606132
-7.479523 -32.820962
-7.501768 -32.808794
-7.515604 -32.824373
-7.461873 -32.841791
-7.337870 -33.120051
-7.285793 -33.321235
-7.272273 -33.246833
-7.301680 -33.274348
-7.322771 -33.065022
-7.290455 -33.190158
-7.209225 -33.168118
-7.188076 -33.236836
-7.227331 -33.080243
-7.165123 -33.176202
-7.146188 -33.091607
-7.098922 -33.071846
-7.048182 -33.084961
-7.080775 -33.037264
-7.091720 -32.971325
-7.082232 -32.964514
-7.093438 -32.948845
-7.096849 -32.943670
-7.076835 -32.966738
-7.066453 -33.027265
-7.101001 -33.065482
-7.187119 -32.930313
-7.222922 -32.994601
-7.189574 -33.081533
-7.144346 -33.118467
-7.168202 -33.128808
-7.281362 -33.001522
-7.284080 -33.239397
-7.190853 -33.453245
-7.208109 -33.290205
-7.195867 -33.218432
-7.183390 -33.071972
-7.216502 -32.844928
-7.089154 -32.956927
-6.967464 -33.211276
-6.918302 -33.066758
-6.933807 -32.972338
-6.901378 -33.100349
-6.988636 -32.850525
-7.026816 -33.134119
-6.980389 -33.135282
-7.042597 -32.912261
-7.013272 -32.981877
-7.035500 -32.873339
-6.971225 -33.003575
-6.856050 -33.069226
-6.826945 -33.087264
-6.816120 -32.880571
-6.889998 -32.692228
-6.826849 -32.924223
-6.897308 -32.640715
-6.906346 -32.721490
-6.889687 -32.624327
-6.822600 -32.733389
-6.833309 -32.635313
-6.835458 -32.791117
-6.910712 -32.657716
-6.844377 -32.903640
-6.790221 -33.057383
-6.871610 -32.763775
-6.899293 -32.837023
-6.877132 -33.152468
-7.044212 -33.048964
-7.158925 -32.959172
-7.059456 -32.822439
-6.881115 -33.062205
-6.811857 -33.138853
-6.854870 -33.054137
-6.909499 -32.846767
-6.794397 -33.145914
-6.818749 -32.939055
-6.763881 -32.868297
-6.710283 -32.904391
-6.702428 -32.978409
-6.753695 -32.652998
-6.614494 -32.785767
-6.526298 -32.869906
-6.529197 -32.638949
-6.429558 -32.961074
-6.437731 -32.778429
-6.547802 -32.499194
-6.435335 -32.794347
-6.413357 -32.691587
-6.262479 -32.914577
-6.233156 -32.838742
-6.322263 -32.501788
-6.260590 -32.528574
-6.090094 -32.753628
-6.021118 -32.995137
-6.068197 -32.659941
-6.132422 -32.623962
-6.071808 -32.937887
-6.027949 -33.035824
-6.101815 -32.747249
-6.102684 -32.729627
-6.037724 -32.961651
-6.097846 -32.632755
-6.052037 -32.894777
-6.056920 -33.077504
-6.157767 -32.805314
-6.170300 -33.050220
-6.192654 -33.237148
-6.290428 -33.133126
-6.321987 -33.004746
-6.349864 -32.787032
-6.328127 -32.519169
-6.222620 -32.822409
-6.151698 -32.946426
-6.239970 -32.620134
-6.230167 -32.699739
-6.206158 -32.903347
-6.298150 -32.755722
-6.285853 -32.885021
-6.328863 -32.878116
-6.433348 -32.586453
-6.360403 -32.673900
-6.276296 -32.977777
-6.327923 -32.665993
-6.316497 -32.629219
-6.259819 -32.956224
-6.304222 -32.878463
-6.357881 -32.603541
-6.390517 -32.314659
-6.310527 -32.519605
-6.362670 -32.631531
-6.411717 -32.365583
-6.583204 -32.676256
-6.637670 -32.541984
-6.413801 -32.654344
-6.277018 -32.434898
-6.377886 -32.409186
-6.358897 -32.657352
-6.269489 -32.762766
-6.359110 -32.582201
-6.546892 -32.577310
-6.728976 -32.809630
-6.824840 -32.723632
-6.800304 -32.472389
-6.641937 -32.717588
-6.638580 -32.558618
-6.452759 -32.476768
-6.329263 -32.700695
-6.163752 -32.499268
-6.266990 -32.387410
-6.127688 -32.542137
-6.247348 -32.336212
-6.385849 -32.233167
-6.347646 -32.292075
-6.262292 -32.368801
-6.204400 -32.218935
-6.049058 -32.523296
-6.067814 -32.353611
-6.132941 -32.250358
-6.034898 -32.441186
-6.087667 -32.267138
-6.101359 -32.227791
-6.122331 -32.138819
-6.090236 -32.211276
-6.066220 -32.055285
-6.015979 -32.231944
-6.056955 -31.978883
-5.970039 -32.052929
-5.866758 -32.312341
-5.891859 -31.928131
-5.906562 -32.174970
-5.960820 -32.123779
-5.955816 -32.011581
-5.890774 -32.195934
-5.912225 -32.058965
-5.873971 -32.197977
-5.901355 -32.152593
-5.921319 -32.196327
-5.894113 -32.427289
-5.891147 -32.272322
-5.891527 -32.471177
-5.875961 -32.328649
-5.802608 -32.438654
-5.819835 -32.346188
-5.800694 -32.442991
-5.832711 -32.494569
-5.935177 -32.352024
-5.927880 -32.221454
-5.886218 -32.288782
-5.867287 -32.405257
-5.852258 -32.653424
-5.840805 -32.515644
-5.808351 -32.392468
-5.733663 -32.463647
-5.592069 -32.540591
-5.699719 -32.639479
-5.547212 -32.887614
-5.523406 -32.943285
-5.509537 -33.271310
-5.590955 -32.997242
-5.619618 -33.011270
-5.565439 -33.155784
-5.546220 -33.176308
-5.427131 -33.086571
-5.255143 -32.834254
-5.105823 -32.585410
-5.324484 -32.679871
-5.542755 -32.727549
-5.485049 -32.456789
-5.370647 -32.740566
-5.291468 -32.869690
-5.339078 -32.537894
-5.190937 -32.800702
-5.155814 -32.796356
-5.045435 -32.948541
-5.019382 -32.967261
-5.079132 -32.686287
-5.027239 -32.785371
-4.983952 -32.980476
-4.975774 -32.829722
-4.996470 -32.710519
-5.084633 -32.691450
-5.017531 -32.835075
-4.967907 -32.922587
-5.046546 -32.722315
-5.094385 -32.555579
-5.076949 -32.787843
-5.098015 -32.684231
-5.127676 -32.807411
-5.178905 -32.804857
-5.292279 -32.794591
-5.343451 -33.025290
-5.404311 -32.836110
-5.396905 -33.068557
-5.365778 -33.098549
-5.408165 -33.396331
-5.461395 -33.236961
-5.441075 -33.166352
-5.402007 -33.145118
-5.297085 -33.155939
-5.222600 -33.309211
-5.267119 -33.100497
-5.316241 -32.954030
-5.248334 -33.128348
-5.192693 -33.222141
-5.268654 -33.104516
-5.327529 -33.000952
-5.236307 -33.162575
-5.207923 -33.208389
-5.276268 -33.103703
-5.329097 -33.143934
-5.284794 -33.374725
-5.283988 -33.320977
-5.356535 -33.405413
-5.480437 -33.266443
-5.417271 -33.457557
-5.481859 -33.265620
-5.494085 -33.415774
-5.498618 -33.649525
-5.567092 -33.792929
-5.663018 -33.756313
-5.592748 -34.050331
-5.544276 -34.252198
-5.694096 -33.965517
-5.642640 -34.127600
-5.619301 -34.337065
-5.673608 -34.114886
-5.572642 -34.335494
-5.514719 -34.577129
-5.539410 -34.520272
-5.645755 -34.251990
-5.703080 -34.273247
-5.806119 -34.223072
-5.957394 -34.389695
-6.005020 -34.645112
-5.883514 -34.838806
-5.903612 -34.845314
-6.001804 -34.560257
-5.930392 -34.764739
-5.846602 -34.941132
-5.941457 -34.757450
-6.001445 -34.611730
-5.915590 -34.969237
-5.957331 -34.875094
-6.064204 -34.577349
-6.070157 -34.624676
-5.981300 -34.868918
-6.074856 -34.952106
-6.223703 -35.029927
-6.266113 -35.223089
-6.253427 -35.223441
-6.295673 -34.936379
-6.453235 -34.656131
-6.499428 -34.675616
-6.395249 -34.865268
-6.359445 -34.834939
-6.428358 -34.587555
-6.382715 -34.625119
-6.332805 -34.602346
-6.355495 -34.534600
-6.326311 -34.823468
-6.297390 -35.054617
-6.419138 -34.926567
-6.458634 -34.769919
-6.486899 -34.966180
-6.517994 -35.123829
-6.471595 -35.017210
-6.448331 -34.977542
-6.466931 -34.940522
-6.433199 -34.782412
-6.323660 -35.012964
-6.365732 -35.051260
-6.418921 -34.746809
-6.297263 -35.085261
-6.385551 -34.782148
-6.450977 -34.614960
-6.299871 -34.919184
-6.380478 -34.557317
-6.251684 -34.857427
-6.203012 -34.888532
-6.270093 -34.672450
-6.221882 -34.840768
-6.201309 -34.658961
-6.182708 -34.473958
-6.122451 -34.504800
-6.082585 -34.580552
-6.184079 -34.232951
-6.125040 -34.247395
-6.036891 -34.513304
-6.089893 -34.399736
-6.209142 -34.242741
-6.257431 -34.342718
-6.236162 -34.482423
-6.264690 -34.600579
-6.326469 -34.411545
-6.363440 -34.381380
-6.336697 -34.503317
-6.362084 -34.389363
-6.357537 -34.400397
-6.369151 -34.201078
-6.222867 -34.262729
-6.151343 -34.250136
-6.103321 -34.042179
-5.954541 -34.170388
-5.880732 -34.348745
-5.866278 -34.159852
-5.801024 -34.488683
-6.004054 -34.144713
-5.971812 -34.415546
-5.947651 -34.332951
-6.050488 -34.092785
-5.994345 -34.242667
-6.075585 -34.019570
-5.984869 -34.272203
-5.934918 -34.313344
-6.061448 -34.009416
-5.994137 -34.187325
-5.908496 -34.247181
-6.009972 -33.970315
-5.958571 -34.210025
-5.997195 -34.157254
-6.040455 -34.073279
-5.955470 -34.169140
-5.906792 -34.471481
-6.116128 -34.135622
-6.117474 -34.364167
-6.080278 -34.402120
-6.150391 -34.263124
-6.084809 -34.370193
-6.047031 -34.401079
-6.010777 -34.401353
-5.935333 -34.379409
-5.828367 -34.480695
-5.832695 -34.360922
-5.785106 -34.452143
-5.840027 -34.324377
-5.828696 -34.361035
-5.761205 -34.337821
-5.689536 -34.427273
-5.655810 -34.467630
-5.677825 -34.402293
-5.707947 -34.379102
-5.777079 -34.286392
-5.735034 -34.429330
-5.709208 -34.507317
-5.772167 -34.468673
-5.787371 -34.477583
-5.824306 -34.481645
-5.767217 -34.579846
-5.835152 -34.615736
-5.850761 -34.668956
-5.843444 -34.887395
-5.887219 -34.722735
-5.937358 -34.719879
-5.920680 -34.887941
-6.004707 -34.765192
-6.046184 -34.711069
-6.017857 -34.707919
-5.951037 -34.708514
-5.918603 -34.755568
-5.963641 -34.710439
-6.040235 -34.664249
-6.008606 -34.721190
-6.015795 -34.468043
-5.930043 -34.636314
-5.831072 -34.734773
-5.868488 -34.663219
-5.916876 -34.490095
-5.867521 -34.637449
-5.928665 -34.441189
-5.921882 -34.493947
-5.887639 -34.456031
-5.789752 -34.753597
-5.898963 -34.410745
-5.934005 -34.277108
-5.826702 -34.582617
-5.797663 -34.677306
-5.883758 -34.440203
-5.941342 -34.450490
-5.905681 -34.604883
-5.991809 -34.528881
-5.966369 -34.508119
-5.893504 -34.764683
-5.950241 -34.485716
-5.985291 -34.430112
-5.906166 -34.421081
-5.948682 -34.321825
-5.850292 -34.361724
-5.816631 -34.357239
-5.866780 -34.285564
-5.919882 -34.233503
-5.902327 -34.260792
-5.968792 -34.088579
-5.920589 -34.153803
-5.904187 -34.128129
-5.830812 -34.361380
-5.884439 -34.216849
-5.890188 -34.218954
-5.949557 -34.150785
-5.929143 -34.231986
-5.885445 -34.287673
-5.933026 -34.079507
-5.884371 -34.040746
-5.925606 -33.955691
-5.885604 -34.023116
-5.843871 -34.191321
-5.823255 -34.350186
-5.879897 -34.368866
-5.952321 -34.448032
-6.057452 -34.230923
-6.016125 -34.283856
-5.847032 -34.597003
-5.915405 -34.438469
-6.004412 -34.224475
-6.020928 -34.532620
-5.951775 -34.597046
-5.868738 -34.833904
-6.014704 -34.482635
-5.992751 -34.479083
-5.995535 -34.495749
-5.902798 -34.324429
-5.831841 -34.352165
-5.929156 -34.261555
-6.052278 -33.978626
-5.935481 -34.277217
-5.943569 -34.129303
-6.052959 -33.792733
-5.928075 -34.109587
-5.854958 -33.896951
-5.754167 -33.984216
-5.689349 -34.060524
-5.744707 -34.005449
-5.867772 -33.746491
-6.058244 -33.682735
-6.025668 -34.019085
-6.163792 -33.802426
-6.004807 -34.139454
-6.482899 -34.263710
-6.477532 -34.013074
-6.363752 -34.317470
-6.235236 -34.244302
-6.309787 -34.280686
-6.479223 -34.242377
-6.602791 -33.935182
-6.741608 -33.760328
-6.595934 -34.095269
-6.482018 -33.812291
-6.491134 -33.929035
-6.638978 -33.608057
-6.481902 -33.879819
-6.427814 -33.775375
-6.482645 -33.446538
-6.394232 -33.731484
-6.445106 -33.554336
-6.404322 -33.610146
-6.420686 -33.704894
-6.470331 -33.496891
-6.593215 -33.335166
-6.518393 -33.638541
-6.478157 -33.632571
-6.436279 -33.827487
-6.571228 -33.613230
-6.574048 -33.657893
-6.496889 -33.859149
-6.499279 -33.752277
-6.584036 -33.682147
-6.561457 -33.675074
-6.473878 -33.950244
-6.551478 -33.731778
-6.534473 -33.807478
-6.500271 -33.952155
-6.462852 -33.999417
-6.524905 -33.757575
-6.560835 -33.760668
-6.457518 -33.900037
-6.438870 -33.900682
-6.435127 -34.049076
-6.476978 -33.806245
-6.390481 -34.111534
-6.443051 -33.825747
-6.378180 -33.937632
-6.419346 -33.831596
-6.427294 -33.862071
-6.404991 -33.851356
-6.375412 -33.888405
-6.365012 -33.892645
-6.362005 -34.007846
-6.430455 -33.903268
-6.517212 -33.869837
-6.579198 -33.918540
-6.505417 -34.083781
-6.511222 -33.989087
-6.509438 -34.010480
-6.541317 -33.941192
-6.664665 -33.865773
-6.626661 -33.908050
-6.639760 -33.847150
-6.530082 -34.057110
-6.555963 -33.807837
-6.460137 -33.913727
-6.575676 -33.766370
-6.527147 -33.838817
-6.495361 -33.656152
-6.329802 -33.971252
-6.251738 -33.766083
-6.298357 -33.979302
-6.321028 -34.211384
-6.389837 -33.831674
-6.278079 -34.087037
-6.363310 -34.137906
-6.446166 -34.018035
-6.458321 -34.100755
-6.397588 -34.091546
-6.324804 -34.171077
-6.372442 -33.999295
-6.313990 -34.139052
-6.163717 -34.268035
-6.200715 -34.045488
-6.234160 -34.144294
-6.265543 -34.061763
-6.158092 -34.195995
-6.142028 -34.160529
-6.203341 -34.078141
-6.199859 -34.252018
-6.297078 -34.231317
-6.398556 -34.000231
-6.340270 -34.291931
-6.405886 -34.191815
-6.516059 -33.912699
-6.413054 -34.254016
-6.382786 -34.161790
-6.353966 -34.194359
-6.340535 -34.197472
-6.350081 -34.159817
-6.266995 -34.264679
-6.293823 -34.159384
-6.241210 -34.156896
-6.190986 -34.192536
-6.172066 -34.246943
-6.239914 -33.911685
-6.198776 -34.067161
-6.096160 -34.223153
-6.014204 -34.323747
-6.048527 -34.112313
-6.096031 -34.086761
-6.080648 -34.142523
-6.095717 -34.138565
-6.104854 -34.144998
-6.096540 -34.175119
-6.120435 -34.028899
-6.053502 -34.158453
-6.108169 -34.224655
-6.196279 -34.260381
-6.262899 -34.054072
-6.193989 -34.079374
-6.251871 -33.811114
-6.165435 -34.148821
-6.138021 -33.962623
-6.125923 -34.194740
-6.276419 -33.902542
-6.287225 -34.219497
-6.357337 -34.238202
-6.485553 -34.021414
-6.405126 -34.215544
-6.394774 -34.291920
-6.403664 -34.030938
-6.388232 -34.001050
-6.331418 -33.864971
-6.240416 -34.105686
-6.321768 -33.750464
-6.343940 -33.776779
-6.200894 -34.081462
-6.192204 -33.906483
-6.234535 -33.785755
-6.175994 -34.089664
-6.191116 -34.268118
-6.338707 -34.027452
-6.314949 -34.161023
-6.213385 -34.169610
-6.116201 -34.399230
-6.210587 -34.387229
-6.262613 -34.369200
-6.419817 -34.049844
-6.448530 -34.228094
-6.433606 -34.350873
-6.553832 -34.091666
-6.545152 -34.093164
-6.480187 -34.361277
-6.409139 -34.343064
-6.317758 -34.702285
-6.387062 -34.364536
-6.448103 -34.321582
-6.443801 -34.675936
-6.566778 -34.394642
-6.574715 -34.126438
-6.509813 -34.407338
-6.549366 -34.242184
-6.405349 -34.482765
-6.341788 -34.319986
-6.214957 -34.518054
-6.224536 -34.398276
-6.284167 -34.221064
-6.248647 -34.473553
-6.434664 -34.463767
-6.518708 -34.174774
-6.552598 -34.162714
-6.441045 -34.249361
-6.425091 -34.362690
-6.487414 -34.213496
-6.356803 -33.971742
-6.544002 -34.013424
-6.748811 -33.776077
-6.673287 -33.946027
-6.465941 -33.997618
-6.491962 -33.580877
-6.442796 -33.796770
-6.290030 -33.551459
-6.234964 -33.349003
-6.094188 -33.537717
-6.062417 -33.580418
-6.050019 -33.772514
-6.163445 -33.851028
-6.276059 -33.648921
-6.293482 -33.929991
-6.320323 -33.896575
-6.418622 -33.923511
-6.523199 -33.654160
-6.648141 -33.706102
-6.570484 -33.879546
-6.642028 -33.631003
-6.646276 -33.624567
-6.660215 -33.612746
-6.744284 -33.472891
-6.679204 -33.470710
-6.544662 -33.692413
-6.583552 -33.379063
-6.507367 -33.558362
-6.408314 -33.660078
-6.436753 -33.338640
-6.318754 -33.597254
-6.164434 -33.723621
-6.128335 -33.777477
-6.074588 -33.915287
-6.196234 -33.769496
-6.297048 -33.478780
-6.283947 -33.712068
-6.315958 -33.621439
-6.347405 -33.600935
-6.351242 -33.564955
-6.270071 -33.556186
-6.156625 -33.613691
-6.157888 -33.279776
-6.083046 -33.594711
-6.014459 -33.495266
-6.073248 -33.165954
-5.954046 -33.469629
-5.878140 -33.420769
-5.931406 -33.216922
-5.963992 -33.129284
-5.944293 -33.275162
-5.952122 -33.504034
-6.066262 -33.211350
-6.216382 -33.211314
-6.299946 -33.477955
-6.351800 -33.364929
-6.340256 -33.193018
-6.337902 -33.456494
-6.341899 -33.255240
-6.449498 -33.106214
-6.418949 -33.276401
-6.431596 -33.448049
-6.320188 -33.219005
-6.283934 -33.501386
-6.379667 -33.294318
-6.427584 -33.526508
-6.315882 -33.538006
-6.497151 -33.540698
-6.551633 -33.266930
-6.569837 -33.586233
-6.743575 -33.361223
-7.058056 -33.225233
-7.067484 -33.454932
-6.965370 -33.276342
-6.907561 -33.530445
-6.809365 -33.706800
-6.713446 -33.432679
-6.811210 -33.542931
-6.681615 -33.640697
-6.770097 -33.679997
-6.718694 -33.429135
-6.787919 -33.427886
-6.785557 -33.169554
-6.665413 -32.960486
-6.515194 -32.731101
-6.485463 -32.408737
-6.487343 -32.189660
-6.695236 -31.963020
-6.665253 -31.806015
-6.592311 -31.624095
-6.552532 -31.402314
-6.408892 -31.156632
-6.423787 -30.950374
-6.396980 -30.814945
-6.400014 -30.461988
-6.498388 -30.178136
-6.773964 -29.842238
-6.984666 -29.338490
-7.127596 -29.004011
-7.395322 -28.583813
-7.457627 -28.055925
-7.281337 -27.748045
-7.244687 -27.341703
-7.584014 -27.484040
-7.346915 -28.242166
-7.488549 -27.470276
-7.578109 -27.032288
-7.996645 -27.191708
-8.290038 -27.117125
-7.781550 -27.159764
-8.005823 -27.200883
-7.687304 -26.659259
-7.959222 -26.195588
-8.295523 -25.192378
-8.804620 -23.828574
-9.085444 -23.630897
-9.545252 -24.698170
-9.734760 -25.542732
-9.586134 -25.796296
-9.123078 -25.423878
-8.614034 -25.631848
-8.441084 -25.288775
-8.073658 -24.896566
-7.628284 -25.217273
-7.261999 -25.472543
-7.071532 -25.501324
-7.493677 -26.000982
-7.387512 -26.353667
-7.441547 -27.006809
-7.383750 -27.574841
-7.305433 -27.262529
-7.115326 -26.629120
-6.911455 -26.299611
-6.846012 -26.531796
-6.734443 -26.160561
-6.480338 -25.651300
-6.241225 -25.346573
-6.034396 -24.965731
-5.763791 -24.508444
-5.374430 -23.860034
-4.795829 -23.331700
-4.194511 -22.518826
-4.185983 -21.765920
-4.510491 -21.276744
-4.737947 -21.057958
-4.462838 -20.998192
-4.069953 -20.849962
-3.464540 -20.148948
-3.130224 -19.343286
-2.616604 -19.238299
-2.039240 -19.038551
-1.568392 -18.464269
-1.344545 -17.458059
-1.257962 -16.898665
-1.101610 -16.279640
-0.978431 -16.339032
-0.920037 -16.747220
-0.795625 -16.319740
-0.757437 -15.772561
-0.885553 -14.867338
-0.910487 -13.568344
-0.965208 -12.442387
-1.318157 -11.153953
-1.531241 -10.200167
-1.723519 -9.611619
-1.738810 -9.442284
-2.085708 -8.949475
-2.278379 -8.795475
-2.562288 -8.411771
-2.725280 -8.432098
-2.716023 -8.505330
-2.507561 -8.414008
-2.447409 -7.865886
-2.618974 -7.684213
-2.590367 -7.927700
-2.251318 -7.654784
-1.956258 -7.100992
-1.941961 -6.790834
-2.029063 -6.392316
-2.235770 -6.151445
-2.745311 -6.335126
-2.719485 -6.774663
-3.122195 -7.490244
-3.308153 -7.774911
-2.675264 -7.559749
-2.576619 -6.862217
-2.809405 -6.683771
-2.401739 -7.295341
-2.016119 -7.924863
-1.794358 -8.090323
-1.704010 -8.146228
-1.764426 -8.247733
-1.847834 -8.976041
-1.830381 -9.553299
-1.973981 -9.696910
-1.983068 -9.806359
-2.085841 -10.410341
-2.098972 -11.021378
-2.258561 -11.640818
-2.408868 -12.712218
-2.043380 -13.367373
-1.684184 -14.005137
-1.312434 -14.191415
-0.919854 -14.276767
-0.806222 -14.188721
-1.164180 -14.606087
-1.763850 -14.965772
-2.227211 -14.946316
-2.871851 -14.925534
-3.201777 -15.543596
-3.353086 -16.125578
-3.429880 -16.025859
-3.251423 -15.628847
-3.111368 -15.702213
-3.122969 -16.219919
-3.095436 -16.555022
-2.929868 -16.761500
-2.847821 -16.608761
-2.523832 -16.866030
-2.730818 -17.261765
-2.799462 -17.876830
-3.293848 -19.622722
-2.964823 -19.727289
-2.868298 -20.152976
-2.645790 -20.517352
-2.607983 -20.486300
-2.154690 -20.463383
-2.598143 -20.089492
-2.386219 -20.024327
-2.611382 -19.212942
-3.101304 -18.742835
-3.752386 -19.215909
-4.417866 -20.438422
-4.458448 -21.033949
-5.446314 -21.967094
-5.983099 -21.859044
-6.245797 -21.661614
-5.884668 -21.954577
-5.642220 -22.611640
-5.815758 -22.376811
-6.186115 -22.472141
-5.907856 -23.307777
-5.434827 -23.845027
-5.008853 -24.348175
-4.786661 -24.117371
-4.434524 -24.680641
-3.849629 -25.696612
-3.727469 -25.773051
-4.302164 -24.789648
-4.580976 -24.143256
-4.065494 -25.279543
-3.959364 -26.661908
-3.593836 -27.170608
-3.312406 -28.199249
-3.243674 -28.968565
-3.280275 -28.631466
-3.262839 -28.273116
-3.016689 -28.603390
-3.170332 -28.951313
-3.435208 -29.269313
-3.847793 -29.035253
-3.924329 -28.660462
-3.927695 -27.902066
-3.998260 -27.345170
-4.525784 -26.267094
-4.879651 -25.342252
-4.676704 -24.914405
-4.637243 -24.375016
-4.294542 -23.465279
-4.039131 -23.112562
-4.071001 -23.214791
-4.203603 -23.806591
-4.398271 -24.585974
-4.730470 -25.126245
-4.615003 -25.088406
-5.004398 -25.177807
-4.882052 -25.845524
-5.189380 -25.998770
-4.297270 -26.152722
-3.781246 -26.985600
-3.450985 -27.561492
-3.272300 -28.014292
-3.031297 -28.349067
-3.301538 -28.591074
-3.822115 -27.930937
-3.765511 -27.643563
-4.037597 -27.700097
-4.685235 -26.945405
-5.121844 -26.159735
-5.254158 -26.269651
-4.877567 -26.029577
-4.557863 -25.555091
-4.165790 -25.449204
-3.852787 -25.298315
-3.645170 -25.226234
-4.054403 -25.602419
-4.586545 -26.683095
-4.777582 -27.286691
-5.050202 -27.717543
-4.977702 -28.128424
-5.031470 -28.036822
-4.992001 -27.428696
-4.283102 -27.576095
-3.893766 -27.149074
-4.200159 -26.255888
-4.464419 -25.392063
-4.913296 -25.148033
-4.609931 -25.509981
-3.861716 -26.320015
-3.700546 -26.689101
-3.729363 -26.374405
-3.833352 -25.948241
-3.880131 -25.520422
-4.149034 -25.001573
-4.751357 -24.277805
-5.318789 -23.779279
-5.414525 -23.892660
-5.093350 -24.126849
-5.031651 -24.504536
-5.080758 -24.658118
-5.072127 -24.798878
-4.793772 -25.438819
-5.033646 -25.529912
-4.890456 -25.045755
-4.494124 -25.466038
-4.206483 -26.230914
-4.058573 -26.438256
-4.001659 -25.928318
-4.170213 -25.019380
-4.180454 -24.546307
-4.198013 -25.443988
-4.597111 -26.116528
-4.716070 -26.058827
-4.524352 -24.873298
-4.538121 -24.234376
-4.801954 -23.477541
-4.142920 -22.321334
-3.336197 -21.807258
-2.652664 -21.293238
-1.728978 -20.774972
-2.077432 -20.772218
-2.441857 -20.804520
-2.990811 -21.811530
-3.146719 -22.472434
-3.834555 -23.352058
-4.531450 -23.942778
-5.336032 -24.305823
-5.871069 -23.908476
-6.203673 -23.468941
-5.828243 -22.954079
-5.512225 -22.458421
-5.043989 -21.876154
-4.509798 -21.265554
-4.040342 -20.931746
-4.648132 -21.216794
-4.909879 -20.876585
-5.104243 -20.620206
-4.749587 -21.051490
-4.855560 -21.859722
-4.990775 -22.627480
-5.076143 -23.378445
-4.981530 -24.141589
-5.014281 -24.794971
-4.993953 -25.401946
-5.386530 -25.479678
-5.628215 -25.200553
-5.539232 -25.274290
-5.952280 -24.926338
-6.096122 -24.324519
-6.092087 -23.878799
-6.285982 -23.449870
-6.596883 -23.438436
-6.558182 -23.433334
-6.308087 -23.144571
-6.747619 -22.561834
-7.517641 -21.654523
-7.967361 -21.026573
-8.308173 -20.767802
-8.165893 -20.707897
-7.833353 -21.105328
-7.761978 -20.880589
-7.615635 -21.277633
-7.540801 -20.669430
-7.027256 -20.968859
-6.846958 -21.780342
-6.862209 -22.235415
-6.996994 -22.911996
-7.350518 -22.930543
-7.445922 -22.586502
-7.159932 -22.965318
-7.366863 -22.752655
-7.382956 -22.624136
-7.195525 -22.194683
-6.742403 -22.956002
-6.698760 -22.813347
-7.293070 -22.363494
-7.673190 -21.725194
-7.495188 -21.650346
-6.990177 -21.427755
-7.194715 -21.466707
-7.215575 -21.316171
-7.007739 -21.639497
-7.014010 -21.563197
-6.895820 -21.374238
-6.570572 -21.380474
-6.371892 -21.302071
-6.357914 -21.691838
-6.164721 -21.807722
-6.271278 -21.794164
-6.349206 -21.971772
-6.290145 -22.096271
-6.360045 -22.153410
-6.427457 -22.177037
-6.381559 -22.047608
-6.254461 -22.085068
-6.198680 -22.460594
-6.266416 -22.497608
-6.331083 -22.351348
-6.303918 -22.346320
-6.498427 -22.199022
-6.671152 -22.257547
-6.746914 -22.389045
-6.804066 -22.351983
-6.865961 -22.421357
-6.907352 -22.452180
-6.899485 -22.435448
-6.887521 -22.576927
-6.707239 -22.445192
-6.549892 -22.223227
-6.306438 -21.688295
-6.067888 -21.233343
-6.017053 -21.106356
-6.240549 -21.321517
-6.259412 -21.253695
-6.166063 -21.322817
-6.134598 -21.188376
-6.132350 -21.026325
-5.930215 -20.981468
-5.851210 -20.774823
-5.912454 -20.870424
-5.952014 -20.907988
-5.952111 -20.843461
-5.902962 -20.895735
-5.992169 -20.942390
-6.059183 -21.050265
-6.084673 -20.908027
-6.093877 -20.934079
-6.216538 -20.833679
-6.218028 -20.909066
-6.186751 -20.958020
-6.337845 -20.975639
-6.373550 -20.954289
-6.467652 -20.936722
-6.436340 -20.926502
-6.410312 -20.826074
