0.000083 -0.000608
0.001471 -0.002764
0.001430 -0.003001
0.003682 -0.005862
0.009322 -0.006880
0.011222 -0.008507
0.013628 -0.010573
0.014557 -0.011625
0.016032 -0.015879
0.014629 -0.016071
0.018974 -0.020045
0.022622 -0.023281
0.024771 -0.027221
0.026270 -0.026767
0.024442 -0.026976
0.031904 -0.034122
0.040564 -0.042028
0.047559 -0.047613
0.051062 -0.051961
0.051064 -0.051383
0.050948 -0.063781
0.049967 -0.057995
0.067241 0.085042
0.047896 0.162554
0.062764 0.731489
2.964236 5.734980
2.580456 6.331142
3.650638 14.555379
3.603414 14.503606
6.114225 14.054110
8.201836 13.523007
11.873697 12.022472
15.443455 9.891684
11.235193 9.722587
10.719529 8.374362
10.582169 7.604281
10.555866 6.678005
10.967047 5.867946
11.070736 5.072633
10.736564 4.274562
10.684694 3.629110
10.823359 3.410314
11.192298 2.583265
11.817165 2.682075
11.933161 2.633430
11.926174 2.160449
12.199051 2.121218
12.325723 2.901486
12.556194 2.619472
12.830076 2.309919
12.548780 2.439671
12.120920 3.137598
11.808157 3.951582
11.408959 4.144684
10.672056 3.381843
10.726734 3.022817
11.128422 2.658736
11.071668 1.907915
11.010247 1.554190
11.396273 1.773981
11.562474 1.267572
11.215655 1.324464
11.177755 1.648902
11.685335 1.990979
11.487754 2.563698
11.411119 2.943493
11.287031 2.667747
11.453640 2.165776
11.380277 1.595108
11.514521 1.059505
10.730957 0.990363
11.110742 0.974899
11.283002 1.435449
11.265581 1.487112
11.548069 1.216115
11.714058 1.130193
11.997615 1.122312
11.897949 0.965200
12.204122 0.823999
12.149668 1.147113
12.494365 1.461560
12.744953 0.311663
13.112458 -0.223165
12.729622 -0.235751
12.701656 0.159744
12.596524 0.502461
12.841238 0.712668
12.837557 1.212513
13.450506 1.342947
13.821994 1.149246
13.379434 1.228257
13.079905 1.288979
13.272797 2.047219
13.129964 1.251618
12.993636 0.672099
13.116314 0.570380
14.159117 -0.009490
14.311518 -0.219222
14.147408 0.260372
13.964056 0.856485
12.812080 1.431892
12.418830 1.612037
12.187119 1.649287
12.085294 1.629844
12.016780 1.725117
12.173650 1.335376
11.675457 1.642891
11.280673 2.086915
11.351371 1.779122
11.712182 1.196822
11.838355 0.549909
12.235758 0.441827
12.381245 0.255672
12.570804 -0.346948
12.602074 -0.656855
12.548856 -0.673731
12.226392 0.130638
12.209620 0.128042
12.293282 -0.024146
12.327842 0.145959
12.560402 0.334913
13.212892 1.402422
13.382250 1.088922
13.151195 0.853948
13.488153 0.766484
14.124955 1.093685
14.826640 0.841430
15.496628 1.641451
15.710871 1.294011
16.063662 1.368303
16.119082 0.878285
16.199212 1.718637
16.260519 2.644093
16.376922 3.723769
16.421890 4.309923
16.101670 4.743395
15.729979 5.076299
15.505073 5.827592
15.072636 5.329287
14.699974 5.111922
14.947700 4.613042
14.782245 4.126414
14.828705 3.538784
14.852917 3.409509
14.779210 2.816550
14.245427 2.839896
13.758208 2.686116
13.589757 2.354170
13.121568 2.543469
12.794688 3.805123
12.747960 4.524961
12.906056 5.161844
12.671667 5.785000
13.241510 5.827533
13.251789 5.266231
13.546863 4.711808
13.986495 4.691509
14.758090 4.481504
15.012537 4.203520
14.364624 4.234787
14.033018 4.156769
14.466031 3.117031
14.545784 2.727307
14.518761 2.175125
14.794085 1.622505
15.330185 0.668108
15.607629 0.507881
15.959587 0.290728
15.993263 0.490006
15.722941 0.892400
15.696671 1.446319
15.832327 0.913012
15.594269 0.600825
15.307310 0.090741
14.600936 -0.501860
14.856126 -0.402556
15.079713 -0.803056
14.949004 -1.382515
14.773917 -1.933362
15.667852 -2.119763
16.479212 -2.167543
16.630328 -1.818210
16.498590 -1.161908
16.110278 -0.483207
15.885773 -0.691620
16.456696 -0.891758
17.278206 -1.180939
17.683692 -0.629879
17.552235 -0.222743
17.958609 -0.610729
17.978495 -0.944510
17.487193 -0.493373
16.796041 -0.287967
16.245639 -0.283577
15.824718 -0.401443
15.454288 -1.072111
15.720526 -1.550802
15.942568 -1.959198
16.704517 -2.142196
16.658708 -2.319450
17.497499 -2.373726
17.832712 -1.983997
18.050572 -1.516180
17.746479 -1.322235
17.335409 -1.081880
16.771287 -1.409242
16.981575 -1.413983
17.471695 -1.217435
18.051551 -0.875220
18.397097 -1.068436
18.464050 -1.091260
18.627369 -1.419999
18.273466 -1.897073
18.007933 -1.931557
18.299731 -2.478517
18.172267 -2.429092
17.648082 -2.314999
17.732994 -2.666493
17.795391 -3.022277
17.725053 -3.191858
17.157449 -3.081770
17.002133 -2.752564
16.687382 -2.098954
16.420129 -1.743832
16.127099 -1.605452
15.803011 -1.154292
15.548637 -0.659495
15.353823 -0.255459
15.451725 -0.410272
15.540856 -0.617505
15.704528 -0.769993
15.753205 -1.156093
15.982879 -1.584187
16.287093 -2.183871
16.442407 -2.636507
16.324668 -2.952172
16.100922 -2.782892
15.817411 -2.291527
15.732423 -1.886836
15.865901 -2.119019
15.780192 -2.017143
15.872597 -1.978655
16.112799 -2.029496
16.078416 -1.911725
16.182507 -2.027439
16.294012 -2.120093
16.104427 -1.229316
15.790482 -0.553711
15.806054 -0.772881
16.128882 -1.460270
16.452244 -2.233580
17.031296 -3.005517
17.243227 -2.989965
17.370561 -2.711654
17.395068 -1.718634
17.295579 -1.374464
17.261594 -1.225571
17.205941 -1.026036
17.057318 -0.474857
17.025479 -0.369508
16.999211 -0.293743
16.993323 -0.272772
16.983218 -0.248619
16.826574 0.054892
16.729701 0.357334
16.680360 0.478522
16.684380 0.494789
16.680166 0.509590
16.672976 0.529436
16.651583 0.587572
16.648719 0.601831
16.641703 0.615314
16.637061 0.617607
16.632699 0.615790
16.628118 0.635827
16.626970 0.642992
16.621271 0.643380
16.621276 0.645604
16.620851 0.648517
16.613411 0.650193
16.610417 0.658855
16.602241 0.657114
16.596906 0.653901
16.591743 0.652862
16.582371 0.649151
16.575875 0.645072
16.572526 0.641657
16.346200 0.510014
16.105164 0.457395
15.916706 0.404272
15.734829 0.167420
15.740600 0.167972
15.750022 0.173800
15.762158 0.179669
15.812794 0.198731
15.847389 0.223641
15.938561 0.286322
15.929609 0.295394
15.923205 0.311160
15.916039 0.321278
15.910659 0.321645
15.905608 0.324496
15.894414 0.324945
15.890715 0.327232
15.878467 0.324821
15.868122 0.328679
15.859331 0.329228
15.812188 0.100081
15.810785 0.100020
15.809084 0.102885
15.804968 0.100926
15.794782 0.106897
15.784619 0.111217
15.779590 0.122243
15.772987 0.129126
15.771220 0.139521
15.760231 0.160158
15.754471 0.159857
15.752671 0.164637
15.778096 0.199805
15.780818 0.230608
15.776772 0.255841
15.714686 0.271900
15.692949 0.292660
15.703282 0.322709
15.671275 0.328886
15.703064 0.327953
15.763625 0.334369
15.819720 0.341438
15.855611 0.314847
15.950798 0.241788
16.076090 0.185740
16.095010 0.137706
16.095101 0.136640
16.093877 0.134581
16.094646 0.135914
16.044876 0.068744
16.051300 0.048521
16.052597 0.049428
16.051724 0.052543
16.050677 0.055163
16.046892 0.071731
16.042674 0.075703
16.037986 0.078438
16.031486 0.081037
16.032492 0.082071
16.026292 0.085776
16.027589 0.086074
16.024081 0.094499
16.023343 0.096774
16.021520 0.097042
16.020902 0.094903
16.016194 0.094699
16.015429 0.097322
16.015083 0.097697
16.012388 0.097667
16.013323 0.098916
16.010926 0.100383
16.009101 0.101694
16.008835 0.102733
16.005348 0.106282
16.005263 0.104675
16.001385 0.107606
16.001290 0.107909
16.001866 0.108953
16.001234 0.108264
16.002469 0.107602
16.001947 0.109593
16.001084 0.110231
16.000680 0.111753
