-1.072030 -8.666050 175.499566
-1.488968 -9.205019 174.748396
-1.488968 -9.205019 174.748396
-1.488968 -9.205019 174.748396
-1.488968 -9.205019 174.748396
-1.488968 -9.205019 174.748396
0.015466 -9.177978 154.247118
0.015466 -9.177978 154.247118
0.015466 -9.177978 154.247118
0.015466 -9.177978 154.247118
0.015466 -9.177978 154.247118
0.015466 -9.177978 154.247118
-3.062360 -4.753324 148.198795
-3.062360 -4.753324 148.198795
-3.062360 -4.753324 148.198795
-3.062360 -4.753324 148.198795
1.240122 -3.699459 147.325295
1.240122 -3.699459 147.325295
1.240122 -3.699459 147.325295
1.240122 -3.699459 147.325295
1.240122 -3.699459 147.325295
-0.708125 -2.326272 146.771941
-0.708125 -2.326272 146.771941
-0.708125 -2.326272 146.771941
-0.708125 -2.326272 146.771941
-0.708125 -2.326272 146.771941
-0.708125 -2.326272 146.771941
0.112530 -1.750286 145.130564
0.112530 -1.750286 145.130564
0.112530 -1.750286 145.130564
0.112530 -1.750286 145.130564
0.112530 -1.750286 145.130564
-1.541942 -1.644606 142.568506
-1.541942 -1.644606 142.568506
-1.541942 -1.644606 142.568506
-1.541942 -1.644606 142.568506
-1.541942 -1.644606 142.568506
-1.147159 -1.231293 143.425066
-1.147159 -1.231293 143.425066
-1.147159 -1.231293 143.425066
-1.147159 -1.231293 143.425066
-1.147159 -1.231293 143.425066
-1.147159 -1.231293 143.425066
-0.606777 -0.935508 148.866664
-0.606777 -0.935508 148.866664
-0.606777 -0.935508 148.866664
-0.606777 -0.935508 148.866664
-0.606777 -0.935508 148.866664
0.377949 1.089431 146.837128
0.377949 1.089431 146.837128
0.377949 1.089431 146.837128
0.377949 1.089431 146.837128
0.377949 1.089431 146.837128
0.377949 1.089431 146.837128
-0.466579 2.224614 147.451736
-0.466579 2.224614 147.451736
-0.466579 2.224614 147.451736
-0.466579 2.224614 147.451736
-0.466579 2.224614 147.451736
-1.682582 2.209452 149.757826
-1.682582 2.209452 149.757826
-1.682582 2.209452 149.757826
-1.682582 2.209452 149.757826
-1.682582 2.209452 149.757826
-0.525598 2.239609 142.774340
-0.525598 2.239609 142.774340
-0.525598 2.239609 142.774340
-0.525598 2.239609 142.774340
-0.525598 2.239609 142.774340
-0.688205 1.716007 144.756393
-0.688205 1.716007 144.756393
-0.688205 1.716007 144.756393
-0.688205 1.716007 144.756393
-0.688205 1.716007 144.756393
1.243503 -0.475208 145.482046
1.243503 -0.475208 145.482046
1.243503 -0.475208 145.482046
1.243503 -0.475208 145.482046
1.243503 -0.475208 145.482046
1.243503 -0.475208 145.482046
0.804704 0.392228 134.039731
0.804704 0.392228 134.039731
0.804704 0.392228 134.039731
0.804704 0.392228 134.039731
0.804704 0.392228 134.039731
-0.317771 -0.013245 129.474733
-0.317771 -0.013245 129.474733
-0.317771 -0.013245 129.474733
-0.317771 -0.013245 129.474733
-0.317771 -0.013245 129.474733
-1.464024 0.599767 128.239534
-1.464024 0.599767 128.239534
-1.464024 0.599767 128.239534
-1.464024 0.599767 128.239534
-1.464024 0.599767 128.239534
-0.284371 1.458748 125.306022
-0.284371 1.458748 125.306022
-0.284371 1.458748 125.306022
-0.284371 1.458748 125.306022
-0.284371 1.458748 125.306022
-0.284371 1.458748 125.306022
-1.200739 2.961380 118.859676
-1.200739 2.961380 118.859676
-1.200739 2.961380 118.859676
-1.200739 2.961380 118.859676
-1.200739 2.961380 118.859676
0.580850 1.645752 112.814904
0.580850 1.645752 112.814904
0.580850 1.645752 112.814904
0.580850 1.645752 112.814904
0.580850 1.645752 112.814904
0.580850 1.645752 112.814904
-1.466340 -1.343413 115.071312
-1.466340 -1.343413 115.071312
-1.466340 -1.343413 115.071312
-1.466340 -1.343413 115.071312
-1.466340 -1.343413 115.071312
1.114580 6.068600 120.361812
1.114580 6.068600 120.361812
1.114580 6.068600 120.361812
1.114580 6.068600 120.361812
1.114580 6.068600 120.361812
4.109341 8.226838 124.546095
4.109341 8.226838 124.546095
4.109341 8.226838 124.546095
4.109341 8.226838 124.546095
4.109341 8.226838 124.546095
3.247448 6.534453 124.373073
3.247448 6.534453 124.373073
3.247448 6.534453 124.373073
3.247448 6.534453 124.373073
3.247448 6.534453 124.373073
3.247448 6.534453 124.373073
2.207391 5.734900 121.774213
2.207391 5.734900 121.774213
2.207391 5.734900 121.774213
2.207391 5.734900 121.774213
2.207391 5.734900 121.774213
3.109588 6.332717 121.917183
3.109588 6.332717 121.917183
3.109588 6.332717 121.917183
3.109588 6.332717 121.917183
3.109588 6.332717 121.917183
2.969574 5.986323 121.496334
2.969574 5.986323 121.496334
2.969574 5.986323 121.496334
2.969574 5.986323 121.496334
3.284630 5.861309 121.186940
3.284630 5.861309 121.186940
3.284630 5.861309 121.186940
3.284630 5.861309 121.186940
3.284630 5.861309 121.186940
3.012601 5.969550 121.101918
3.012601 5.969550 121.101918
3.012601 5.969550 121.101918
3.012601 5.969550 121.101918
3.012601 5.969550 121.101918
2.623321 5.927977 121.066975
2.623321 5.927977 121.066975
2.623321 5.927977 121.066975
2.623321 5.927977 121.066975
2.623321 5.927977 121.066975
2.623321 5.927977 121.066975
2.318057 6.030737 120.958825
2.318057 6.030737 120.958825
2.318057 6.030737 120.958825
2.318057 6.030737 120.958825
2.318057 6.030737 120.958825
2.318057 6.030737 120.958825
2.118267 6.117084 121.089965
2.118267 6.117084 121.089965
