-0.000003 0.000009
-0.000018 0.000012
-0.000037 0.000020
-0.000041 0.000016
-0.000047 0.000012
-0.000075 0.000008
-0.000097 0.000010
-0.000144 -0.000019
-0.000182 -0.000011
-0.000184 -0.000005
0.023819 -0.014533
0.023804 -0.014529
0.003807 0.008280
0.002990 0.008177
0.001827 0.009588
0.003458 0.010531
0.004702 0.010767
-0.011462 0.028446
-0.017444 0.031498
-0.011926 0.036694
-0.013101 0.041088
-0.015057 0.043669
-0.019970 0.050822
-0.009823 0.059642
-0.018992 0.060188
-0.028068 0.071233
-0.017145 0.056039
-0.016617 0.052396
-0.020337 0.057331
-0.013630 0.052575
-0.010179 0.056757
-0.003957 0.063043
-0.005302 0.070911
-0.009790 0.069817
-0.009856 0.071977
-0.007765 0.077550
-0.012432 0.077457
-0.016906 0.076062
-0.013577 0.075331
-0.018251 0.071219
-0.030137 0.078287
-0.042752 0.087266
-0.042402 0.089021
-0.052160 0.089037
-0.062950 0.088573
-0.074780 0.088395
-0.085461 0.095016
-0.099482 0.098667
-0.110209 0.096592
-0.106042 0.099212
-0.111914 0.102199
-0.124337 0.105159
-0.133422 0.111308
-0.143425 0.116735
-0.155768 0.121652
-0.158075 0.129023
-0.158270 0.130681
-0.161651 0.131705
-0.165818 0.139851
-0.170612 0.144783
-0.178891 0.150989
-0.183794 0.155806
-0.191718 0.164020
-0.198737 0.167800
-0.208653 0.171871
-0.214680 0.168047
-0.221096 0.180096
-0.229628 0.184865
-0.234696 0.190587
-0.240155 0.192376
-0.246144 0.193368
-0.250348 0.190301
-0.257427 0.186678
-0.264500 0.190366
-0.271241 0.191774
-0.277366 0.193849
-0.280574 0.197403
-0.282076 0.204106
-0.283924 0.215171
-0.284294 0.212216
-0.288631 0.201416
-0.295344 0.203144
-0.299989 0.196666
-0.300138 0.204541
-0.296308 0.209147
-0.295851 0.215931
-0.303873 0.225973
-0.312988 0.230534
-0.323037 0.236451
-0.329551 0.244660
-0.337555 0.251019
-0.334841 0.239975
-0.333356 0.235971
-0.333691 0.233362
-0.327739 0.229610
-0.322545 0.230395
-0.319660 0.226117
-0.300442 0.224171
-0.298533 0.225232
-0.295645 0.225092
-0.277189 0.209030
-0.277554 0.207820
-0.273346 0.205796
-0.291821 0.196128
-0.337576 0.232652
-0.323513 0.160388
-0.305994 0.158253
-0.280675 0.158627
-0.279272 0.162361
-0.284253 0.150235
-0.322665 0.165263
-0.309858 0.181434
-0.310055 0.180546
-0.313876 0.183648
-0.309792 0.175434
-0.315623 0.184406
-0.314434 0.179847
-0.314330 0.179719
-0.314328 0.179722
-0.314335 0.179728
-0.314336 0.179726
-0.314343 0.179735
-0.314351 0.179739
-0.314361 0.179743
-0.314373 0.179760
-0.314374 0.179773
-0.314377 0.179776
-0.314378 0.179778
-0.314378 0.179788
-0.314393 0.179793
-0.314393 0.179793
-0.314386 0.179796
-0.314392 0.179800
-0.314395 0.179813
-0.314396 0.179824
-0.314412 0.179825
-0.314412 0.179826
-0.314412 0.179836
-0.314415 0.179838
-0.314428 0.179840
-0.314429 0.179845
-0.314438 0.179851
-0.314447 0.179861
-0.314454 0.179873
-0.314466 0.179884
-0.314467 0.179887
-0.314471 0.179889
-0.314494 0.179891
-0.314502 0.179893
-0.314507 0.179897
-0.314506 0.179903
-0.314510 0.179910
-0.314521 0.179909
-0.314531 0.179916
-0.314546 0.179918
-0.314538 0.179921
