0.117700 0.083241
0.330539 0.115106
0.510518 0.119202
0.653722 0.240712
0.703510 0.273867
0.681957 0.237220
0.887019 0.485366
1.255121 0.515104
1.372736 0.508001
1.592971 0.506440
1.846967 0.595866
1.786133 0.673599
1.571401 0.740759
1.599956 0.677791
1.577909 0.723835
1.496789 0.902404
1.533562 0.995093
1.538331 0.967075
1.225411 0.909974
0.830236 1.004877
0.406479 1.133787
-0.174535 1.393273
-0.500645 1.951571
-0.700748 2.115342
-1.005828 2.144712
-1.513831 2.192956
-1.667886 2.440305
-2.106443 2.868759
-2.360151 3.026390
-2.936569 3.016899
-3.796243 3.173496
-4.574260 3.310206
-5.236726 3.457529
-5.768237 3.606284
-6.205771 3.536861
-6.817535 3.480412
-7.766648 3.669900
-8.277356 3.635809
-8.707269 3.623009
-9.078279 3.709063
-9.311182 3.697207
-10.098705 3.688152
-9.989985 3.630152
-10.075837 3.613154
-10.354179 3.613121
-10.407910 3.574716
-10.520941 3.606561
-10.698190 3.678513
-10.938965 3.785154
-11.217960 3.985406
-11.709221 4.380574
-12.450597 4.849345
-13.300185 5.304512
-14.213191 5.840103
-14.775228 6.094826
-15.147218 6.683560
-15.575580 7.217559
-16.368739 7.816925
-17.258464 8.272606
-18.170662 8.748118
-18.771848 8.966817
-19.201694 9.699869
-19.262341 9.900145
-20.017330 10.249998
-20.167582 10.154657
-20.432148 9.968801
-21.118647 9.998925
-21.520852 10.302529
-22.097237 10.494589
-22.802180 10.911948
-23.298213 11.400509
-23.745122 11.969332
-24.507080 12.475012
-25.333500 12.794027
-26.070414 13.090255
-26.314200 13.078566
-27.171293 13.337814
-26.753800 13.003794
-26.073605 13.127555
-26.844426 13.943231
-27.813589 14.555917
-28.716013 15.230561
-29.153483 15.532456
-29.612024 15.855990
-30.187344 16.612731
-30.610122 17.441535
-31.194914 18.186499
-31.667953 18.678158
-32.108265 19.086000
-32.744809 19.503404
-33.497471 20.016930
-34.009578 20.228569
-34.591870 20.688157
-35.044374 21.053836
-35.453700 21.472544
-35.627105 22.068711
-36.346853 23.070476
-36.524718 23.605729
-36.309145 23.949473
-36.081124 23.919666
-36.075858 24.384536
-36.176578 24.575591
-36.119411 24.611924
-36.292905 24.876372
-36.438341 24.930894
-36.791064 25.145224
-37.062812 25.468640
-37.268051 25.997927
-37.501227 26.240141
-37.632330 26.501101
-37.825460 26.016704
-37.827484 25.301076
-38.093825 25.327396
-38.686642 25.139152
-38.860263 24.925389
-39.024013 25.317248
-38.905813 26.366406
-38.380319 27.149404
-38.856661 27.026443
-39.184728 26.621907
-39.176165 26.217579
-39.840854 25.905508
-40.324426 25.517637
-41.147661 25.128041
-42.193163 24.900340
-42.684646 25.011806
-42.817247 24.102680
-43.095628 24.113035
-43.817782 24.020140
-43.850638 23.786168
-43.888438 23.237587
-44.559841 23.726695
-44.603797 24.098708
-43.964221 23.850524
-44.776837 23.739899
-44.969221 23.353416
-44.548110 22.811306
-45.055197 23.385535
-45.488458 24.020565
-45.892292 24.264590
-45.774612 24.065573
-45.173851 23.045990
-45.011357 22.317253
-44.781884 22.031920
-44.653090 21.889025
-45.014679 22.162498
-44.754097 21.828438
-44.796626 21.983560
-44.804236 22.565137
-44.908602 23.113428
-44.733830 23.027237
-44.291753 22.834342
-44.227566 22.854952
-44.656100 23.636561
-45.026887 24.372470
-44.638089 23.884881
-44.857369 24.078132
-44.472970 24.637288
-43.660925 24.587674
-43.828260 25.325053
-43.089564 24.759803
-42.446254 24.446407
-42.300198 24.710081
-42.128957 24.518308
-42.657891 25.049018
-43.210236 25.693126
-44.057101 26.327666
-43.782917 26.011562
-43.452145 25.639885
-42.854123 25.401893
-42.879132 25.575813
-43.131917 25.771254
-43.264140 25.629850
