0.040084 -13.040436 -116.450177
0.026051 -13.337210 -115.402863
0.026051 -13.337210 -115.402863
0.026051 -13.337210 -115.402863
0.016354 -13.511634 -114.438529
0.016354 -13.511634 -114.438529
0.016354 -13.511634 -114.438529
-0.263447 -13.620450 -115.420689
-0.263447 -13.620450 -115.420689
-0.263447 -13.620450 -115.420689
4.690307 -10.468019 -114.749132
4.690307 -10.468019 -114.749132
4.690307 -10.468019 -114.749132
4.690307 -10.468019 -114.749132
0.543999 -20.453942 -113.134243
0.543999 -20.453942 -113.134243
0.543999 -20.453942 -113.134243
0.543999 -20.453942 -113.134243
-2.119924 -18.744898 -113.414376
-2.119924 -18.744898 -113.414376
-2.119924 -18.744898 -113.414376
-2.119924 -18.744898 -113.414376
-2.119924 -18.744898 -113.414376
-8.293680 -9.298968 -125.726817
-8.293680 -9.298968 -125.726817
-8.293680 -9.298968 -125.726817
-8.293680 -9.298968 -125.726817
-6.903907 -7.172488 -126.514925
-6.903907 -7.172488 -126.514925
-6.903907 -7.172488 -126.514925
-6.903907 -7.172488 -126.514925
-6.903907 -7.172488 -126.514925
-0.972812 -1.322048 -128.910313
-0.972812 -1.322048 -128.910313
-0.972812 -1.322048 -128.910313
-0.972812 -1.322048 -128.910313
-0.972812 -1.322048 -128.910313
-0.972812 -1.322048 -128.910313
-2.072656 3.721838 -118.160306
-2.072656 3.721838 -118.160306
-2.072656 3.721838 -118.160306
-2.072656 3.721838 -118.160306
-2.072656 3.721838 -118.160306
-3.404626 1.518860 -106.929958
-3.404626 1.518860 -106.929958
-3.404626 1.518860 -106.929958
-3.404626 1.518860 -106.929958
-3.404626 1.518860 -106.929958
-3.849600 3.129876 -101.023211
-3.849600 3.129876 -101.023211
-3.849600 3.129876 -101.023211
-3.849600 3.129876 -101.023211
-3.849600 3.129876 -101.023211
-2.644479 3.194708 -104.099924
-2.644479 3.194708 -104.099924
-2.644479 3.194708 -104.099924
-2.644479 3.194708 -104.099924
-2.644479 3.194708 -104.099924
-4.141925 3.546609 -101.596516
-4.141925 3.546609 -101.596516
-4.141925 3.546609 -101.596516
-4.141925 3.546609 -101.596516
-4.141925 3.546609 -101.596516
-4.141925 3.546609 -101.596516
-4.581567 2.400410 -98.732393
-4.581567 2.400410 -98.732393
-4.581567 2.400410 -98.732393
-4.581567 2.400410 -98.732393
-7.842642 6.741788 -87.575579
-7.842642 6.741788 -87.575579
-7.842642 6.741788 -87.575579
-7.842642 6.741788 -87.575579
-7.842642 6.741788 -87.575579
-7.842642 6.741788 -87.575579
-8.279789 4.799372 -66.303788
-8.279789 4.799372 -66.303788
-8.279789 4.799372 -66.303788
-8.279789 4.799372 -66.303788
-8.279789 4.799372 -66.303788
-2.439738 -2.841830 -67.961871
-2.439738 -2.841830 -67.961871
-2.439738 -2.841830 -67.961871
-2.439738 -2.841830 -67.961871
-2.439738 -2.841830 -67.961871
-5.104242 1.108370 -87.779290
-5.104242 1.108370 -87.779290
-5.104242 1.108370 -87.779290
-5.104242 1.108370 -87.779290
-5.104242 1.108370 -87.779290
-3.835479 0.929856 -85.249763
-3.835479 0.929856 -85.249763
-3.835479 0.929856 -85.249763
-3.835479 0.929856 -85.249763
-3.835479 0.929856 -85.249763
-8.620229 -37.242091 -87.419858
-8.620229 -37.242091 -87.419858
-8.620229 -37.242091 -87.419858
-8.620229 -37.242091 -87.419858
-8.620229 -37.242091 -87.419858
-9.240276 -94.597553 -78.450945
-9.240276 -94.597553 -78.450945
-9.240276 -94.597553 -78.450945
-9.240276 -94.597553 -78.450945
-9.240276 -94.597553 -78.450945
-7.504331 -112.713640 -72.059684
-7.504331 -112.713640 -72.059684
-7.504331 -112.713640 -72.059684
-7.504331 -112.713640 -72.059684
-7.504331 -112.713640 -72.059684
-7.504331 -112.713640 -72.059684
-4.133612 -98.712585 -71.922766
-4.133612 -98.712585 -71.922766
-4.133612 -98.712585 -71.922766
-4.133612 -98.712585 -71.922766
-4.133612 -98.712585 -71.922766
-4.351460 -84.039932 -71.683355
-4.351460 -84.039932 -71.683355
-4.351460 -84.039932 -71.683355
-4.351460 -84.039932 -71.683355
-4.351460 -84.039932 -71.683355
-3.338749 -75.845904 -76.960051
-3.338749 -75.845904 -76.960051
-3.338749 -75.845904 -76.960051
-3.338749 -75.845904 -76.960051
-3.338749 -75.845904 -76.960051
-36.836610 -26.605334 -92.809847
-36.836610 -26.605334 -92.809847
-36.836610 -26.605334 -92.809847
-36.836610 -26.605334 -92.809847
-36.836610 -26.605334 -92.809847
-36.836610 -26.605334 -92.809847
-64.169136 49.687997 -179.235775
-64.169136 49.687997 -179.235775
-64.169136 49.687997 -179.235775
-64.169136 49.687997 -179.235775
-64.169136 49.687997 -179.235775
-15.529260 92.639427 121.642746
-15.529260 92.639427 121.642746
-15.529260 92.639427 121.642746
-15.529260 92.639427 121.642746
-15.529260 92.639427 121.642746
-15.529260 92.639427 121.642746
1.955902 93.367334 88.969689
1.955902 93.367334 88.969689
1.955902 93.367334 88.969689
1.955902 93.367334 88.969689
1.155038 94.888342 77.212304
1.155038 94.888342 77.212304
1.155038 94.888342 77.212304
1.155038 94.888342 77.212304
1.155038 94.888342 77.212304
1.153332 95.338151 77.572999
1.153332 95.338151 77.572999
1.153332 95.338151 77.572999
1.153332 95.338151 77.572999
1.153332 95.338151 77.572999
1.022855 96.028758 77.262239
1.022855 96.028758 77.262239
1.022855 96.028758 77.262239
1.022855 96.028758 77.262239
1.022855 96.028758 77.262239
0.605091 96.511195 76.491323
0.605091 96.511195 76.491323
0.605091 96.511195 76.491323
0.605091 96.511195 76.491323
0.605091 96.511195 76.491323
1.120750 96.799121 79.719769
1.120750 96.799121 79.719769
1.120750 96.799121 79.719769
1.120750 96.799121 79.719769
1.120750 96.799121 79.719769
0.900045 96.863735 82.179074
0.900045 96.863735 82.179074
0.900045 96.863735 82.179074
0.900045 96.863735 82.179074
0.900045 96.863735 82.179074
1.182970 97.064331 82.318150
1.182970 97.064331 82.318150
1.182970 97.064331 82.318150
1.182970 97.064331 82.318150
1.182970 97.064331 82.318150
1.182970 97.064331 82.318150
1.323268 97.243288 82.703592
1.323268 97.243288 82.703592
1.323268 97.243288 82.703592
1.323268 97.243288 82.703592
1.323268 97.243288 82.703592
1.386084 97.106616 82.461181
1.386084 97.106616 82.461181
1.386084 97.106616 82.461181
1.386084 97.106616 82.461181
1.386084 97.106616 82.461181
1.233763 97.192827 82.329782
1.233763 97.192827 82.329782
1.233763 97.192827 82.329782
1.233763 97.192827 82.329782
1.233763 97.192827 82.329782
1.256942 97.083824 82.460908
1.256942 97.083824 82.460908
1.256942 97.083824 82.460908
1.256942 97.083824 82.460908
1.256942 97.083824 82.460908
1.293419 97.079261 82.601794
1.293419 97.079261 82.601794
1.293419 97.079261 82.601794
1.293419 97.079261 82.601794
1.293419 97.079261 82.601794
1.318287 96.985606 82.664031
1.318287 96.985606 82.664031
1.318287 96.985606 82.664031
1.318287 96.985606 82.664031
1.318287 96.985606 82.664031
1.326459 97.011841 82.692219
1.326459 97.011841 82.692219
1.326459 97.011841 82.692219
1.326459 97.011841 82.692219
1.326459 97.011841 82.692219
1.326459 97.011841 82.692219
1.299122 97.005953 82.627011
1.299122 97.005953 82.627011
1.299122 97.005953 82.627011
1.299122 97.005953 82.627011
1.299122 97.005953 82.627011
1.287973 97.048239 82.646375
1.287973 97.048239 82.646375
1.287973 97.048239 82.646375
1.287973 97.048239 82.646375
1.287973 97.048239 82.646375
1.308165 97.043929 82.708578
1.308165 97.043929 82.708578
1.308165 97.043929 82.708578
1.308165 97.043929 82.708578
1.308165 97.043929 82.708578
1.331720 97.001179 82.783314
1.331720 97.001179 82.783314
1.331720 97.001179 82.783314
1.331720 97.001179 82.783314
1.331720 97.001179 82.783314
1.307152 97.062869 82.832279
1.307152 97.062869 82.832279
1.307152 97.062869 82.832279
1.307152 97.062869 82.832279
1.307152 97.062869 82.832279
1.290353 97.099615 82.892781
1.290353 97.099615 82.892781
1.290353 97.099615 82.892781
1.290353 97.099615 82.892781
1.290353 97.099615 82.892781
1.259406 97.207505 82.874715
1.259406 97.207505 82.874715
1.259406 97.207505 82.874715
1.259406 97.207505 82.874715
1.259406 97.207505 82.874715
1.313293 97.145815 82.915471
1.313293 97.145815 82.915471
1.313293 97.145815 82.915471
1.313293 97.145815 82.915471
1.313293 97.145815 82.915471
1.313293 97.145815 82.915471
1.278807 97.208400 82.906332
1.278807 97.208400 82.906332
1.278807 97.208400 82.906332
1.278807 97.208400 82.906332
1.278807 97.208400 82.906332
1.275715 97.191386 82.956042
1.275715 97.191386 82.956042
1.275715 97.191386 82.956042
1.275715 97.191386 82.956042
1.275715 97.191386 82.956042
1.251136 97.234464 82.963699
1.251136 97.234464 82.963699
1.251136 97.234464 82.963699
1.251136 97.234464 82.963699
1.251136 97.234464 82.963699
1.222403 97.284652 82.947935
1.222403 97.284652 82.947935
1.222403 97.284652 82.947935
1.222403 97.284652 82.947935
1.222403 97.284652 82.947935
1.143755 97.336568 82.899686
1.143755 97.336568 82.899686
1.143755 97.336568 82.899686
1.143755 97.336568 82.899686
1.127432 97.346247 82.934793
1.127432 97.346247 82.934793
1.127432 97.346247 82.934793
1.127432 97.346247 82.934793
1.127432 97.346247 82.934793
1.124449 97.452825 83.018272
1.124449 97.452825 83.018272
1.124449 97.452825 83.018272
1.124449 97.452825 83.018272
1.124449 97.452825 83.018272
1.141304 97.313544 83.104291
1.141304 97.313544 83.104291
1.141304 97.313544 83.104291
1.141304 97.313544 83.104291
1.141304 97.313544 83.104291
1.141304 97.313544 83.104291
1.168363 97.217559 83.251400
1.168363 97.217559 83.251400
1.168363 97.217559 83.251400
1.168363 97.217559 83.251400
1.268173 97.178777 83.426273
1.268173 97.178777 83.426273
1.268173 97.178777 83.426273
1.268173 97.178777 83.426273
1.268173 97.178777 83.426273
1.268173 97.178777 83.426273
1.334575 97.134101 83.501972
1.334575 97.134101 83.501972
1.334575 97.134101 83.501972
1.334575 97.134101 83.501972
1.334575 97.134101 83.501972
1.307886 97.100975 83.503011
1.307886 97.100975 83.503011
1.307886 97.100975 83.503011
1.307886 97.100975 83.503011
1.307886 97.100975 83.503011
1.307133 97.089671 83.542291
1.307133 97.089671 83.542291
1.307133 97.089671 83.542291
1.307133 97.089671 83.542291
1.307133 97.089671 83.542291
1.307133 97.089671 83.542291
1.288613 97.073743 83.558854
1.288613 97.073743 83.558854
1.288613 97.073743 83.558854
1.288613 97.073743 83.558854
1.288613 97.073743 83.558854
1.297824 97.075409 83.615620
1.297824 97.075409 83.615620
1.297824 97.075409 83.615620
1.297824 97.075409 83.615620
1.297824 97.075409 83.615620
1.354646 97.022742 83.761724
1.354646 97.022742 83.761724
1.354646 97.022742 83.761724
1.354646 97.022742 83.761724
1.354646 97.022742 83.761724
1.304352 97.204274 83.931086
1.304352 97.204274 83.931086
1.304352 97.204274 83.931086
1.304352 97.204274 83.931086
1.304352 97.204274 83.931086
1.273567 97.141963 83.925895
1.273567 97.141963 83.925895
1.273567 97.141963 83.925895
1.273567 97.141963 83.925895
1.273567 97.141963 83.925895
1.273567 97.141963 83.925895
1.331439 97.058156 84.058564
1.331439 97.058156 84.058564
1.331439 97.058156 84.058564
1.331439 97.058156 84.058564
1.331439 97.058156 84.058564
1.305237 97.049386 84.045232
1.305237 97.049386 84.045232
1.305237 97.049386 84.045232
1.305237 97.049386 84.045232
1.305237 97.049386 84.045232
1.305237 97.049386 84.045232
1.264208 97.093844 84.048954
1.264208 97.093844 84.048954
1.264208 97.093844 84.048954
1.264208 97.093844 84.048954
1.264208 97.093844 84.048954
1.335019 96.860579 84.293960
1.335019 96.860579 84.293960
1.335019 96.860579 84.293960
1.335019 96.860579 84.293960
1.335019 96.860579 84.293960
1.335019 96.860579 84.293960
1.351191 96.827357 84.344060
1.351191 96.827357 84.344060
1.351191 96.827357 84.344060
1.351191 96.827357 84.344060
1.351191 96.827357 84.344060
1.351191 96.827357 84.344060
1.311944 96.888815 84.318897
1.311944 96.888815 84.318897
1.311944 96.888815 84.318897
1.311944 96.888815 84.318897
1.311944 96.888815 84.318897
1.310897 96.878761 84.339695
1.310897 96.878761 84.339695
1.310897 96.878761 84.339695
1.310897 96.878761 84.339695
1.310897 96.878761 84.339695
1.310897 96.878761 84.339695
1.365155 96.954788 84.520804
1.365155 96.954788 84.520804
1.365155 96.954788 84.520804
1.365155 96.954788 84.520804
1.365155 96.954788 84.520804
1.277202 97.056285 84.437859
1.277202 97.056285 84.437859
1.277202 97.056285 84.437859
1.277202 97.056285 84.437859
1.277202 97.056285 84.437859
1.277202 97.056285 84.437859
1.266687 97.081153 84.450050
1.266687 97.081153 84.450050
1.266687 97.081153 84.450050
1.266687 97.081153 84.450050
1.266687 97.081153 84.450050
1.276573 97.096446 84.499078
1.276573 97.096446 84.499078
1.276573 97.096446 84.499078
1.276573 97.096446 84.499078
1.276573 97.096446 84.499078
1.267327 97.113330 84.532648
1.267327 97.113330 84.532648
1.267327 97.113330 84.532648
1.267327 97.113330 84.532648
1.267327 97.113330 84.532648
1.267327 97.113330 84.532648
1.247053 97.140255 84.574353
1.247053 97.140255 84.574353
1.247053 97.140255 84.574353
1.247053 97.140255 84.574353
1.247053 97.140255 84.574353
1.208886 97.180608 84.597070
1.208886 97.180608 84.597070
1.208886 97.180608 84.597070
1.208886 97.180608 84.597070
1.208886 97.180608 84.597070
1.211607 97.145009 84.572536
1.211607 97.145009 84.572536
1.211607 97.145009 84.572536
1.211607 97.145009 84.572536
1.211607 97.145009 84.572536
1.211607 97.145009 84.572536
1.193281 97.168546 84.584974
1.193281 97.168546 84.584974
1.193281 97.168546 84.584974
1.193281 97.168546 84.584974
1.193281 97.168546 84.584974
1.213965 97.187909 84.654744
1.213965 97.187909 84.654744
1.213965 97.187909 84.654744
1.213965 97.187909 84.654744
1.213965 97.187909 84.654744
1.213965 97.187909 84.654744
1.228640 97.163758 84.711148
1.228640 97.163758 84.711148
1.228640 97.163758 84.711148
1.228640 97.163758 84.711148
1.228640 97.163758 84.711148
1.228640 97.163758 84.711148
1.259606 97.156224 84.791799
1.259606 97.156224 84.791799
1.259606 97.156224 84.791799
1.259606 97.156224 84.791799
1.259606 97.156224 84.791799
1.268486 97.180123 84.824393
1.268486 97.180123 84.824393
1.268486 97.180123 84.824393
1.268486 97.180123 84.824393
1.268486 97.180123 84.824393
1.245893 97.177480 84.878522
1.245893 97.177480 84.878522
1.245893 97.177480 84.878522
1.245893 97.177480 84.878522
1.245893 97.177480 84.878522
1.274850 97.168170 84.952882
1.274850 97.168170 84.952882
1.274850 97.168170 84.952882
1.274850 97.168170 84.952882
1.274850 97.168170 84.952882
1.270867 97.201481 84.993187
1.270867 97.201481 84.993187
1.270867 97.201481 84.993187
1.270867 97.201481 84.993187
1.270867 97.201481 84.993187
1.286311 97.198243 85.044475
1.286311 97.198243 85.044475
1.286311 97.198243 85.044475
1.286311 97.198243 85.044475
1.286311 97.198243 85.044475
1.286311 97.198243 85.044475
1.252129 97.182616 85.065737
1.252129 97.182616 85.065737
1.252129 97.182616 85.065737
1.252129 97.182616 85.065737
1.252129 97.182616 85.065737
1.262184 97.190505 85.089909
1.262184 97.190505 85.089909
1.262184 97.190505 85.089909
1.262184 97.190505 85.089909
1.262184 97.190505 85.089909
1.262184 97.190505 85.089909
1.260171 97.221999 85.098372
1.260171 97.221999 85.098372
1.260171 97.221999 85.098372
1.260171 97.221999 85.098372
1.260171 97.221999 85.098372
1.302779 97.221671 85.213877
1.302779 97.221671 85.213877
1.302779 97.221671 85.213877
1.302779 97.221671 85.213877
1.302779 97.221671 85.213877
1.302779 97.221671 85.213877
1.310021 97.183811 85.299221
1.310021 97.183811 85.299221
1.310021 97.183811 85.299221
1.310021 97.183811 85.299221
1.310021 97.183811 85.299221
1.310795 97.189801 85.346281
1.310795 97.189801 85.346281
1.310795 97.189801 85.346281
1.310795 97.189801 85.346281
1.310795 97.189801 85.346281
1.351165 97.213857 85.423906
1.351165 97.213857 85.423906
1.351165 97.213857 85.423906
1.351165 97.213857 85.423906
1.351165 97.213857 85.423906
1.351165 97.213857 85.423906
1.340610 97.198052 85.468247
1.340610 97.198052 85.468247
1.340610 97.198052 85.468247
1.340610 97.198052 85.468247
1.340610 97.198052 85.468247
1.334985 97.164236 85.518244
1.334985 97.164236 85.518244
1.334985 97.164236 85.518244
1.334985 97.164236 85.518244
1.334985 97.164236 85.518244
1.331685 97.140665 85.534814
1.331685 97.140665 85.534814
1.331685 97.140665 85.534814
1.331685 97.140665 85.534814
1.331685 97.140665 85.534814
1.331685 97.140665 85.534814
1.322261 97.127599 85.524726
1.322261 97.127599 85.524726
1.322261 97.127599 85.524726
1.322261 97.127599 85.524726
1.322261 97.127599 85.524726
1.260663 97.169468 85.550169
1.260663 97.169468 85.550169
1.260663 97.169468 85.550169
1.260663 97.169468 85.550169
1.260663 97.169468 85.550169
1.189819 97.304945 85.549485
1.189819 97.304945 85.549485
1.189819 97.304945 85.549485
1.189819 97.304945 85.549485
1.189819 97.304945 85.549485
1.218964 97.328324 85.614912
1.218964 97.328324 85.614912
1.218964 97.328324 85.614912
1.218964 97.328324 85.614912
1.224450 97.346540 85.664397
1.224450 97.346540 85.664397
1.224450 97.346540 85.664397
1.224450 97.346540 85.664397
1.224450 97.346540 85.664397
1.224450 97.346540 85.664397
1.212457 97.301277 85.689047
1.212457 97.301277 85.689047
1.212457 97.301277 85.689047
1.212457 97.301277 85.689047
1.212457 97.301277 85.689047
1.247389 97.304740 85.748545
1.247389 97.304740 85.748545
1.247389 97.304740 85.748545
1.247389 97.304740 85.748545
1.247389 97.304740 85.748545
1.243935 97.284734 85.774670
1.243935 97.284734 85.774670
1.243935 97.284734 85.774670
1.243935 97.284734 85.774670
1.243935 97.284734 85.774670
1.243935 97.284734 85.774670
1.179656 97.372768 85.795249
1.179656 97.372768 85.795249
1.179656 97.372768 85.795249
1.179656 97.372768 85.795249
1.179656 97.372768 85.795249
1.155782 97.367209 85.761816
1.155782 97.367209 85.761816
1.155782 97.367209 85.761816
1.155782 97.367209 85.761816
1.155782 97.367209 85.761816
1.110170 97.452156 85.818650
1.110170 97.452156 85.818650
1.110170 97.452156 85.818650
1.110170 97.452156 85.818650
1.110170 97.452156 85.818650
1.069561 97.388601 85.779963
1.069561 97.388601 85.779963
1.069561 97.388601 85.779963
1.069561 97.388601 85.779963
1.069561 97.388601 85.779963
1.058872 97.290656 85.846018
1.058872 97.290656 85.846018
1.058872 97.290656 85.846018
1.058872 97.290656 85.846018
1.058872 97.290656 85.846018
1.058872 97.290656 85.846018
1.017343 97.340639 85.902866
1.017343 97.340639 85.902866
1.017343 97.340639 85.902866
1.017343 97.340639 85.902866
1.017343 97.340639 85.902866
1.031320 97.397398 85.904778
1.031320 97.397398 85.904778
1.031320 97.397398 85.904778
1.031320 97.397398 85.904778
1.031320 97.397398 85.904778
1.025416 97.358377 85.844700
1.025416 97.358377 85.844700
1.025416 97.358377 85.844700
1.025416 97.358377 85.844700
1.025416 97.358377 85.844700
1.025416 97.358377 85.844700
1.071717 97.283867 85.979733
1.071717 97.283867 85.979733
1.071717 97.283867 85.979733
1.071717 97.283867 85.979733
1.071717 97.283867 85.979733
1.073004 97.694231 86.016247
1.073004 97.694231 86.016247
1.073004 97.694231 86.016247
1.073004 97.694231 86.016247
1.073004 97.694231 86.016247
1.152350 97.581991 86.080191
1.152350 97.581991 86.080191
1.152350 97.581991 86.080191
1.152350 97.581991 86.080191
1.152350 97.581991 86.080191
1.137241 97.389612 86.067036
1.137241 97.389612 86.067036
1.137241 97.389612 86.067036
1.137241 97.389612 86.067036
1.137241 97.389612 86.067036
1.137241 97.389612 86.067036
1.181682 97.233070 86.190260
1.181682 97.233070 86.190260
1.181682 97.233070 86.190260
1.181682 97.233070 86.190260
1.181682 97.233070 86.190260
1.186895 97.223139 86.237818
1.186895 97.223139 86.237818
1.186895 97.223139 86.237818
1.186895 97.223139 86.237818
1.186895 97.223139 86.237818
1.207654 97.212758 86.267250
1.207654 97.212758 86.267250
1.207654 97.212758 86.267250
1.207654 97.212758 86.267250
1.207654 97.212758 86.267250
1.207654 97.212758 86.267250
1.272808 96.586846 85.857739
1.272808 96.586846 85.857739
1.272808 96.586846 85.857739
1.272808 96.586846 85.857739
1.272808 96.586846 85.857739
1.056402 105.489506 85.319861
1.056402 105.489506 85.319861
1.056402 105.489506 85.319861
1.056402 105.489506 85.319861
1.056402 105.489506 85.319861
-4.418131 99.655459 87.611151
-4.418131 99.655459 87.611151
-4.418131 99.655459 87.611151
-4.418131 99.655459 87.611151
-4.418131 99.655459 87.611151
-7.242759 61.757191 112.719165
-7.242759 61.757191 112.719165
-7.242759 61.757191 112.719165
-7.242759 61.757191 112.719165
-7.242759 61.757191 112.719165
-7.242759 61.757191 112.719165
-1.170324 28.779648 118.605388
-1.170324 28.779648 118.605388
-1.170324 28.779648 118.605388
-1.170324 28.779648 118.605388
-1.170324 28.779648 118.605388
2.648945 6.731029 110.190882
2.648945 6.731029 110.190882
2.648945 6.731029 110.190882
2.648945 6.731029 110.190882
2.648945 6.731029 110.190882
2.648945 6.731029 110.190882
1.693904 5.733720 104.576016
1.693904 5.733720 104.576016
1.693904 5.733720 104.576016
1.693904 5.733720 104.576016
1.693904 5.733720 104.576016
1.503505 0.245775 118.953373
1.503505 0.245775 118.953373
1.503505 0.245775 118.953373
1.503505 0.245775 118.953373
1.503505 0.245775 118.953373
1.503505 0.245775 118.953373
-1.627696 2.665429 118.194388
-1.627696 2.665429 118.194388
-1.627696 2.665429 118.194388
-1.627696 2.665429 118.194388
-1.627696 2.665429 118.194388
2.422050 -0.182454 128.954873
2.422050 -0.182454 128.954873
2.422050 -0.182454 128.954873
2.422050 -0.182454 128.954873
2.422050 -0.182454 128.954873
2.422050 -0.182454 128.954873
5.297978 5.219052 141.183425
5.297978 5.219052 141.183425
5.297978 5.219052 141.183425
5.297978 5.219052 141.183425
1.808169 -0.497512 159.774476
1.808169 -0.497512 159.774476
1.808169 -0.497512 159.774476
1.808169 -0.497512 159.774476
1.808169 -0.497512 159.774476
1.553959 -0.777692 167.447156
1.553959 -0.777692 167.447156
1.553959 -0.777692 167.447156
1.553959 -0.777692 167.447156
1.553959 -0.777692 167.447156
1.553959 -0.777692 167.447156
-1.911313 -0.959518 164.754381
-1.911313 -0.959518 164.754381
-1.911313 -0.959518 164.754381
-1.911313 -0.959518 164.754381
-1.911313 -0.959518 164.754381
-3.144236 2.685688 162.070308
-3.144236 2.685688 162.070308
-3.144236 2.685688 162.070308
-3.144236 2.685688 162.070308
-3.144236 2.685688 162.070308
-2.314939 4.040652 160.916470
-2.314939 4.040652 160.916470
-2.314939 4.040652 160.916470
-2.314939 4.040652 160.916470
-2.314939 4.040652 160.916470
-1.099777 3.103561 160.175313
-1.099777 3.103561 160.175313
-1.099777 3.103561 160.175313
-1.099777 3.103561 160.175313
-1.099777 3.103561 160.175313
-1.195435 1.103173 160.191869
-1.195435 1.103173 160.191869
-1.195435 1.103173 160.191869
-1.195435 1.103173 160.191869
-1.195435 1.103173 160.191869
-1.195435 1.103173 160.191869
-0.121091 2.469030 159.022404
-0.121091 2.469030 159.022404
-0.121091 2.469030 159.022404
-0.121091 2.469030 159.022404
-0.121091 2.469030 159.022404
-0.004647 1.268767 157.590592
-0.004647 1.268767 157.590592
-0.004647 1.268767 157.590592
-0.004647 1.268767 157.590592
-0.004647 1.268767 157.590592
0.944836 2.266575 157.660410
0.944836 2.266575 157.660410
0.944836 2.266575 157.660410
0.944836 2.266575 157.660410
0.944836 2.266575 157.660410
0.944836 2.266575 157.660410
0.700487 1.575487 155.707372
0.700487 1.575487 155.707372
0.700487 1.575487 155.707372
0.700487 1.575487 155.707372
0.700487 1.575487 155.707372
1.865510 3.152582 156.036710
1.865510 3.152582 156.036710
1.865510 3.152582 156.036710
1.865510 3.152582 156.036710
1.865510 3.152582 156.036710
-0.467386 0.616121 170.989948
-0.467386 0.616121 170.989948
-0.467386 0.616121 170.989948
-0.467386 0.616121 170.989948
-0.467386 0.616121 170.989948
-0.467386 0.616121 170.989948
0.032465 3.972099 -166.597453
0.032465 3.972099 -166.597453
0.032465 3.972099 -166.597453
0.032465 3.972099 -166.597453
0.032465 3.972099 -166.597453
-1.962700 6.918218 -159.481775
-1.962700 6.918218 -159.481775
-1.962700 6.918218 -159.481775
-1.962700 6.918218 -159.481775
-1.962700 6.918218 -159.481775
-5.781412 2.505442 -162.836505
-5.781412 2.505442 -162.836505
-5.781412 2.505442 -162.836505
-5.781412 2.505442 -162.836505
-5.781412 2.505442 -162.836505
-5.781412 2.505442 -162.836505
-10.263031 2.487679 -161.440619
-10.263031 2.487679 -161.440619
-10.263031 2.487679 -161.440619
-10.263031 2.487679 -161.440619
-10.263031 2.487679 -161.440619
-2.118975 -2.693302 -135.634552
-2.118975 -2.693302 -135.634552
-2.118975 -2.693302 -135.634552
-2.118975 -2.693302 -135.634552
-2.118975 -2.693302 -135.634552
-0.733029 -5.656090 -122.000293
-0.733029 -5.656090 -122.000293
-0.733029 -5.656090 -122.000293
-0.733029 -5.656090 -122.000293
-0.733029 -5.656090 -122.000293
-1.435747 -4.207496 -109.021977
-1.435747 -4.207496 -109.021977
-1.435747 -4.207496 -109.021977
-1.435747 -4.207496 -109.021977
-1.435747 -4.207496 -109.021977
1.637273 -1.358605 -99.014514
1.637273 -1.358605 -99.014514
1.637273 -1.358605 -99.014514
1.637273 -1.358605 -99.014514
1.637273 -1.358605 -99.014514
0.862362 -1.547433 -89.449510
0.862362 -1.547433 -89.449510
0.862362 -1.547433 -89.449510
0.862362 -1.547433 -89.449510
0.862362 -1.547433 -89.449510
-1.019602 -1.155293 -83.361373
-1.019602 -1.155293 -83.361373
-1.019602 -1.155293 -83.361373
-1.019602 -1.155293 -83.361373
-1.019602 -1.155293 -83.361373
-1.553542 -0.802927 -77.923265
-1.553542 -0.802927 -77.923265
-1.553542 -0.802927 -77.923265
-1.553542 -0.802927 -77.923265
-1.553542 -0.802927 -77.923265
-1.786032 -0.470409 -73.530839
-1.786032 -0.470409 -73.530839
-1.786032 -0.470409 -73.530839
-1.786032 -0.470409 -73.530839
-1.786032 -0.470409 -73.530839
-1.786032 -0.470409 -73.530839
-1.991250 -0.412120 -70.575532
-1.991250 -0.412120 -70.575532
-1.991250 -0.412120 -70.575532
-1.991250 -0.412120 -70.575532
-1.991250 -0.412120 -70.575532
-2.075917 -0.388920 -68.518299
-2.075917 -0.388920 -68.518299
-2.075917 -0.388920 -68.518299
-2.075917 -0.388920 -68.518299
-2.075917 -0.388920 -68.518299
-1.908532 -0.355949 -66.973119
-1.908532 -0.355949 -66.973119
-1.908532 -0.355949 -66.973119
-1.908532 -0.355949 -66.973119
-1.908532 -0.355949 -66.973119
-2.115433 0.223625 -65.044998
-2.115433 0.223625 -65.044998
-2.115433 0.223625 -65.044998
-2.115433 0.223625 -65.044998
-2.115433 0.223625 -65.044998
-3.440955 0.571037 -65.408262
-3.440955 0.571037 -65.408262
-3.440955 0.571037 -65.408262
-3.440955 0.571037 -65.408262
-3.440955 0.571037 -65.408262
-3.440955 0.571037 -65.408262
-2.264542 1.909649 -66.899026
-2.264542 1.909649 -66.899026
-2.264542 1.909649 -66.899026
-2.264542 1.909649 -66.899026
-2.264542 1.909649 -66.899026
-1.211086 1.011773 -69.271444
-1.211086 1.011773 -69.271444
-1.211086 1.011773 -69.271444
-1.211086 1.011773 -69.271444
-1.211086 1.011773 -69.271444
-1.453759 0.003325 -72.251134
-1.453759 0.003325 -72.251134
-1.453759 0.003325 -72.251134
-1.453759 0.003325 -72.251134
-1.453759 0.003325 -72.251134
-2.166923 -1.338052 -75.425035
-2.166923 -1.338052 -75.425035
-2.166923 -1.338052 -75.425035
-2.166923 -1.338052 -75.425035
-2.166923 -1.338052 -75.425035
-2.166923 -1.338052 -75.425035
-1.816522 -0.687526 -78.915555
-1.816522 -0.687526 -78.915555
-1.816522 -0.687526 -78.915555
-1.816522 -0.687526 -78.915555
-1.816522 -0.687526 -78.915555
-1.055611 -1.257510 -81.994843
-1.055611 -1.257510 -81.994843
-1.055611 -1.257510 -81.994843
-1.055611 -1.257510 -81.994843
-1.055611 -1.257510 -81.994843
-0.950895 -2.209602 -85.036074
-0.950895 -2.209602 -85.036074
-0.950895 -2.209602 -85.036074
-0.950895 -2.209602 -85.036074
-0.950895 -2.209602 -85.036074
-0.950895 -2.209602 -85.036074
-0.881037 -2.266925 -87.719723
-0.881037 -2.266925 -87.719723
-0.881037 -2.266925 -87.719723
-0.881037 -2.266925 -87.719723
-0.881037 -2.266925 -87.719723
-0.857140 -0.814515 -89.531274
-0.857140 -0.814515 -89.531274
-0.857140 -0.814515 -89.531274
-0.857140 -0.814515 -89.531274
-0.857140 -0.814515 -89.531274
-1.295847 -0.775404 -91.502986
-1.295847 -0.775404 -91.502986
-1.295847 -0.775404 -91.502986
-1.295847 -0.775404 -91.502986
-1.295847 -0.775404 -91.502986
0.070613 -0.579337 -92.244116
0.070613 -0.579337 -92.244116
0.070613 -0.579337 -92.244116
0.070613 -0.579337 -92.244116
0.070613 -0.579337 -92.244116
3.849248 -1.413053 -91.664192
3.849248 -1.413053 -91.664192
3.849248 -1.413053 -91.664192
3.849248 -1.413053 -91.664192
3.849248 -1.413053 -91.664192
6.386779 -1.511768 -91.316139
6.386779 -1.511768 -91.316139
6.386779 -1.511768 -91.316139
6.386779 -1.511768 -91.316139
6.386779 -1.511768 -91.316139
8.751669 -0.615763 -90.616796
8.751669 -0.615763 -90.616796
8.751669 -0.615763 -90.616796
8.751669 -0.615763 -90.616796
8.751669 -0.615763 -90.616796
8.751669 -0.615763 -90.616796
11.139634 -0.005965 -89.792269
11.139634 -0.005965 -89.792269
11.139634 -0.005965 -89.792269
11.139634 -0.005965 -89.792269
11.139634 -0.005965 -89.792269
11.139634 -0.005965 -89.792269
13.225540 1.082297 -89.045784
13.225540 1.082297 -89.045784
13.225540 1.082297 -89.045784
13.225540 1.082297 -89.045784
13.225540 1.082297 -89.045784
17.063228 1.537204 -88.089961
17.063228 1.537204 -88.089961
17.063228 1.537204 -88.089961
17.063228 1.537204 -88.089961
17.063228 1.537204 -88.089961
20.490533 1.879487 -86.684035
20.490533 1.879487 -86.684035
20.490533 1.879487 -86.684035
20.490533 1.879487 -86.684035
20.490533 1.879487 -86.684035
24.588932 1.980032 -85.256265
24.588932 1.980032 -85.256265
24.588932 1.980032 -85.256265
24.588932 1.980032 -85.256265
24.588932 1.980032 -85.256265
26.085136 2.191649 -84.863700
26.085136 2.191649 -84.863700
26.085136 2.191649 -84.863700
26.085136 2.191649 -84.863700
26.085136 2.191649 -84.863700
26.854084 2.429523 -84.225802
26.854084 2.429523 -84.225802
26.854084 2.429523 -84.225802
26.854084 2.429523 -84.225802
26.854084 2.429523 -84.225802
27.010244 2.453997 -84.050901
27.010244 2.453997 -84.050901
27.010244 2.453997 -84.050901
27.010244 2.453997 -84.050901
27.010244 2.453997 -84.050901
28.666229 3.122621 -83.876335
28.666229 3.122621 -83.876335
28.666229 3.122621 -83.876335
28.666229 3.122621 -83.876335
28.666229 3.122621 -83.876335
29.756836 2.576072 -83.790363
29.756836 2.576072 -83.790363
29.756836 2.576072 -83.790363
29.756836 2.576072 -83.790363
29.756836 2.576072 -83.790363
29.756836 2.576072 -83.790363
29.756836 2.576072 -83.790363
29.892005 2.398063 -83.684052
29.892005 2.398063 -83.684052
29.892005 2.398063 -83.684052
29.892005 2.398063 -83.684052
29.892005 2.398063 -83.684052
25.886941 1.722158 -83.568772
25.886941 1.722158 -83.568772
25.886941 1.722158 -83.568772
25.886941 1.722158 -83.568772
25.886941 1.722158 -83.568772
17.110411 -2.346305 -84.066542
17.110411 -2.346305 -84.066542
17.110411 -2.346305 -84.066542
17.110411 -2.346305 -84.066542
17.110411 -2.346305 -84.066542
9.201659 -4.966272 -86.993148
9.201659 -4.966272 -86.993148
9.201659 -4.966272 -86.993148
9.201659 -4.966272 -86.993148
9.201659 -4.966272 -86.993148
3.016952 -5.703047 -89.962512
3.016952 -5.703047 -89.962512
3.016952 -5.703047 -89.962512
3.016952 -5.703047 -89.962512
3.016952 -5.703047 -89.962512
-0.299919 -6.334681 -91.062500
-0.299919 -6.334681 -91.062500
-0.299919 -6.334681 -91.062500
-0.299919 -6.334681 -91.062500
-0.299919 -6.334681 -91.062500
-0.299919 -6.334681 -91.062500
-2.408872 -6.611556 -91.404529
-2.408872 -6.611556 -91.404529
-2.408872 -6.611556 -91.404529
-2.408872 -6.611556 -91.404529
-2.408872 -6.611556 -91.404529
-2.138552 -6.414631 -91.346568
-2.138552 -6.414631 -91.346568
-2.138552 -6.414631 -91.346568
-2.138552 -6.414631 -91.346568
-2.138552 -6.414631 -91.346568
-0.893797 -6.955784 -90.690979
-0.893797 -6.955784 -90.690979
-0.893797 -6.955784 -90.690979
-0.893797 -6.955784 -90.690979
-0.893797 -6.955784 -90.690979
-0.893797 -6.955784 -90.690979
-2.808601 -7.660579 -91.307724
-2.808601 -7.660579 -91.307724
-2.808601 -7.660579 -91.307724
-2.808601 -7.660579 -91.307724
-2.808601 -7.660579 -91.307724
-10.907918 -8.003774 -90.740047
-10.907918 -8.003774 -90.740047
-10.907918 -8.003774 -90.740047
-10.907918 -8.003774 -90.740047
-10.907918 -8.003774 -90.740047
-10.907918 -8.003774 -90.740047
-14.172823 -6.188562 -91.099841
-14.172823 -6.188562 -91.099841
-14.172823 -6.188562 -91.099841
-14.172823 -6.188562 -91.099841
-14.172823 -6.188562 -91.099841
-15.764895 -6.330083 -90.969432
-15.764895 -6.330083 -90.969432
-15.764895 -6.330083 -90.969432
-15.764895 -6.330083 -90.969432
-15.764895 -6.330083 -90.969432
-16.832892 -6.464357 -91.059829
-16.832892 -6.464357 -91.059829
-16.832892 -6.464357 -91.059829
-16.832892 -6.464357 -91.059829
-16.832892 -6.464357 -91.059829
-16.832892 -6.464357 -91.059829
-18.703759 -6.802747 -91.343187
-18.703759 -6.802747 -91.343187
-18.703759 -6.802747 -91.343187
-18.703759 -6.802747 -91.343187
-18.703759 -6.802747 -91.343187
-20.824395 -6.714557 -90.711476
-20.824395 -6.714557 -90.711476
-20.824395 -6.714557 -90.711476
-20.824395 -6.714557 -90.711476
-20.824395 -6.714557 -90.711476
-23.308589 -5.905554 -91.233583
-23.308589 -5.905554 -91.233583
-23.308589 -5.905554 -91.233583
-23.308589 -5.905554 -91.233583
-23.308589 -5.905554 -91.233583
-25.701025 -5.663442 -90.712589
-25.701025 -5.663442 -90.712589
-25.701025 -5.663442 -90.712589
-25.701025 -5.663442 -90.712589
-25.701025 -5.663442 -90.712589
-24.700855 -6.524478 -89.147452
-24.700855 -6.524478 -89.147452
-24.700855 -6.524478 -89.147452
-24.700855 -6.524478 -89.147452
-24.700855 -6.524478 -89.147452
-26.404294 -6.085679 -89.785419
-26.404294 -6.085679 -89.785419
-26.404294 -6.085679 -89.785419
-26.404294 -6.085679 -89.785419
-26.404294 -6.085679 -89.785419
-20.141200 -6.273047 -87.598549
-20.141200 -6.273047 -87.598549
-20.141200 -6.273047 -87.598549
-20.141200 -6.273047 -87.598549
-20.141200 -6.273047 -87.598549
-14.684956 -5.371295 -86.113447
-14.684956 -5.371295 -86.113447
-14.684956 -5.371295 -86.113447
-14.684956 -5.371295 -86.113447
-14.684956 -5.371295 -86.113447
-12.081607 -4.658567 -85.730800
-12.081607 -4.658567 -85.730800
-12.081607 -4.658567 -85.730800
-12.081607 -4.658567 -85.730800
-12.081607 -4.658567 -85.730800
-12.081607 -4.658567 -85.730800
-9.275458 -3.966069 -85.775012
-9.275458 -3.966069 -85.775012
-9.275458 -3.966069 -85.775012
-9.275458 -3.966069 -85.775012
-9.275458 -3.966069 -85.775012
-6.351667 -3.521376 -86.309050
-6.351667 -3.521376 -86.309050
-6.351667 -3.521376 -86.309050
-6.351667 -3.521376 -86.309050
-6.351667 -3.521376 -86.309050
-4.764455 -3.256687 -87.085151
-4.764455 -3.256687 -87.085151
-4.764455 -3.256687 -87.085151
-4.764455 -3.256687 -87.085151
-4.764455 -3.256687 -87.085151
-4.764455 -3.256687 -87.085151
-4.819164 -2.951071 -87.578653
-4.819164 -2.951071 -87.578653
-4.819164 -2.951071 -87.578653
-4.819164 -2.951071 -87.578653
-4.819164 -2.951071 -87.578653
-5.358881 -3.275487 -88.207344
-5.358881 -3.275487 -88.207344
-5.358881 -3.275487 -88.207344
-5.358881 -3.275487 -88.207344
-5.358881 -3.275487 -88.207344
-5.741388 -3.208290 -88.338347
-5.741388 -3.208290 -88.338347
-5.741388 -3.208290 -88.338347
-5.741388 -3.208290 -88.338347
-5.741388 -3.208290 -88.338347
-5.507435 -1.048023 -88.696830
-5.507435 -1.048023 -88.696830
-5.507435 -1.048023 -88.696830
-5.507435 -1.048023 -88.696830
-5.507435 -1.048023 -88.696830
-6.449124 -3.460600 -88.409586
-6.449124 -3.460600 -88.409586
-6.449124 -3.460600 -88.409586
-6.449124 -3.460600 -88.409586
-6.449124 -3.460600 -88.409586
-6.449124 -3.460600 -88.409586
-6.955061 -2.579908 -90.297772
-6.955061 -2.579908 -90.297772
-6.955061 -2.579908 -90.297772
-6.955061 -2.579908 -90.297772
-5.696961 -1.329566 -92.444821
-5.696961 -1.329566 -92.444821
-5.696961 -1.329566 -92.444821
-5.696961 -1.329566 -92.444821
-5.696961 -1.329566 -92.444821
-5.696961 -1.329566 -92.444821
-4.188657 -4.679374 -92.837311
-4.188657 -4.679374 -92.837311
-4.188657 -4.679374 -92.837311
-4.188657 -4.679374 -92.837311
-4.188657 -4.679374 -92.837311
-3.187976 -6.681601 -93.460771
-3.187976 -6.681601 -93.460771
-3.187976 -6.681601 -93.460771
-3.187976 -6.681601 -93.460771
-3.187976 -6.681601 -93.460771
-2.523108 -8.355267 -94.451428
-2.523108 -8.355267 -94.451428
-2.523108 -8.355267 -94.451428
-2.523108 -8.355267 -94.451428
-2.523108 -8.355267 -94.451428
-2.029419 -10.887364 -94.780473
-2.029419 -10.887364 -94.780473
-2.029419 -10.887364 -94.780473
-2.029419 -10.887364 -94.780473
-2.029419 -10.887364 -94.780473
-0.793453 -7.315445 -95.881089
-0.793453 -7.315445 -95.881089
-0.793453 -7.315445 -95.881089
-0.793453 -7.315445 -95.881089
-0.793453 -7.315445 -95.881089
-1.274616 -6.403984 -96.002557
-1.274616 -6.403984 -96.002557
-1.274616 -6.403984 -96.002557
-1.274616 -6.403984 -96.002557
-1.274616 -6.403984 -96.002557
-1.860226 -3.353028 -96.750613
-1.860226 -3.353028 -96.750613
-1.860226 -3.353028 -96.750613
-1.860226 -3.353028 -96.750613
-1.860226 -3.353028 -96.750613
-1.860226 -3.353028 -96.750613
-1.350843 -1.618947 -97.907770
-1.350843 -1.618947 -97.907770
-1.350843 -1.618947 -97.907770
-1.350843 -1.618947 -97.907770
-1.350843 -1.618947 -97.907770
-1.862227 -2.250584 -99.029403
-1.862227 -2.250584 -99.029403
-1.862227 -2.250584 -99.029403
-1.862227 -2.250584 -99.029403
-1.862227 -2.250584 -99.029403
-2.976273 -1.537438 -100.145094
-2.976273 -1.537438 -100.145094
-2.976273 -1.537438 -100.145094
-2.976273 -1.537438 -100.145094
-2.976273 -1.537438 -100.145094
-3.411388 -1.629055 -101.814242
-3.411388 -1.629055 -101.814242
-3.411388 -1.629055 -101.814242
-3.411388 -1.629055 -101.814242
-3.411388 -1.629055 -101.814242
-3.411388 -1.629055 -101.814242
-3.067199 -1.354297 -102.358212
-3.067199 -1.354297 -102.358212
-3.067199 -1.354297 -102.358212
-3.067199 -1.354297 -102.358212
-2.827394 -2.579113 -102.406502
-2.827394 -2.579113 -102.406502
-2.827394 -2.579113 -102.406502
-2.827394 -2.579113 -102.406502
-2.827394 -2.579113 -102.406502
-2.332756 -1.591305 -101.861555
-2.332756 -1.591305 -101.861555
-2.332756 -1.591305 -101.861555
-2.332756 -1.591305 -101.861555
-2.332756 -1.591305 -101.861555
-2.332756 -1.591305 -101.861555
-3.570532 -0.295306 -101.212701
-3.570532 -0.295306 -101.212701
-3.570532 -0.295306 -101.212701
-3.570532 -0.295306 -101.212701
-3.570532 -0.295306 -101.212701
-3.221128 -1.513788 -98.901713
-3.221128 -1.513788 -98.901713
-3.221128 -1.513788 -98.901713
-3.221128 -1.513788 -98.901713
-3.221128 -1.513788 -98.901713
-3.859641 -1.336202 -96.545305
-3.859641 -1.336202 -96.545305
-3.859641 -1.336202 -96.545305
-3.859641 -1.336202 -96.545305
-3.859641 -1.336202 -96.545305
-3.859641 -1.336202 -96.545305
-1.478868 -0.207814 -92.891918
-1.478868 -0.207814 -92.891918
-1.478868 -0.207814 -92.891918
-1.478868 -0.207814 -92.891918
-1.478868 -0.207814 -92.891918
-1.853396 0.140916 -89.220173
-1.853396 0.140916 -89.220173
-1.853396 0.140916 -89.220173
-1.853396 0.140916 -89.220173
-1.853396 0.140916 -89.220173
-1.853396 0.140916 -89.220173
-2.100888 1.556287 -86.564178
-2.100888 1.556287 -86.564178
-2.100888 1.556287 -86.564178
-2.100888 1.556287 -86.564178
-2.100888 1.556287 -86.564178
-2.286630 1.112829 -85.474832
-2.286630 1.112829 -85.474832
-2.286630 1.112829 -85.474832
-2.286630 1.112829 -85.474832
-2.286630 1.112829 -85.474832
-1.615147 0.125693 -83.912678
-1.615147 0.125693 -83.912678
-1.615147 0.125693 -83.912678
-1.615147 0.125693 -83.912678
-1.615147 0.125693 -83.912678
-2.815056 -2.538802 -79.160499
-2.815056 -2.538802 -79.160499
-2.815056 -2.538802 -79.160499
-2.815056 -2.538802 -79.160499
-2.815056 -2.538802 -79.160499
2.199377 -16.815183 -78.647716
2.199377 -16.815183 -78.647716
2.199377 -16.815183 -78.647716
2.199377 -16.815183 -78.647716
2.199377 -16.815183 -78.647716
8.831243 -49.448128 -77.538794
8.831243 -49.448128 -77.538794
8.831243 -49.448128 -77.538794
8.831243 -49.448128 -77.538794
8.831243 -49.448128 -77.538794
10.711920 -61.492931 -74.622795
10.711920 -61.492931 -74.622795
10.711920 -61.492931 -74.622795
10.711920 -61.492931 -74.622795
10.711920 -61.492931 -74.622795
10.711920 -61.492931 -74.622795
-29.641416 -8.798906 -78.794558
-29.641416 -8.798906 -78.794558
-29.641416 -8.798906 -78.794558
-29.641416 -8.798906 -78.794558
-29.641416 -8.798906 -78.794558
-45.528433 41.163214 -130.200317
-45.528433 41.163214 -130.200317
-45.528433 41.163214 -130.200317
-45.528433 41.163214 -130.200317
-45.528433 41.163214 -130.200317
-32.230857 86.608609 151.229705
-32.230857 86.608609 151.229705
-32.230857 86.608609 151.229705
-32.230857 86.608609 151.229705
-32.230857 86.608609 151.229705
5.573871 87.797007 122.773634
5.573871 87.797007 122.773634
5.573871 87.797007 122.773634
5.573871 87.797007 122.773634
5.573871 87.797007 122.773634
5.573871 87.797007 122.773634
0.248959 92.507065 106.695464
0.248959 92.507065 106.695464
0.248959 92.507065 106.695464
0.248959 92.507065 106.695464
0.248959 92.507065 106.695464
-0.304841 96.124538 98.776598
-0.304841 96.124538 98.776598
-0.304841 96.124538 98.776598
-0.304841 96.124538 98.776598
-0.304841 96.124538 98.776598
-0.212309 94.930047 93.021023
-0.212309 94.930047 93.021023
-0.212309 94.930047 93.021023
-0.212309 94.930047 93.021023
-0.212309 94.930047 93.021023
-5.332524 92.716840 103.271484
-5.332524 92.716840 103.271484
-5.332524 92.716840 103.271484
-5.332524 92.716840 103.271484
-5.332524 92.716840 103.271484
-8.250746 82.527728 100.037082
-8.250746 82.527728 100.037082
-8.250746 82.527728 100.037082
-8.250746 82.527728 100.037082
-8.250746 82.527728 100.037082
-8.250746 82.527728 100.037082
-6.284431 94.108956 96.154003
-6.284431 94.108956 96.154003
-6.284431 94.108956 96.154003
-6.284431 94.108956 96.154003
-6.284431 94.108956 96.154003
-4.137146 98.792396 95.878589
-4.137146 98.792396 95.878589
-4.137146 98.792396 95.878589
-4.137146 98.792396 95.878589
-4.137146 98.792396 95.878589
-3.708229 95.011244 95.117624
-3.708229 95.011244 95.117624
-3.708229 95.011244 95.117624
-3.708229 95.011244 95.117624
-3.708229 95.011244 95.117624
-4.133389 96.718983 94.457029
-4.133389 96.718983 94.457029
-4.133389 96.718983 94.457029
-4.133389 96.718983 94.457029
-4.133389 96.718983 94.457029
-3.123060 105.325158 90.149003
-3.123060 105.325158 90.149003
-3.123060 105.325158 90.149003
-3.123060 105.325158 90.149003
-3.123060 105.325158 90.149003
-3.123060 105.325158 90.149003
-3.438299 104.647248 92.018829
-3.438299 104.647248 92.018829
-3.438299 104.647248 92.018829
-3.438299 104.647248 92.018829
-3.438299 104.647248 92.018829
-4.415970 88.361536 91.058224
-4.415970 88.361536 91.058224
-4.415970 88.361536 91.058224
-4.415970 88.361536 91.058224
-4.415970 88.361536 91.058224
-4.091717 88.435527 90.802420
-4.091717 88.435527 90.802420
-4.091717 88.435527 90.802420
-4.091717 88.435527 90.802420
-4.091717 88.435527 90.802420
-4.175710 88.418315 90.814134
-4.175710 88.418315 90.814134
-4.175710 88.418315 90.814134
-4.175710 88.418315 90.814134
-4.175710 88.418315 90.814134
-4.255451 88.391561 90.810637
-4.255451 88.391561 90.810637
-4.255451 88.391561 90.810637
-4.255451 88.391561 90.810637
-4.255451 88.391561 90.810637
-4.298466 88.389915 90.804401
-4.298466 88.389915 90.804401
-4.298466 88.389915 90.804401
-4.298466 88.389915 90.804401
-4.298466 88.389915 90.804401
-4.319418 88.385100 90.802516
-4.319418 88.385100 90.802516
-4.319418 88.385100 90.802516
-4.319418 88.385100 90.802516
-4.319418 88.385100 90.802516
-4.319418 88.385100 90.802516
-4.335629 88.392483 90.801006
-4.335629 88.392483 90.801006
-4.335629 88.392483 90.801006
-4.335629 88.392483 90.801006
-4.335629 88.392483 90.801006
-4.312449 88.391131 90.795310
-4.312449 88.391131 90.795310
-4.312449 88.391131 90.795310
-4.312449 88.391131 90.795310
-4.312449 88.391131 90.795310
-4.343087 88.393201 90.795399
-4.343087 88.393201 90.795399
-4.343087 88.393201 90.795399
-4.343087 88.393201 90.795399
-4.368363 88.392360 90.793425
-4.368363 88.392360 90.793425
-4.368363 88.392360 90.793425
-4.368363 88.392360 90.793425
-4.368363 88.392360 90.793425
-4.368363 88.392360 90.793425
-4.382120 88.381282 90.793985
-4.382120 88.381282 90.793985
-4.382120 88.381282 90.793985
-4.382120 88.381282 90.793985
-4.382120 88.381282 90.793985
-4.379225 88.371774 90.796034
-4.379225 88.371774 90.796034
-4.379225 88.371774 90.796034
-4.379225 88.371774 90.796034
-4.379225 88.371774 90.796034
-4.379225 88.371774 90.796034
-4.376609 88.376917 90.794429
-4.376609 88.376917 90.794429
-4.376609 88.376917 90.794429
-4.376609 88.376917 90.794429
-4.376609 88.376917 90.794429
-4.393650 88.365941 90.793848
-4.393650 88.365941 90.793848
-4.393650 88.365941 90.793848
-4.393650 88.365941 90.793848
-4.393650 88.365941 90.793848
-4.394639 88.364200 90.796184
-4.394639 88.364200 90.796184
-4.394639 88.364200 90.796184
-4.394639 88.364200 90.796184
-4.394639 88.364200 90.796184
-4.394639 88.364200 90.796184
-4.378703 88.371590 90.794326
-4.378703 88.371590 90.794326
-4.378703 88.371590 90.794326
-4.378703 88.371590 90.794326
-4.378703 88.371590 90.794326
-4.379483 88.364541 90.796198
-4.379483 88.364541 90.796198
-4.379483 88.364541 90.796198
-4.379483 88.364541 90.796198
-4.379483 88.364541 90.796198
-4.391222 88.378686 90.800733
-4.391222 88.378686 90.800733
-4.391222 88.378686 90.800733
-4.391222 88.378686 90.800733
-4.391222 88.378686 90.800733
-4.385172 88.376801 90.798930
-4.385172 88.376801 90.798930
-4.385172 88.376801 90.798930
-4.385172 88.376801 90.798930
-4.385172 88.376801 90.798930
-4.385172 88.376801 90.798930
-4.381309 88.392005 90.801273
-4.381309 88.392005 90.801273
-4.381309 88.392005 90.801273
-4.381309 88.392005 90.801273
-4.381309 88.392005 90.801273
-4.384956 88.390339 90.801477
-4.384956 88.390339 90.801477
-4.384956 88.390339 90.801477
-4.384956 88.390339 90.801477
-4.384956 88.390339 90.801477
-4.383474 88.385243 90.807160
-4.383474 88.385243 90.807160
-4.383474 88.385243 90.807160
-4.383474 88.385243 90.807160
-4.383474 88.385243 90.807160
-4.376739 88.377518 90.808458
-4.376739 88.377518 90.808458
-4.376739 88.377518 90.808458
-4.376739 88.377518 90.808458
-4.376739 88.377518 90.808458
-4.378135 88.380729 90.810391
-4.378135 88.380729 90.810391
-4.378135 88.380729 90.810391
-4.378135 88.380729 90.810391
-4.378135 88.380729 90.810391
-4.378135 88.380729 90.810391
-4.378687 88.374821 90.810726
-4.378687 88.374821 90.810726
-4.378687 88.374821 90.810726
-4.378687 88.374821 90.810726
-4.378687 88.374821 90.810726
-4.371028 88.370955 90.811197
-4.371028 88.370955 90.811197
-4.371028 88.370955 90.811197
-4.371028 88.370955 90.811197
-4.371028 88.370955 90.811197
-4.371300 88.369923 90.815848
-4.371300 88.369923 90.815848
-4.371300 88.369923 90.815848
-4.371300 88.369923 90.815848
-4.371300 88.369923 90.815848
-4.377096 88.371194 90.819741
-4.377096 88.371194 90.819741
-4.377096 88.371194 90.819741
-4.377096 88.371194 90.819741
-4.377096 88.371194 90.819741
-4.377096 88.371194 90.819741
-4.379925 88.372075 90.821278
-4.379925 88.372075 90.821278
-4.379925 88.372075 90.821278
-4.379925 88.372075 90.821278
-4.379925 88.372075 90.821278
-4.389842 88.379001 90.816982
-4.389842 88.379001 90.816982
-4.389842 88.379001 90.816982
-4.389842 88.379001 90.816982
-4.389842 88.379001 90.816982
-4.380930 88.390762 90.819967
-4.380930 88.390762 90.819967
-4.380930 88.390762 90.819967
-4.380930 88.390762 90.819967
-4.380930 88.390762 90.819967
-4.380930 88.390762 90.819967
-4.378248 88.390762 90.821797
-4.378248 88.390762 90.821797
-4.378248 88.390762 90.821797
-4.378248 88.390762 90.821797
-4.378248 88.390762 90.821797
-4.377274 88.389096 90.822713
-4.377274 88.389096 90.822713
-4.377274 88.389096 90.822713
-4.377274 88.389096 90.822713
-4.377274 88.389096 90.822713
-4.377050 88.401574 90.819967
-4.377050 88.401574 90.819967
-4.377050 88.401574 90.819967
-4.377050 88.401574 90.819967
-4.377050 88.401574 90.819967
-4.377050 88.401574 90.819967
-4.368512 88.397504 90.825472
-4.368512 88.397504 90.825472
-4.368512 88.397504 90.825472
-4.368512 88.397504 90.825472
-4.368512 88.397504 90.825472
-4.375016 88.403248 90.830485
-4.375016 88.403248 90.830485
-4.375016 88.403248 90.830485
-4.375016 88.403248 90.830485
-4.375016 88.403248 90.830485
-4.366783 88.399204 90.835963
-4.366783 88.399204 90.835963
-4.366783 88.399204 90.835963
-4.366783 88.399204 90.835963
-4.366783 88.399204 90.835963
-4.364447 88.404696 90.838914
-4.364447 88.404696 90.838914
-4.364447 88.404696 90.838914
-4.364447 88.404696 90.838914
-4.364447 88.404696 90.838914
-4.364447 88.404696 90.838914
-4.357777 88.410870 90.840095
-4.357777 88.410870 90.840095
-4.357777 88.410870 90.840095
-4.357777 88.410870 90.840095
-4.357777 88.410870 90.840095
-4.357777 88.410870 90.840095
-4.364552 88.416683 90.839692
-4.364552 88.416683 90.839692
-4.364552 88.416683 90.839692
-4.364552 88.416683 90.839692
-4.364552 88.416683 90.839692
-4.383075 88.402059 90.835895
-4.383075 88.402059 90.835895
-4.383075 88.402059 90.835895
-4.383075 88.402059 90.835895
-4.383075 88.402059 90.835895
-4.383075 88.402059 90.835895
-4.381320 88.398569 90.835540
-4.381320 88.398569 90.835540
-4.381320 88.398569 90.835540
-4.381320 88.398569 90.835540
-4.386745 88.413486 90.837275
-4.386745 88.413486 90.837275
-4.386745 88.413486 90.837275
-4.386745 88.413486 90.837275
-4.386745 88.413486 90.837275
-4.386745 88.413486 90.837275
-4.381452 88.418185 90.839952
-4.381452 88.418185 90.839952
-4.381452 88.418185 90.839952
-4.381452 88.418185 90.839952
-4.381452 88.418185 90.839952
-4.383182 88.416020 90.839781
-4.383182 88.416020 90.839781
-4.383182 88.416020 90.839781
-4.383182 88.416020 90.839781
-4.383182 88.416020 90.839781
-4.370669 88.410618 90.839255
-4.370669 88.410618 90.839255
-4.370669 88.410618 90.839255
-4.370669 88.410618 90.839255
-4.370669 88.410618 90.839255
-4.370777 88.413261 90.836960
-4.370777 88.413261 90.836960
-4.370777 88.413261 90.836960
-4.370777 88.413261 90.836960
-4.370777 88.413261 90.836960
-4.372967 88.405030 90.842875
-4.372967 88.405030 90.842875
-4.372967 88.405030 90.842875
-4.372967 88.405030 90.842875
-4.372967 88.405030 90.842875
-4.382319 88.408282 90.842882
-4.382319 88.408282 90.842882
-4.382319 88.408282 90.842882
-4.382319 88.408282 90.842882
-4.382319 88.408282 90.842882
-4.382319 88.408282 90.842882
-4.378567 88.405017 90.840273
-4.378567 88.405017 90.840273
-4.378567 88.405017 90.840273
-4.378567 88.405017 90.840273
-4.371894 88.414238 90.843688
-4.371894 88.414238 90.843688
-4.371894 88.414238 90.843688
-4.371894 88.414238 90.843688
-4.371894 88.414238 90.843688
-4.382223 88.414839 90.842459
-4.382223 88.414839 90.842459
-4.382223 88.414839 90.842459
-4.382223 88.414839 90.842459
-4.382223 88.414839 90.842459
-4.382223 88.414839 90.842459
-4.382194 88.395263 90.844241
-4.382194 88.395263 90.844241
-4.382194 88.395263 90.844241
-4.382194 88.395263 90.844241
-4.382194 88.395263 90.844241
-4.385760 88.406226 90.844364
-4.385760 88.406226 90.844364
-4.385760 88.406226 90.844364
-4.385760 88.406226 90.844364
-4.385760 88.406226 90.844364
-4.385760 88.406226 90.844364
-4.386987 88.407455 90.847206
-4.386987 88.407455 90.847206
-4.386987 88.407455 90.847206
-4.386987 88.407455 90.847206
-4.386987 88.407455 90.847206
-4.382174 88.426238 90.840580
-4.382174 88.426238 90.840580
-4.382174 88.426238 90.840580
-4.382174 88.426238 90.840580
-4.382174 88.426238 90.840580
-4.377971 88.422830 90.842472
-4.377971 88.422830 90.842472
-4.377971 88.422830 90.842472
-4.377971 88.422830 90.842472
-4.381428 88.412475 90.841004
-4.381428 88.412475 90.841004
-4.381428 88.412475 90.841004
-4.381428 88.412475 90.841004
-4.381428 88.412475 90.841004
-4.390883 88.412551 90.842602
-4.390883 88.412551 90.842602
-4.390883 88.412551 90.842602
-4.390883 88.412551 90.842602
-4.390883 88.412551 90.842602
-4.390883 88.412551 90.842602
-4.386029 88.413363 90.845341
-4.386029 88.413363 90.845341
-4.386029 88.413363 90.845341
-4.386029 88.413363 90.845341
-4.386029 88.413363 90.845341
-4.372600 88.405051 90.843893
-4.372600 88.405051 90.843893
-4.372600 88.405051 90.843893
-4.372600 88.405051 90.843893
-4.372600 88.405051 90.843893
-4.375952 88.401875 90.844221
-4.375952 88.401875 90.844221
-4.375952 88.401875 90.844221
-4.375952 88.401875 90.844221
-4.375952 88.401875 90.844221
-4.375952 88.401875 90.844221
-4.384364 88.387880 90.846270
-4.384364 88.387880 90.846270
-4.384364 88.387880 90.846270
-4.384364 88.387880 90.846270
-4.384364 88.387880 90.846270
-4.385184 88.389082 90.849890
-4.385184 88.389082 90.849890
-4.385184 88.389082 90.849890
-4.385184 88.389082 90.849890
-4.385184 88.389082 90.849890
-4.384862 88.384458 90.853407
-4.384862 88.384458 90.853407
-4.384862 88.384458 90.853407
-4.384862 88.384458 90.853407
-4.384862 88.384458 90.853407
-4.385260 88.398371 90.853353
-4.385260 88.398371 90.853353
-4.385260 88.398371 90.853353
-4.385260 88.398371 90.853353
-4.385260 88.398371 90.853353
-4.388377 88.408459 90.853489
-4.388377 88.408459 90.853489
-4.388377 88.408459 90.853489
-4.388377 88.408459 90.853489
-4.388377 88.408459 90.853489
-4.383737 88.408637 90.848462
-4.383737 88.408637 90.848462
-4.383737 88.408637 90.848462
-4.383737 88.408637 90.848462
-4.383737 88.408637 90.848462
-4.391204 88.405194 90.851276
-4.391204 88.405194 90.851276
-4.391204 88.405194 90.851276
-4.391204 88.405194 90.851276
-4.391204 88.405194 90.851276
-4.386690 88.405693 90.854234
-4.386690 88.405693 90.854234
-4.386690 88.405693 90.854234
-4.386690 88.405693 90.854234
-4.386690 88.405693 90.854234
-4.386690 88.405693 90.854234
-4.376120 88.409764 90.856577
-4.376120 88.409764 90.856577
-4.376120 88.409764 90.856577
-4.376120 88.409764 90.856577
-4.376120 88.409764 90.856577
-4.371081 88.409655 90.857950
-4.371081 88.409655 90.857950
-4.371081 88.409655 90.857950
-4.371081 88.409655 90.857950
-4.371081 88.409655 90.857950
-4.371081 88.409655 90.857950
-4.380893 88.410713 90.860320
-4.380893 88.410713 90.860320
-4.380893 88.410713 90.860320
-4.380893 88.410713 90.860320
-4.380893 88.410713 90.860320
-4.369098 88.415351 90.855067
-4.369098 88.415351 90.855067
-4.369098 88.415351 90.855067
-4.369098 88.415351 90.855067
-4.369098 88.415351 90.855067
-4.378911 88.419913 90.854937
-4.378911 88.419913 90.854937
-4.378911 88.419913 90.854937
-4.378911 88.419913 90.854937
-4.378911 88.419913 90.854937
-4.374917 88.415351 90.858271
-4.374917 88.415351 90.858271
-4.374917 88.415351 90.858271
-4.374917 88.415351 90.858271
-4.374917 88.415351 90.858271
-4.375315 88.417953 90.856187
-4.375315 88.417953 90.856187
-4.375315 88.417953 90.856187
-4.375315 88.417953 90.856187
-4.375315 88.417953 90.856187
-4.375315 88.417953 90.856187
-4.368981 88.414381 90.858974
-4.368981 88.414381 90.858974
-4.368981 88.414381 90.858974
-4.368981 88.414381 90.858974
-4.368981 88.414381 90.858974
-4.360665 88.417817 90.858086
-4.360665 88.417817 90.858086
-4.360665 88.417817 90.858086
-4.360665 88.417817 90.858086
-4.360665 88.417817 90.858086
-4.360665 88.417817 90.858086
-4.371161 88.418848 90.856262
-4.371161 88.418848 90.856262
-4.371161 88.418848 90.856262
-4.371161 88.418848 90.856262
-4.372533 88.427174 90.859637
-4.372533 88.427174 90.859637
-4.372533 88.427174 90.859637
-4.372533 88.427174 90.859637
-4.372533 88.427174 90.859637
-4.372533 88.427174 90.859637
-4.379974 88.433642 90.862177
-4.379974 88.433642 90.862177
-4.379974 88.433642 90.862177
-4.379974 88.433642 90.862177
-4.379974 88.433642 90.862177
-4.381811 88.421648 90.861344
-4.381811 88.421648 90.861344
-4.381811 88.421648 90.861344
-4.381811 88.421648 90.861344
-4.381811 88.421648 90.861344
-4.374473 88.430480 90.861289
-4.374473 88.430480 90.861289
-4.374473 88.430480 90.861289
-4.374473 88.430480 90.861289
-4.374473 88.430480 90.861289
-4.374473 88.430480 90.861289
-4.376015 88.428239 90.864308
-4.376015 88.428239 90.864308
-4.376015 88.428239 90.864308
-4.376015 88.428239 90.864308
-4.376015 88.428239 90.864308
-4.369821 88.421382 90.868338
-4.369821 88.421382 90.868338
-4.369821 88.421382 90.868338
-4.369821 88.421382 90.868338
-4.369821 88.421382 90.868338
-4.373056 88.410686 90.869124
-4.373056 88.410686 90.869124
-4.373056 88.410686 90.869124
-4.373056 88.410686 90.869124
-4.373056 88.410686 90.869124
-4.379223 88.420194 90.868004
-4.379223 88.420194 90.868004
-4.379223 88.420194 90.868004
-4.379223 88.420194 90.868004
-4.379223 88.420194 90.868004
-4.379223 88.420194 90.868004
-4.377029 88.406909 90.874294
-4.377029 88.406909 90.874294
-4.377029 88.406909 90.874294
-4.377029 88.406909 90.874294
-4.377029 88.406909 90.874294
-4.371812 88.416662 90.872867
-4.371812 88.416662 90.872867
-4.371812 88.416662 90.872867
-4.371812 88.416662 90.872867
-4.371812 88.416662 90.872867
-4.371812 88.416662 90.872867
-4.376606 88.431887 90.877422
-4.376606 88.431887 90.877422
-4.376606 88.431887 90.877422
-4.376606 88.431887 90.877422
-4.376606 88.431887 90.877422
-4.374979 88.434134 90.884403
-4.374979 88.434134 90.884403
-4.374979 88.434134 90.884403
-4.374979 88.434134 90.884403
-4.374979 88.434134 90.884403
-4.374979 88.434134 90.884403
-4.376629 88.432652 90.885298
-4.376629 88.432652 90.885298
-4.376629 88.432652 90.885298
-4.376629 88.432652 90.885298
-4.376629 88.432652 90.885298
-4.361111 88.437740 90.884341
-4.361111 88.437740 90.884341
-4.361111 88.437740 90.884341
-4.361111 88.437740 90.884341
-4.361111 88.437740 90.884341
-4.354292 88.433007 90.885106
-4.354292 88.433007 90.885106
-4.354292 88.433007 90.885106
-4.354292 88.433007 90.885106
-4.354292 88.433007 90.885106
-4.358571 88.423889 90.886452
-4.358571 88.423889 90.886452
-4.358571 88.423889 90.886452
-4.358571 88.423889 90.886452
-4.358571 88.423889 90.886452
-4.358571 88.423889 90.886452
-4.360049 88.430056 90.890386
-4.360049 88.430056 90.890386
-4.360049 88.430056 90.890386
-4.360049 88.430056 90.890386
-4.369380 88.417079 90.893801
-4.369380 88.417079 90.893801
-4.369380 88.417079 90.893801
-4.369380 88.417079 90.893801
-4.369380 88.417079 90.893801
-4.381075 88.428280 90.892544
-4.381075 88.428280 90.892544
-4.381075 88.428280 90.892544
-4.381075 88.428280 90.892544
-4.381075 88.428280 90.892544
-4.381075 88.428280 90.892544
-4.379913 88.437167 90.892544
-4.379913 88.437167 90.892544
-4.379913 88.437167 90.892544
-4.379913 88.437167 90.892544
-4.379913 88.437167 90.892544
-4.376835 88.430548 90.899873
-4.376835 88.430548 90.899873
-4.376835 88.430548 90.899873
-4.376835 88.430548 90.899873
-4.376835 88.430548 90.899873
-4.382254 88.418035 90.905146
-4.382254 88.418035 90.905146
-4.382254 88.418035 90.905146
-4.382254 88.418035 90.905146
-4.382254 88.418035 90.905146
-4.389127 88.438095 90.909026
-4.389127 88.438095 90.909026
-4.389127 88.438095 90.909026
-4.389127 88.438095 90.909026
-4.389127 88.438095 90.909026
-4.389127 88.438095 90.909026
-4.382398 88.438007 90.912898
-4.382398 88.438007 90.912898
-4.382398 88.438007 90.912898
-4.382398 88.438007 90.912898
-4.382398 88.438007 90.912898
-4.375109 88.435951 90.913206
-4.375109 88.435951 90.913206
-4.375109 88.435951 90.913206
-4.375109 88.435951 90.913206
-4.375109 88.435951 90.913206
-4.369664 88.432727 90.915699
-4.369664 88.432727 90.915699
-4.369664 88.432727 90.915699
-4.369664 88.432727 90.915699
-4.369664 88.432727 90.915699
-4.369183 88.425555 90.920446
-4.369183 88.425555 90.920446
-4.369183 88.425555 90.920446
-4.369183 88.425555 90.920446
-4.369183 88.425555 90.920446
-4.379722 88.431354 90.920439
-4.379722 88.431354 90.920439
-4.379722 88.431354 90.920439
-4.379722 88.431354 90.920439
-4.379722 88.431354 90.920439
-4.379722 88.431354 90.920439
-4.381677 88.423895 90.923629
-4.381677 88.423895 90.923629
-4.381677 88.423895 90.923629
-4.381677 88.423895 90.923629
-4.381677 88.423895 90.923629
-4.380311 88.423533 90.932125
-4.380311 88.423533 90.932125
-4.380311 88.423533 90.932125
-4.380311 88.423533 90.932125
-4.380311 88.423533 90.932125
-4.385522 88.431532 90.931046
-4.385522 88.431532 90.931046
-4.385522 88.431532 90.931046
-4.385522 88.431532 90.931046
-4.385522 88.431532 90.931046
-4.385522 88.431532 90.931046
-4.382260 88.438451 90.937480
-4.382260 88.438451 90.937480
-4.382260 88.438451 90.937480
-4.382260 88.438451 90.937480
-4.382260 88.438451 90.937480
-4.378145 88.438813 90.940766
-4.378145 88.438813 90.940766
-4.378145 88.438813 90.940766
-4.378145 88.438813 90.940766
-4.378145 88.438813 90.940766
-4.370548 88.437214 90.939263
-4.370548 88.437214 90.939263
-4.370548 88.437214 90.939263
-4.370548 88.437214 90.939263
-4.370548 88.437214 90.939263
-4.370548 88.437214 90.939263
-4.369484 88.437843 90.944720
-4.369484 88.437843 90.944720
-4.369484 88.437843 90.944720
-4.369484 88.437843 90.944720
-4.369484 88.437843 90.944720
-4.364366 88.427085 90.945895
-4.364366 88.427085 90.945895
-4.364366 88.427085 90.945895
-4.364366 88.427085 90.945895
-4.364366 88.427085 90.945895
-4.364366 88.427085 90.945895
-4.353242 88.435220 90.949563
-4.353242 88.435220 90.949563
-4.353242 88.435220 90.949563
-4.353242 88.435220 90.949563
-4.353242 88.435220 90.949563
-4.349757 88.440158 90.953319
-4.349757 88.440158 90.953319
-4.349757 88.440158 90.953319
-4.349757 88.440158 90.953319
-4.349757 88.440158 90.953319
-4.368978 88.437296 90.956120
-4.368978 88.437296 90.956120
-4.368978 88.437296 90.956120
-4.368978 88.437296 90.956120
-4.368978 88.437296 90.956120
-4.374641 88.443853 90.960655
-4.374641 88.443853 90.960655
-4.374641 88.443853 90.960655
-4.374641 88.443853 90.960655
-4.374641 88.443853 90.960655
-4.374641 88.443853 90.960655
-4.376085 88.435090 90.960088
-4.376085 88.435090 90.960088
-4.376085 88.435090 90.960088
-4.376085 88.435090 90.960088
-4.376085 88.435090 90.960088
-4.372171 88.433943 90.960580
-4.372171 88.433943 90.960580
-4.372171 88.433943 90.960580
-4.372171 88.433943 90.960580
-4.372171 88.433943 90.960580
-4.373505 88.435698 90.960170
-4.373505 88.435698 90.960170
-4.373505 88.435698 90.960170
-4.373505 88.435698 90.960170
-4.373505 88.435698 90.960170
-4.371158 88.443273 90.962970
-4.371158 88.443273 90.962970
-4.371158 88.443273 90.962970
-4.371158 88.443273 90.962970
-4.371158 88.443273 90.962970
-4.371959 88.450718 90.965265
-4.371959 88.450718 90.965265
-4.371959 88.450718 90.965265
-4.371959 88.450718 90.965265
-4.371959 88.450718 90.965265
-4.364401 88.453306 90.965614
-4.364401 88.453306 90.965614
-4.364401 88.453306 90.965614
-4.364401 88.453306 90.965614
-4.364401 88.453306 90.965614
-4.364401 88.453306 90.965614
-4.358098 88.448539 90.970907
-4.358098 88.448539 90.970907
-4.358098 88.448539 90.970907
-4.358098 88.448539 90.970907
-4.358098 88.448539 90.970907
-4.356841 88.451530 90.974828
-4.356841 88.451530 90.974828
-4.356841 88.451530 90.974828
-4.356841 88.451530 90.974828
-4.356841 88.451530 90.974828
-4.356841 88.451530 90.974828
-4.369824 88.437522 90.980285
-4.369824 88.437522 90.980285
-4.369824 88.437522 90.980285
-4.369824 88.437522 90.980285
-4.369824 88.437522 90.980285
-4.367354 88.446790 90.975955
-4.367354 88.446790 90.975955
-4.367354 88.446790 90.975955
-4.367354 88.446790 90.975955
-4.367354 88.446790 90.975955
-4.367354 88.446790 90.975955
-4.355269 88.443744 90.975436
-4.355269 88.443744 90.975436
-4.355269 88.443744 90.975436
-4.355269 88.443744 90.975436
-4.355269 88.443744 90.975436
-9.083220 97.120024 95.991021
-9.083220 97.120024 95.991021
-9.083220 97.120024 95.991021
-9.083220 97.120024 95.991021
-9.083220 97.120024 95.991021
-36.706854 120.704797 69.753143
-36.706854 120.704797 69.753143
-36.706854 120.704797 69.753143
-36.706854 120.704797 69.753143
-36.706854 120.704797 69.753143
-36.706854 120.704797 69.753143
-28.872975 159.462624 28.690189
-28.872975 159.462624 28.690189
-28.872975 159.462624 28.690189
-28.872975 159.462624 28.690189
-28.872975 159.462624 28.690189
-8.772283 -166.542306 -2.059973
-8.772283 -166.542306 -2.059973
-8.772283 -166.542306 -2.059973
-8.772283 -166.542306 -2.059973
-8.772283 -166.542306 -2.059973
-20.123511 -101.821127 -40.773415
-20.123511 -101.821127 -40.773415
-20.123511 -101.821127 -40.773415
-20.123511 -101.821127 -40.773415
-20.123511 -101.821127 -40.773415
-25.897369 -17.910020 -84.589393
-25.897369 -17.910020 -84.589393
-25.897369 -17.910020 -84.589393
-25.897369 -17.910020 -84.589393
-25.897369 -17.910020 -84.589393
-15.989761 -11.521983 -70.455464
-15.989761 -11.521983 -70.455464
-15.989761 -11.521983 -70.455464
-15.989761 -11.521983 -70.455464
-15.989761 -11.521983 -70.455464
-15.989761 -11.521983 -70.455464
-10.462320 -7.775356 -76.747059
-10.462320 -7.775356 -76.747059
-10.462320 -7.775356 -76.747059
-10.462320 -7.775356 -76.747059
-10.462320 -7.775356 -76.747059
-5.264042 -8.154649 -63.183642
-5.264042 -8.154649 -63.183642
-5.264042 -8.154649 -63.183642
-5.264042 -8.154649 -63.183642
-5.264042 -8.154649 -63.183642
-5.264042 -8.154649 -63.183642
4.150812 -2.865329 -42.969885
4.150812 -2.865329 -42.969885
4.150812 -2.865329 -42.969885
4.150812 -2.865329 -42.969885
4.150812 -2.865329 -42.969885
0.985108 2.677170 -32.487399
0.985108 2.677170 -32.487399
0.985108 2.677170 -32.487399
0.985108 2.677170 -32.487399
0.985108 2.677170 -32.487399
-1.789584 -5.697195 -19.357190
-1.789584 -5.697195 -19.357190
-1.789584 -5.697195 -19.357190
-1.789584 -5.697195 -19.357190
-1.789584 -5.697195 -19.357190
-1.789584 -5.697195 -19.357190
-1.287047 -0.593387 -20.824543
-1.287047 -0.593387 -20.824543
-1.287047 -0.593387 -20.824543
-1.287047 -0.593387 -20.824543
-1.287047 -0.593387 -20.824543
0.720291 2.098407 -10.230591
0.720291 2.098407 -10.230591
0.720291 2.098407 -10.230591
0.720291 2.098407 -10.230591
0.720291 2.098407 -10.230591
-1.889606 1.093136 -10.499154
-1.889606 1.093136 -10.499154
-1.889606 1.093136 -10.499154
-1.889606 1.093136 -10.499154
-1.889606 1.093136 -10.499154
-2.009348 1.445810 -15.638387
-2.009348 1.445810 -15.638387
-2.009348 1.445810 -15.638387
-2.009348 1.445810 -15.638387
-2.009348 1.445810 -15.638387
-2.165493 1.817752 -18.576740
-2.165493 1.817752 -18.576740
-2.165493 1.817752 -18.576740
-2.165493 1.817752 -18.576740
-2.165493 1.817752 -18.576740
-1.957298 1.749406 -22.173372
-1.957298 1.749406 -22.173372
-1.957298 1.749406 -22.173372
-1.957298 1.749406 -22.173372
-1.957298 1.749406 -22.173372
-1.957298 1.749406 -22.173372
-2.108167 2.103469 -24.371865
-2.108167 2.103469 -24.371865
-2.108167 2.103469 -24.371865
-2.108167 2.103469 -24.371865
-2.108167 2.103469 -24.371865
-1.632860 2.311025 -25.935649
-1.632860 2.311025 -25.935649
-1.632860 2.311025 -25.935649
-1.632860 2.311025 -25.935649
-1.632860 2.311025 -25.935649
-0.136092 2.764930 -27.958657
-0.136092 2.764930 -27.958657
-0.136092 2.764930 -27.958657
-0.136092 2.764930 -27.958657
-0.136092 2.764930 -27.958657
-0.136092 2.764930 -27.958657
-0.027119 0.854143 -25.705910
-0.027119 0.854143 -25.705910
-0.027119 0.854143 -25.705910
-0.027119 0.854143 -25.705910
-0.027119 0.854143 -25.705910
-3.361491 3.603186 -25.717942
-3.361491 3.603186 -25.717942
-3.361491 3.603186 -25.717942
-3.361491 3.603186 -25.717942
-3.361491 3.603186 -25.717942
-1.156427 5.132795 -27.396707
-1.156427 5.132795 -27.396707
-1.156427 5.132795 -27.396707
-1.156427 5.132795 -27.396707
-1.156427 5.132795 -27.396707
-1.659724 1.771945 -27.767414
-1.659724 1.771945 -27.767414
-1.659724 1.771945 -27.767414
-1.659724 1.771945 -27.767414
-1.659724 1.771945 -27.767414
-2.604411 1.772239 -25.440004
-2.604411 1.772239 -25.440004
-2.604411 1.772239 -25.440004
-2.604411 1.772239 -25.440004
-2.604411 1.772239 -25.440004
-3.698968 1.414713 -23.071095
-3.698968 1.414713 -23.071095
-3.698968 1.414713 -23.071095
-3.698968 1.414713 -23.071095
-3.698968 1.414713 -23.071095
-3.698968 1.414713 -23.071095
-3.651533 2.025577 -23.371702
-3.651533 2.025577 -23.371702
-3.651533 2.025577 -23.371702
-3.651533 2.025577 -23.371702
-3.651533 2.025577 -23.371702
-3.439266 1.883532 -24.144854
-3.439266 1.883532 -24.144854
-3.439266 1.883532 -24.144854
-3.439266 1.883532 -24.144854
-3.439266 1.883532 -24.144854
-3.438584 2.043293 -24.249098
-3.438584 2.043293 -24.249098
-3.438584 2.043293 -24.249098
-3.438584 2.043293 -24.249098
-3.438584 2.043293 -24.249098
-3.424916 1.857940 -25.158018
-3.424916 1.857940 -25.158018
-3.424916 1.857940 -25.158018
-3.424916 1.857940 -25.158018
-3.424916 1.857940 -25.158018
-3.123840 2.339871 -25.894427
-3.123840 2.339871 -25.894427
-3.123840 2.339871 -25.894427
-3.123840 2.339871 -25.894427
-3.123840 2.339871 -25.894427
-3.432692 0.944936 -26.424530
-3.432692 0.944936 -26.424530
-3.432692 0.944936 -26.424530
-3.432692 0.944936 -26.424530
-3.432692 0.944936 -26.424530
-3.432692 0.944936 -26.424530
-2.875703 0.117948 -26.006567
-2.875703 0.117948 -26.006567
-2.875703 0.117948 -26.006567
-2.875703 0.117948 -26.006567
-2.875703 0.117948 -26.006567
-2.793618 -0.325885 -25.977149
-2.793618 -0.325885 -25.977149
-2.793618 -0.325885 -25.977149
-2.793618 -0.325885 -25.977149
-2.793618 -0.325885 -25.977149
-1.855095 -0.103562 -26.750888
-1.855095 -0.103562 -26.750888
-1.855095 -0.103562 -26.750888
-1.855095 -0.103562 -26.750888
-1.855095 -0.103562 -26.750888
-1.917660 0.007093 -27.575938
-1.917660 0.007093 -27.575938
-1.917660 0.007093 -27.575938
-1.917660 0.007093 -27.575938
-1.917660 0.007093 -27.575938
-1.757706 -0.264903 -28.924072
-1.757706 -0.264903 -28.924072
-1.757706 -0.264903 -28.924072
-1.757706 -0.264903 -28.924072
-1.757706 -0.264903 -28.924072
-1.757706 -0.264903 -28.924072
-1.757706 -0.264903 -28.924072
-1.757706 -0.264903 -28.924072
-1.757706 -0.264903 -28.924072
-1.757706 -0.264903 -28.924072
-0.076449 0.701554 -28.731556
-0.076449 0.701554 -28.731556
-0.076449 0.701554 -28.731556
-0.076449 0.701554 -28.731556
-0.076449 0.701554 -28.731556
-0.534531 -1.264708 -29.114795
-0.534531 -1.264708 -29.114795
-0.534531 -1.264708 -29.114795
-0.534531 -1.264708 -29.114795
-0.534531 -1.264708 -29.114795
-0.534531 -1.264708 -29.114795
-3.558186 -0.509697 -29.670151
-3.558186 -0.509697 -29.670151
-3.558186 -0.509697 -29.670151
-3.558186 -0.509697 -29.670151
-3.558186 -0.509697 -29.670151
-5.256667 -0.774314 -30.926379
-5.256667 -0.774314 -30.926379
-5.256667 -0.774314 -30.926379
-5.256667 -0.774314 -30.926379
-5.256667 -0.774314 -30.926379
-6.436159 0.758191 -33.724974
-6.436159 0.758191 -33.724974
-6.436159 0.758191 -33.724974
-6.436159 0.758191 -33.724974
-6.436159 0.758191 -33.724974
-1.368640 -0.806649 -35.571772
-1.368640 -0.806649 -35.571772
-1.368640 -0.806649 -35.571772
-1.368640 -0.806649 -35.571772
-1.368640 -0.806649 -35.571772
-3.005359 0.149368 -41.100441
-3.005359 0.149368 -41.100441
-3.005359 0.149368 -41.100441
-3.005359 0.149368 -41.100441
-3.005359 0.149368 -41.100441
-3.005359 0.149368 -41.100441
-2.462791 0.396457 -41.641567
-2.462791 0.396457 -41.641567
-2.462791 0.396457 -41.641567
-2.462791 0.396457 -41.641567
-2.462791 0.396457 -41.641567
-4.331026 1.289273 -39.781945
-4.331026 1.289273 -39.781945
-4.331026 1.289273 -39.781945
-4.331026 1.289273 -39.781945
-4.331026 1.289273 -39.781945
-1.542016 -0.748762 -42.944541
-1.542016 -0.748762 -42.944541
-1.542016 -0.748762 -42.944541
-1.542016 -0.748762 -42.944541
-1.542016 -0.748762 -42.944541
-3.792351 0.603874 -41.005543
-3.792351 0.603874 -41.005543
-3.792351 0.603874 -41.005543
-3.792351 0.603874 -41.005543
-3.792351 0.603874 -41.005543
-3.792351 0.603874 -41.005543
-4.625909 0.856951 -41.045482
-4.625909 0.856951 -41.045482
-4.625909 0.856951 -41.045482
-4.625909 0.856951 -41.045482
-4.625909 0.856951 -41.045482
0.501141 0.149924 -41.814046
0.501141 0.149924 -41.814046
0.501141 0.149924 -41.814046
0.501141 0.149924 -41.814046
0.501141 0.149924 -41.814046
-5.050628 1.652731 -38.175205
-5.050628 1.652731 -38.175205
-5.050628 1.652731 -38.175205
-5.050628 1.652731 -38.175205
-5.050628 1.652731 -38.175205
-4.740634 0.398606 -36.539852
-4.740634 0.398606 -36.539852
-4.740634 0.398606 -36.539852
-4.740634 0.398606 -36.539852
-4.740634 0.398606 -36.539852
1.484594 -0.985159 -40.448985
1.484594 -0.985159 -40.448985
1.484594 -0.985159 -40.448985
1.484594 -0.985159 -40.448985
1.484594 -0.985159 -40.448985
-3.146406 0.727405 -35.431555
-3.146406 0.727405 -35.431555
-3.146406 0.727405 -35.431555
-3.146406 0.727405 -35.431555
-3.146406 0.727405 -35.431555
-5.660576 -0.139846 -33.796493
-5.660576 -0.139846 -33.796493
-5.660576 -0.139846 -33.796493
-5.660576 -0.139846 -33.796493
-5.660576 -0.139846 -33.796493
-2.138761 -1.564770 -37.057857
-2.138761 -1.564770 -37.057857
-2.138761 -1.564770 -37.057857
-2.138761 -1.564770 -37.057857
-2.138761 -1.564770 -37.057857
-5.148185 0.139593 -34.426093
-5.148185 0.139593 -34.426093
-5.148185 0.139593 -34.426093
-5.148185 0.139593 -34.426093
-3.004306 -2.133345 -35.475063
-3.004306 -2.133345 -35.475063
-3.004306 -2.133345 -35.475063
-3.004306 -2.133345 -35.475063
-3.004306 -2.133345 -35.475063
-3.004306 -2.133345 -35.475063
-1.494346 -1.691689 -36.120988
-1.494346 -1.691689 -36.120988
-1.494346 -1.691689 -36.120988
-1.494346 -1.691689 -36.120988
-1.494346 -1.691689 -36.120988
-6.137596 0.257693 -35.582110
-6.137596 0.257693 -35.582110
-6.137596 0.257693 -35.582110
-6.137596 0.257693 -35.582110
-6.137596 0.257693 -35.582110
-0.971285 -0.652610 -39.935539
-0.971285 -0.652610 -39.935539
-0.971285 -0.652610 -39.935539
-0.971285 -0.652610 -39.935539
-3.711473 -0.229059 -38.186485
-3.711473 -0.229059 -38.186485
-3.711473 -0.229059 -38.186485
-3.711473 -0.229059 -38.186485
-3.711473 -0.229059 -38.186485
-3.711473 -0.229059 -38.186485
-6.628156 -1.278632 -37.561710
-6.628156 -1.278632 -37.561710
-6.628156 -1.278632 -37.561710
-6.628156 -1.278632 -37.561710
-6.628156 -1.278632 -37.561710
-1.823867 -1.514774 -40.168199
-1.823867 -1.514774 -40.168199
-1.823867 -1.514774 -40.168199
-1.823867 -1.514774 -40.168199
-1.823867 -1.514774 -40.168199
-1.977413 -1.456945 -40.274050
-1.977413 -1.456945 -40.274050
-1.977413 -1.456945 -40.274050
-1.977413 -1.456945 -40.274050
-1.977413 -1.456945 -40.274050
-1.769203 -2.475786 -40.333042
-1.769203 -2.475786 -40.333042
-1.769203 -2.475786 -40.333042
-1.769203 -2.475786 -40.333042
-1.769203 -2.475786 -40.333042
-6.043057 -6.362856 -47.431760
-6.043057 -6.362856 -47.431760
-6.043057 -6.362856 -47.431760
-6.043057 -6.362856 -47.431760
-6.043057 -6.362856 -47.431760
-16.615509 -8.093884 -69.363003
-16.615509 -8.093884 -69.363003
-16.615509 -8.093884 -69.363003
-16.615509 -8.093884 -69.363003
-16.615509 -8.093884 -69.363003
-10.899095 -23.383747 -89.436573
-10.899095 -23.383747 -89.436573
-10.899095 -23.383747 -89.436573
-10.899095 -23.383747 -89.436573
-20.029364 -25.582146 -83.184252
-20.029364 -25.582146 -83.184252
-20.029364 -25.582146 -83.184252
-20.029364 -25.582146 -83.184252
-20.029364 -25.582146 -83.184252
-32.349104 -9.954485 -90.991500
-32.349104 -9.954485 -90.991500
-32.349104 -9.954485 -90.991500
-32.349104 -9.954485 -90.991500
-32.349104 -9.954485 -90.991500
-41.700067 -9.125780 -107.250219
-41.700067 -9.125780 -107.250219
-41.700067 -9.125780 -107.250219
-41.700067 -9.125780 -107.250219
-41.700067 -9.125780 -107.250219
-41.700067 -9.125780 -107.250219
-44.481433 -8.540177 -116.004329
-44.481433 -8.540177 -116.004329
-44.481433 -8.540177 -116.004329
-44.481433 -8.540177 -116.004329
-44.481433 -8.540177 -116.004329
-61.210946 8.304020 -136.746343
-61.210946 8.304020 -136.746343
-61.210946 8.304020 -136.746343
-61.210946 8.304020 -136.746343
-61.210946 8.304020 -136.746343
-30.826580 90.355043 124.043407
-30.826580 90.355043 124.043407
-30.826580 90.355043 124.043407
-30.826580 90.355043 124.043407
-30.826580 90.355043 124.043407
-18.972867 92.938063 104.926609
-18.972867 92.938063 104.926609
-18.972867 92.938063 104.926609
-18.972867 92.938063 104.926609
-18.972867 92.938063 104.926609
-1.518278 85.277022 96.797960
-1.518278 85.277022 96.797960
-1.518278 85.277022 96.797960
-1.518278 85.277022 96.797960
-1.518278 85.277022 96.797960
1.456948 81.756791 76.533137
1.456948 81.756791 76.533137
1.456948 81.756791 76.533137
1.456948 81.756791 76.533137
1.456948 81.756791 76.533137
0.890098 83.569352 77.224933
0.890098 83.569352 77.224933
0.890098 83.569352 77.224933
0.890098 83.569352 77.224933
0.890098 83.569352 77.224933
0.766049 84.550147 77.000349
0.766049 84.550147 77.000349
0.766049 84.550147 77.000349
0.766049 84.550147 77.000349
0.766049 84.550147 77.000349
0.766049 84.550147 77.000349
0.712066 85.713205 77.147424
0.712066 85.713205 77.147424
0.712066 85.713205 77.147424
0.712066 85.713205 77.147424
0.712066 85.713205 77.147424
-5.438440 126.165779 86.459540
-5.438440 126.165779 86.459540
-5.438440 126.165779 86.459540
-5.438440 126.165779 86.459540
0.963289 163.331980 88.646710
0.963289 163.331980 88.646710
0.963289 163.331980 88.646710
0.963289 163.331980 88.646710
0.963289 163.331980 88.646710
2.712329 165.182975 88.326968
2.712329 165.182975 88.326968
2.712329 165.182975 88.326968
2.712329 165.182975 88.326968
2.712329 165.182975 88.326968
2.712329 165.182975 88.326968
3.136140 167.915652 89.733373
3.136140 167.915652 89.733373
3.136140 167.915652 89.733373
3.136140 167.915652 89.733373
1.467486 167.661856 90.556410
1.467486 167.661856 90.556410
1.467486 167.661856 90.556410
1.467486 167.661856 90.556410
1.467486 167.661856 90.556410
1.467486 167.661856 90.556410
-1.384058 169.696351 90.157418
-1.384058 169.696351 90.157418
-1.384058 169.696351 90.157418
-1.384058 169.696351 90.157418
-1.384058 169.696351 90.157418
-17.138869 142.501720 92.422766
-17.138869 142.501720 92.422766
-17.138869 142.501720 92.422766
-17.138869 142.501720 92.422766
-17.138869 142.501720 92.422766
-52.063742 92.595789 131.219491
-52.063742 92.595789 131.219491
-52.063742 92.595789 131.219491
-52.063742 92.595789 131.219491
-52.063742 92.595789 131.219491
-29.189568 32.004132 173.500862
-29.189568 32.004132 173.500862
-29.189568 32.004132 173.500862
-29.189568 32.004132 173.500862
-29.189568 32.004132 173.500862
-1.223151 9.048052 160.986015
-1.223151 9.048052 160.986015
-1.223151 9.048052 160.986015
-1.223151 9.048052 160.986015
-1.223151 9.048052 160.986015
-1.291880 -1.240855 155.262563
-1.291880 -1.240855 155.262563
-1.291880 -1.240855 155.262563
-1.291880 -1.240855 155.262563
-1.291880 -1.240855 155.262563
1.744353 -9.849632 152.101865
1.744353 -9.849632 152.101865
1.744353 -9.849632 152.101865
1.744353 -9.849632 152.101865
-0.069585 -11.358192 148.834139
-0.069585 -11.358192 148.834139
-0.069585 -11.358192 148.834139
-0.069585 -11.358192 148.834139
-0.069585 -11.358192 148.834139
-0.617004 -11.575568 146.014022
-0.617004 -11.575568 146.014022
-0.617004 -11.575568 146.014022
-0.617004 -11.575568 146.014022
-0.617004 -11.575568 146.014022
-0.617004 -11.575568 146.014022
-0.782926 -11.695433 144.023104
-0.782926 -11.695433 144.023104
-0.782926 -11.695433 144.023104
-0.782926 -11.695433 144.023104
-0.782926 -11.695433 144.023104
-0.834703 -11.816845 142.453035
-0.834703 -11.816845 142.453035
-0.834703 -11.816845 142.453035
-0.834703 -11.816845 142.453035
-0.834703 -11.816845 142.453035
-0.757685 -11.861315 141.350396
-0.757685 -11.861315 141.350396
-0.757685 -11.861315 141.350396
-0.757685 -11.861315 141.350396
-0.757685 -11.861315 141.350396
-0.622981 -11.884365 140.702280
-0.622981 -11.884365 140.702280
-0.622981 -11.884365 140.702280
-0.622981 -11.884365 140.702280
-0.522673 -11.920290 140.142067
-0.522673 -11.920290 140.142067
-0.522673 -11.920290 140.142067
-0.522673 -11.920290 140.142067
-0.522673 -11.920290 140.142067
-0.522673 -11.920290 140.142067
-0.435011 -11.933871 139.715836
-0.435011 -11.933871 139.715836
-0.435011 -11.933871 139.715836
-0.435011 -11.933871 139.715836
-0.365744 -11.945511 139.366868
-0.365744 -11.945511 139.366868
-0.365744 -11.945511 139.366868
-0.365744 -11.945511 139.366868
-0.365744 -11.945511 139.366868
-0.365744 -11.945511 139.366868
-0.305124 -11.948171 139.123222
-0.305124 -11.948171 139.123222
-0.305124 -11.948171 139.123222
-0.305124 -11.948171 139.123222
-0.305124 -11.948171 139.123222
-0.253413 -11.947453 138.954981
-0.253413 -11.947453 138.954981
-0.253413 -11.947453 138.954981
-0.253413 -11.947453 138.954981
-0.253413 -11.947453 138.954981
-0.253413 -11.947453 138.954981
-0.206527 -11.948562 138.870040
-0.206527 -11.948562 138.870040
-0.206527 -11.948562 138.870040
-0.206527 -11.948562 138.870040
-0.206527 -11.948562 138.870040
-0.206527 -11.948562 138.870040
-0.186845 -11.950046 138.724803
-0.186845 -11.950046 138.724803
-0.186845 -11.950046 138.724803
-0.186845 -11.950046 138.724803
-0.186845 -11.950046 138.724803
-0.154766 -11.953383 138.658824
-0.154766 -11.953383 138.658824
-0.154766 -11.953383 138.658824
-0.154766 -11.953383 138.658824
-0.154766 -11.953383 138.658824
-0.133019 -11.962042 138.593008
-0.133019 -11.962042 138.593008
-0.133019 -11.962042 138.593008
-0.133019 -11.962042 138.593008
-0.133019 -11.962042 138.593008
-0.121667 -11.964510 138.549103
-0.121667 -11.964510 138.549103
-0.121667 -11.964510 138.549103
-0.121667 -11.964510 138.549103
-0.131958 -11.963362 138.426133
-0.131958 -11.963362 138.426133
-0.131958 -11.963362 138.426133
-0.131958 -11.963362 138.426133
-0.131958 -11.963362 138.426133
-0.114660 -11.975455 138.422950
-0.114660 -11.975455 138.422950
-0.114660 -11.975455 138.422950
-0.114660 -11.975455 138.422950
-0.114660 -11.975455 138.422950
-0.092006 -11.972961 138.469982
-0.092006 -11.972961 138.469982
-0.092006 -11.972961 138.469982
-0.092006 -11.972961 138.469982
-0.092006 -11.972961 138.469982
-0.066963 -11.976807 138.513641
-0.066963 -11.976807 138.513641
-0.066963 -11.976807 138.513641
-0.066963 -11.976807 138.513641
-0.066963 -11.976807 138.513641
-0.066963 -11.976807 138.513641
-0.066963 -11.976807 138.513641
-0.066963 -11.976807 138.513641
-0.066963 -11.976807 138.513641
-0.078098 -11.985043 138.585058
-0.078098 -11.985043 138.585058
-0.078098 -11.985043 138.585058
-0.078098 -11.985043 138.585058
-0.078098 -11.985043 138.585058
-0.081726 -11.981286 138.616558
-0.081726 -11.981286 138.616558
-0.081726 -11.981286 138.616558
-0.081726 -11.981286 138.616558
-0.081726 -11.981286 138.616558
-0.100809 -11.982155 138.569211
-0.100809 -11.982155 138.569211
-0.100809 -11.982155 138.569211
-0.100809 -11.982155 138.569211
-0.100809 -11.982155 138.569211
-0.094100 -11.986768 138.618826
-0.094100 -11.986768 138.618826
-0.094100 -11.986768 138.618826
-0.094100 -11.986768 138.618826
-0.094100 -11.986768 138.618826
-0.097033 -11.975099 138.612515
-0.097033 -11.975099 138.612515
-0.097033 -11.975099 138.612515
-0.097033 -11.975099 138.612515
-0.097033 -11.975099 138.612515
-0.105215 -11.987108 138.585604
-0.105215 -11.987108 138.585604
-0.105215 -11.987108 138.585604
-0.105215 -11.987108 138.585604
-0.105215 -11.987108 138.585604
-0.130615 -11.984941 138.455270
-0.130615 -11.984941 138.455270
-0.130615 -11.984941 138.455270
-0.130615 -11.984941 138.455270
-0.130615 -11.984941 138.455270
-0.106533 -11.992765 138.519406
-0.106533 -11.992765 138.519406
-0.106533 -11.992765 138.519406
-0.106533 -11.992765 138.519406
-0.108893 -11.997741 138.538353
-0.108893 -11.997741 138.538353
-0.108893 -11.997741 138.538353
-0.109539 -11.992446 138.571862
-0.109539 -11.992446 138.571862
-0.109539 -11.992446 138.571862
-0.108182 -11.989044 138.545880
-0.108182 -11.989044 138.545880
-0.108182 -11.989044 138.545880
-0.108182 -11.989044 138.545880
-0.108182 -11.989044 138.545880
-0.108182 -11.989044 138.545880
-0.088730 -12.002943 138.588404
-0.088730 -12.002943 138.588404
-0.088730 -12.002943 138.588404
-0.088730 -12.002943 138.588404
-0.088730 -12.002943 138.588404
-0.088730 -12.002943 138.588404
-0.083338 -11.999372 138.597461
-0.083338 -11.999372 138.597461
-0.083338 -11.999372 138.597461
-0.083338 -11.999372 138.597461
-0.083338 -11.999372 138.597461
-0.083338 -11.999372 138.597461
-0.095784 -11.995556 138.578979
-0.095784 -11.995556 138.578979
-0.095784 -11.995556 138.578979
-0.095784 -11.995556 138.578979
-0.095784 -11.995556 138.578979
-0.090902 -12.003373 138.583883
-0.090902 -12.003373 138.583883
-0.090902 -12.003373 138.583883
-0.090902 -12.003373 138.583883
-0.090902 -12.003373 138.583883
-0.087913 -11.999338 138.580550
-0.087913 -11.999338 138.580550
-0.087913 -11.999338 138.580550
-0.087913 -11.999338 138.580550
-0.087913 -11.999338 138.580550
-0.087913 -11.999338 138.580550
-0.103266 -12.000367 138.567121
-0.103266 -12.000367 138.567121
-0.103266 -12.000367 138.567121
-0.103266 -12.000367 138.567121
-0.103266 -12.000367 138.567121
-0.103266 -12.000367 138.567121
-0.118647 -12.006287 138.457060
-0.118647 -12.006287 138.457060
-0.118647 -12.006287 138.457060
-0.118647 -12.006287 138.457060
-0.118647 -12.006287 138.457060
-0.118647 -12.006287 138.457060
-0.110216 -12.007963 138.473097
-0.110216 -12.007963 138.473097
-0.110216 -12.007963 138.473097
-0.110216 -12.007963 138.473097
-0.165602 -12.103765 138.513259
-0.165602 -12.103765 138.513259
-0.165602 -12.103765 138.513259
-0.165602 -12.103765 138.513259
-0.165602 -12.103765 138.513259
-0.165602 -12.103765 138.513259
-0.250634 -12.110976 138.087902
-0.250634 -12.110976 138.087902
-0.250634 -12.110976 138.087902
-0.250634 -12.110976 138.087902
-0.250634 -12.110976 138.087902
-0.250634 -12.110976 138.087902
-0.277280 -12.095986 137.725437
-0.277280 -12.095986 137.725437
-0.277280 -12.095986 137.725437
-0.277280 -12.095986 137.725437
-0.277280 -12.095986 137.725437
-0.277280 -12.095986 137.725437
-0.290100 -12.116383 137.498620
-0.290100 -12.116383 137.498620
-0.290100 -12.116383 137.498620
-0.290100 -12.116383 137.498620
-0.290100 -12.116383 137.498620
-0.290100 -12.116383 137.498620
-0.253798 -12.106926 137.477419
-0.253798 -12.106926 137.477419
-0.253798 -12.106926 137.477419
-0.253798 -12.106926 137.477419
-0.253798 -12.106926 137.477419
-0.253798 -12.106926 137.477419
-0.216831 -12.097745 137.512854
-0.216831 -12.097745 137.512854
-0.216831 -12.097745 137.512854
-0.216831 -12.097745 137.512854
-0.216831 -12.097745 137.512854
-0.216831 -12.097745 137.512854
-0.182023 -12.114636 137.624132
-0.182023 -12.114636 137.624132
-0.182023 -12.114636 137.624132
-0.182023 -12.114636 137.624132
-0.182023 -12.114636 137.624132
-0.182023 -12.114636 137.624132
-0.163348 -12.112243 137.731940
-0.163348 -12.112243 137.731940
-0.163348 -12.112243 137.731940
-0.163348 -12.112243 137.731940
-0.163348 -12.112243 137.731940
-0.163348 -12.112243 137.731940
-0.163348 -12.112243 137.731940
-0.166691 -12.106116 137.709564
-0.166691 -12.106116 137.709564
-0.166691 -12.106116 137.709564
-0.166691 -12.106116 137.709564
-0.166691 -12.106116 137.709564
-0.166691 -12.106116 137.709564
-0.183691 -12.099312 137.611455
-0.183691 -12.099312 137.611455
-0.183691 -12.099312 137.611455
-0.183691 -12.099312 137.611455
-0.183691 -12.099312 137.611455
-0.183691 -12.099312 137.611455
-0.191850 -12.105621 137.572291
-0.191850 -12.105621 137.572291
-0.191850 -12.105621 137.572291
-0.191850 -12.105621 137.572291
-0.191850 -12.105621 137.572291
-0.191850 -12.105621 137.572291
-0.166054 -12.106155 137.661274
-0.166054 -12.106155 137.661274
-0.166054 -12.106155 137.661274
-0.166054 -12.106155 137.661274
-0.166054 -12.106155 137.661274
-0.166054 -12.106155 137.661274
-0.166054 -12.106155 137.661274
-0.165096 -12.095047 137.690016
-0.165096 -12.095047 137.690016
-0.165096 -12.095047 137.690016
-0.165096 -12.095047 137.690016
-0.165096 -12.095047 137.690016
-0.165096 -12.095047 137.690016
-0.165096 -12.095047 137.690016
-0.165816 -12.101551 137.687461
-0.165816 -12.101551 137.687461
-0.165816 -12.101551 137.687461
-0.165816 -12.101551 137.687461
-0.165816 -12.101551 137.687461
-0.165816 -12.101551 137.687461
-0.153057 -12.111208 137.733852
-0.153057 -12.111208 137.733852
-0.153057 -12.111208 137.733852
-0.153057 -12.111208 137.733852
-0.153057 -12.111208 137.733852
-0.153057 -12.111208 137.733852
-0.142701 -12.107644 137.777224
-0.142701 -12.107644 137.777224
-0.142701 -12.107644 137.777224
-0.142701 -12.107644 137.777224
-0.142701 -12.107644 137.777224
-0.142701 -12.107644 137.777224
-0.152265 -12.097803 137.796225
-0.152265 -12.097803 137.796225
-0.152265 -12.097803 137.796225
-0.152265 -12.097803 137.796225
-0.152265 -12.097803 137.796225
-0.153472 -12.094200 137.811470
-0.153472 -12.094200 137.811470
-0.153472 -12.094200 137.811470
-0.153472 -12.094200 137.811470
-0.153472 -12.094200 137.811470
-0.154846 -12.092697 137.842302
-0.154846 -12.092697 137.842302
-0.154846 -12.092697 137.842302
-0.154846 -12.092697 137.842302
-0.154846 -12.092697 137.842302
-0.160899 -12.091483 137.820104
-0.160899 -12.091483 137.820104
-0.160899 -12.091483 137.820104
-0.160899 -12.091483 137.820104
-0.160899 -12.091483 137.820104
-0.160899 -12.091483 137.820104
-0.184520 -12.091865 137.765708
-0.184520 -12.091865 137.765708
-0.184520 -12.091865 137.765708
-0.184520 -12.091865 137.765708
-0.184520 -12.091865 137.765708
-0.194418 -12.092596 137.688117
-0.194418 -12.092596 137.688117
-0.194418 -12.092596 137.688117
-0.194418 -12.092596 137.688117
-0.194418 -12.092596 137.688117
-0.194418 -12.092596 137.688117
-0.157192 -12.100919 137.803233
-0.157192 -12.100919 137.803233
-0.157192 -12.100919 137.803233
-0.157192 -12.100919 137.803233
-0.157192 -12.100919 137.803233
-0.175803 -12.089482 137.739057
-0.175803 -12.089482 137.739057
-0.175803 -12.089482 137.739057
-0.175803 -12.089482 137.739057
-0.175803 -12.089482 137.739057
-0.175803 -12.089482 137.739057
-0.170008 -12.091196 137.789819
-0.170008 -12.091196 137.789819
-0.170008 -12.091196 137.789819
-0.170008 -12.091196 137.789819
-0.170008 -12.091196 137.789819
-0.170008 -12.091196 137.789819
-0.161654 -12.100778 137.853148
-0.161654 -12.100778 137.853148
-0.161654 -12.100778 137.853148
-0.161654 -12.100778 137.853148
-0.164157 -12.099683 137.868707
-0.164157 -12.099683 137.868707
-0.164157 -12.099683 137.868707
-0.164157 -12.099683 137.868707
-0.184429 -12.097330 137.787783
-0.184429 -12.097330 137.787783
-0.184429 -12.097330 137.787783
-0.184429 -12.097330 137.787783
-0.166844 -12.089869 137.835376
-0.166844 -12.089869 137.835376
-0.166844 -12.089869 137.835376
-0.166844 -12.089869 137.835376
-0.166844 -12.089869 137.835376
-0.173202 -12.091836 137.806143
-0.173202 -12.091836 137.806143
-0.173202 -12.091836 137.806143
-0.173202 -12.091836 137.806143
-0.173202 -12.091836 137.806143
-0.185509 -12.091836 137.771801
-0.185509 -12.091836 137.771801
-0.185509 -12.091836 137.771801
-0.185509 -12.091836 137.771801
-0.185509 -12.091836 137.771801
-0.185509 -12.091836 137.771801
-0.203609 -12.096559 137.656425
-0.203609 -12.096559 137.656425
-0.203609 -12.096559 137.656425
-0.203609 -12.096559 137.656425
-0.203609 -12.096559 137.656425
-0.187206 -12.097255 137.710575
-0.187206 -12.097255 137.710575
-0.187206 -12.097255 137.710575
-0.187206 -12.097255 137.710575
-0.187206 -12.097255 137.710575
-0.171892 -12.098237 137.765831
-0.171892 -12.098237 137.765831
-0.171892 -12.098237 137.765831
-0.171892 -12.098237 137.765831
-0.182999 -12.099111 137.743879
-0.182999 -12.099111 137.743879
-0.182999 -12.099111 137.743879
-0.182999 -12.099111 137.743879
-0.182999 -12.099111 137.743879
-0.190012 -12.097887 137.743237
-0.190012 -12.097887 137.743237
-0.190012 -12.097887 137.743237
-0.190012 -12.097887 137.743237
-0.190012 -12.097887 137.743237
-0.182715 -12.101197 137.770680
-0.182715 -12.101197 137.770680
-0.182715 -12.101197 137.770680
-0.182715 -12.101197 137.770680
-0.182715 -12.101197 137.770680
-0.168413 -12.096096 137.831442
-0.168413 -12.096096 137.831442
-0.168413 -12.096096 137.831442
-0.168413 -12.096096 137.831442
-0.168413 -12.096096 137.831442
-0.172709 -12.098055 137.806525
-0.172709 -12.098055 137.806525
-0.172709 -12.098055 137.806525
-0.172709 -12.098055 137.806525
-0.172709 -12.098055 137.806525
-0.160184 -12.103928 137.862205
-0.160184 -12.103928 137.862205
-0.160184 -12.103928 137.862205
-0.160184 -12.103928 137.862205
-0.160184 -12.103928 137.862205
-0.160184 -12.103928 137.862205
-0.167096 -12.112327 137.855115
-0.167096 -12.112327 137.855115
-0.167096 -12.112327 137.855115
-0.167096 -12.112327 137.855115
-0.167096 -12.112327 137.855115
-0.179893 -12.107116 137.857014
-0.179893 -12.107116 137.857014
-0.179893 -12.107116 137.857014
-0.179893 -12.107116 137.857014
-0.179893 -12.107116 137.857014
-0.199041 -12.104740 137.753523
-0.199041 -12.104740 137.753523
-0.199041 -12.104740 137.753523
-0.199041 -12.104740 137.753523
-0.199041 -12.104740 137.753523
-0.191458 -12.112394 137.770557
-0.191458 -12.112394 137.770557
-0.191458 -12.112394 137.770557
-0.191458 -12.112394 137.770557
-0.191458 -12.112394 137.770557
-0.171944 -12.108150 137.855375
-0.171944 -12.108150 137.855375
-0.171944 -12.108150 137.855375
-0.171944 -12.108150 137.855375
-0.171944 -12.108150 137.855375
-0.167344 -12.105783 137.865593
-0.167344 -12.105783 137.865593
-0.167344 -12.105783 137.865593
-0.167344 -12.105783 137.865593
-0.167344 -12.105783 137.865593
-0.170990 -12.104429 137.853039
-0.170990 -12.104429 137.853039
-0.170990 -12.104429 137.853039
-0.170990 -12.104429 137.853039
-0.170990 -12.104429 137.853039
-0.169550 -12.099409 137.891930
-0.169550 -12.099409 137.891930
-0.169550 -12.099409 137.891930
-0.169550 -12.099409 137.891930
-0.169550 -12.099409 137.891930
-0.169550 -12.099409 137.891930
-0.168748 -12.101862 137.916409
-0.168748 -12.101862 137.916409
-0.168748 -12.101862 137.916409
-0.168748 -12.101862 137.916409
-0.168748 -12.101862 137.916409
-0.173992 -12.092187 137.988700
